0,0.00510512,0.878017
1,0.0067402,0.878017
3,0.00932925,0.878017
5,0.0120721,0.878017
8,0.0157091,0.877459
11,0.0194876,0.877459
15,0.0246733,0.877459
20,0.0306428,0.868418
26,0.0377998,0.868418
33,0.0458861,0.85011
42,0.0562463,0.784725
53,0.0690477,0.784315
66,0.0841834,0.664806
82,0.102029,0.664806
101,0.123757,0.595521
124,0.150376,0.577766
151,0.181687,0.420079
185,0.22032,0.420079
226,0.266189,0.420079
275,0.321791,0.414511
334,0.389127,0.408345
405,0.469795,0.343317
491,0.56723,0.338286
594,0.685806,0.335274
714,0.8286,0.311476
856,1.00066,0.268415
1034,1.20821,0.258978
1249,1.45934,0.25714
1501,1.76221,0.249679
1816,2.12773,0.231428
2193,2.5687,0.225796
2631,3.10035,0.222201
3139,3.74244,0.21836
3775,4.51683,0.201728
4576,5.45197,0.167123
5520,6.57992,0.164734
6630,7.94241,0.148799
8079,9.58575,0.132737
9796,11.5689,0.132703
11880,13.9628,0.128468
14396,16.8521,0.117177
17332,20.3387,0.113721
20858,24.546,0.108302
24892,29.6243,0.106509
29794,35.7532,0.0996131
35717,43.1494,0.0785976
43219,52.0759,0.0766445
51886,62.8488,0.0687977
62524,75.8498,0.0618298
75193,91.54,0.0523039
89506,110.476,0.0513391
106267,133.329,0.0454993
126549,160.908,0.0451516
151625,194.193,0.0434171
182955,234.363,0.0404979
219034,282.842,0.03458
264852,341.347,0.0325958
320307,411.954,0.0315719
381678,497.166,0.0288646
455003,600.001,0.0278261
