0,0.0216956,0.898932
8253,60.0223,0.300129
16859,120.023,0.251183
24970,180.028,0.22075
32821,240.034,0.211742
40186,300.034,0.208854
47815,360.036,0.196868
55612,420.041,0.189096
63429,480.047,0.189006
70819,540.053,0.184482
78110,600.057,0.184478
85587,660.063,0.181473
93067,720.07,0.175499
100648,780.073,0.174806
108152,840.075,0.172897
115709,900.078,0.16773
122749,960.084,0.167539
129531,1020.09,0.165656
136138,1080.1,0.152925
143158,1140.1,0.152356
150601,1200.1,0.148058
158122,1260.1,0.14754
165073,1320.1,0.144807
172637,1380.11,0.141593
180080,1440.11,0.139613
187666,1500.11,0.139609
195058,1560.11,0.139121
202381,1620.11,0.138642
209563,1680.12,0.138604
216538,1740.13,0.137832
223258,1800.13,0.136869
229934,1860.13,0.136869
236500,1920.13,0.136867
242988,1980.13,0.136167
249409,2040.14,0.136159
255678,2100.15,0.136159
261814,2160.16,0.136158
267982,2220.16,0.136138
274217,2280.17,0.136096
280380,2340.17,0.136087
284229,2400.18,0.136087
288125,2460.18,0.136087
292003,2520.19,0.13608
295789,2580.2,0.13608
299531,2640.2,0.13608
303315,2700.21,0.136079
307016,2760.21,0.136079
310652,2820.22,0.136079
314413,2880.23,0.136079
318161,2940.24,0.136079
321907,3000.24,0.136079
325744,3060.24,0.134308
329542,3120.25,0.134306
333217,3180.25,0.134306
336718,3240.27,0.134306
340664,3300.28,0.130957
344979,3360.29,0.128082
349268,3420.3,0.128081
353608,3480.3,0.124936
358055,3540.32,0.124936
362567,3600,0.124936
