0,0.0308314,0.230533
1,0.0605079,0.230119
2,0.0904499,0.229255
4,0.150641,0.220102
6,0.212732,0.211752
8,0.301829,0.207201
11,0.435363,0.192192
15,0.614521,0.185118
21,0.883011,0.166449
30,1.24089,0.147345
42,1.73105,0.13518
59,2.43962,0.121103
82,3.39665,0.114005
114,4.72767,0.11099
158,6.56835,0.109488
219,9.14302,0.0871036
301,12.6925,0.0693218
400,17.6371,0.0686582
531,24.505,0.0611312
667,34.0244,0.0605942
883,47.2967,0.0603144
1146,65.6345,0.0596409
1526,91.1404,0.059424
2196,126.44,0.0593622
3210,175.393,0.0592868
4621,243.294,0.0591594
6847,337.457,0.0591322
9714,468.027,0.0589449
13917,649.074,0.0588273
19971,900.031,0.0588201
