0,0.0056326,0.750361
1,0.0133887,0.770586
2,0.0212076,0.783718
4,0.0368216,0.800608
7,0.066881,0.830263
10,0.102281,0.845031
15,0.162738,0.879336
22,0.251039,0.887037
31,0.377292,0.900021
44,0.578641,0.900744
60,0.874144,0.902675
80,1.32803,0.902675
106,2.0035,0.902675
139,3.00994,0.902675
185,4.49189,0.902675
253,6.71564,0.902675
345,10.0402,0.902675
514,14.9899,0.902675
791,22.3804,0.902675
1168,33.3547,0.902675
1741,49.7333,0.902675
2507,74.1284,0.902675
3588,110.473,0.902675
5060,164.621,0.902675
7208,245.268,0.902675
10445,365.43,0.902675
15189,544.444,0.902675
22296,811.103,0.902675
32690,1208.33,0.902675
48210,1800.02,0.902675
