0,0.0164895,0.820548
873,30.025,0.97154
1420,60.0409,0.973415
1925,90.081,0.975525
2416,120.108,0.977227
2878,150.118,0.979569
3367,180.171,0.982147
3833,210.221,0.982211
4304,240.223,0.982446
4781,270.227,0.984193
5257,300.259,0.984193
5725,330.262,0.984193
6181,360.289,0.985195
6614,390.315,0.986092
7045,420.317,0.987712
7483,450.352,0.988623
7899,480.38,0.988623
8316,510.442,0.988623
8760,540.447,0.988585
9197,570.452,0.988585
9637,600.463,0.988585
10078,630.525,0.988606
10521,660.591,0.988606
10951,690.648,0.988606
11371,720.689,0.989081
11803,750.695,0.989187
12216,780.72,0.989187
12614,810.758,0.989891
13019,840.82,0.990408
13448,870.885,0.992003
13883,900.899,0.99232
14313,930.915,0.99232
14731,960.961,0.99232
15151,990.991,0.99232
15567,1021.04,0.99232
15987,1051.06,0.99232
16403,1081.11,0.991993
16823,1111.17,0.991993
17240,1141.23,0.991993
17660,1171.28,0.991993
18086,1201.32,0.991993
18508,1231.35,0.991993
18934,1261.35,0.991993
19342,1291.41,0.992022
19750,1321.46,0.992022
20157,1351.5,0.992484
20566,1381.52,0.992484
20975,1411.54,0.992484
21382,1441.6,0.992484
21789,1471.62,0.992719
22200,1501.66,0.992885
22616,1531.67,0.992885
23023,1561.7,0.992719
23425,1591.74,0.992719
23832,1621.78,0.992719
24241,1651.85,0.992719
24648,1681.85,0.994415
25064,1711.86,0.994553
25478,1741.91,0.994553
25898,1771.97,0.994553
26297,1800,0.994553
