0,0.0114143,0.816685
9013,60.0177,0.908263
18068,120.022,0.918637
26012,180.024,0.926878
34635,240.031,0.926878
42996,300.031,0.936038
51576,360.033,0.936038
59470,420.036,0.936038
66746,480.043,0.936038
73890,540.051,0.936038
80985,600.058,0.936038
87908,660.066,0.936038
94873,720.067,0.936038
101857,780.07,0.936053
108978,840.076,0.936053
115937,900.083,0.936053
123275,960.091,0.941519
130561,1020.1,0.941519
138250,1080.1,0.941519
146285,1140.11,0.941519
154234,1200.11,0.941519
161786,1260.11,0.941519
169118,1320.12,0.941519
176448,1380.12,0.941519
183779,1440.12,0.941908
191214,1500.13,0.942932
198539,1560.13,0.942932
205746,1620.14,0.942932
212620,1680.14,0.942932
219587,1740.15,0.942932
226353,1800.15,0.945292
233717,1860.15,0.945292
241076,1920.16,0.945292
248347,1980.16,0.945292
255540,2040.17,0.945292
263076,2100.17,0.945292
270572,2160.18,0.945292
277664,2220.18,0.945292
284427,2280.19,0.945292
291257,2340.19,0.945292
297863,2400.2,0.945628
306022,2460.2,0.945628
317115,2520.21,0.945628
328515,2580.21,0.945628
340395,2640.21,0.945628
352104,2700.21,0.945628
363315,2760.22,0.945628
374808,2820.22,0.945628
386770,2880.22,0.947099
398611,2940.22,0.947099
409823,3000.23,0.947883
421162,3060.23,0.947883
432075,3120.23,0.947883
442787,3180.24,0.947883
453484,3240.24,0.947883
464349,3300.24,0.947883
474883,3360.25,0.947883
485684,3420.25,0.951658
496377,3480.25,0.951658
506987,3540.25,0.951658
517057,3600,0.951658
