0 0.0089256 30
12812 60.012 1
25399 120.013 1
37245 180.014 1
50193 240.017 1
62120 300.02 1
75224 360.021 1
86711 420.021 1
98783 480.024 1
110948 540.026 1
124370 600.027 1
136586 660.028 1
149823 720.03 1
161626 780.033 1
174996 840.033 1
186227 900.037 1
198213 960.038 1
209921 1020.04 1
222199 1080.05 1
233676 1140.05 1
246568 1200.05 1
258778 1260.05 1
270999 1320.06 1
282173 1380.06 1
294234 1440.06 1
305712 1500.07 1
318352 1560.07 1
329417 1620.07 1
341782 1680.07 1
353127 1740.08 1
365967 1800.08 1
377149 1860.08 1
389766 1920.09 1
401110 1980.09 1
413096 2040.09 1
424565 2100.1 1
436886 2160.1 1
448023 2220.1 1
461010 2280.1 1
472858 2340.1 1
485764 2400.11 1
502644 2460.11 1
522856 2520.11 1
541464 2580.11 1
559865 2640.12 1
574286 2700.12 1
586743 2760.12 1
598603 2820.12 1
611388 2880.13 1
624217 2940.13 1
637211 3000.13 1
648768 3060.14 1
661599 3120.14 1
673580 3180.14 1
686285 3240.14 1
699268 3300.14 1
712452 3360.14 1
725562 3420.15 1
738607 3480.15 1
751678 3540.15 1
764653 3600 1
