0 0.0162212 13
828 60.0195 1
1550 120.095 1
2252 180.095 1
2953 240.148 1
3641 300.154 1
4314 360.199 1
4998 420.244 1
5681 480.265 1
6362 540.271 1
7052 600.352 1
7736 660.417 1
8416 720.446 1
9219 780.46 1
10264 840.486 1
11323 900.523 1
12370 960.577 1
13422 1020.58 1
14467 1080.59 1
15515 1140.62 1
16565 1200.66 1
17626 1260.72 1
18687 1320.74 1
19752 1380.8 1
20793 1440.8 1
21814 1500.82 1
22881 1560.83 1
23918 1620.86 1
24955 1680.86 1
25995 1740.91 1
27025 1800.94 1
28058 1860.97 1
29118 1921 1
30157 1981.03 1
31190 2041.09 1
32235 2101.14 1
33279 2161.17 1
34290 2221.23 1
35329 2281.23 1
36369 2341.26 1
37396 2401.26 1
38404 2461.3 1
39443 2521.31 1
40496 2581.35 1
41515 2641.37 1
42557 2701.39 1
43594 2761.42 1
44647 2821.43 1
45678 2881.46 1
46700 2941.48 1
47718 3001.49 1
48724 3061.49 1
49760 3121.51 1
50803 3181.57 1
51838 3241.58 1
52896 3301.64 1
53945 3361.68 1
54993 3421.71 1
56057 3481.76 1
57115 3541.78 1
58100 3600.02 1
