0 0.0359446 86
568 60.0522 53
1131 120.179 58
1507 180.247 55
1882 240.367 58
2253 300.507 10
2612 360.575 1
2957 420.578 1
3303 480.727 2
3644 540.776 1
3982 600.902 2
4324 661.049 1
4667 721.126 1
5012 781.138 1
5359 841.246 1
5706 901.388 2
6053 961.477 1
6400 1021.48 1
6748 1081.59 1
7094 1141.61 1
7440 1201.78 1
7785 1261.83 1
8133 1321.97 1
8479 1382.06 2
8825 1442.15 1
9170 1502.2 1
9521 1562.38 1
9864 1622.46 1
10207 1682.47 2
10553 1742.62 1
10898 1802.68 2
11244 1862.76 2
11590 1922.8 1
11936 1982.85 1
12281 2042.89 1
12628 2103 1
12975 2163.15 1
13324 2223.3 1
13672 2283.33 1
14020 2343.4 1
14367 2403.45 2
14716 2463.57 1
15064 2523.61 1
15411 2583.65 1
15760 2643.73 1
16108 2703.87 1
16455 2763.93 1
16803 2823.97 1
17151 2884.08 1
17501 2944.16 1
17835 3004.32 2
18170 3064.48 1
18507 3124.57 1
18846 3184.68 1
19187 3244.77 2
19543 3304.91 1
19886 3364.99 1
20225 3425.04 1
20564 3485.18 1
20904 3545.32 1
21215 3600.01 1
