0 0.0675956 11
364 60.1587 6
524 120.248 6
664 180.696 7
792 240.797 8
917 301.289 6
1033 361.726 7
1149 422.011 7
1264 482.517 8
1381 542.998 6
1498 603.178 7
1615 663.275 6
1724 723.275 7
1831 783.328 6
1934 843.456 7
2042 903.902 6
2149 963.94 6
2259 1024.24 6
2366 1084.38 5
2472 1144.73 7
2576 1204.9 7
2683 1265.39 6
2790 1325.7 7
2896 1386.28 6
3002 1446.67 8
3107 1506.79 7
3214 1566.96 7
3319 1627 6
3426 1687.33 7
3532 1747.44 6
3639 1807.77 8
3748 1868.19 5
3883 1928.33 6
4082 1988.52 6
4284 2048.83 6
4489 2109.06 5
4692 2169.19 6
4896 2229.19 8
5096 2289.28 7
5294 2349.5 6
5492 2409.53 6
5690 2469.7 6
5889 2529.76 6
6094 2590.03 7
6302 2650.31 6
6504 2710.44 6
6685 2770.59 7
6886 2830.7 6
7086 2890.89 7
7285 2951.02 6
7483 3011.2 6
7676 3071.33 6
7871 3131.41 6
8070 3191.45 6
8272 3251.59 5
8472 3311.77 5
8668 3372.08 7
8867 3432.25 6
9070 3492.4 6
9272 3552.47 7
9434 3600.06 6
