0 0.00733426 33
21949 60.0091 1
49689 120.009 1
85769 180.01 1
121931 240.011 1
157600 300.011 1
193925 360.012 1
230620 420.012 1
266965 480.013 1
302461 540.014 1
338389 600.014 1
374475 660.016 1
410497 720.016 1
446605 780.017 1
482174 840.017 1
519578 900.017 2
557292 960.019 2
593494 1020.02 1
628855 1080.02 1
663926 1140.02 1
698507 1200.02 1
732838 1260.02 1
766545 1320.02 1
800145 1380.02 1
834600 1440.02 1
869935 1500.03 1
905329 1560.03 1
940572 1620.03 1
975683 1680.03 1
1010525 1740.03 1
1045068 1800.03 1
1079957 1860.03 1
1114378 1920.03 1
1148618 1980.03 1
1183286 2040.03 1
1217304 2100.03 1
1251043 2160.03 1
1284769 2220.03 1
1318092 2280.03 1
1351884 2340.03 1
1385217 2400.03 1
1417797 2460.03 1
1450653 2520.04 1
1483264 2580.04 1
1515603 2640.04 1
1548371 2700.04 1
1581631 2760.04 1
1615927 2820.04 1
1650096 2880.04 1
1684377 2940.04 1
1711629 3000.05 1
1733909 3060.05 1
1756511 3120.05 1
1779029 3180.05 1
1801476 3240.05 1
1823930 3300.05 1
1846305 3360.05 1
1872580 3420.06 1
1906785 3480.06 1
1940628 3540.06 1
1974889 3600 1
