0 0.031288 18
7099 60.0329 1
14720 120.034 1
22577 180.038 1
30336 240.046 1
38246 300.05 1
45981 360.052 1
53819 420.053 1
61853 480.056 1
69624 540.062 1
76939 600.063 1
84539 660.069 1
91806 720.073 1
98943 780.077 1
106660 840.077 1
113898 900.08 1
120978 960.084 1
127890 1020.09 1
134707 1080.09 1
141211 1140.1 1
147801 1200.1 1
154830 1260.1 1
161923 1320.1 1
169115 1380.11 1
176055 1440.11 1
182925 1500.11 1
190385 1560.12 1
197794 1620.12 1
204968 1680.12 1
212360 1740.13 1
219670 1800.13 1
227114 1860.13 1
234325 1920.14 1
241392 1980.14 1
248382 2040.15 1
255117 2100.15 1
261890 2160.15 1
268320 2220.16 1
275012 2280.17 1
281371 2340.17 1
287997 2400.18 1
294560 2460.18 1
300955 2520.18 1
307255 2580.19 1
313737 2640.2 1
320453 2700.2 1
327428 2760.2 1
334053 2820.21 1
340987 2880.22 1
347822 2940.22 1
354629 3000.22 1
361180 3060.23 1
367715 3120.23 1
374032 3180.24 1
380588 3240.25 1
387076 3300.25 1
393462 3360.26 1
399746 3420.27 1
405919 3480.28 1
412213 3540.28 1
418341 3600.01 1
