0 0.0271414 17
863 60.0854 19
1728 120.136 19
2525 180.214 20
3123 240.243 19
3716 300.318 20
4308 360.379 17
4893 420.475 20
5483 480.492 18
6072 540.554 23
6881 600.618 21
7718 660.688 21
8534 720.698 20
9335 780.777 21
10129 840.821 19
10917 900.865 17
11691 960.877 18
12374 1020.97 21
12909 1081.02 19
13449 1141.09 18
13985 1201.15 20
14522 1261.25 20
15058 1321.31 18
15588 1381.35 20
16120 1441.36 20
16674 1501.44 20
17448 1561.44 20
18213 1621.51 20
18977 1681.56 21
19729 1741.6 19
20406 1801.66 16
20921 1861.73 19
21433 1921.77 17
21943 1981.84 20
22449 2041.92 21
22959 2101.96 20
23517 2161.97 20
24250 2222.02 18
24983 2282.03 17
25716 2342.11 19
26448 2402.17 18
27179 2462.25 19
27912 2522.32 20
28579 2582.35 19
29089 2642.35 20
29600 2702.37 20
30110 2762.41 18
30614 2822.51 18
31107 2882.59 17
31605 2942.59 20
32100 3002.63 19
32597 3062.66 20
33085 3122.72 18
33564 3182.74 22
34038 3242.8 17
34507 3302.83 17
34969 3362.94 18
35427 3423.05 20
35889 3483.14 21
36347 3543.18 18
36913 3600 20
