0 0.117598 41 42 37
1 0.209165 26 26 29
2 0.299946 28 31 28
4 0.482308 28 28 25
6 0.666056 27 27 25
9 0.94409 26 29 28
13 1.31614 26 26 26
18 1.7761 26 24 26
25 2.42793 24 28 21
34 3.25576 21 26 25
46 4.37343 22 25 20
62 5.86189 20 19 21
83 7.82918 16 19 19
111 10.3587 17 17 18
153 13.7163 18 16 17
208 18.2043 20 23 22
276 24.1292 14 18 15
372 31.9182 18 17 17
499 42.2017 20 19 15
668 55.7576 21 18 21
894 73.7015 22 18 20
1195 97.3618 23 20 20
1593 128.577 22 23 20
2110 169.783 20 23 26
2803 224.208 22 22 21
3709 296.123 22 23 24
4905 391.023 23 28 25
6493 516.308 24 22 24
8587 681.721 23 22 24
11344 900.072 23 26 25
