0 0.0190711 12
1281 60.0489 2
2484 120.052 3
3573 180.054 1
4604 240.064 2
5625 300.079 2
6637 360.127 1
7600 420.173 1
8531 480.213 2
9466 540.235 2
10359 600.262 2
11178 660.267 1
11984 720.276 2
12800 780.298 2
13575 840.325 1
14339 900.336 1
15093 960.344 1
15808 1020.4 2
16569 1080.41 1
17318 1140.47 2
18049 1200.48 1
18769 1260.48 1
19484 1320.49 2
20163 1380.54 2
20851 1440.58 1
21532 1500.65 1
22078 1560.78 1
22470 1620.86 2
22878 1680.96 1
23294 1741.06 1
23714 1801.16 1
24122 1861.24 1
24540 1921.27 1
24939 1981.31 1
25350 2041.4 1
25747 2101.49 1
26151 2161.56 1
26533 2221.62 1
26949 2281.75 1
27345 2341.85 1
27774 2401.99 1
28207 2462.08 1
28636 2522.12 1
29027 2582.24 1
29421 2642.25 1
29815 2702.33 1
30201 2762.42 1
30575 2822.44 1
30944 2882.5 1
31321 2942.65 2
31696 3002.71 2
32076 3062.77 2
32461 3122.81 1
32875 3182.93 1
33257 3242.95 1
33667 3302.99 1
34049 3363.02 1
34448 3423.13 1
34848 3483.17 1
35250 3543.26 1
35640 3600.02 1
