0 0.0102539 16
2030 60.0295 1
4006 120.057 1
5835 180.085 1
7595 240.097 1
9309 300.119 1
11034 360.144 1
12690 420.155 1
14281 480.185 1
15835 540.187 1
17528 600.192 1
19191 660.223 1
20833 720.245 1
22472 780.249 1
24094 840.251 1
25721 900.279 1
27313 960.284 1
28910 1020.29 1
30511 1080.3 1
32080 1140.31 1
33625 1200.34 1
35131 1260.35 1
36599 1320.36 1
38063 1380.39 1
39526 1440.41 1
41086 1500.44 1
42631 1560.45 1
44156 1620.48 1
45678 1680.5 1
47188 1740.52 1
48691 1800.53 1
50200 1860.56 1
51755 1920.59 1
53300 1980.61 1
54845 2040.62 1
56373 2100.62 1
57886 2160.63 1
59391 2220.64 1
60877 2280.65 1
62349 2340.68 1
63787 2400.69 1
65220 2460.72 1
66660 2520.73 1
68089 2580.75 1
69512 2640.79 1
70920 2700.8 1
72338 2760.81 1
73745 2820.82 1
75155 2880.85 1
76538 2940.88 1
77920 3000.89 1
79289 3060.93 1
80632 3120.96 1
81979 3180.99 1
83336 3241.02 1
84695 3301.02 1
86035 3361.05 1
87368 3421.06 1
88699 3481.08 1
90022 3541.09 1
91399 3600.01 1
