0,0.0167342,0.453761
3287,60.017,0.886165
6402,120.029,0.918858
9498,180.03,0.923644
12551,240.037,0.931319
15603,300.04,0.937878
18669,360.059,0.943795
21735,420.077,0.946015
24791,480.092,0.951652
27844,540.1,0.95654
30875,600.111,0.956937
33903,660.114,0.958395
36933,720.123,0.960046
39970,780.13,0.960836
43029,840.14,0.962585
46075,900.142,0.96317
49039,960.158,0.964984
52057,1020.16,0.966263
55086,1080.16,0.967332
58093,1140.17,0.967349
61130,1200.19,0.968083
64162,1260.19,0.971053
67190,1320.21,0.970557
70217,1380.21,0.970396
73099,1440.21,0.970435
75077,1500.23,0.970387
77062,1560.25,0.970431
79031,1620.25,0.970283
81009,1680.28,0.970504
82995,1740.29,0.970705
84958,1800.31,0.970818
86944,1860.32,0.970727
88921,1920.35,0.970749
90899,1980.37,0.97042
92889,2040.38,0.970552
94895,2100.41,0.970781
96897,2160.42,0.970853
98895,2220.44,0.971399
100892,2280.46,0.971128
102875,2340.48,0.971253
104900,2400.5,0.971172
106907,2460.52,0.971375
109584,2520.52,0.971505
112620,2580.53,0.972432
115656,2640.55,0.973113
118690,2700.55,0.972999
121738,2760.57,0.973027
124780,2820.57,0.972926
127810,2880.58,0.973065
129859,2940.6,0.972977
131860,3000.6,0.9729
133836,3060.6,0.972868
135828,3120.61,0.972885
137816,3180.61,0.972844
139788,3240.62,0.972762
141759,3300.65,0.972811
143774,3360.66,0.972594
145775,3420.67,0.972899
147768,3480.68,0.97295
149760,3540.68,0.972851
151698,3600.01,0.972975
