0,0.0933359,0.387431
484,60.145,0.779157
745,120.363,0.779194
954,180.443,0.779224
1085,240.626,0.779237
1214,300.919,0.779237
1337,361.235,0.779255
1459,421.462,0.779266
1579,481.623,0.780172
1697,541.873,0.78017
1812,601.942,0.780189
1927,662.344,0.782185
2037,722.753,0.783026
2145,782.855,0.783044
2248,843.017,0.783045
2357,903.424,0.783333
2463,963.458,0.783332
2574,1023.91,0.783347
2682,1084.01,0.783351
2791,1144.29,0.783351
2898,1204.41,0.783356
3009,1264.91,0.783356
3118,1325.22,0.783353
3225,1385.24,0.783354
3334,1445.66,0.783356
3443,1505.72,0.783366
3552,1565.88,0.78337
3661,1626.02,0.78337
3771,1686.48,0.783368
3881,1746.87,0.783373
3991,1807.32,0.783375
4102,1867.79,0.783378
4209,1927.85,0.78338
4316,1988.3,0.783381
4426,2048.59,0.783382
4533,2108.67,0.783371
4641,2169.06,0.783373
4748,2229.16,0.78337
4855,2289.2,0.783371
4963,2349.69,0.783373
5070,2410.04,0.783362
5176,2470.49,0.783362
5279,2530.89,0.783362
5386,2591.45,0.783355
5491,2651.7,0.783355
5597,2711.81,0.783358
5704,2771.85,0.783358
5809,2831.99,0.783368
5916,2892.14,0.783368
6023,2952.21,0.783377
6130,3012.53,0.783372
6236,3072.86,0.783378
6341,3133.34,0.783378
6447,3193.39,0.783376
6551,3253.8,0.783378
6657,3314.18,0.783379
6767,3374.56,0.783376
6875,3434.59,0.783373
6980,3494.72,0.783374
7087,3555.01,0.783375
7167,3600.35,0.783374
