0,0.039682,0.46454
447,60.1698,0.68908
887,120.285,0.742372
1322,180.368,0.758229
1754,240.43,0.765685
2184,300.52,0.772256
2613,360.586,0.77706
3017,420.641,0.779352
3387,480.695,0.781305
3759,540.717,0.784505
4132,600.806,0.784668
4505,660.81,0.784671
4880,720.941,0.78498
5255,780.948,0.786066
5630,840.977,0.78607
6005,901.093,0.78607
6379,961.242,0.786079
6753,1021.25,0.78608
7126,1081.38,0.78608
7497,1141.42,0.787434
7867,1201.58,0.787434
8237,1261.66,0.787437
8607,1321.8,0.787437
8975,1381.85,0.787437
9303,1442.05,0.78746
9607,1502.08,0.787464
9916,1562.24,0.787464
10229,1622.38,0.787464
10541,1682.39,0.787465
10853,1742.53,0.787465
11170,1802.62,0.787465
11489,1862.68,0.787474
11809,1922.77,0.787475
12128,1982.79,0.787475
12448,2042.91,0.787475
12768,2102.91,0.787475
13092,2163.04,0.787493
13415,2223.06,0.787497
13741,2283.17,0.787902
14065,2343.3,0.787902
14389,2403.43,0.787902
14715,2463.56,0.787904
15042,2523.71,0.787904
15370,2583.85,0.787905
15697,2643.86,0.787905
16026,2704,0.787905
16354,2764.16,0.787905
16682,2824.27,0.787905
17010,2884.28,0.787907
17340,2944.45,0.787907
17669,3004.56,0.788268
17998,3064.59,0.788269
18328,3124.73,0.788269
18657,3184.77,0.788269
18986,3244.85,0.788269
19317,3304.86,0.788275
19648,3364.96,0.788281
19980,3424.99,0.788281
20312,3484.99,0.788286
20644,3545.13,0.788286
20948,3600.16,0.788286
