0,0.0637888,0.472482
1,0.119543,0.479454
2,0.176913,0.485639
4,0.288062,0.499228
7,0.421018,0.544714
12,0.630494,0.556401
18,0.883418,0.606143
27,1.25005,0.661716
39,1.74786,0.712421
57,2.45852,0.765169
87,3.423,0.793191
135,4.77183,0.805098
198,6.6628,0.808688
278,9.28791,0.846954
353,12.9169,0.849879
432,18.0141,0.850461
530,25.0939,0.850487
662,34.9276,0.851656
846,48.5646,0.851678
1111,67.5074,0.85169
1499,93.7636,0.851695
1986,130.262,0.851678
2653,180.912,0.851683
3580,251.247,0.851696
4796,348.873,0.851708
6398,484.479,0.85172
8573,672.718,0.851729
11522,933.973,0.851743
15599,1296.7,0.851744
19594,1800.11,0.851749
