0,0.0024841,0.399335
5496,60.0047,0.723527
10638,120.013,0.745888
15607,180.018,0.746819
20601,240.025,0.747928
25564,300.03,0.749717
30461,360.04,0.751225
35364,420.042,0.752734
40197,480.042,0.753743
45122,540.049,0.757027
49987,600.052,0.761091
54871,660.061,0.766427
59809,720.063,0.771281
64589,780.066,0.7714
69436,840.072,0.772383
74274,900.076,0.772402
79168,960.084,0.773199
84019,1020.09,0.783004
88886,1080.09,0.783106
93809,1140.1,0.783073
98659,1200.11,0.783379
103485,1260.11,0.785939
108297,1320.12,0.785955
113074,1380.12,0.786229
117713,1440.13,0.786303
122382,1500.14,0.78638
127125,1560.15,0.786968
131840,1620.15,0.787068
136566,1680.17,0.787258
141260,1740.18,0.787064
145936,1800.19,0.787038
150630,1860.19,0.787104
155409,1920.2,0.787214
160175,1980.2,0.788366
164914,2040.21,0.798014
169645,2100.21,0.797923
174365,2160.22,0.797697
179083,2220.22,0.797844
183779,2280.24,0.797869
188484,2340.24,0.79781
193186,2400.24,0.797815
197865,2460.25,0.79783
202528,2520.25,0.797938
207246,2580.26,0.797985
211956,2640.27,0.797881
216675,2700.27,0.797895
221374,2760.27,0.803386
226082,2820.28,0.803294
230809,2880.29,0.803816
235508,2940.29,0.803886
240202,3000.3,0.804136
244936,3060.31,0.804623
249659,3120.31,0.80464
254347,3180.32,0.804455
259051,3240.32,0.804488
263718,3300.33,0.804536
268381,3360.33,0.804584
272986,3420.33,0.804493
277612,3480.34,0.80472
282273,3540.34,0.804343
286958,3600.01,0.804246
