0,0.0201942,0.393057
1,0.0605187,0.393327
2,0.0986249,0.394386
4,0.17415,0.409809
6,0.257823,0.419856
8,0.366568,0.436828
11,0.528812,0.461895
15,0.741619,0.495435
21,1.06238,0.528667
29,1.48707,0.578239
40,2.07381,0.625067
55,2.87448,0.68305
75,3.96693,0.72192
100,5.51165,0.750232
125,7.63384,0.764691
147,10.4972,0.770284
173,14.4686,0.778615
211,19.8861,0.78732
261,27.3333,0.7928
325,37.5693,0.799368
406,51.7593,0.803847
519,71.2943,0.806776
672,98.0056,0.810579
878,134.73,0.816583
1149,184.979,0.820524
1527,253.922,0.821996
2047,348.456,0.823646
2754,478.194,0.825606
3701,656.267,0.828402
4985,900.05,0.831122
