0,0.0187178,0.287626
1,0.0622847,0.298182
2,0.0965267,0.305016
4,0.16423,0.315329
7,0.268726,0.322613
11,0.410559,0.334279
16,0.588603,0.342249
23,0.842056,0.35251
33,1.19489,0.358406
48,1.72107,0.375804
69,2.45573,0.394608
98,3.47775,0.417502
139,4.92347,0.436684
197,6.98125,0.467085
279,9.88955,0.497278
395,13.9971,0.525379
557,19.8229,0.560127
787,28.0766,0.588214
1108,39.7355,0.626652
1540,56.2372,0.651903
2133,79.5606,0.674659
2963,112.545,0.688173
4119,159.181,0.709202
5730,225.105,0.727467
7968,318.357,0.741627
11060,450.198,0.753078
15361,636.634,0.757889
21428,900.24,0.760258
29952,1273.01,0.761879
42004,1800.02,0.768406
