9830 2465.47
20472 24907 22435 24419
27114 21457 24056 21000
22139 22290 23789 20038
22546 25979 23337 22187
23905 20696 24249 25412
23212 21078 24589 26191
19808 21719 21477 23724
25640 21281 22368 22197
22607 24290 24863 23321
24952 22654 26168 22293
23805 21559 21831 23370
23612 20363 25541 24372
22547 24278 21700 24575
19896 23473 20192 22521
23768 24212 23888 23352
20255 23276 21526 25216
22512 20018 25033 21562
24733 18759 25545 23507
24635 18927 23847 22080
23690 24968 24854 23548
21309 24900 22303 22044
23023 21860 20985 24595
20926 24778 22998 25036
25279 21261 24300 22673
24000 24381 20972 23730
23356 19562 22089 24357
22002 24902 21728 24478
20342 21815 22254 25287
21337 23822 23516 24514
22292 25257 21607 22689
25240 22591 24569 21420
21172 25227 23011 24433
22430 21232 23134 23319
22797 18531 22668 22529
22714 24254 23277 22448
20992 24507 21235 22550
22267 25899 23444 23450
22941 26312 23436 23414
22143 25928 23276 25097
22839 22129 25030 23514
25592 24864 23146 21679
25006 19688 22975 22100
21836 20090 22197 22449
19504 22777 20162 21612
23578 21260 21908 22098
21971 18546 20625 20929
20717 23103 21415 23986
25185 25667 24362 21094
23444 18728 22340 22571
20988 25566 21276 22487
23540 22094 22574 19865
21993 22878 23433 25549
20046 21380 20489 24079
24915 23300 24730 21798
22612 25524 22729 21308
21872 25059 21973 20540
23929 22816 22407 21273
24664 21741 22770 20763
25197 23269 24140 23880
25804 20076 23334 23528
19086 23351 20132 20910
24247 25174 21676 23197
25113 21464 22135 23863
23683 19925 24596 21579
25087 21457 24446 21835
20383 20152 20068 22750
24135 24515 23179 21539
21235 23243 21740 24411
21306 25744 21759 21756
23399 25454 23940 24053
21341 19692 21338 19822
21660 22762 23132 22773
22130 22253 21172 23195
23772 21299 25010 23443
21358 22703 23911 23290
25247 22620 23580 21678
22258 24316 21061 20096
23174 25573 22720 21700
22836 23614 22541 20981
26721 23299 25399 23673
22864 18898 22674 23399
23336 20594 24301 25052
22148 24459 19649 22145
22619 21049 25411 21980
20830 22033 22912 24681
20532 21371 21810 23477
21228 21389 21738 18442
26118 24132 23650 24652
24751 20474 25502 23446
22837 23013 24087 25016
23830 21832 24491 24387
25451 22508 25891 23935
23226 24574 22435 20492
21491 21233 19832 20880
22349 21426 24255 25435
26545 22869 25618 21896
23732 24666 23972 21243
24261 26652 23711 21538
22367 25751 22766 20798
22176 21123 24712 24274
23250 26125 23853 21693
24897 23695 21615 22481
23634 25386 22663 21672
26477 22582 23724 23455
24951 23564 26161 22660
22452 22030 22834 25290
22507 23774 23556 21063
20743 24835 20716 20979
23376 22862 23076 22147
22394 22239 23489 25537
23863 23687 21896 19950
23927 19964 23719 22450
23620 19714 24088 21035
23714 21999 23370 22534
24408 20874 23688 26068
22915 21217 24255 23497
22357 22256 22468 22980
21942 22195 23707 26939
24329 24538 24461 19948
23154 26132 23216 20313
22046 23531 22809 23677
22912 26076 22152 21314
21999 22316 20801 21179
25043 20386 23464 22594
22335 23441 23018 23818
25581 19910 23385 24181
21443 24653 22292 21513
23356 25455 22762 22515
25018 23474 25399 23942
22494 24670 22234 19727
23113 20379 23674 23709
25606 22359 23403 23212
22504 27018 23672 22049
21359 26348 23013 23223
23867 24686 23875 20497
23686 24312 25168 23937
26145 22370 23065 21759
23502 19946 23344 23752
21817 19332 22360 23545
23978 22420 24277 22269
26485 20895 23959 21911
24678 23721 26503 22950
24186 21893 24361 20717
23547 22986 24084 23665
22326 22580 24760 25930
25462 20947 23254 19785
22986 26174 23429 21785
23009 23977 25893 24344
22670 22305 26143 23699
23660 21783 25773 22268
22842 23509 24876 21758
20693 23222 23226 22582
24842 21627 26738 23867
24547 20157 24495 24078
22670 25252 22761 21301
22179 23250 25725 25582
23895 24558 22068 22125
25023 24536 22447 22323
25762 21671 21849 21872
21179 21841 22445 25399
22382 19008 20610 20269
22282 22409 24319 23918
22634 19977 23778 21162
20838 21198 22047 24789
23357 21122 23752 23819
22947 25708 23479 24649
23716 24766 26027 23465
22223 24615 25205 22301
21931 22521 22019 25137
23080 21442 25792 24918
23289 22563 23877 26231
22694 20165 20421 23418
24369 21804 22154 24141
22625 24236 21573 19417
25220 22836 26793 23215
21918 25206 21853 21545
23006 22714 24662 22395
23786 20686 21361 23891
23387 26477 24027 21750
24006 22650 25488 25343
22105 20909 22554 22499
21867 22368 23587 21760
20379 22455 22253 23648
22418 20423 22136 22170
22453 19954 21837 24711
26418 21784 23448 22234
23442 22199 26834 22229
24204 22843 21784 21253
26845 23344 25395 23937
22621 24503 25532 22608
23492 23640 23102 20303
23669 24039 22812 25170
21810 22423 22883 24780
23163 20609 25316 24020
21548 21445 23402 25809
22309 20075 19820 20964
25058 22851 21593 23424
25360 20664 24172 23723
19573 21976 22288 23219
21859 25062 22329 23308
23076 22488 25354 22853
22186 20988 23905 24317
23651 21075 24125 24374
21445 23611 22838 20590
22628 21251 24876 22436
21284 24105 23167 25540
23413 22225 24095 20753
23397 22072 20578 23187
21787 22729 21345 25069
23383 21105 22828 20728
22962 24230 24424 23230
22349 24915 23779 24637
23800 24931 21454 22022
21673 24418 20693 21372
21281 24767 23471 22642
21191 21371 20171 21254
21809 20933 23235 21243
24918 22589 27040 23867
23652 25802 22512 20421
24269 22664 26143 23009
25039 20751 24499 23134
22551 22764 20563 23458
25163 21880 23882 21836
25086 21538 26112 24469
22813 22277 21378 22918
21976 20172 22223 19636
22667 23095 25068 24957
21660 22963 20694 20368
22091 21146 22934 24569
26014 21712 26363 23506
23778 21867 25152 24509
23576 20215 20615 20672
21483 21810 24330 23558
25594 22460 24727 23160
23713 21562 26710 22807
25027 20647 23778 24571
21842 23188 23132 26127
23958 23213 21129 21859
21450 22629 21835 25569
23717 22503 26778 24438
24919 21377 22520 23011
21633 20840 21339 20497
23532 21934 22763 24406
25546 23777 24203 20727
20722 21333 21757 21794
23646 19593 24813 24938
26325 24626 24638 22582
24243 22383 22620 21200
24944 20786 25754 23401
23046 22318 25593 26064
24371 21129 24843 26083
21723 20878 21220 18959
24889 24485 24889 21500
24217 25079 24816 21412
24175 23149 22653 23998
23014 18796 23789 23625
21927 22725 23053 26470
21756 25441 23496 22021
21282 20822 24491 21215
23266 22158 26563 22622
22218 20372 24660 23305
24777 23869 22857 21570
23187 26427 23388 21680
23534 21057 23642 23433
25904 20802 23135 24124
23493 21468 21591 23601
25953 21038 25210 21836
22130 20957 23607 23508
24773 22128 23446 23799
26649 23621 23487 24116
22983 21074 26271 23581
21097 22957 20762 23038
23172 24813 23682 20982
23374 20058 22692 24866
22976 20183 23799 22863
22440 22353 22791 23685
22097 22824 23781 24673
21985 25507 22800 21911
24769 21679 21312 22601
24758 21037 24447 23870
26340 20797 23341 22001
19457 21697 21599 22913
24327 20981 21212 20227
22139 23957 22537 20701
24842 22099 25321 22004
24919 21015 25411 23251
21991 23689 21282 24473
23087 26100 23652 24851
22894 20800 22245 24517
20257 21534 21125 22791
26119 23095 24546 21680
22723 22122 25369 26484
22411 23589 25867 24063
24012 22559 25461 25864
22134 26489 21519 21431
22474 20901 24650 23971
23142 24991 25660 23201
23790 20589 21521 19173
22939 24292 21521 20551
22947 18730 23459 23527
25790 21206 24740 23344
24002 22543 25906 22800
25211 21660 23422 23180
20140 23704 21622 20828
22615 21045 22495 25934
23630 19454 24256 24273
23208 21396 22356 20370
22652 23001 23464 27668
23932 22035 26944 23178
24354 22563 24796 25564
24313 22957 24771 23045
23566 22462 22471 20422
23836 24261 21027 21828
23887 24471 22954 21976
23923 25468 23933 22027
25353 22819 21641 22996
23035 27312 22942 22364
23202 27416 22900 22277
23975 21760 23070 26414
21920 20047 21842 24414
26210 21922 23481 21390
23093 22338 23828 26905
25279 23150 24655 21917
24568 21733 24596 22530
22620 24079 22361 20232
23106 22789 23003 24353
22198 23514 21448 24948
24982 20677 21161 20667
22386 22805 25594 24267
21142 20312 22268 24022
24424 23739 24192 21267
22546 26337 22590 23042
24591 23614 23051 21565
19587 20054 20704 22046
22349 19668 24137 24193
24178 24691 24500 21479
22568 21342 21868 19640
25015 25205 23285 20763
20115 21328 20595 21318
23887 21750 23090 19505
22938 27157 23327 21622
22311 26917 22055 23041
23860 20466 23930 23512
24241 19976 24698 22523
20532 20583 20676 21840
22108 23954 23525 21859
21374 24402 22767 23977
24511 19878 24917 23025
27379 22941 22947 22665
22141 17842 22459 23149
23510 22840 23267 20081
25599 24678 23484 20500
23921 22743 26915 25982
22006 24304 23160 22247
21987 24368 25683 25438
24799 19912 24590 25330
21885 24489 25700 24159
20344 24071 21911 22791
21378 24563 24135 22614
25294 21177 23705 25014
22759 23813 24359 21180
23705 20477 24797 24835
21393 24705 21773 23658
22570 21300 26292 23293
23610 20305 21889 22339
21934 23440 23242 19188
23587 23542 24251 25363
23893 21907 21069 22785
25426 22212 27182 24144
20808 20905 21845 20400
20948 22954 20512 23219
20863 22950 21813 22673
23059 24769 22706 21166
21104 24807 23433 23068
26138 20530 22376 21925
19095 23502 21274 20946
23492 25987 23192 23119
23259 21876 24081 26500
21586 21848 22359 25330
22902 23426 20412 20479
22764 20239 21513 22740
21272 23307 22268 23057
25240 21870 22985 21317
22800 21828 24855 23821
23170 20560 22376 21674
22077 24666 23848 22484
22665 22189 20722 22457
24162 24059 26368 23086
20975 23343 21122 23908
22476 20294 21404 23060
22145 20787 21956 22286
22837 23228 22763 26349
22378 20412 23020 26177
23443 22036 25701 23272
22553 26102 23416 22573
21380 23974 20845 23508
21652 23762 21897 24061
22359 22301 21330 23021
22966 25581 25088 22161
20194 20627 20451 19612
26142 21537 24311 24520
22674 25248 24140 23031
22086 19208 23158 22744
23721 24521 23279 23226
25123 25225 25719 21501
23049 19958 21688 20096
25083 22842 22323 21316
20043 22324 20675 21254
25219 22703 22951 23134
19300 23309 19536 21325
21299 23958 23649 20784
24198 22647 25409 21674
22695 24254 21483 19819
24109 24164 25127 22174
21706 25063 21370 21462
22427 21767 26234 23138
24781 20795 24684 26323
20630 22879 21980 23010
23003 22992 21777 23562
21934 24296 21485 22594
25228 22712 25720 22527
22731 22899 21305 22382
23562 24999 22210 23053
24107 21732 26141 25144
21752 23268 21455 24483
24237 22976 22392 21943
21651 24581 21745 20778
25539 21192 25162 22639
24677 22241 23158 24065
21746 24825 22700 23681
24197 25138 25706 21337
22694 22405 23899 23210
24544 25003 21753 22237
23290 20705 20667 23034
24884 24183 23916 22669
24437 23526 24446 23276
22754 25674 24634 23437
21059 19258 19505 19534
23024 23180 24563 23341
22326 19615 21660 24099
21465 21959 24676 25787
25274 21071 23428 23500
20928 20555 22803 22096
21609 23209 21253 23332
25146 21528 27013 24848
22208 23217 22962 21865
21415 23776 22961 21534
22249 23560 22231 22564
23490 25114 22677 19927
21557 21115 22138 25712
22882 21639 20970 24413
25664 21926 25889 22705
21449 25910 21667 20715
23327 20764 25863 25277
22599 21633 21281 25554
24428 22191 23600 20877
22206 25898 23988 22026
23925 21226 24001 23942
24359 20678 22497 22313
25554 22336 24737 21064
25636 22150 24091 24091
20623 22699 22662 24155
21482 22940 24292 23877
25125 23205 22869 24714
24058 26291 23022 22217
21954 21976 22510 21450
25965 22365 25047 21961
22222 19940 23937 24580
22140 20164 19411 21001
26018 23860 25093 23257
24082 21688 27277 23344
23189 23221 23526 21665
21096 26078 22884 23587
27020 22021 24817 21874
23336 21606 21562 25057
23230 21508 24229 23750
22848 21586 21873 20461
22866 23904 22105 24405
24844 20121 25529 24556
20784 23540 23600 21054
22974 24304 22232 22378
24356 22037 25842 22233
22384 20424 22231 26346
22912 21432 24123 23532
21942 21562 22602 20719
21911 21087 23468 22388
24263 23511 23654 20869
22615 21828 23555 23599
23408 20016 24444 25508
20418 22034 22775 22078
25141 20981 24974 22938
22909 25019 25623 24378
24068 20957 23767 23494
24356 19528 24208 23336
22160 26710 22918 22103
24817 23820 24176 21807
25066 21541 24832 21471
23407 19801 23453 24815
23485 20847 21640 23946
24740 18781 24172 22853
25203 22335 23712 20594
20732 24506 21067 21418
21190 23859 23362 21534
22185 21129 19881 22663
21338 23080 23566 26655
23389 21413 22679 24158
22925 22923 21428 21665
23616 24972 24648 24403
25204 22402 24174 24837
23252 22330 19668 18186
22106 19846 21639 21969
22234 22990 24256 24569
21882 24713 21691 22768
23586 25118 23333 21283
24932 19419 25395 24222
24175 21994 24290 21856
21555 23374 21838 23201
22025 21859 18797 20789
25422 22161 23720 22795
22696 19777 23517 21843
23177 24261 25683 25194
20549 23182 23799 24423
20382 22953 23285 21846
25017 23992 24611 22134
22278 23574 23968 23524
20475 21561 21088 24519
20943 24451 23232 25348
22383 25288 23179 23366
23126 21436 20438 19997
21386 23798 20382 20904
26033 21878 26959 23716
21978 26111 22171 21904
24284 20853 24094 25358
23588 25714 23515 20904
22193 24002 22522 24450
23810 26351 23428 22173
22724 24803 21867 20561
21198 25586 22510 21622
22406 23247 22822 25549
25320 20798 25250 23378
25228 23066 22017 21279
25133 21104 23320 24747
22419 21173 23381 21480
21309 22955 23798 22998
21259 22274 21196 20589
21969 21226 23693 24354
23766 24551 22860 21443
22356 20549 23492 24778
26351 21906 24815 23377
22878 20889 21847 22742
26510 22226 24883 22227
21752 25632 22355 21094
24558 20525 21796 21122
24383 24600 22851 21406
22128 23721 22286 24101
23314 23522 23177 24095
19333 20909 19401 18728
21180 24296 22126 24635
25890 22911 24574 22092
23988 19633 21624 21108
24925 19821 22823 21057
22396 22975 24530 24539
23973 25161 24875 22340
21877 23159 21223 20590
22541 24975 22195 20688
20535 23223 22608 22937
23801 23983 21683 22944
24314 23032 25286 23934
24081 20678 24044 23877
22160 21096 24282 25306
23201 22651 23352 24694
23745 22223 25137 22802
25080 23183 24796 24282
23757 21175 25935 24664
22056 26250 22146 22853
24401 22451 21050 23608
22752 24423 22521 20437
22516 22994 22781 19811
22306 22086 20806 20527
21738 25500 21835 21782
21608 22650 22194 25823
23932 24039 20391 21656
24138 23747 23385 23941
23427 24220 21699 22783
23433 22179 25219 21178
24956 21329 23509 22220
24144 21565 23030 22259
23663 20592 25784 24874
23678 25493 23662 20677
22546 24908 24967 21993
23058 22063 22282 23090
23718 19524 23004 21550
21018 23099 23363 25125
24782 21913 26936 24108
21180 23427 20572 22819
23013 21033 22210 20782
20931 24542 23431 21462
24464 21452 22043 22543
23756 23845 23694 24976
22006 21641 21972 22990
26158 22624 22365 20895
21105 25649 21773 22864
24249 21507 22078 20060
22743 25639 22371 21147
22782 24986 22770 21287
21127 19332 20602 22113
20150 20716 21823 22438
23469 22503 23898 21207
19653 22083 19778 19872
22935 22923 23969 24748
23103 20081 20898 21712
23644 20354 22524 20458
24017 22258 26215 24997
21480 20563 21346 24805
21918 23719 22674 23719
22620 20164 20615 23390
21340 23264 23208 23805
24274 22305 23095 21363
21975 21201 22713 21653
23295 25263 21885 21877
23196 23650 24479 21576
22441 23094 22334 20585
22228 23730 23593 26141
24095 20888 21461 23715
21792 20355 23081 21358
21271 24131 23747 24230
22686 23755 23061 21779
24193 22226 25658 23655
20598 20556 20120 24084
22598 19120 22801 23666
22062 22610 22706 26281
21683 23914 25428 23562
23926 24274 22692 19793
23356 20797 26954 23985
22250 22867 22143 24519
23416 23868 24193 23816
23715 21991 22105 22059
22598 26827 23592 22499
22548 25942 24760 24416
22925 25084 24548 22276
24440 22851 22125 22432
21654 23336 24029 22361
24871 20153 25438 23951
21611 24323 22865 23562
22402 23119 22089 25605
26515 22966 25803 23034
22466 21210 22441 20693
21912 22888 24047 24273
21757 21822 20456 22420
21614 25870 23445 22758
25322 19413 24022 23007
23575 22193 26604 23886
23422 22232 24086 24616
21016 23286 22227 22177
23465 18983 23853 24748
22858 19510 21935 23830
18378 20292 21697 22145
22736 26303 22616 21803
23744 22606 21594 23778
26853 22152 23429 21249
22905 25092 25735 23804
22077 24892 20573 22221
25639 23014 24246 23258
21465 22089 22161 24618
21309 23537 24830 22780
21924 25162 21268 20782
23811 19854 24511 24044
24707 25307 22381 23902
23190 19693 24281 19864
21819 18122 22381 23215
23965 22053 25442 22027
22676 25358 21317 23247
25344 20381 24537 21189
21447 23968 21954 21151
22306 22372 23224 22466
25044 21598 25793 24470
23474 21460 26957 23263
23164 21080 22981 22068
21897 18087 23334 20103
20617 22820 21533 22009
22330 23114 22198 24667
23531 23985 21936 23374
23493 22011 26534 22652
23442 19441 22715 20577
21205 23537 21541 20817
23165 23672 21091 23269
23007 23550 26287 22771
21939 19829 23636 25482
21445 21990 19660 20631
21729 25748 22102 24069
23397 24837 21435 21528
24476 19689 21918 21028
23109 23152 26826 25137
21124 22870 25314 23717
23462 23195 24787 23432
22989 22506 25559 22118
22353 23281 24630 26519
22825 21425 24594 25340
21830 21239 21292 19931
20561 24775 21985 24479
23152 20799 23807 23131
24753 24079 25275 22447
24227 24745 22556 22201
21828 21126 24782 22058
20538 22644 23443 23867
23253 24701 23639 22315
25585 21835 20811 23564
24793 20509 22391 22147
24242 21935 22005 23992
22450 20294 24992 22557
22303 18028 22743 22108
24840 21640 26275 23411
24168 23067 21535 22882
22125 22624 22992 23633
22136 23143 24964 22437
23620 21479 25783 26015
21806 26458 22275 22521
22248 22204 23467 25877
24049 21364 25315 22275
20972 22413 20114 22953
21167 23494 21882 23595
22051 22913 21531 18845
20900 24146 22716 23987
22156 23970 21729 20553
21394 24203 22609 23141
21901 24391 23261 22283
25561 20304 23771 23738
24849 21426 25492 23048
23120 24038 23893 21163
21327 24191 24097 22475
21899 22353 22273 23829
21048 22299 23132 22869
22253 25556 22820 21957
22555 24370 22084 22373
21341 22643 20440 21595
22428 21701 23763 23356
21643 24750 21812 20362
23995 24949 24831 22736
25357 20066 22008 21472
23789 23686 23798 20133
20850 21403 23731 22726
22130 21494 23118 21259
22616 19801 22397 23363
22465 27150 22413 21576
24955 20983 23480 23997
21504 24611 24715 23100
24656 24706 22987 21218
22001 20124 21493 23604
21307 25358 21479 21725
20329 20027 21978 23084
22985 22089 23811 22123
24456 21049 25373 24696
24717 23742 22253 23517
22203 19489 22245 22654
25043 22730 24681 22540
22973 21574 22291 24449
24871 20615 24136 22942
26102 21039 23339 21713
22634 22324 24767 21558
22535 26884 23502 23792
25115 21616 22506 23874
22078 26566 22772 21810
23909 23188 23199 20468
26152 23091 24291 22726
24449 24400 26079 24220
21707 22148 23657 23861
20518 22616 23311 24168
24030 24635 23202 21228
21319 20162 22919 21454
22853 26688 23956 22574
23834 20561 23019 23806
24072 23230 22621 24408
20699 21328 21350 20527
25742 22081 24468 23279
25310 22695 24659 21312
25436 24769 24082 21721
22379 26154 22579 22522
20965 21613 20444 20967
21055 21161 25211 22507
23387 21699 23370 20655
23651 22909 25273 26880
23307 24252 20989 22805
24152 24870 23365 20991
20832 20235 19509 22361
23532 21004 24763 26242
20544 21469 23159 22832
21696 21124 22252 22771
22173 24453 25768 25159
23713 21301 21597 23523
23959 21500 25809 25640
23490 23457 23158 23071
23746 20552 24823 26297
24558 20677 21923 24228
22944 22295 24201 25626
22852 25443 22704 21072
22597 25100 23276 25360
23746 21927 26032 24563
23363 24898 24699 21420
23239 22649 23003 20748
23194 22343 25976 24021
22343 19859 20785 20494
21550 22258 22160 23895
20938 24451 22047 21901
22157 25345 22140 24714
23280 24651 21217 21904
22546 22364 25066 23911
24239 24590 22984 20744
26485 22151 25769 23173
23413 24167 23782 22813
23222 22249 22147 22989
24179 23628 24504 21773
24052 22757 23583 21119
24355 20981 22816 20752
24699 24147 24940 23654
20625 22499 23366 22947
24657 21434 25368 22924
25365 19216 22842 20961
21371 24722 21440 22303
21296 26167 23542 22237
23379 22535 25563 25379
25971 20048 23662 23407
20882 21312 23197 25561
21673 26250 22504 22110
23851 19874 23694 21659
20477 22384 22912 20421
22100 20300 20104 20035
22192 20650 20553 23359
19515 20490 19951 20512
20546 22323 20305 22698
24246 24532 24382 20718
25026 22695 21392 24711
25188 19859 22491 21729
24022 23601 26212 24299
24194 23168 24165 22160
22030 25032 22463 23409
21869 24625 20054 22483
24902 24125 25057 23032
24624 22197 22668 23291
23703 19633 22432 23229
23648 21359 22716 21107
24264 23199 25487 23115
22124 24147 21914 22428
23350 19650 22753 24394
23005 20284 24310 26022
22757 24803 22755 22079
21604 25309 22367 21719
24194 26369 23860 21511
22153 23942 23528 25025
24928 22480 23591 22209
23293 23083 20935 20695
25613 23670 24014 21697
22944 20877 21979 20870
23881 22405 21431 21900
22565 21865 24015 27390
25062 21658 23403 23732
24693 19784 21712 22316
20350 22734 23092 23403
21770 22333 21299 17926
22317 19989 24206 22041
26213 22950 23729 23303
22714 22273 22132 20524
24509 20762 26174 24821
22359 22399 23662 22602
23064 24450 24319 24755
23317 21484 24202 27567
21957 23233 22288 23148
22737 21747 25205 24371
23730 19334 24893 24583
23535 21321 22583 25822
23284 18657 21644 23528
22206 22433 21270 24307
25422 21628 25954 24279
23437 25432 26221 23357
23162 20443 24318 22998
24785 20919 24474 25335
24033 21706 24624 26578
23059 21277 23868 21623
21987 26728 22257 22440
22746 21618 21942 22409
26882 22154 23450 22803
22108 24994 21608 23620
22481 25237 24939 25240
22909 22598 21433 21480
22023 23508 22280 24471
24767 23655 20514 23262
22543 23756 22276 22349
23197 22948 25755 25715
20576 22587 23798 24185
23198 22646 24899 24332
22007 20961 20895 22060
23039 21743 22809 25558
23363 24126 23752 20187
20523 21104 20961 20334
22671 25539 23770 23161
22364 20842 24161 24289
24074 24799 25664 23199
24462 21268 23213 23911
24517 21330 23611 22374
24975 23699 24132 22541
22353 20681 21974 21306
25324 21207 20932 22737
22842 23567 22166 23730
25110 24923 22658 23148
23678 22530 24837 23939
27010 21204 23533 22914
21616 20052 21239 24425
23375 22488 24131 22213
23917 21388 23632 21463
23173 23010 26555 24555
22127 22603 24911 25816
22848 24258 23205 21812
25023 20300 21935 21651
21783 21507 22407 23189
22886 21703 25165 24067
23718 21705 22885 22217
22390 22045 22622 25768
23017 21210 22915 25632
21255 21115 21997 24594
23140 22752 24301 21270
25872 21883 23188 20810
23226 23159 23341 22967
21356 25643 21064 21326
22247 20291 20618 22754
21778 21028 21611 22656
22645 20647 21957 22757
23438 22734 23956 23359
23959 23959 24763 22836
22242 21433 24179 21157
21773 24585 22612 21196
22113 24397 21962 23835
22606 22362 21548 23490
23952 22524 24210 22365
20922 24849 22288 20562
25722 21842 24755 21724
23471 21233 24047 24481
23903 21297 24136 27086
20397 24661 20924 23352
21978 25349 22961 25191
25784 22410 25771 23744
19915 20988 21883 22292
25033 21023 24876 23667
22165 22258 23002 23487
25235 22028 23655 21911
24489 22032 25575 25107
24061 20455 24773 24544
22958 21422 22232 19860
20283 20175 20202 21934
21467 23542 21885 21670
24983 22369 26097 25630
23053 25818 23523 22458
23618 21929 23654 22326
21039 23169 23269 23000
23135 22829 22622 21947
22506 22100 23444 23316
24923 21111 24938 24572
22252 24737 24703 22638
22351 20520 23935 20576
24500 22749 22518 20862
22161 24816 22553 21632
22831 21190 23019 24694
23569 22462 23262 20826
21516 22169 23225 22785
24131 22990 22775 25622
22704 24491 22054 23605
23215 22456 22665 20653
23230 24113 20503 20409
24667 21651 23152 19532
26375 21511 24782 23356
24564 22354 23255 20262
24675 22943 22073 21142
21308 24074 22199 22539
22509 22239 22754 25657
22063 19997 22565 24627
22000 21088 24551 23192
24632 21257 23346 21485
23814 24913 24157 23030
22203 20167 21318 23406
22245 21683 22589 24253
22978 22438 25950 22398
24679 22965 22592 23831
22686 23480 21832 21751
23933 20436 23152 22034
21991 24678 25015 24336
23910 21787 22338 21601
21084 23184 22353 25195
23985 21131 25369 25336
23362 22684 21146 23018
25111 24048 22998 21267
23477 23176 22109 22276
26346 23919 23247 23871
21426 23041 20818 20526
20789 23780 23786 24633
24683 22851 22551 22416
25146 20951 23548 20806
25450 22933 24384 24471
25424 23756 24788 21804
22317 21438 22568 24770
23146 23212 24528 24160
21962 21192 21601 22091
20592 19978 21051 23538
