2763 108.638
25978 25489
25869 25588
25822 25606
25837 25594
25791 25608
26036 25438
25700 25684
25917 25523
25771 25637
25835 25604
25835 25604
25901 25581
25771 25637
25917 25523
25917 25523
25785 25623
25785 25623
25901 25581
26010 25388
25977 25463
25741 25637
25629 25646
25865 25578
25841 25588
25915 25497
25785 25599
25989 25405
25663 25641
26024 25230
25936 25473
26020 25240
25925 25482
25765 25610
25759 25618
25806 25589
25901 25514
25753 25619
25980 25407
25489 25650
26028 25199
25900 25521
25900 25521
25890 25525
25872 25553
25890 25525
25872 25553
25891 25509
25987 25389
25974 25408
25993 25242
25859 25514
25921 25476
25988 25348
25954 25427
25935 25465
25925 25471
25893 25490
25897 25479
25806 25563
26025 25188
25951 25461
25951 25461
25940 25451
25518 25197
25844 25411
25699 25265
25532 24996
25534 25002
25709 25080
25839 25215
25771 25201
25530 25104
25525 25065
25706 25335
25779 25075
25570 25181
25770 25180
25331 25075
25465 25082
25428 24885
25499 25218
25494 25096
25649 25123
25575 25088
25408 25096
25478 24993
25531 24979
25623 25332
25662 25183
25570 25323
25768 25149
25883 25418
25705 25266
25410 25113
25732 25199
25452 25014
25770 24941
25637 25159
25391 25083
25719 25205
25420 24943
25722 25138
25524 25143
25493 25193
25582 25310
25534 25067
25522 25054
25633 25290
25506 25175
25543 25135
25650 25231
25578 25195
25742 25161
25718 25212
25659 25034
25549 25221
25699 25180
25551 25210
25716 25161
25594 25237
25619 25237
25422 25139
25525 25043
25687 25317
25795 25300
25542 25192
25535 25142
25650 25178
25523 25160
25643 25277
25563 25184
25313 24984
25650 25214
25616 25139
25619 25247
25668 25225
25505 24858
25581 24938
25851 25098
25677 25112
25584 25145
25528 25075
25641 25313
25566 25082
25416 25222
25707 24999
25322 25018
25452 25212
25718 25293
25626 25313
25559 25118
25606 25117
25627 25075
25722 25346
25613 25188
25493 25167
25632 25272
25520 25204
25574 25289
25679 25218
25621 25055
25546 24915
25685 24998
25509 25065
25664 25210
25560 24853
25658 25137
25589 25160
25863 25173
25490 24982
25669 25299
25800 25251
25553 25147
25510 25209
25561 25314
25423 25095
25329 25028
25633 25356
25567 25096
25467 25119
25584 25164
25453 25002
25758 25069
25560 25208
25637 25144
25851 25030
25645 25218
25777 25122
25623 25276
25475 25065
25478 25012
25609 25135
25550 25100
25561 25206
25478 25284
25721 25132
25616 25034
25697 25330
25438 24891
25551 24967
25235 25131
25484 25012
25396 24906
25609 25167
25593 25156
25675 25267
25551 25217
25419 25148
25858 25190
25690 25254
25292 24996
25514 25124
25711 25097
25769 25169
25592 25093
25672 25063
25436 25029
25608 25057
25745 25132
25698 25074
25522 25119
25606 25143
25672 25078
25557 24954
25636 25136
25491 25243
25568 25284
25580 25220
25689 25064
25681 25140
25508 25079
25784 25053
25565 25109
25642 25182
25622 25153
25717 25275
25710 25247
25390 25099
25669 25131
25448 25113
25741 25110
25635 25236
25571 25051
25781 25274
25678 25131
25496 25090
25313 24971
25662 25178
25527 25118
25832 25353
25608 25174
25670 25112
25596 24981
25453 24949
25621 25139
25526 25133
25483 25057
25499 25227
25528 24846
25663 25172
25617 25114
25567 25168
25720 25014
25530 24958
25704 25171
25575 25324
25625 24989
25636 25150
25663 25223
25473 25138
25420 25102
25520 25105
25876 25400
25512 25084
25700 25317
25667 24809
25254 25057
25679 25308
25650 25317
25531 24932
25682 25159
25613 25098
25510 25187
25422 24867
25628 25226
25862 25244
25600 25070
25693 25156
25542 25064
25746 25180
25641 25241
25430 25047
25534 25099
25637 24995
25726 25203
25615 25094
25531 25012
25694 25196
25792 25183
25474 25210
