102 0.633977
4155 3493
4155 3493
3542 3868
3542 3868
3688 3863
4089 3615
3909 3751
4095 3561
3967 3743
3885 3788
4050 3660
3776 3845
4133 3522
4133 3522
4052 3622
3973 3710
3736 3856
4108 3551
3776 3845
3688 3863
3736 3856
3817 3823
3969 3718
3885 3788
4108 3551
3817 3823
4058 3618
3847 3807
3909 3751
3860 3800
4029 3661
4005 3699
3860 3800
3847 3807
3821 3819
4020 3675
4007 3690
4007 3690
3821 3819
4095 3561
4020 3675
4005 3699
4022 3670
4022 3670
3969 3718
3967 3743
4006 3698
4089 3615
4058 3618
4029 3661
4052 3622
4050 3660
4006 3698
4155 3493
4155 3493
4155 3493
4155 3493
4155 3493
4155 3493
4155 3493
4155 3493
4155 3493
4155 3493
4155 3493
4155 3493
4155 3493
4155 3493
4155 3493
4155 3493
4155 3493
4155 3493
4155 3493
4155 3493
4155 3493
4155 3493
4155 3493
4155 3493
4155 3493
4155 3493
4155 3493
4155 3493
4155 3493
4155 3493
4155 3493
4155 3493
4155 3493
4155 3493
4155 3493
4155 3493
4108 3551
4095 3561
4095 3561
4095 3561
4095 3561
4095 3561
4095 3561
4095 3561
4095 3561
4095 3561
4095 3561
4095 3561
4095 3561
4089 3615
4052 3622
4052 3622
4022 3670
4022 3670
4007 3690
4005 3699
4005 3699
4128 3452
3954 3712
4011 3666
4109 3507
4080 3581
4083 3570
4044 3641
3971 3703
3971 3703
4057 3618
4057 3618
4044 3641
4105 3541
4103 3542
4103 3542
4105 3541
4105 3541
4057 3618
4103 3484
4103 3484
3893 3710
4071 3578
4000 3610
4099 3520
3931 3682
3959 3630
3941 3656
3992 3622
4103 3484
4103 3484
4103 3484
4103 3484
4100 3476
4043 3559
4092 3489
4065 3530
4047 3541
4079 3511
4072 3512
4082 3451
4039 3548
4039 3548
4076 3532
4076 3532
3681 3851
3681 3851
4035 3654
4047 3598
3744 3832
4047 3598
4062 3561
3935 3747
3866 3786
3918 3767
4003 3660
3963 3723
3935 3747
3829 3787
3892 3774
4069 3557
3744 3832
3892 3774
3800 3800
3768 3812
3981 3684
3974 3702
3964 3705
3963 3723
3991 3675
3866 3786
3808 3793
3918 3767
3991 3675
3756 3818
3829 3787
3768 3812
4062 3561
3800 3800
4035 3654
4003 3660
3756 3818
3981 3684
3761 3813
4069 3557
3805 3798
3974 3702
3808 3793
3761 3813
3805 3798
3964 3705
4076 3532
4076 3532
4076 3532
4076 3532
4076 3532
4076 3532
4076 3532
4076 3532
4076 3532
4076 3532
4076 3532
4076 3532
4076 3532
4076 3532
4076 3532
4076 3532
4076 3532
4076 3532
4076 3532
4076 3532
4076 3532
4076 3532
4076 3532
4076 3532
4076 3532
4076 3532
4076 3532
4076 3532
4076 3532
4076 3532
4076 3532
4076 3532
4076 3532
4076 3532
4076 3532
4076 3532
4076 3532
4076 3532
4076 3532
4076 3532
4076 3532
4076 3532
4076 3532
4076 3532
4076 3532
4076 3532
4076 3532
4076 3532
4076 3532
4076 3532
4076 3532
4076 3532
4076 3532
4076 3532
4076 3532
4076 3532
4076 3532
4076 3532
4069 3557
4062 3561
4062 3561
4047 3598
4047 3598
4035 3654
4035 3654
4035 3654
4035 3654
4035 3654
4035 3654
4003 3660
4003 3660
3964 3705
4030 3554
3810 3755
3920 3729
3988 3659
4003 3575
4015 3567
4021 3530
3823 3699
3899 3642
3976 3601
3932 3632
3954 3626
3967 3603
4017 3528
3914 3632
3976 3577
3934 3590
3955 3581
3931 3619
3924 3623
4012 3521
3927 3614
3939 3557
3976 3550
4005 3517
3923 3613
3963 3511
3912 3609
3919 3595
3884 3562
3863 3609
3831 3537
4126 3493
4126 3493
3539 3891
3539 3891
3672 3881
4006 3691
4094 3562
3772 3830
3708 3844
4101 3530
3720 3832
3800 3826
3818 3808
3708 3844
3672 3881
4020 3668
4032 3644
3900 3763
3884 3776
4020 3668
3900 3763
4057 3611
3818 3808
3978 3702
4045 3630
3927 3744
4083 3572
4081 3591
3927 3744
4045 3630
4032 3644
4101 3530
3857 3783
3772 3830
4113 3511
3844 3792
4006 3691
4057 3611
4109 3513
4071 3599
3884 3776
3952 3731
4071 3599
3978 3702
3969 3711
3961 3722
3710 3834
3844 3792
3800 3826
3939 3738
3939 3738
4094 3562
3969 3711
3961 3722
3952 3731
4083 3572
4113 3511
4081 3591
3857 3783
3720 3832
4109 3513
3845 3789
3854 3786
3850 3787
3850 3787
3710 3834
3854 3786
3845 3789
4113 3511
4113 3511
4113 3511
4113 3511
4113 3511
4113 3511
4113 3511
4113 3511
4109 3513
4109 3513
4109 3513
4109 3513
4109 3513
4109 3513
4109 3513
4109 3513
4101 3530
4101 3530
4101 3530
4094 3562
4094 3562
4083 3572
4083 3572
4083 3572
4083 3572
4083 3572
4081 3591
4057 3611
4045 3630
4045 3630
4006 3691
4006 3691
3969 3711
3961 3722
3952 3731
3939 3738
3939 3738
3884 3776
4100 3498
3797 3818
3894 3713
3998 3681
4071 3591
3949 3698
4090 3549
4036 3630
4036 3630
3898 3710
4036 3630
4086 3517
3815 3713
4070 3558
4028 3592
3863 3698
3986 3640
3909 3683
4018 3629
3956 3681
3956 3681
4074 3503
3944 3673
4007 3609
4009 3572
4029 3555
4063 3532
4061 3543
4046 3544
4046 3544
4063 3524
4063 3524
3869 3648
3999 3586
3939 3637
4040 3533
4062 3522
4062 3522
3937 3612
3986 3585
4035 3465
3906 3598
3958 3530
3943 3556
4002 3483
4002 3483
