33172 2642.05
26650 20538 19659 23360
20943 24411 23816 22385
20897 22570 24217 21650
22449 24419 24151 24490
23999 21957 22762 24437
21168 21958 23801 24810
22271 17315 19882 23243
23693 23966 24684 22215
25899 21658 21192 21442
27636 23407 22812 21919
25016 24785 23173 19999
22322 24833 24212 22031
22312 22053 25031 23505
24095 22788 21072 22806
22462 19743 22732 26868
20482 24395 25429 24041
24944 21060 22620 21857
25078 19912 21286 25354
26062 23341 23017 21495
25502 24708 22958 21229
24064 23407 23110 20115
23206 24418 24116 23350
23080 20825 19997 23962
23366 24971 23671 19345
20723 22459 23633 24222
23619 25925 24541 21093
20998 21717 26245 25381
22144 17715 20107 23491
22719 20728 23035 22556
26344 22614 20138 22114
22266 25555 22989 21702
22330 19550 22239 27375
19430 23742 25077 21282
23043 19599 20763 24187
21334 23086 24457 25099
24383 21971 21479 21447
20765 22593 24280 23468
25256 20804 20153 23696
21475 22832 25494 23751
21722 23089 26080 24533
22851 24578 23568 21840
22266 19539 21996 26780
24927 20599 22135 25308
23361 25998 24349 21065
23367 24379 25283 22258
20108 23580 24579 25288
22133 22070 23926 22399
21017 21886 25344 23828
19532 20576 22585 25271
26260 23703 22409 20735
20852 19739 22888 26069
24274 21155 20062 23605
23293 18792 21780 26869
21408 24427 22961 21901
23264 23873 25290 22812
23349 25418 23873 21403
25818 21688 21013 22544
24915 25861 24185 21326
22054 21065 24421 27216
23377 23477 20386 22329
22550 22422 22742 21344
24322 26278 23933 20947
22525 22538 22517 23256
24448 19790 21399 25954
22188 21575 25298 24950
21476 20767 24400 25501
25263 23783 21281 20623
22442 20078 23703 26717
25016 21333 20371 23473
24213 22663 20287 20632
26298 21032 21323 23822
22460 23111 25018 23768
21133 22566 23890 22472
23172 24416 23351 20320
23586 22582 23892 25631
22559 24312 24835 22890
24167 25831 24324 19892
21027 22964 24849 21791
23592 21219 22256 25460
21952 18632 20985 24918
23673 25816 23453 19483
20546 22455 25088 22980
26759 21846 21708 23959
23700 23724 22565 23332
20367 18734 22501 26357
23511 25754 24040 20477
26168 20972 19783 22527
22602 25804 23648 21043
22097 23803 23941 20614
23412 24871 21969 22800
21270 23112 26060 23623
26179 20890 20874 23686
21207 22495 25823 25113
22052 22927 23896 23296
26492 23955 22616 20659
21822 18747 21980 26612
21171 24111 25226 22529
22555 21079 23052 26719
21798 22864 23136 23500
23409 26229 24205 20630
22184 20529 22545 26432
21068 24026 24232 19813
22374 23122 23874 22978
25005 23373 23571 22600
22425 23784 23230 21850
22372 20110 23321 27060
23309 20123 22341 24689
19621 19950 23220 24443
22720 22754 25397 24345
23125 23462 24790 20734
19107 19027 21726 22079
22544 23794 25076 23784
19771 22565 24023 23826
20263 21786 24786 24127
25296 21939 22556 25200
24061 23317 22408 22719
19894 21278 24944 25490
24240 20070 21069 25853
22481 25646 24691 21846
21055 22014 24401 23540
20432 23478 26716 23251
23226 21967 21320 23944
23381 19582 21990 26769
20842 22901 26179 23401
22040 21117 24858 26297
20454 22398 25534 24743
21812 22917 24403 25427
22227 19441 22290 27499
23916 21071 23290 26499
23351 20437 22504 25385
24141 25320 23994 20057
24809 24911 24129 21393
20194 23210 25673 24797
20061 22818 25680 25887
24812 20116 19710 22585
27616 22883 21087 22728
20442 22541 26317 22639
20423 23328 25440 24767
27232 20993 20482 22963
22032 22302 25064 26151
22367 24118 24307 21741
22171 24034 25420 22247
20595 24037 23591 21852
23709 21095 23379 25948
24731 24567 22112 20082
24760 21250 20637 22972
21473 23203 25565 23511
20209 21415 24108 25231
22278 19474 20157 23135
20669 22745 25780 24207
22468 24364 25487 23590
24109 23532 21504 21626
21753 24827 26068 22703
22098 22131 22203 21296
23736 25960 24157 21067
23436 20971 22520 24933
21129 23736 26110 22631
21553 22248 24153 23412
22269 19804 23355 26288
21179 22805 24449 25239
24095 20637 19833 22571
23510 20715 20861 24572
21201 21629 24478 24612
22375 23565 23985 23608
21831 21031 23740 26924
25585 22099 22054 21630
23838 21052 22727 25316
22130 21073 24785 26726
26521 23852 22016 21449
20869 21029 23897 23139
21819 19211 22985 25566
22056 23004 22119 20028
21462 20367 24083 25253
23160 23644 21463 20772
23569 25104 24002 21446
23051 25059 24417 19792
24394 24284 25660 23686
21650 21866 24327 26025
25171 20851 21423 24441
20814 23513 26242 22589
24363 19191 17358 21555
23626 25263 25765 22983
21164 22494 23323 22651
24118 24975 23958 21938
25768 22800 20623 21047
18584 22668 25706 23111
25328 20314 20947 23707
23204 23641 24821 20134
21250 21013 24485 25117
22106 23561 23766 24641
20542 22746 24616 22130
24463 23168 21664 21163
24000 24428 22617 22036
25809 22625 21228 20753
24761 22966 23747 23178
22432 22364 23143 21932
23401 23149 25279 22779
22505 19919 22617 27268
22885 25764 25097 21663
26426 22023 20764 22543
23075 19033 21952 27128
22586 19552 21782 25835
20958 20344 23083 27170
22741 21845 23869 25951
22148 22358 24357 24966
24758 22701 22765 22728
21786 23929 24719 20827
23230 19395 21654 24713
22547 25030 25356 22037
22983 22420 23772 23049
22498 21760 22606 24270
21453 23872 24967 24689
21009 21879 26366 24456
19604 20004 23644 25076
20873 22035 25505 24982
22558 24051 24494 20390
21235 22306 22794 23049
23064 21658 23316 26076
25771 21173 21055 23405
23588 19706 21244 26173
24142 25732 24150 19892
23930 19054 21723 26808
21830 25443 24000 21171
23944 24012 21087 22235
20426 23545 26779 23224
21581 22307 26093 23291
23599 24251 23284 21627
22714 22538 24324 23722
23265 23453 23428 21292
23837 20068 21583 24027
21521 20018 22737 27474
20612 23525 25120 24070
23266 24986 25429 22841
22843 24166 25475 21720
24086 23680 23966 23012
23602 21842 20249 23526
23463 22576 23465 23616
23835 22326 21541 22137
22724 23481 21942 22411
20948 21684 24530 24378
25396 21643 21574 22488
24847 19831 20816 25619
22671 20444 23346 25924
22307 20720 23504 27098
21008 22393 24336 23676
22731 20253 22052 26577
23881 25709 23979 19673
25493 21167 20820 24413
22134 20378 23518 27634
23688 25031 25120 21768
22657 20417 22781 26792
20844 20506 23582 26201
22321 21463 23501 25610
22313 22146 24156 22284
21671 20821 22572 24867
19030 20454 22931 24488
23731 21959 23848 25844
20774 23325 23745 22194
22059 20949 24065 24224
24014 22437 21602 22721
22128 23370 24445 24358
23986 19956 21785 24853
22067 22735 22828 23005
25455 23427 22032 20981
25121 22221 22014 23462
20575 21222 24531 26875
23894 23732 22545 18944
23453 25280 23955 21196
23862 21624 23791 25213
21879 19350 21508 25101
23034 20724 21700 25054
20870 20822 24351 25444
21745 22490 26041 25128
20359 21185 24648 24205
23784 25641 23310 21072
22289 23929 24082 21182
22150 22908 23957 23245
22563 23319 23377 20981
23160 19519 21878 26284
24543 22623 24034 23439
25923 22895 22130 21367
25229 21141 21015 22501
20355 22151 25624 26007
23091 23150 24670 23431
22451 20597 23768 26595
21797 21517 22222 24839
24966 24717 23597 20768
24760 24178 24371 22424
22346 20421 22479 26926
22647 22730 23467 25278
24485 20715 22557 24298
19738 20633 23362 24306
22273 18869 22606 26417
25000 21902 20957 20989
24433 21464 23999 23763
21195 21508 23132 25930
26827 22276 21793 22976
24136 20584 21465 24323
23450 21764 21524 24939
24671 22367 22842 25013
25286 23845 23542 20989
25661 22317 20743 20702
24723 22317 20572 21102
19860 20794 24427 24132
22711 24446 23324 22363
23450 20737 22018 23450
25404 24534 23317 20875
20244 21318 22575 23853
23690 24519 22755 22600
22196 20505 23508 26370
24010 24337 23463 20251
20347 22121 24576 22723
22290 21483 24021 24265
22509 25056 24237 21623
21941 23499 24456 23003
25061 24586 22604 19394
22992 23103 22586 21335
20368 20894 23385 25875
25384 20645 20855 23474
22194 21361 22792 23503
23661 23400 24288 24476
18771 21443 24110 22338
21426 19495 23766 23634
21363 22589 24288 24149
24059 22856 22895 23418
26000 21179 19986 21685
22614 22846 21977 21424
21294 23804 25110 23385
26009 23293 22108 22032
19766 22407 25386 24986
25976 22108 21365 23376
22630 20799 24732 25231
24663 24567 23381 20417
20554 23149 25910 24260
22052 21681 23028 24979
21015 19554 23348 27187
22762 24665 25630 21798
19389 21728 24786 23509
20057 20824 23501 23988
24992 20905 21880 24949
24963 19906 19182 22877
20173 20559 22851 25792
19982 20896 24058 24099
21573 22194 23693 24043
24030 23080 23970 22725
25186 23710 22939 22328
21081 22676 24562 26834
23387 23888 23636 22369
23280 22143 25011 23690
23766 25745 24412 20291
19356 20698 22791 20113
21048 21238 23366 24544
