27518 600.118
28194 25931
27492 26475
27602 26947
27289 26689
27704 26892
26794 27399
26464 26940
26438 26872
27852 26642
26762 27910
26862 26940
27626 27155
26995 25641
27618 27256
26646 26831
26841 27378
27372 26098
27842 26115
27808 26085
28017 26396
27238 24963
27868 25966
26852 26554
25670 23588
26425 24702
26388 26337
25821 24212
25931 26479
25858 26002
27767 26408
27112 27781
27574 26448
26574 25879
26266 26170
26897 28005
26841 27633
27323 27076
26559 28043
26534 26191
27984 25782
27645 27073
26785 27419
27540 26559
26789 27691
26075 24207
26798 27522
26223 26939
26816 27397
27607 26437
26904 27055
26106 27567
27360 27067
25860 26416
27653 25427
27054 26380
27302 25696
27334 27030
26689 24797
26332 27962
26812 26706
27272 27264
26329 27097
25395 26727
26874 27386
27012 24923
27798 26737
26299 27232
27435 26451
25177 24074
25962 26425
27016 25791
27827 25787
26585 26666
26346 27556
26822 26698
27202 27752
24989 23133
26839 27552
26816 28004
27102 26269
26618 24688
27360 27135
25601 26183
28135 26135
25695 26714
27343 27093
28030 25937
26565 27685
24747 22818
26305 27813
27429 26765
26788 27826
26366 25999
27959 26197
27654 27242
27714 26014
27168 26855
25976 26261
23421 22656
26602 24108
26421 26890
26931 25712
27065 27365
26087 27017
27292 25145
27217 27358
27781 25537
26487 27267
27388 27408
24663 25283
27207 27363
25668 24802
26640 27402
26200 24237
26920 25463
27989 26767
23358 21803
27405 26906
25633 26295
27035 25635
26209 24761
27339 25023
26817 26222
27495 26815
27110 26884
27276 26270
28111 26193
25496 26273
27939 26144
25957 26931
26474 26503
26041 27319
27729 25850
25862 25419
26126 26813
26149 25823
26992 27374
27147 26918
26462 27381
28077 25892
27754 26671
26398 27244
26765 27690
26036 25545
28115 26098
27363 27045
26192 25051
25667 26627
26059 27211
26581 27739
26736 24641
26731 27998
26519 24607
26090 26080
26657 28046
27445 25239
27083 25694
26732 27901
27109 26657
27770 26809
26211 27529
25629 26328
27751 25880
25751 25423
28298 26142
27719 26194
28037 25824
26588 27951
27365 26809
25379 23279
27970 25979
27868 25722
25937 27050
26205 27349
25797 25794
26322 27592
27716 26302
26574 24640
26204 26013
27362 27222
25124 26057
27044 25069
27885 26614
25514 26516
27203 27225
24953 26088
24934 24164
27972 26570
26806 27997
27191 25872
26844 25369
28086 25921
27453 25640
27750 26069
26555 26054
27353 25234
27102 25974
26339 27914
27254 27622
27786 26627
27385 26109
26146 24862
27266 25888
25726 25525
26930 27608
26066 26662
25941 25816
27090 25167
27064 26523
27588 26430
26359 27228
26538 27222
26192 26981
27090 24697
28110 25614
28309 26129
27314 26535
26204 27373
27703 26464
27577 25639
26909 26205
26420 27718
25574 25205
27465 27053
27430 26586
27949 26316
27301 25613
26468 25124
28123 26214
27117 25986
27490 26524
26592 24550
25164 26009
26530 26644
24512 25895
28198 26106
25990 27178
28022 26315
27776 26036
24834 24815
25894 26571
27974 25908
25963 25378
26088 27529
28162 26021
23774 22712
26105 25624
26859 26020
27519 26931
27141 25492
27288 26564
26928 24774
