15430 240.08
18657 18548
17348 19207
17934 19249
17697 18414
18214 18349
18386 18337
16655 18960
18779 18693
18627 18021
18757 18343
17627 19128
18481 18815
18055 19077
17763 19505
17235 19289
17647 19588
16422 18862
17059 18533
17625 19300
17686 19276
17243 19365
18203 18767
18638 18198
18263 18207
17718 18803
18558 18861
18343 19094
18312 18012
18054 19217
16953 19031
18378 18015
17916 19364
18528 18188
18651 18675
16979 19417
18490 18584
18317 18527
17425 19274
18878 18369
17395 19646
17573 19553
17894 19261
18415 18229
18340 18736
18733 18507
18477 18785
17843 19203
17559 19212
17998 19283
18475 18836
17927 19453
17618 19300
17889 19454
18541 18537
17631 19360
18576 18276
17292 18486
17878 19279
18431 18623
17581 19453
17523 19347
18700 18152
18084 18849
17696 19045
17772 19325
17562 19389
17895 19390
17945 18965
18227 19078
18483 18877
17567 19150
18680 18433
17686 19402
16810 19196
18281 18609
17501 19442
17435 18964
18809 18480
18136 19072
17283 19415
17343 19194
18151 19043
17500 19527
18567 18832
18101 19095
17739 19045
18220 19230
18661 18245
17639 19244
18374 18791
18228 19152
18038 19193
18062 18815
17019 19281
17812 19304
18022 19320
18444 18230
17699 19420
18148 19235
17947 19353
18585 17960
18501 19052
18342 18524
16793 19066
17851 18859
17865 17368
17602 19287
18712 18488
18601 18672
17866 19173
17905 18923
18331 18650
18359 18513
17560 19421
18335 17839
18308 18712
18460 18438
18500 18180
18481 18669
18570 18467
18135 17863
18105 19071
17333 19178
18157 19254
17383 19340
18353 18934
18222 18706
17848 19321
17929 19340
18763 18165
17521 19494
18172 18932
17866 18973
17132 19492
18589 18669
17675 19527
17499 19221
17629 19124
18633 18800
18074 19299
17413 19347
17883 19434
18565 18099
18454 18789
18466 18262
18722 18647
18038 19125
18201 18116
17512 19188
18083 19223
18664 18419
18276 18743
18620 18596
18035 18225
17393 19393
18425 18689
18269 19153
17644 19016
17551 19443
18688 17952
17693 19133
18301 18770
18035 19193
17477 19115
18529 18469
17527 18780
18126 19279
18538 18751
17578 19195
18390 17920
18649 18026
17479 19031
18040 18447
18586 18824
17298 18730
17868 19373
17758 19522
18090 19136
17609 19431
17601 19401
18702 18375
17451 18851
18021 18616
17941 19207
18740 18160
18542 18910
17651 19376
18541 18843
17583 19509
17973 19242
18579 18493
17043 19391
17539 19183
17394 19005
17501 19422
17876 19141
18441 18943
17820 19171
18534 18426
18234 18734
