42342 2521.32
9038 8800
8779 9133
9010 8821
8506 9329
8928 8961
8525 9320
8665 9253
8931 8957
8591 9280
9015 8812
8800 9126
8508 9327
8895 8999
8915 8966
8905 8978
8998 8833
8479 9356
9067 8671
8997 8883
8653 9256
8589 9317
8894 9030
8769 9150
8903 8991
9052 8759
8835 9125
8914 8976
8975 8943
8885 9058
8835 9125
8653 9256
8849 9060
8997 8883
8721 9250
9052 8759
8885 9058
9019 8807
8769 9150
8620 9267
9003 8830
8752 9185
9003 8830
9019 8807
8963 8946
8620 9267
8975 8943
8963 8946
8849 9060
8589 9317
8752 9185
8914 8976
8997 8883
8721 9250
8894 9030
8835 9125
8903 8991
8819 9120
8875 9046
8908 8966
8932 8912
8948 8885
8983 8860
8735 9128
8714 8567
7870 8391
8330 8346
8614 8572
8622 8274
8261 8543
8266 8239
8557 8233
8518 8651
8253 8589
8661 8435
8846 8581
8384 8702
8380 8306
8675 8449
8761 8435
8377 8320
8564 8447
8706 8504
8495 8822
7875 8569
8714 8669
8715 8529
8598 8446
8512 8288
8413 8472
8500 8845
8295 8798
8744 8765
8733 8462
8282 8108
8571 8255
8586 8152
8745 8572
8600 8477
8304 8320
8669 8539
7904 8324
8384 8289
8280 8429
8225 8397
8718 8482
8813 8745
8745 8499
8729 8702
8786 8608
8614 8866
8491 8768
8667 8434
8778 8376
8449 8214
8698 8674
8072 8498
8608 8827
8534 8471
8636 8437
8524 8446
8175 8738
8727 8378
8297 8639
8591 8484
8265 8660
8651 8277
8723 8499
8865 8638
8545 8271
8778 8602
8442 8883
8664 8298
8655 8529
8621 8329
8717 8443
8356 8349
8760 8591
8274 8251
8681 8641
8423 8818
8810 8409
8681 8383
8261 8264
8607 8430
8590 8401
8810 8537
8089 8505
8583 8551
8886 8687
8510 8232
8739 8441
8678 8401
8803 8666
8697 8433
8869 8563
8566 8282
8426 8423
8501 8386
8813 8749
8669 9035
8504 8899
8648 8437
8285 8531
8375 8705
8701 8390
8720 8527
8714 8656
8659 8609
7930 8483
8623 8334
8405 8549
8398 8436
8661 8432
8637 8612
8657 8925
8315 8409
8595 8366
8652 8206
8650 8552
8484 8189
8548 8331
8698 8618
8716 8379
8604 8795
8735 8539
7952 8298
8792 8550
8776 8581
8373 8350
8168 8271
8415 8420
8317 8290
8544 8335
8710 8515
8696 8573
8778 8659
8656 8936
8780 8482
8907 8741
8646 8498
8850 8507
8483 8459
8484 8939
8645 8859
8542 8334
8707 8569
8412 8936
8744 8378
8297 8635
8369 8690
8832 8444
8051 8633
8710 8513
8771 8289
8459 8786
8336 8196
8388 8797
8537 8451
8838 8639
8550 8446
8613 8417
8326 8340
8699 8462
8468 8962
8597 8577
8761 8616
8673 8649
8552 8495
8577 8292
8651 8689
8644 8856
8210 8774
8776 8494
8690 8448
8552 8568
8992 8663
8671 8350
8697 8896
8477 8737
8661 8343
8673 8411
8596 8434
8840 8588
8588 8669
8662 8531
8750 8365
8652 8841
8565 8300
8793 8512
8747 8554
8452 8625
8812 8658
8566 8566
8487 8221
8440 8563
8504 8358
8593 8376
8581 8313
8770 8721
8719 8423
8391 8284
8128 8803
8491 8204
8285 8319
8621 8511
8379 8243
8218 8155
8773 8570
8849 8583
8658 8680
8530 8345
8644 8298
8432 8633
8854 8604
8665 8436
8702 8500
8630 8548
8866 8638
8545 8382
8346 8763
8749 8724
8556 8518
8798 8579
8172 8188
8696 8669
8330 8837
8782 8672
8588 8422
8679 8326
8591 8778
8742 8619
8885 8602
8473 8970
7953 8201
8757 8615
8686 8459
8562 8513
8712 8864
8843 8563
8042 8456
8625 8799
8382 8861
8585 8566
8671 8343
8765 8420
8622 8737
8726 8449
8420 8544
8620 8539
8634 8656
8370 8797
8730 8579
8518 8404
8363 8200
8715 8391
8448 8414
8598 8858
8691 8274
8648 8725
8710 8597
8688 8416
8659 8510
8458 8759
8627 8840
8328 8245
8047 8355
8757 8531
8495 8325
8299 8375
8690 8281
8739 8911
8710 8418
8559 8434
8466 8352
8386 8495
8411 8592
8547 8460
8593 8360
8624 8767
8716 8445
8552 8681
8195 8779
8705 8428
8578 8641
8862 8616
8626 8436
8521 8517
8727 8921
8414 8715
8729 8686
8638 8784
8472 8740
8695 8545
8512 8605
8714 8666
8884 8675
8790 8606
8533 8215
8559 8459
8646 8554
8379 8098
8635 8526
8654 8858
8150 8455
8816 8460
8794 8628
8816 8325
8607 8339
8820 8439
8676 8439
8721 8463
8651 8545
8513 8299
8687 8555
8336 8792
8749 8558
8452 8862
8495 8522
8653 8655
8610 8317
8611 8348
8413 8351
8162 8662
8611 8450
8046 8417
8701 8614
8548 8394
8624 8533
8683 8570
8134 8460
8604 8932
8523 8353
8471 8751
8812 8667
8555 8531
8581 8354
8776 8402
8566 8611
8546 8315
8723 8525
8413 8333
8792 8629
8700 8283
8578 8759
8526 8814
8576 8555
8594 8323
8387 8271
8594 8209
8805 8510
8785 8620
8673 8515
8829 8463
8594 8916
8547 9030
8471 8417
8703 8545
8590 8525
8534 8528
8600 8462
8372 8465
8464 8668
8773 8564
8735 8535
8607 8638
8429 8769
8756 8664
8691 8420
8759 8649
8667 8335
8847 8622
8559 8576
8719 8683
8716 8486
8301 8468
8251 8843
8353 8379
8884 8536
8453 8802
8671 8579
8622 8481
8804 8506
8782 8641
8560 9011
8723 8609
8714 8471
8446 8412
8637 8518
8733 8363
8470 8203
8491 8860
8542 8121
8444 8218
8630 8416
8617 8492
8723 8606
8869 8530
8240 8372
8633 8828
8850 8682
8568 8811
8797 8391
8325 8470
8626 8488
8602 8829
8571 8710
8676 8333
8625 8520
8361 8687
8582 8233
8621 8520
8659 8598
8495 8738
8809 8522
8413 8574
8779 8498
8612 8461
8576 8502
8695 8607
8736 8588
8581 8918
8505 8484
8599 8384
8351 8402
8858 8471
8491 8395
8533 8518
8860 8701
8355 8368
8621 9105
8431 8463
8602 8437
8626 8304
8746 8543
8471 8365
8656 8646
8769 8402
8704 8709
8635 8350
8684 8561
8473 8718
8690 8473
8612 8604
8737 8449
8259 8234
8181 8576
8391 8276
8783 8498
8328 8154
8335 8656
8570 8229
8653 8589
8571 8394
8711 8414
8532 8341
8582 8256
8205 8552
8722 8415
8688 8501
8385 8828
8076 8189
8630 8419
8717 8595
8673 8213
8320 8248
8399 8855
8894 8595
8631 8457
8443 8345
8697 8460
8806 8683
8416 8372
8345 8332
8618 8502
8846 8639
8783 8483
8636 8455
8508 8586
8461 8648
8620 8243
8727 8527
8740 8451
8765 8553
8640 8676
8752 8598
8729 8502
8383 8798
8349 8787
8741 8423
8776 8539
8655 8920
8678 8392
8606 8505
8443 8265
8606 8312
8656 8456
8764 8563
8189 8719
8644 8419
8395 8765
8354 8362
8567 8611
8704 8500
8617 8465
8243 8343
8567 8843
8804 8377
8701 8720
8476 8909
8652 8540
8603 8289
8588 8490
8488 8979
8497 8970
8219 8553
8677 8374
8709 8591
8814 8679
8705 8579
8522 8257
7967 8305
8514 8134
8837 8504
8695 8400
8549 8509
8606 8586
8283 8688
8640 8746
8730 8669
8715 8602
8637 8202
8658 8388
8519 8428
8466 8748
8777 8501
8629 8364
8721 8410
8610 8356
8449 8510
8712 8292
8702 8259
8428 8584
8565 8514
8733 8480
8784 8560
8717 8496
8510 8498
8712 8500
8170 8605
8651 8513
8788 8737
8281 8392
8292 8812
8327 8261
8604 8536
8658 8470
8679 8315
8324 8394
8853 8650
8589 8991
8554 8376
8667 8331
8658 8403
7975 8204
8416 8621
8253 8532
8656 8506
8448 8921
8609 8445
8650 8540
8558 8956
8391 8168
8327 8727
8798 8643
8366 8418
8730 8430
8557 8391
8789 8566
8503 8808
8763 8657
8895 8548
8609 8502
8673 8687
8640 8469
8775 8505
8604 8333
8623 8597
8526 8459
8660 8490
8763 8562
8559 8514
8409 8256
8030 8501
8486 8349
8766 8613
8465 8269
8632 8727
8759 8578
8596 8359
8801 8636
8525 8507
8741 8384
8568 8544
8468 8807
8668 8542
8151 8525
8628 8353
8893 8670
8751 8417
8474 8980
8451 8950
8364 8274
8868 8486
8665 8399
8541 8284
8343 8827
8670 8547
8786 8595
8399 8378
8650 8668
8858 8624
8762 8630
8747 8379
8640 8881
8571 8434
8619 8455
8569 8419
8565 8648
8736 8364
8807 8622
8763 8694
8602 8443
8700 8379
8800 8367
8661 8386
8797 8679
8458 8377
8540 8314
8706 8498
8681 8333
8801 8351
8381 8198
8617 8486
8608 8428
8721 8276
8686 8911
8909 8731
8745 8662
8748 8468
8202 8601
8804 8451
8598 8505
8495 8811
8524 8290
8711 8774
8580 8421
8507 8704
8735 8435
8686 8591
7802 7946
8541 8666
8773 8598
8848 8905
8701 8279
8788 8408
8551 8351
8674 8591
8508 8572
8546 8427
8799 8442
8526 8915
8497 8443
8796 8637
8688 8441
8731 8516
8198 8583
8484 8347
8812 8701
8710 8647
8565 8304
8550 8525
8560 8366
8552 8887
8548 8383
8566 8483
8447 8389
8800 8618
8423 8918
8476 8300
8665 8360
8450 8275
8674 8375
8702 8478
8355 8762
8301 8536
8693 8549
8534 8507
8554 8474
8803 8520
8831 8651
8600 8519
8470 8363
8713 8583
8868 8594
8786 8612
8790 8300
8859 8662
8747 8377
8628 8403
8668 8439
8415 8811
8713 8626
8755 8475
8765 8597
8732 8507
8381 8350
8910 8593
8684 8388
8725 8525
8821 8510
8754 8527
7885 8353
8233 8480
8799 8618
8605 8176
8621 8585
8606 8300
8885 8634
8674 8602
8752 8641
8551 8432
8881 8722
8715 8520
8745 8499
8083 8296
8604 8889
8852 8513
8645 8601
8826 8501
8571 8288
8632 8450
8613 8287
8744 8567
8625 8332
8409 8304
8526 8445
8850 8737
8243 8732
8612 8419
8665 8452
8510 8321
8514 8443
8345 8743
8551 8388
8780 8447
8557 8360
8797 8668
8731 8428
8569 8765
8544 8324
8692 8392
8854 8623
8852 8849
8471 8368
8162 8596
8591 8545
8446 8954
8310 8338
8664 8415
8666 8401
8836 8417
8764 8737
8907 8583
8126 8455
8516 8279
8750 8492
8838 8655
8754 8503
8608 8478
8768 8713
8362 8803
8616 8583
8156 8727
8471 8460
8068 8518
8564 8894
8648 8274
8475 8780
8682 8452
8703 8563
8514 8952
8748 8523
8531 9029
8650 8494
8332 8460
8318 8358
8844 8467
7811 8048
8772 8734
8262 8652
8689 9039
8871 8480
8195 8279
8628 8444
8317 8264
8779 8522
8518 8396
8586 8557
8162 8246
8848 8756
8583 8702
8525 8358
8747 8483
8540 8711
8814 8323
8883 8484
8766 8645
8662 8395
8561 8258
8757 8608
8616 8423
8745 8366
8144 8675
8706 8483
8493 8747
8621 8509
8268 8770
8533 8319
8053 8747
8616 8709
8553 8488
8716 8409
8537 8445
8882 8660
8777 8481
8703 8428
8424 8497
8631 8301
8644 8314
8691 8590
8682 8397
8045 8434
8776 8622
8782 8634
8488 8927
8602 8295
8601 8677
8423 8712
8649 8212
8514 8431
8736 8422
8373 8859
8452 8468
8731 8523
8503 8692
8624 8460
8620 8395
8841 8382
8763 8445
8607 8217
8665 8554
8449 8618
8197 8600
8408 8326
8830 8560
8593 8326
8508 8539
8802 8519
8709 8986
8556 8356
8740 8348
8663 8709
8781 8466
8514 8224
7912 8276
8387 8873
8098 8648
8715 8643
8666 8402
8010 8525
8442 8476
8530 8964
8763 8421
8685 8414
8513 8482
8709 8504
8753 8477
8608 8505
8551 8485
8567 8820
8706 8651
8472 8129
8612 8535
8771 8646
8499 8357
8609 8339
8712 8348
8546 8421
8732 8511
8758 8499
8805 8611
8652 8591
8692 8549
8834 8868
8815 8590
8384 8367
8683 8510
8772 8473
8665 8692
8687 8414
8701 8693
8456 8554
8387 8491
8755 8445
8418 8486
8390 8564
8747 8512
8603 8619
8532 8383
8776 8569
8726 8537
8256 8497
8409 8702
8515 8424
8527 8216
8664 8399
8789 8665
8536 8341
8501 8529
8447 8778
8726 8880
8823 8557
8884 8477
8647 8600
8645 8366
8585 8473
8531 8912
8726 8638
8612 8537
8830 8499
