10294 2707.03
25998 26848 25608 22992
25284 23087 26589 26959
25034 23287 26107 27506
24635 24522 28387 25050
25332 27323 25152 23475
26902 25470 24216 24831
27649 25067 24915 24344
23984 24847 27535 25544
27501 25176 24989 24285
24950 23351 26793 26769
27434 25115 24735 24386
27596 25074 24800 24238
26679 25711 24436 24603
24089 24952 27283 25737
24942 24350 27097 26061
26386 25582 24554 24865
25328 27242 25221 23507
24960 23432 26375 27253
25858 26967 25511 23110
24775 24377 28038 25376
26073 26773 25572 23176
25849 26578 25621 23701
27360 25233 24959 24394
25738 26651 25346 23616
25360 27312 25159 23551
25283 23420 26041 27051
26613 25989 24727 24145
24681 24626 27756 25146
25214 24060 25963 26431
24550 24379 27879 25385
25504 27085 25412 23461
26053 26598 25509 23378
24228 24940 27250 25682
25020 23319 26362 27217
25052 23141 26318 27283
26875 25707 24529 24338
26181 26386 25161 23739
25075 23312 26234 27415
25556 26531 25482 23842
25426 27183 25188 23363
24266 25040 27264 25627
25915 26887 25524 23237
25208 23160 26203 27357
26718 25260 24314 25001
24338 24673 27966 25295
26981 25395 24370 24687
24515 24535 28327 25021
25646 26943 25595 23487
25488 27130 25244 23517
25288 23743 26228 27011
24526 24420 28265 25215
24606 24499 28213 25134
24024 24694 27663 25706
24722 24345 28099 25483
27164 25238 24877 24326
27432 25139 24759 24308
24477 24491 28306 25161
27195 25327 24993 24085
25180 24313 26849 25562
24616 24394 28118 25361
27050 25393 24630 24378
24987 23442 26707 26841
25063 23935 26232 26869
25133 23223 26251 27326
25252 23641 26823 26525
24909 23710 27036 26284
25327 27259 25276 23429
26596 25537 24695 24814
25793 23861 26087 25744
24134 24936 27426 25324
24125 24623 27378 25883
27565 25126 25013 24167
24645 24431 27829 25649
25760 26114 25480 23905
26666 25654 24700 24421
25548 27062 25440 23323
26162 26366 25101 23920
24690 24222 28150 25431
24867 23910 27654 25891
26333 25635 24488 24784
25937 26463 25450 23572
26517 25885 24870 24334
26627 24712 25490 25036
24179 25083 27333 25693
24721 24263 28017 25528
27311 25344 24992 24095
26424 25605 24570 24751
26346 25825 24595 24708
25458 23501 26469 26234
26574 25791 24640 24297
26696 25431 24391 25012
24076 24585 27605 25656
25303 24105 26071 26329
25321 26990 25485 23373
24568 24571 28178 25204
26252 25686 24464 24799
26120 26219 25716 23359
26902 24999 24570 24922
25871 25476 25394 24583
26313 25875 25601 23635
25168 23596 26424 27013
25337 23179 26128 27175
24662 24070 27514 25803
25763 26870 25722 23402
24308 24305 28297 25285
25422 27166 25318 23393
25120 23388 26013 27338
25208 23104 26530 27071
25566 24172 25663 26495
24840 23663 26553 26964
27184 25600 24947 23950
25214 23476 26619 26817
25138 23684 26559 26906
24980 23633 26647 26939
27087 25515 24803 24296
27408 25337 24827 24248
26088 26004 25139 24448
24433 24633 26921 26312
25561 26710 25188 23917
26714 25427 24312 24798
24520 24496 27629 25944
25731 23602 26135 26477
25146 23238 26194 27431
24799 25289 26761 25008
26466 25957 24893 24362
26915 25028 25692 24528
25450 23804 26325 26982
25579 27112 25332 23141
26919 25334 24415 24753
24379 24975 27208 25409
25658 26915 25067 23852
25770 26675 25660 23308
27540 25188 24900 24211
24340 24670 28104 25299
26306 26160 25107 24267
27242 24969 25080 24570
24397 24576 27223 25868
27231 24524 24965 24809
25599 26312 25734 23880
24969 23378 26342 27268
26689 25354 24520 24727
26042 23899 25711 26101
24788 24284 28138 25468
24584 24858 26936 25257
25243 26394 25238 24492
24555 24620 26741 25809
25471 23271 26443 26370
24948 24331 26903 25831
26069 26205 25295 23763
27136 25147 25043 24581
25478 24874 26276 25118
25949 26854 25591 23027
25000 23514 26682 26794
27649 25067 24915 24344
24790 23978 27424 25999
25319 26280 25717 23896
26851 25517 24349 24778
24278 24871 27457 25774
25011 26298 26003 23556
25356 24486 26038 26122
24636 25047 26867 25219
27118 25345 25436 23988
24937 24133 26941 26183
24728 23957 27169 26079
25686 27026 25600 23328
24921 23998 26979 26277
25136 23116 26459 27193
24298 24774 27545 25557
25895 26686 25119 24033
26196 25184 25142 24970
26280 26426 25120 23440
26032 25571 25972 24363
24891 24247 27801 25697
25484 26066 26162 23645
24635 24522 28387 25050
25890 24058 25892 26359
26008 26034 25758 24091
26399 26298 25250 23866
24939 24244 27716 25514
26256 24839 25011 25024
25398 24416 26299 25906
25579 27112 25332 23141
26927 25730 25032 24164
25264 26263 25920 23983
24669 24554 27841 25573
26085 25501 25882 24018
25106 23366 26175 27475
25838 24689 26189 25491
24554 25038 27569 24954
25967 26900 25577 23071
25809 23582 25903 26588
25260 23164 26462 27141
24651 24305 27311 25962
25624 26919 25116 23590
25576 23623 26361 26546
24589 24563 27960 25251
24622 23880 26664 26678
25831 26956 25554 23214
25352 23804 26587 26568
24154 24459 27400 25956
25556 26162 25699 23995
25361 23636 26908 26174
26851 25517 24349 24778
24024 24694 27663 25706
26463 24654 25384 25088
25113 23773 27135 25888
24174 24720 27045 26082
26796 25568 25201 23873
24768 23956 26421 26743
24438 24814 27928 25423
26753 25780 24510 24179
25220 23244 26172 27354
25192 23486 26221 27104
25966 25918 24960 24480
26467 25175 25468 24433
25781 27027 25516 23286
26536 24563 24929 25283
24562 24401 28020 25377
26950 25625 24858 24442
27368 25215 25037 23955
24268 24605 27559 25538
25333 23228 26497 26889
25120 23758 26987 26295
27076 25361 24984 24388
24718 24496 27749 25570
24456 24904 27001 25588
25773 23281 26112 26505
25141 24213 26633 25837
26765 25664 24524 24582
26761 25420 24256 24949
24712 24517 27492 25620
26289 26196 25399 23707
25535 24269 26259 25590
25106 23366 26175 27475
26937 25437 24284 24614
25044 26764 25438 23970
25923 26185 25784 23857
25493 23966 25901 26615
24451 24375 27187 26071
25435 23209 26487 26617
25398 26468 25932 23821
25794 26350 25182 23750
25227 25639 26516 23601
24928 24516 27006 26160
25152 23774 26583 26626
26060 26263 25677 23273
24321 24646 27129 25855
26292 26344 25023 23973
24509 25296 27197 24871
25409 24007 26695 26259
25248 23480 26597 26718
24708 24659 27071 25509
24753 24732 26990 25732
25716 26782 25417 23894
25531 27050 25193 23617
25014 23532 26314 27118
27170 25345 25176 24261
26999 24965 25215 24408
26341 25058 25296 24898
24875 23702 26689 26731
26238 26253 25533 23657
26248 26409 25078 23571
25988 26077 25507 24152
24631 24516 28270 25126
26131 26768 25449 23427
25600 23538 26363 26689
25785 25684 24983 24653
24846 24445 27680 25463
24513 24555 28207 25158
25967 26900 25577 23071
26407 25756 24509 24643
25060 24087 26310 26280
24820 24359 27214 25936
24999 23964 26914 26404
25072 23564 26554 27077
25829 26807 25644 23576
25206 23286 26418 27153
26566 24878 25493 24718
25792 26242 25310 24243
25174 24352 27520 25341
26823 25463 24900 24442
26781 24525 24783 25074
26597 25820 24974 24243
25269 23132 26448 27171
25717 24241 25801 25851
25871 24392 26052 25549
25457 25939 25755 24149
25098 24012 27361 25973
25203 24915 26765 25249
26209 24944 24969 25235
25433 26306 25418 24066
26940 25779 25157 24045
25949 26854 25591 23027
25455 24933 26451 24548
26296 26186 25534 23506
24848 25467 26578 24852
25070 26738 25704 24022
25677 25093 25356 25308
25706 23694 25828 26712
25750 26972 25625 23359
25186 24043 26422 26321
25085 23523 26592 26966
24832 24429 27705 25524
26988 25568 24680 24125
26364 26111 25194 24016
26434 24994 25304 24919
24729 23556 27385 26303
27394 25189 24693 24249
26755 25008 24754 24995
25745 25830 25120 24471
24840 23920 26676 26658
24659 24204 26517 26383
24840 24754 27466 24943
25696 26881 25610 23453
26621 25993 24943 23887
25527 25524 26402 24573
25604 26087 25577 23880
24076 24585 27605 25656
25144 23994 26713 26225
24621 24118 27013 26350
26183 26347 25170 23672
25959 26504 24999 23796
24974 24112 27692 25395
25223 24194 26333 26200
24987 23907 27184 26267
26953 25062 25277 24652
25199 24678 27371 24536
24364 24551 27591 25733
27380 25091 24936 24341
26219 25932 24685 24458
26497 25746 24791 24573
25386 24114 26571 26179
24944 24649 26962 25663
25031 24200 25802 26593
24838 24809 26885 25432
26146 26589 25369 23338
24927 24681 27451 24781
26109 25587 25304 24270
26828 25069 25528 24496
26546 26110 25053 24091
24538 24193 27262 26327
25048 24736 26216 25699
24906 23792 26503 26935
25354 26493 25861 23800
25829 26807 25644 23576
26928 24638 24782 24885
26576 25190 24670 25055
24741 23837 26711 26713
25806 23989 26060 25672
25532 23784 26064 26642
25806 24015 25640 26521
26452 25210 25448 24413
