383535 1740.06
2723 3413 3090 3109
2830 3021 3308 3123
2781 3176 2933 3331
2878 3012 3201 3061
3326 3347 2942 3043
3089 3535 2864 3122
3170 3530 2885 2891
2898 3413 2636 3266
3250 3148 3046 2930
3250 3148 3046 2930
3171 3084 3010 3054
3014 3347 2661 3214
3140 3252 2753 3096
3089 3535 2864 3122
3171 3084 3010 3054
2781 3176 2933 3331
2781 3176 2933 3331
3025 3180 2829 3299
2817 3261 3222 3075
2963 3321 3180 3069
2830 3021 3308 3123
2807 3243 3281 3111
2972 3480 3032 2950
2843 3450 3084 2979
2972 3480 3032 2950
3114 3049 2943 3104
2860 3393 3035 3038
3025 3180 2829 3299
3133 3221 2984 3086
2751 3119 3129 3157
3047 3310 3024 3062
2941 3317 3075 3202
2811 3495 2987 3016
2975 3316 2646 3240
2723 3413 3090 3109
3025 3180 2829 3299
2811 3495 2987 3016
2964 3301 2929 3277
2914 3305 2967 3260
2915 3258 3093 3088
3008 3268 2918 3161
2883 3366 3116 3097
3109 3386 2987 2967
3094 3295 2783 3142
2941 3317 3075 3202
2807 3243 3281 3111
3088 3106 2958 3134
2975 3316 2646 3240
3114 3049 2943 3104
3120 3081 3032 3001
2975 3316 2646 3240
3120 3081 3032 3001
3024 3431 2971 2946
2941 3317 3075 3202
2751 3119 3129 3157
2779 3330 3039 3184
2817 3261 3222 3075
3250 3148 3046 2930
2751 3119 3129 3157
3024 3431 2971 2946
3250 3148 3046 2930
2778 3453 2818 3277
2898 3413 2636 3266
2914 3305 2967 3260
3055 3166 3052 3124
3066 3231 3093 2996
2908 3512 2941 3067
2975 3316 2646 3240
3109 3386 2987 2967
2972 3490 3003 3207
2994 3398 2944 3148
2919 3404 3151 2960
3004 3235 3073 3048
2751 3119 3129 3157
3093 3495 2890 3163
3114 3049 2943 3104
3025 3180 2829 3299
3114 3049 2943 3104
2759 3535 2958 3092
2807 3243 3281 3111
3063 3410 3110 2952
3109 3386 2987 2967
2874 3505 2778 3177
3133 3221 2984 3086
2878 3012 3201 3061
2972 3490 3003 3207
2914 3305 2967 3260
3024 3431 2971 2946
3089 3535 2864 3122
2972 3490 3003 3207
2874 3505 2778 3177
2843 3450 3084 2979
2807 3243 3281 3111
3140 3252 2753 3096
3004 3235 3073 3048
3089 3535 2864 3122
3093 3495 2890 3163
2883 3366 3116 3097
2975 3316 2646 3240
3089 3535 2864 3122
3140 3252 2753 3096
3058 3292 2888 3179
2759 3535 2958 3092
2751 3119 3129 3157
2919 3404 3151 2960
2874 3505 2778 3177
3140 3252 2753 3096
2751 3119 3129 3157
2751 3119 3129 3157
2971 3380 3008 3093
2941 3317 3075 3202
2874 3505 2778 3177
2883 3366 3116 3097
3120 3081 3032 3001
3120 3081 3032 3001
3133 3221 2984 3086
3014 3347 2661 3214
2874 3505 2778 3177
3094 3295 2783 3142
2883 3366 3116 3097
2860 3393 3035 3038
3171 3084 3010 3054
2830 3021 3308 3123
2860 3393 3035 3038
2914 3305 2967 3260
2751 3119 3129 3157
3326 3347 2942 3043
2931 3317 3084 3081
2817 3261 3222 3075
3120 3081 3032 3001
3250 3148 3046 2930
3093 3495 2890 3163
3094 3295 2783 3142
2864 3270 3115 3149
2915 3258 3093 3088
3171 3084 3010 3054
2878 3012 3201 3061
2781 3176 2933 3331
2874 3505 2778 3177
3008 3268 2918 3161
3089 3535 2864 3122
3063 3410 3110 2952
2919 3404 3151 2960
2759 3535 2958 3092
2963 3321 3180 3069
3050 3229 2956 3125
3120 3081 3032 3001
2931 3317 3084 3081
3094 3295 2783 3142
3004 3235 3073 3048
2994 3398 2944 3148
2964 3301 2929 3277
2908 3512 2941 3067
3133 3221 2984 3086
3008 3268 2918 3161
3114 3049 2943 3104
2864 3270 3115 3149
3326 3347 2942 3043
2919 3404 3151 2960
2864 3270 3115 3149
2963 3321 3180 3069
2843 3450 3084 2979
3250 3148 3046 2930
2878 3012 3201 3061
2971 3380 3008 3093
2751 3119 3129 3157
2874 3505 2778 3177
2975 3316 2646 3240
2914 3305 2967 3260
3025 3180 2829 3299
2751 3119 3129 3157
2874 3505 2778 3177
3008 3268 2918 3161
3140 3252 2753 3096
2830 3021 3308 3123
2874 3505 2778 3177
3140 3252 2753 3096
3094 3295 2783 3142
2883 3366 3116 3097
2874 3505 2778 3177
2898 3413 2636 3266
3008 3268 2918 3161
2878 3012 3201 3061
2723 3413 3090 3109
2830 3021 3308 3123
2811 3495 2987 3016
3094 3295 2783 3142
2994 3398 2944 3148
2778 3453 2818 3277
3089 3535 2864 3122
2807 3243 3281 3111
2883 3366 3116 3097
2843 3450 3084 2979
2972 3480 3032 2950
3025 3180 2829 3299
3025 3180 2829 3299
2830 3021 3308 3123
2874 3505 2778 3177
3047 3310 3024 3062
2781 3176 2933 3331
2975 3316 2646 3240
3171 3084 3010 3054
3140 3252 2753 3096
3014 3347 2661 3214
3326 3347 2942 3043
3250 3148 3046 2930
3093 3495 2890 3163
2972 3490 3003 3207
3008 3268 2918 3161
2994 3398 2944 3148
3114 3049 2943 3104
2919 3404 3151 2960
3109 3386 2987 2967
2878 3012 3201 3061
2915 3258 3093 3088
2864 3270 3115 3149
3093 3495 2890 3163
3250 3148 3046 2930
3120 3081 3032 3001
2919 3404 3151 2960
2914 3305 2967 3260
2751 3119 3129 3157
2860 3393 3035 3038
2883 3366 3116 3097
2843 3450 3084 2979
3014 3347 2661 3214
3004 3235 3073 3048
3093 3495 2890 3163
2941 3317 3075 3202
2759 3535 2958 3092
2898 3413 2636 3266
3025 3180 2829 3299
2811 3495 2987 3016
2874 3505 2778 3177
3008 3268 2918 3161
2975 3316 2646 3240
2883 3366 3116 3097
2779 3330 3039 3184
3008 3268 2918 3161
2883 3366 3116 3097
3058 3292 2888 3179
3140 3252 2753 3096
3093 3495 2890 3163
2874 3505 2778 3177
3055 3166 3052 3124
3025 3180 2829 3299
2914 3305 2967 3260
2975 3316 2646 3240
2971 3380 3008 3093
2878 3012 3201 3061
3250 3148 3046 2930
3109 3386 2987 2967
