114609 415.473
4262 3274
3415 4017
4247 3275
4246 3319
4121 3595
4236 3338
4230 3367
4218 3400
3453 4003
3418 4005
4205 3437
4220 3368
4019 3700
4178 3476
4197 3462
3511 3987
3540 3982
3749 3893
3732 3908
3660 3935
3732 3908
3595 3966
3616 3956
4246 3319
4236 3338
4089 3635
4094 3612
3888 3812
4122 3569
3688 3919
3704 3912
4218 3400
4215 3423
3632 3949
4197 3462
4041 3697
4050 3680
3855 3832
4102 3602
3909 3801
3751 3891
4215 3423
4205 3437
3907 3806
4139 3546
4151 3534
4041 3697
3839 3836
4136 3554
4125 3566
3969 3747
3616 3956
3690 3914
3540 3982
3672 3925
3762 3881
4168 3505
4164 3521
3964 3748
4056 3666
3990 3731
3997 3718
3929 3778
3977 3738
3990 3731
3556 3975
3963 3761
3952 3769
4178 3476
4175 3491
4164 3521
3556 3975
3938 3773
4064 3660
4071 3649
3822 3857
3453 4003
3806 3860
3469 4000
4100 3603
3822 3857
3831 3848
3918 3792
3870 3826
3879 3817
3797 3862
3787 3870
4152 3528
3952 3769
3704 3912
3778 3875
3763 3878
3977 3738
3595 3966
3582 3970
3645 3937
3834 3842
3415 4017
3418 4005
3568 3971
3497 3989
4010 3716
4014 3705
3511 3987
3497 3989
3666 3926
4094 3612
4262 3274
4050 3680
3963 3761
3635 3938
4009 3717
3582 3970
3568 3971
4082 3640
4056 3666
4064 3660
3778 3875
3787 3870
3884 3813
3870 3826
3860 3830
3926 3781
3473 3994
3997 3718
3485 3993
3924 3786
4174 3499
3918 3792
4168 3505
4089 3635
4082 3640
4136 3554
4139 3546
3485 3993
3838 3839
4074 3646
3806 3860
3797 3862
3635 3938
4230 3367
3645 3937
3469 4000
3473 3994
4014 3705
4174 3499
4175 3491
4220 3368
3831 3848
4074 3646
3879 3817
3938 3773
