3026 30.0292
23380 21348 22131 21855
22865 22736 22631 22260
22591 21752 23153 21326
22031 21975 22386 23046
22732 21513 21812 22853
21989 21908 23077 22019
23108 21572 23204 22607
23321 21300 21970 22234
22591 21752 23153 21326
22732 21513 21812 22853
23190 22329 22216 22041
22767 22218 22695 22098
22554 22536 22063 22655
23190 22329 22216 22041
22561 21661 23146 21612
22311 21714 23164 22483
22119 22511 22725 21989
22865 22736 22631 22260
23108 21572 23204 22607
23119 21461 21975 22751
22383 22454 22607 22461
22119 22511 22725 21989
22031 21975 22386 23046
22591 21752 23153 21326
22031 21975 22386 23046
22383 22454 22607 22461
22859 22086 22952 21672
22964 21904 22896 21888
23108 21572 23204 22607
22688 21778 23113 22777
22817 22017 22461 22298
23050 21835 22619 22745
23380 21348 22131 21855
22311 21714 23164 22483
22860 21758 22983 21820
22859 22086 22952 21672
22868 22135 22512 22180
22948 22124 22546 22020
22668 21644 23162 22439
22964 21904 22896 21888
23241 22005 22697 22440
22860 21758 22983 21820
22543 22145 23056 22336
22031 21975 22386 23046
22868 22135 22512 22180
22817 22017 22461 22298
22439 22209 22508 22932
22605 22192 22722 22964
22865 22736 22631 22260
23380 21348 22131 21855
22782 21938 22909 22399
22688 21778 23113 22777
23380 21348 22131 21855
23302 21776 22835 22012
22508 21791 22915 22915
22561 21661 23146 21612
23119 21461 21975 22751
22439 22209 22508 22932
22668 21644 23162 22439
22948 22124 22546 22020
22311 21714 23164 22483
23119 21461 21975 22751
23108 21572 23204 22607
23022 22139 22772 21735
23050 21835 22619 22745
22958 21907 22703 22100
23302 21776 22835 22012
23241 22005 22697 22440
23050 21835 22619 22745
22791 21898 22794 22182
23302 21776 22835 22012
23119 21461 21975 22751
22605 22192 22722 22964
23380 21348 22131 21855
23321 21300 21970 22234
23022 22139 22772 21735
22508 21791 22915 22915
22311 21714 23164 22483
22119 22511 22725 21989
22311 21714 23164 22483
22561 21661 23146 21612
22031 21975 22386 23046
23022 22139 22772 21735
23022 22139 22772 21735
22508 21791 22915 22915
22791 21898 22794 22182
23380 21348 22131 21855
23079 21814 22083 22480
22817 21792 23120 22357
23321 21300 21970 22234
22605 22192 22722 22964
22439 22209 22508 22932
22859 22086 22952 21672
22543 22145 23056 22336
22782 21938 22909 22399
22782 21938 22909 22399
21989 21908 23077 22019
22791 21898 22794 22182
22791 21898 22794 22182
22817 22017 22461 22298
22791 21898 22794 22182
22543 22145 23056 22336
23108 21572 23204 22607
22865 22736 22631 22260
23108 21572 23204 22607
22561 21661 23146 21612
22439 22209 22508 22932
22859 22086 22952 21672
22439 22209 22508 22932
23079 21814 22083 22480
22561 21661 23146 21612
23380 21348 22131 21855
23108 21572 23204 22607
22543 22145 23056 22336
22817 22017 22461 22298
22817 22017 22461 22298
22543 22145 23056 22336
21989 21908 23077 22019
22817 22017 22461 22298
23079 21814 22083 22480
23241 22005 22697 22440
23380 21348 22131 21855
23079 21814 22083 22480
22958 21907 22703 22100
23380 21348 22131 21855
22817 22017 22461 22298
22439 22209 22508 22932
22605 22192 22722 22964
22561 21661 23146 21612
22791 21898 22794 22182
23079 21814 22083 22480
23022 22139 22772 21735
23119 21461 21975 22751
23321 21300 21970 22234
22543 22145 23056 22336
21989 21908 23077 22019
23079 21814 22083 22480
22439 22209 22508 22932
23079 21814 22083 22480
22119 22511 22725 21989
23302 21776 22835 22012
22311 21714 23164 22483
22817 21792 23120 22357
22383 22454 22607 22461
22591 21752 23153 21326
22868 22135 22512 22180
23108 21572 23204 22607
22868 22135 22512 22180
21989 21908 23077 22019
23119 21461 21975 22751
22860 21758 22983 21820
22791 21898 22794 22182
22817 21792 23120 22357
22561 21661 23146 21612
22958 21907 22703 22100
22439 22209 22508 22932
22119 22511 22725 21989
23022 22139 22772 21735
22591 21752 23153 21326
21989 21908 23077 22019
23380 21348 22131 21855
22561 21661 23146 21612
22031 21975 22386 23046
23241 22005 22697 22440
22311 21714 23164 22483
22948 22124 22546 22020
22591 21752 23153 21326
23022 22139 22772 21735
22439 22209 22508 22932
23119 21461 21975 22751
22605 22192 22722 22964
23119 21461 21975 22751
23022 22139 22772 21735
22732 21513 21812 22853
22591 21752 23153 21326
22439 22209 22508 22932
22591 21752 23153 21326
23119 21461 21975 22751
22948 22124 22546 22020
22508 21791 22915 22915
22543 22145 23056 22336
22561 21661 23146 21612
22383 22454 22607 22461
22591 21752 23153 21326
22439 22209 22508 22932
22383 22454 22607 22461
22561 21661 23146 21612
23119 21461 21975 22751
22031 21975 22386 23046
22561 21661 23146 21612
22732 21513 21812 22853
22031 21975 22386 23046
22439 22209 22508 22932
23321 21300 21970 22234
23119 21461 21975 22751
23321 21300 21970 22234
22860 21758 22983 21820
22817 22017 22461 22298
22119 22511 22725 21989
22311 21714 23164 22483
22119 22511 22725 21989
22668 21644 23162 22439
22031 21975 22386 23046
22964 21904 22896 21888
23380 21348 22131 21855
23190 22329 22216 22041
22732 21513 21812 22853
22031 21975 22386 23046
23022 22139 22772 21735
22859 22086 22952 21672
22119 22511 22725 21989
22031 21975 22386 23046
22817 22017 22461 22298
22119 22511 22725 21989
22543 22145 23056 22336
22817 22017 22461 22298
23119 21461 21975 22751
23079 21814 22083 22480
22782 21938 22909 22399
21989 21908 23077 22019
22508 21791 22915 22915
23380 21348 22131 21855
21989 21908 23077 22019
22591 21752 23153 21326
22817 22017 22461 22298
21989 21908 23077 22019
22964 21904 22896 21888
23079 21814 22083 22480
23119 21461 21975 22751
23190 22329 22216 22041
22605 22192 22722 22964
22859 22086 22952 21672
23050 21835 22619 22745
22031 21975 22386 23046
22817 22017 22461 22298
22791 21898 22794 22182
23321 21300 21970 22234
22791 21898 22794 22182
23302 21776 22835 22012
23119 21461 21975 22751
22605 22192 22722 22964
23321 21300 21970 22234
23022 22139 22772 21735
22311 21714 23164 22483
22311 21714 23164 22483
22031 21975 22386 23046
23022 22139 22772 21735
23022 22139 22772 21735
22508 21791 22915 22915
23380 21348 22131 21855
22817 21792 23120 22357
23050 21835 22619 22745
22605 22192 22722 22964
22859 22086 22952 21672
22782 21938 22909 22399
22782 21938 22909 22399
21989 21908 23077 22019
22817 22017 22461 22298
22791 21898 22794 22182
22865 22736 22631 22260
22561 21661 23146 21612
22439 22209 22508 22932
22561 21661 23146 21612
23380 21348 22131 21855
22543 22145 23056 22336
22817 22017 22461 22298
22964 21904 22896 21888
23190 22329 22216 22041
22119 22511 22725 21989
22383 22454 22607 22461
22767 22218 22695 22098
22591 21752 23153 21326
22383 22454 22607 22461
23190 22329 22216 22041
23108 21572 23204 22607
22688 21778 23113 22777
22311 21714 23164 22483
22859 22086 22952 21672
22868 22135 22512 22180
22948 22124 22546 22020
22668 21644 23162 22439
21989 21908 23077 22019
22860 21758 22983 21820
22439 22209 22508 22932
22865 22736 22631 22260
22782 21938 22909 22399
22688 21778 23113 22777
23380 21348 22131 21855
23302 21776 22835 22012
23119 21461 21975 22751
22948 22124 22546 22020
23022 22139 22772 21735
23050 21835 22619 22745
22958 21907 22703 22100
23302 21776 22835 22012
22119 22511 22725 21989
22383 22454 22607 22461
22031 21975 22386 23046
22732 21513 21812 22853
22031 21975 22386 23046
23321 21300 21970 22234
22119 22511 22725 21989
21989 21908 23077 22019
22668 21644 23162 22439
22732 21513 21812 22853
22031 21975 22386 23046
23022 22139 22772 21735
22859 22086 22952 21672
22031 21975 22386 23046
22817 22017 22461 22298
23321 21300 21970 22234
22543 22145 23056 22336
23119 21461 21975 22751
23079 21814 22083 22480
22782 21938 22909 22399
22508 21791 22915 22915
23380 21348 22131 21855
21989 21908 23077 22019
22817 22017 22461 22298
23079 21814 22083 22480
23190 22329 22216 22041
22859 22086 22952 21672
23050 21835 22619 22745
22817 22017 22461 22298
22791 21898 22794 22182
23380 21348 22131 21855
22958 21907 22703 22100
23380 21348 22131 21855
22605 22192 22722 22964
22561 21661 23146 21612
23022 22139 22772 21735
23119 21461 21975 22751
23321 21300 21970 22234
23079 21814 22083 22480
22732 21513 21812 22853
22817 21792 23120 22357
22591 21752 23153 21326
22868 22135 22512 22180
23108 21572 23204 22607
23321 21300 21970 22234
22561 21661 23146 21612
22031 21975 22386 23046
23022 22139 22772 21735
22439 22209 22508 22932
22732 21513 21812 22853
22591 21752 23153 21326
22439 22209 22508 22932
22591 21752 23153 21326
23119 21461 21975 22751
22948 22124 22546 22020
22508 21791 22915 22915
22543 22145 23056 22336
