341033 1800.08
4266 3215
3271 4029
3271 4029
3350 4024
4262 3274
4266 3215
3415 4017
3364 4021
4041 3697
4220 3368
3732 3908
4089 3635
4230 3367
4236 3338
4218 3400
3997 3718
4019 3700
3749 3893
3907 3806
4128 3560
4236 3338
4246 3319
3616 3956
3595 3966
4094 3612
3512 3986
3704 3912
3540 3982
4122 3569
4121 3595
3787 3870
4102 3602
4218 3400
4215 3423
3672 3925
3822 3857
4050 3680
3453 4003
4248 3300
4250 3278
3990 3731
3653 3936
4014 3705
3806 3860
3909 3801
3762 3881
3749 3893
4121 3595
4215 3423
4205 3437
3490 3990
3888 3812
3415 4017
4142 3537
4136 3553
4248 3300
4199 3443
3660 3935
3966 3746
3825 3851
3497 3989
3540 3982
3616 3956
3690 3914
3556 3975
3632 3949
3666 3926
4174 3499
4164 3521
4168 3505
3688 3919
3763 3878
3431 4009
4197 3462
4246 3319
3927 3783
3938 3773
4056 3666
4050 3680
4152 3528
4182 3478
4175 3491
3806 3860
3855 3832
3870 3826
4082 3640
4071 3649
3431 4009
3732 3908
3977 3738
4064 3660
3964 3748
4142 3537
3839 3836
3855 3832
3963 3761
3977 3738
3952 3769
4164 3521
4071 3649
3635 3938
4094 3612
3918 3792
3879 3817
3870 3826
3918 3792
3927 3783
3938 3773
3952 3769
3481 3998
3469 4000
3511 3987
3778 3875
4152 3528
3839 3836
3832 3845
3582 3970
3595 3966
4185 3466
4182 3478
3350 4024
3364 4021
4010 3716
4122 3569
3963 3761
3568 3971
4250 3278
4262 3274
4197 3462
3556 3975
4185 3466
4136 3553
4102 3602
3635 3938
3632 3949
3704 3912
3990 3731
3466 4001
3453 4003
4010 3716
4056 3666
3582 3970
3778 3875
3787 3870
3879 3817
3888 3812
3481 3998
3832 3845
4064 3660
3568 3971
4199 3443
4205 3437
