7 0.27123
13926 13316 13532 13278
13384 14170 13853 14145
13357 14191 13008 13041
14037 14141 13653 13220
14245 14125 14038 13271
13956 13434 12727 13873
14247 14254 13828 14145
13625 13439 13970 13475
13616 14005 13500 13804
13518 13865 13832 13546
13526 13632 14249 13008
13571 13591 13755 14250
13546 13681 14097 13750
13720 14397 14659 13258
14168 14528 13703 12974
13338 13436 13471 13743
13790 13662 12991 13464
13897 12891 14044 13313
13242 13438 13400 13085
13600 14354 14381 13703
13560 13075 13234 13729
13868 13660 13890 12756
13370 13302 13449 13542
13821 13835 13550 14287
13330 13194 13032 13313
13349 13514 13195 13283
13244 13740 13646 13801
13161 13918 13774 14023
13539 13764 13474 14096
13867 13284 13621 13465
13512 13643 13713 13052
14295 13566 13752 13285
12961 13725 12873 13177
13395 13795 13974 13307
13629 14283 14491 14300
13744 14252 13403 13474
13116 13079 13741 13465
13436 13468 13920 13473
13699 13521 13353 13187
13934 14257 13506 13146
13157 13607 12667 13270
13413 13533 14262 14198
14060 14433 13918 13456
14021 14000 13900 13073
13893 13970 13721 13334
13943 13466 14090 13069
14034 13709 13500 13285
13577 13526 13217 12528
13806 13673 13739 13947
13606 13749 13779 13813
13471 13757 13966 13490
13877 13048 13499 12927
13625 13110 13750 13927
13807 14423 13616 13227
14373 13083 13742 13362
13142 13227 13483 13300
13779 14358 13818 13850
13360 14005 14145 13205
13326 13757 13610 13185
13668 14084 13973 13940
13710 13514 13711 13281
13264 14424 14056 13888
13654 14272 14327 13237
13921 14323 13950 12538
14226 13435 13856 13924
12588 13506 13113 13440
13893 14486 13557 13453
13592 13651 13789 13752
13660 14019 13844 13707
12767 13776 14290 13300
13148 14016 13574 13201
13791 13257 13767 12895
13906 14180 13762 13875
13865 13745 13062 13021
13657 14162 14237 13745
13419 13934 13112 13635
13856 14855 13362 13708
13689 13805 14058 13813
13835 13577 13491 12706
13727 13759 13170 12880
13498 13966 13817 13467
13574 14036 13190 13021
13218 13148 13556 12823
13284 13620 13894 13892
13721 14206 13997 13963
12882 12756 13393 13260
13728 14046 13998 13622
12971 13326 14037 13155
13704 13806 13604 14508
13789 14220 13634 12829
13925 14238 13696 13253
13812 13484 13621 13853
14135 13307 13357 13218
13878 13386 13559 12733
13728 14200 13843 13184
13870 13761 14048 12948
13854 13118 13836 13818
13705 14062 13930 13137
13427 13696 13774 13816
13495 13878 14059 13594
13710 14228 13232 13061
13959 14086 13441 13838
14109 14003 13677 13848
13525 13766 13131 12896
14016 13961 13285 12730
13785 13601 13646 12771
14192 13949 13889 12843
13941 14374 13397 13620
13354 13164 13139 13283
13511 14035 13739 13287
13693 13391 13251 13031
14016 14224 13127 13053
13517 14098 13553 13747
13338 13739 13871 14164
13875 13317 13675 12767
13388 13048 13942 13638
13755 13456 13284 12999
13854 14568 13547 13458
13749 13730 13960 13041
14027 13931 13546 13991
13219 14512 13551 13552
13002 13095 13468 13622
13865 14254 13437 13178
13397 13168 13928 13497
13119 13138 13230 13250
13429 13673 13522 13862
13544 14409 13882 13331
13225 13322 13405 13279
12973 14027 13645 13530
13269 13508 13716 14121
12949 13930 13495 13173
13471 13653 13143 13883
14012 13476 14247 13385
13341 14339 13355 13170
13637 13398 13853 13122
13799 13395 13270 13418
13398 13267 13133 12667
13599 13088 13556 13363
13362 13716 13650 14180
13140 13341 13722 13434
13607 13297 13358 14623
13788 14039 13720 13902
14037 13894 13621 13447
13576 13564 13286 12967
13375 14320 13548 13552
14005 13915 13927 13820
13544 13962 13904 13604
13643 13793 14705 13664
13647 13720 13480 13690
14361 13886 13669 14224
13381 13984 13888 13879
13910 13996 13600 13253
13704 14290 13664 13558
13015 13462 13791 13393
13361 12947 13655 13043
13416 13141 13486 13065
13698 14470 13996 13337
13430 13543 13542 13444
13500 13259 13398 13431
14058 13787 13053 13652
13912 13214 13151 13354
13616 13663 13978 13809
14043 14245 13693 13528
14290 14152 13754 14008
13651 13711 13233 12973
13403 13597 13974 13722
13518 13673 13679 13781
14063 13670 13444 13722
13639 13328 13822 12951
13546 13937 13171 13211
13421 13407 13545 13582
13188 13195 13980 13867
14051 14136 13674 13446
13265 13576 13547 13665
13457 13647 13337 12970
13251 13690 13663 13342
14151 14040 14082 13557
13677 13790 14251 13605
13972 14053 13495 13052
13876 14051 13773 13049
13282 13618 13776 12749
14140 13825 13832 13169
13846 14208 14013 13258
13791 13560 13337 13625
13823 13408 13554 13344
13951 13805 13973 13704
13601 13818 14062 14213
13214 13404 14097 13861
14250 13356 12781 13533
14146 13825 13669 13620
13803 14207 14065 13762
13786 13309 13772 14075
13579 13210 13465 13245
13591 13441 13446 13377
13382 13507 13624 13373
14100 13296 13336 13310
13530 13966 13512 13912
14014 13803 14147 14071
13869 14158 13674 13581
13580 14038 13453 13287
12604 13289 13423 13758
13468 13553 13273 13234
13369 13992 13183 13172
13448 14218 13701 13196
13932 14288 13930 13684
13495 13035 13343 13728
13883 14068 13828 13977
13323 13779 13469 12682
13523 13430 14019 13669
13701 13679 13412 13466
13308 13288 12944 13187
14115 13629 13260 13114
13461 13679 13523 13040
13507 13036 13455 13642
14036 13277 13068 13012
12856 12994 13568 13536
13647 14021 14223 14386
13428 13922 13517 13430
14383 13898 13553 13765
13359 13353 13151 13404
13590 13821 13399 13193
13855 13919 13754 13413
13713 13486 14045 13463
13678 13922 13955 13884
13737 14006 13577 13379
13524 14120 13901 13263
13195 13252 13413 13476
13847 13545 13057 12892
13386 13502 13609 13133
13537 13466 13850 14453
13687 13273 13157 13317
13825 14279 13821 13432
13549 14444 13899 13915
13302 13375 13574 13031
13307 13423 13496 13865
13384 13723 13816 13360
13203 13181 13573 13997
13576 13621 14040 13431
13961 13437 13700 13734
13065 13810 13730 13273
13947 14162 13450 13525
13982 13444 13320 13616
13479 14114 13992 13553
13280 13609 13291 13474
13973 13023 14167 13133
14590 14006 13520 13620
13436 14165 14176 14049
13773 13556 13514 13637
13580 13377 13536 13510
13213 13256 14103 14271
13395 13700 13526 12891
13091 12360 12791 12814
13605 14451 13429 13548
13095 13966 14293 13596
13331 13045 13638 13100
14019 13418 13334 13271
13664 13491 13895 13497
13670 12936 13105 13088
13186 13965 13799 13129
13187 13828 14043 14480
13332 14074 14192 12722
14177 13690 13667 13232
13551 13621 13941 13625
13781 13780 14136 13810
13638 14786 13960 13608
13423 13521 13976 13742
13568 13455 13840 13445
13480 13643 13518 13069
13949 13811 13469 13074
13914 13908 13963 13842
12800 13758 14006 13343
13714 14308 13375 13225
14145 14389 13289 13304
14034 13504 13780 13628
13576 13050 13025 13454
13887 13889 13681 13332
13112 13177 13920 14065
13628 13466 13640 13457
13416 13200 14029 13802
12918 13165 13585 12892
13494 13908 13786 13754
13651 13225 13727 13947
13282 13188 13290 13284
12864 13297 13693 13582
13518 12941 12955 13275
13140 13344 13905 14198
13440 13337 13327 13299
13415 14017 14115 13499
13011 13073 13616 13784
13621 14099 13546 13289
14533 13796 13722 13116
13544 14381 13292 13698
13572 13532 13604 13092
13952 13368 13862 13693
13446 13962 13618 13564
13525 13488 13783 13403
12838 13569 13880 13176
13048 13091 13325 13337
13704 13739 13675 14536
13662 13443 13536 12616
