98329 2160.48
18195 18178
18221 18147
18262 18110
17963 18413
18035 18310
18025 18337
18012 18354
17937 18433
18076 18288
18018 18349
17933 18435
18081 18279
18068 18289
18197 18157
18039 18291
18333 18092
17914 18447
18231 18122
18155 18247
18149 18262
17996 18389
17979 18404
17979 18404
17996 18389
18126 18273
18149 18262
18155 18247
18126 18273
18231 18122
17979 18404
18281 18085
18113 18269
18012 18341
18186 18176
18122 18249
18069 18283
18146 18204
18025 18309
17995 18369
18205 18137
18230 18117
18131 18217
18151 18188
18221 18122
18173 18177
18228 18120
18049 18287
18029 18292
18053 18286
18188 18143
18132 18210
18192 18138
18297 17988
17988 18374
18097 18243
18139 18198
18175 18169
18142 18186
18182 18154
18153 18173
18171 18170
17995 18300
18185 18149
18033 17892
17818 17764
17785 17877
17868 17893
17744 17776
17689 17680
17988 17931
17955 17839
17756 17751
17812 17862
17767 17994
17978 17964
17869 17767
17873 17939
17892 17711
17735 17909
17977 17847
17796 17827
17954 17962
17721 17759
17768 17892
17745 17806
17849 17987
17751 17847
17761 18080
17687 17850
17756 18021
17867 17864
17679 18054
17814 17866
17846 17853
17834 17933
17601 17685
17957 17907
17920 17893
17844 17871
17691 17714
17809 17993
17838 18249
17877 17572
17906 17954
18012 17774
18008 18109
17829 18032
17695 17778
17783 17888
17820 17832
17947 17852
17774 17912
17770 17585
17788 17948
17630 17931
17926 17834
17946 17882
17862 17987
17817 17734
18006 17749
17765 17740
17746 17897
17964 17805
17823 17775
17725 18052
18025 17906
17849 17788
17811 17786
17608 17799
17818 17738
18079 17865
17865 17850
17841 17757
17926 17773
17861 17868
17999 17923
17907 17880
17952 18052
17777 17812
17699 17619
17899 17980
17820 17945
17850 17846
17989 18129
17882 17968
17968 18069
17758 17973
17852 17814
17807 17779
17951 17931
17758 17803
17816 17817
18077 18046
17893 17849
18006 17825
18043 18088
17776 17891
17832 17991
17880 17678
17747 17790
17906 17853
18062 18021
17877 17979
17880 17989
17704 17756
17902 18088
17945 17972
17933 17984
17918 17762
17850 17959
17964 17942
17699 17806
17765 17843
17982 18070
18073 17799
17737 17946
17902 17939
17892 17739
17910 17898
17859 17700
17675 17953
18038 17951
17599 17594
18017 17921
17784 17754
17691 17857
17836 17868
17752 17844
17898 17921
17783 17731
17811 17916
17762 17722
17805 17834
17803 17729
17850 17794
17820 17873
17765 18013
17781 17871
17679 17830
17561 17575
