236490 1560.1
8634 7920 7824 7532
8003 8032 7993 7808
8334 8490 8328 6896
8401 8185 7645 7199
7973 8589 7961 6957
7719 7872 8178 7696
8223 7841 8661 6960
8051 7640 8351 7623
8051 7640 8351 7623
7867 7904 8006 7708
8588 8103 7823 7073
8054 7781 8382 7601
8051 7640 8351 7623
8360 7906 7924 7493
7719 7872 8178 7696
7840 8307 8518 6971
8177 8367 7938 7394
8234 8159 8412 7027
7977 8447 8420 7080
7840 8307 8518 6971
7973 8589 7961 6957
8018 8357 8383 7024
8003 8032 7993 7808
8225 7967 8260 7439
7916 7806 8099 7753
8486 7840 8042 7437
8284 8233 8154 7101
8168 8055 8068 7632
8334 8490 8328 6896
8170 8102 7853 7448
7840 8307 8518 6971
7719 7872 8178 7696
8426 8041 8594 7390
8037 8264 8459 6914
8229 8136 8293 7378
8349 8228 8292 7169
8056 7810 8629 7343
8194 8549 8380 7322
8129 8005 8253 7531
7996 8000 8420 7593
7957 8045 8503 7266
7934 8063 8497 7075
8011 8139 8488 7513
8439 8181 8036 7319
8221 8247 8095 6960
7719 7872 8178 7696
8225 7967 8260 7439
8077 7855 8138 7689
7840 8307 8518 6971
8270 8125 8436 7396
8295 8095 7968 7578
8129 8005 8253 7531
8214 8291 8231 7202
8376 8215 8323 7285
8010 7861 8601 7220
8077 7855 8138 7689
8170 8102 7853 7448
8086 7907 8393 7544
7973 8589 7961 6957
8270 8125 8436 7396
8588 8103 7823 7073
8160 8257 8420 7017
7840 8307 8518 6971
8588 8103 7823 7073
8634 7920 7824 7532
8376 8215 8323 7285
8544 7951 8374 7239
8376 8215 8323 7285
8544 7951 8374 7239
8160 8257 8420 7017
8310 8206 8215 7379
8301 7950 8288 7395
8295 8095 7968 7578
7977 8447 8420 7080
8050 8024 8210 7560
8486 7840 8042 7437
8168 8055 8068 7632
8426 8041 8594 7390
8214 8291 8231 7202
8160 8257 8420 7017
7892 8256 8167 7463
8284 8233 8154 7101
7840 8307 8518 6971
8177 8367 7938 7394
8054 7781 8382 7601
7934 8063 8497 7075
8355 7813 8171 7512
8101 7810 8390 7512
8439 8181 8036 7319
8376 8215 8323 7285
8050 8024 8210 7560
7892 8256 8167 7463
7892 8256 8167 7463
8077 7855 8138 7689
8129 8005 8253 7531
8544 7951 8374 7239
8486 7840 8042 7437
8223 7841 8661 6960
8634 7920 7824 7532
7916 7806 8099 7753
8052 7955 8163 7620
8051 7640 8351 7623
8426 8041 8594 7390
8310 8206 8215 7379
8177 8367 7938 7394
8362 7849 8096 7511
8194 8549 8380 7322
8056 7810 8629 7343
8401 8185 7645 7199
7910 8312 7962 7330
8334 8490 8328 6896
8310 8206 8215 7379
8051 7640 8351 7623
8349 8228 8292 7169
8486 7840 8042 7437
8177 8367 7938 7394
8588 8103 7823 7073
8426 8041 8594 7390
7719 7872 8178 7696
8349 8228 8292 7169
8439 8181 8036 7319
8234 8159 8412 7027
8426 8041 8594 7390
8077 7855 8138 7689
8086 7907 8393 7544
8037 8264 8459 6914
8362 7849 8096 7511
8588 8103 7823 7073
8052 7955 8163 7620
8018 8357 8383 7024
8439 8181 8036 7319
8270 8125 8436 7396
8295 8095 7968 7578
7916 7806 8099 7753
8051 7640 8351 7623
8101 7810 8390 7512
7934 8063 8497 7075
7957 8045 8503 7266
8194 8549 8380 7322
7840 8307 8518 6971
8194 8549 8380 7322
8284 8233 8154 7101
8588 8103 7823 7073
8284 8233 8154 7101
8376 8215 8323 7285
8284 8233 8154 7101
8270 8125 8436 7396
8052 7955 8163 7620
8376 8215 8323 7285
8168 8055 8068 7632
8223 7841 8661 6960
7719 7872 8178 7696
8270 8125 8436 7396
8486 7840 8042 7437
8003 8032 7993 7808
8160 8257 8420 7017
8486 7840 8042 7437
8221 8247 8095 6960
8334 8490 8328 6896
8177 8367 7938 7394
8168 8055 8068 7632
8160 8257 8420 7017
8160 8257 8420 7017
8077 7855 8138 7689
8168 8055 8068 7632
7892 8256 8167 7463
8077 7855 8138 7689
8234 8159 8412 7027
7916 7806 8099 7753
8634 7920 7824 7532
8376 8215 8323 7285
8376 8215 8323 7285
7719 7872 8178 7696
8284 8233 8154 7101
8270 8125 8436 7396
8056 7810 8629 7343
7910 8312 7962 7330
8011 8139 8488 7513
8051 7640 8351 7623
8168 8055 8068 7632
8077 7855 8138 7689
7840 8307 8518 6971
8051 7640 8351 7623
8177 8367 7938 7394
8588 8103 7823 7073
7719 7872 8178 7696
7840 8307 8518 6971
8160 8257 8420 7017
8349 8228 8292 7169
7892 8256 8167 7463
7957 8045 8503 7266
8037 8264 8459 6914
8355 7813 8171 7512
8101 7810 8390 7512
7840 8307 8518 6971
8634 7920 7824 7532
7957 8045 8503 7266
8077 7855 8138 7689
8401 8185 7645 7199
7840 8307 8518 6971
8214 8291 8231 7202
8214 8291 8231 7202
7719 7872 8178 7696
8544 7951 8374 7239
8010 7861 8601 7220
8170 8102 7853 7448
7973 8589 7961 6957
7957 8045 8503 7266
8160 8257 8420 7017
8310 8206 8215 7379
8301 7950 8288 7395
7977 8447 8420 7080
8050 8024 8210 7560
7867 7904 8006 7708
7996 8000 8420 7593
8170 8102 7853 7448
8214 8291 8231 7202
8486 7840 8042 7437
8349 8228 8292 7169
8170 8102 7853 7448
7840 8307 8518 6971
7719 7872 8178 7696
8362 7849 8096 7511
8051 7640 8351 7623
8284 8233 8154 7101
8077 7855 8138 7689
8234 8159 8412 7027
7916 7806 8099 7753
8052 7955 8163 7620
8284 8233 8154 7101
8270 8125 8436 7396
8376 8215 8323 7285
7916 7806 8099 7753
8160 8257 8420 7017
8160 8257 8420 7017
8010 7861 8601 7220
8223 7841 8661 6960
8051 7640 8351 7623
8634 7920 7824 7532
7916 7806 8099 7753
8301 7950 8288 7395
8426 8041 8594 7390
8310 8206 8215 7379
8170 8102 7853 7448
8214 8291 8231 7202
7840 8307 8518 6971
8401 8185 7645 7199
8401 8185 7645 7199
7957 8045 8503 7266
8177 8367 7938 7394
7840 8307 8518 6971
8588 8103 7823 7073
