251092 3540.4
2905 3509 3296 3349
3036 3224 3445 3217
3233 3306 3107 3350
2987 3502 3375 3160
3112 3353 3418 3118
3128 3555 3276 3092
3369 3361 3110 3134
3059 3218 3208 3438
3076 3415 3293 3297
3289 3500 3113 3083
3178 3621 3113 3093
3019 3610 3201 3227
2985 3365 3456 3127
2905 3292 3010 3571
2973 3429 3341 3299
3074 3364 3206 3379
3017 3470 3115 3449
3151 3386 3159 3327
3047 3494 3105 3419
3266 3335 3248 3168
2964 3414 3271 3379
2904 3720 3080 3238
3313 3289 3254 3104
3396 3262 3001 3212
2856 3460 3057 3537
3141 3514 3075 3253
3245 3455 3082 3189
3094 3708 2989 3164
3354 3306 3016 3259
2991 3763 2986 3120
2858 3443 3399 3274
3078 3620 3169 3196
3040 3561 2992 3370
3051 3430 3017 3469
2934 3592 3139 3323
3164 3551 3127 3188
2911 3542 3102 3451
3161 3445 3229 3198
3122 3357 3313 3263
3210 3339 3285 3198
3227 3381 3149 3246
3147 3317 3341 3211
3389 3429 3055 3062
2981 3682 3147 3227
3323 3369 3091 3183
2929 3224 3372 3346
3295 3308 3003 3315
3238 3249 3163 3324
3004 3409 2974 3507
3274 3278 3321 3075
2925 3510 2985 3519
3099 3224 3300 3331
2947 3670 3051 3277
2950 3175 3514 3156
3042 3682 3138 3163
2929 3347 3240 3411
2980 3590 3257 3150
2885 3153 3590 3137
3018 3413 3414 3124
2791 3069 3010 3627
2885 3153 3590 3137
2843 3886 2975 2995
3509 3195 2872 3073
2615 3292 2990 3117
2718 3285 2699 2995
2863 2934 2975 3048
2717 2997 2863 3146
2759 3137 2979 2876
2890 3200 2901 2965
2879 3230 3158 3039
2853 3133 2950 3013
2778 3322 2834 3113
2887 3003 2909 2965
3006 3312 2722 3117
2589 2883 2895 2730
2949 3157 2966 3142
2970 3146 2698 3027
3074 3097 3108 3007
2879 3333 3086 3049
2808 3332 3058 2936
2763 3285 2854 2798
2788 3219 3044 3110
2886 3338 2622 3009
2925 3157 2786 2954
2681 3220 2939 2919
2829 3154 2946 3179
2988 3058 2907 2896
2954 2879 2882 2795
2737 3055 2599 2737
2765 3095 2897 3059
2698 3170 2951 3036
2754 3012 2831 2892
2985 3024 2975 2898
2833 3216 3160 2999
2758 3019 2860 2871
2741 3162 2770 2577
2996 3243 2935 2949
2830 3129 3016 2994
2666 3230 2937 2998
2810 3181 3091 2993
2784 3129 2956 2962
2925 2979 2838 3050
2831 3073 2867 2954
2963 2946 2825 2816
2773 3348 2831 3171
2566 3200 3020 2951
2971 3197 3229 3193
2708 3261 2871 2906
2762 2959 3075 2841
2901 3084 2547 3009
2820 3101 3062 2842
2696 3277 2780 3024
2747 2806 3169 3014
2925 3084 2886 2970
2759 3079 2932 3074
2788 3124 2905 2760
2675 3004 2816 2887
2763 3242 2961 3097
2850 2945 2943 3012
2669 3181 2721 3021
2972 3248 2715 3284
3139 3191 2898 3095
2733 3287 2988 3170
3173 3095 2891 2932
3007 3353 3007 2956
2769 3436 2783 2962
2686 3181 2878 2798
2701 3097 2983 2996
2789 3091 2981 3123
2661 3160 2743 3006
2745 3255 2862 3301
2853 3340 3014 2909
2703 3426 2841 3033
2899 2958 2866 2882
2849 3014 2740 2683
2875 3306 2821 2813
2797 2959 2984 2863
2874 3213 2842 2935
2882 2949 3085 3031
2972 3108 3192 3019
2874 3232 2875 2809
2701 2915 2612 3000
2902 2983 2944 2860
2555 3117 2822 2801
2871 3242 2811 2873
2541 2921 2839 2693
2588 3060 2818 2798
2650 3039 3076 2822
2709 3016 2949 2968
2805 3355 2771 3001
2609 3228 2897 3028
2663 3090 2870 2899
2894 3120 3025 3057
2601 3146 3036 3019
2721 3291 2877 2957
2764 2968 2946 2905
2743 3257 2868 2888
2815 3124 2888 2868
2961 3304 2998 2962
2899 3266 3121 3147
2879 2894 2935 2964
2786 3287 2799 2718
2664 2901 2881 2719
2536 3190 2807 2948
2766 3438 2928 2990
2909 3101 3043 2984
2739 3288 2961 3061
2760 2918 2792 2858
2847 2856 2981 2796
2883 3187 2903 2986
2924 3039 2840 3016
2975 3198 3036 3122
2596 3120 2621 2785
2931 2917 2882 2838
2816 3051 3021 2795
2766 2877 2875 2765
2774 3221 3020 3071
2957 3105 2757 3050
2622 3371 2909 2765
2697 3173 3048 2885
2637 3375 3122 2735
2808 3324 3111 2848
2784 3099 2788 2950
2910 2951 2876 2735
3035 3014 3014 2945
3029 3047 2917 3052
2966 2941 3187 2989
2736 3109 2983 3075
3032 3422 2867 2951
2804 3204 2841 2907
2942 3293 2899 2933
2783 3222 2900 2973
2893 3242 2852 2977
2926 3138 2944 2777
3037 3271 2974 2955
2826 3095 2969 3076
2762 3233 3009 3078
3015 3131 2931 3132
2717 3319 3075 3074
2841 3213 2899 2686
2786 3157 2897 3033
2741 3279 2875 2867
2846 3091 3077 2769
2994 3219 2507 2911
2680 3261 2957 3101
2789 3205 2943 3049
2865 3093 2685 2747
2790 3097 2687 2668
2864 3123 2825 2972
2854 2937 2848 2963
2774 3254 2873 2907
2719 3161 3281 3004
3082 3022 3148 3116
2877 3005 2961 2995
2913 3219 2853 2941
2697 3248 2736 2790
2883 3272 2828 2965
2834 3069 2824 2975
2844 2912 2670 3043
3107 3114 2835 2874
2782 3309 2789 3044
2752 3104 3031 3104
2762 3291 3113 2997
2972 3091 3019 3046
2831 3008 2871 3046
2801 3490 3086 2939
2729 3114 3013 2797
2534 3233 2717 2841
2567 3081 2891 2837
2724 3246 3119 2913
2807 3169 2790 2898
2975 3254 2974 2915
2829 2996 2678 2907
2922 2959 3056 3172
2842 2987 2823 2958
2748 2881 3199 3118
2887 3288 3041 3118
2815 3088 2798 2770
2877 3241 2994 2862
2663 3406 3111 3089
2983 3031 3091 2889
2716 3367 2957 3142
2773 2888 2865 2630
2933 3070 2886 2890
2822 3325 2955 3141
2738 3071 2718 2894
2706 2883 2686 2678
2883 3175 2837 2954
2916 3397 3052 3040
2584 3127 2757 2822
2717 3353 2891 2760
3064 3170 2702 2810
