33 0.317787
2411 2971 2692
2898 3063 3232
2867 2920 3130
2927 3222 3072
3020 3490 2697
3259 3032 3011
3325 3311 2792
3150 3187 3149
3027 3501 3181
3102 3280 2695
2925 2773 3097
3011 3413 2872
3325 3305 2848
3289 3392 3079
3096 3172 2576
3216 3292 2757
3200 3315 2874
2601 2800 3018
2906 3398 2919
3258 3258 2961
3089 3184 2842
3187 2976 3073
3336 3368 2740
3085 2932 2800
3090 3627 2929
3265 3370 2858
3078 3310 2966
3108 3054 3131
3026 3441 3003
3333 3365 3049
3156 3352 2866
3163 2886 2877
3343 3507 3294
3193 3519 3088
2969 3280 2883
3001 3141 2876
3028 3255 3287
2920 3335 3151
2984 3479 2900
3205 3359 3020
2983 3162 2870
3078 3288 3004
2751 2891 3025
2765 2732 2949
3086 2854 3127
3264 3380 3153
3149 3225 3440
2813 2986 2793
3344 3115 2993
2950 3254 2853
3528 3259 3206
2862 2960 2878
2971 3088 2804
3195 3045 2966
3200 3258 2867
3032 2913 2980
3029 3253 3129
3032 3305 3194
3028 3095 2865
3013 3315 2789
2844 2866 2608
3060 3167 3071
3505 3263 2918
2910 3306 2822
2946 3188 2921
3093 3361 2939
3355 3497 3088
3126 3032 3276
3218 3284 3064
3106 3117 3092
3175 3487 2785
2941 3319 2835
3116 3308 2923
3428 3090 3009
3220 3500 3231
2867 3121 2782
3193 3159 2970
2876 3145 2848
3347 3075 3146
2766 2913 2848
2818 2791 3349
2831 3214 2976
3003 3291 3020
3176 3136 2933
3147 3415 2880
3297 3331 3204
3198 3322 3047
3085 3108 2604
3034 3099 2925
3020 3343 2959
3111 3560 2927
2983 2941 2859
3145 3417 2963
3090 3376 2912
3258 3430 2955
3016 3413 2936
3145 3351 3003
3275 3242 2879
3152 3080 2775
3129 2922 3142
3192 3139 2767
3063 3420 2714
3135 3068 2865
3288 3156 2948
3152 3482 2841
3170 3121 2645
2533 2676 2919
3070 2880 2797
2928 3272 2912
3145 3376 2964
3051 3182 3037
3182 3345 2665
3170 3277 2701
2910 3333 3111
3284 3401 2973
3095 3345 3137
3081 2952 2817
2866 3405 3121
2846 2903 3094
3254 3308 2905
3302 3456 2695
3223 3425 2920
2835 2883 2962
3038 3539 2918
3133 3106 3085
2857 3101 3103
3057 3271 3158
3193 2944 3184
3147 3676 3002
2932 3041 2728
3043 3305 2823
2959 3421 2802
3133 3238 2927
3062 2874 3083
3465 3152 2988
3153 3131 3046
3114 2862 2830
3094 2923 3033
3085 3185 3114
3032 3166 2916
2895 2747 3151
3017 2910 3046
3038 2853 3205
2981 2963 2977
3123 3207 2732
2969 3664 2791
3041 3324 3080
2915 3260 2868
3228 3255 3191
3108 3019 2794
3202 2934 3232
3080 3202 2810
3034 2699 3045
3312 2930 2909
3294 3234 2969
2928 2883 3052
3172 2924 3115
3314 3447 2933
3137 3191 3200
2639 2896 3018
3156 3243 3024
3012 3119 2888
3399 3224 3162
3259 3221 2990
2718 2930 2791
3001 3485 2727
2830 3075 2951
3005 3352 2880
3366 3398 2889
3048 3300 3083
3119 3121 2832
3079 3072 2659
3044 2820 3240
2942 3038 2949
3200 3375 2889
3205 3242 2966
2933 3163 2888
3010 3540 2968
2950 3333 2986
3193 3277 2957
2833 3184 2838
3081 3164 3091
3090 3172 3118
3106 3283 3027
3408 2865 3028
2875 3387 2761
3105 3381 3013
3060 3446 2738
3198 3146 2705
3432 3177 2804
2906 3242 2971
3051 2718 3205
3240 3252 3226
3119 3310 2777
2873 3067 2623
3266 3172 3160
3069 2920 3439
3101 3246 2871
3518 3303 2958
3040 3119 3136
