18 0.888359
20818 20164 21458 20924
21357 21576 21337 20817
20006 21599 20899 20302
20135 20890 20845 20635
20496 19668 21143 21647
21908 20778 20563 21289
21656 20131 21558 20938
21022 21270 22078 20960
20720 19941 21410 21015
21064 20542 21193 21360
21400 20843 21394 21401
21430 21495 21501 21503
21585 20849 20736 21099
21571 20744 20850 21052
21690 21040 21616 20538
20906 20796 21263 21556
21330 21337 21643 20039
21059 20730 21004 20385
21431 20130 20842 20167
20363 20353 21239 20588
20998 20539 21281 20806
21833 20616 21180 20835
21267 20714 21551 20942
21661 20037 20859 20205
20307 20699 20818 20732
21374 20425 20949 20974
20754 20503 20684 22144
21965 19982 20555 21673
20552 18953 19201 20106
21924 20268 20568 21150
21821 20897 21410 20673
20535 20079 21308 22205
21330 19737 21343 20626
21236 22341 21962 21386
21635 21624 21762 20956
20690 21682 21279 21531
21139 20998 20582 20384
20707 20605 20959 21325
21747 20439 20779 21349
20336 19862 20964 20038
20994 19449 21319 20588
20464 20243 21691 21247
20948 20682 21253 21091
20840 19766 20571 22153
19935 20057 20940 20729
21451 20951 22440 20962
20079 20150 20175 20911
20623 21542 21423 20630
21015 20176 20654 20083
20868 20847 20205 20687
20495 21201 21674 21382
20697 20869 21370 20774
21260 20487 20945 21412
21350 21169 21794 21719
20611 20543 21076 20161
20849 20569 20352 21141
20407 21094 21001 22068
21129 21295 21205 22006
21576 20251 20951 21392
21065 20565 21013 20785
21289 20948 21213 20576
20809 20996 20906 20911
21813 21016 20912 20419
21588 21018 22172 21581
20549 21418 21233 21338
21248 20205 20845 20660
20364 19839 21404 19739
21595 21219 21410 21045
21829 20424 21580 21855
20566 21237 21176 20225
21979 20630 21554 20207
22127 20593 21107 21606
20738 20504 21379 21493
19957 20665 21179 20675
21614 20869 20351 20566
21491 20168 19960 20160
20961 20594 21536 20346
20148 19283 21153 21251
21430 21058 21402 20824
20046 20214 20803 21492
20967 20959 21586 20592
20332 21291 21110 20295
20953 21584 21568 21681
21251 20031 20977 21064
22159 20108 21970 21416
21146 20580 20583 20377
21825 21236 21155 20760
21149 19957 20771 20528
20761 19908 20125 21081
21241 19851 20413 21029
21276 21375 20994 20559
21439 21496 21273 20730
20416 20349 20305 20996
22163 20973 20950 19958
21815 20705 20689 21292
21114 19721 20360 21094
20534 20645 21364 21322
20812 21214 21432 21086
21835 20287 21387 21879
20877 20861 21280 20425
21479 20420 21439 20796
21139 21232 21297 20527
21294 20857 21127 21301
20245 20884 21020 21680
20179 19317 20892 21313
21595 20922 21522 20524
21537 20594 20581 20779
21054 20113 21007 20294
20440 20480 21000 21070
20903 20486 21973 21869
21583 20323 21416 21408
20772 20769 21069 21059
20427 20428 21075 21603
21175 21582 21105 21063
20155 20936 21495 20813
21596 20428 21102 20801
21849 20971 21002 20767
20943 20230 21067 21567
21208 20687 21008 21105
20633 20737 21531 20552
20541 21784 21487 20805
20500 20164 20694 21163
19662 19661 20840 21343
21822 20922 21287 20568
20805 20429 21184 20832
21185 20683 21303 22119
21247 20215 21137 21018
21273 20338 21114 21141
21099 20230 21883 21058
21118 20950 20785 21202
19986 19884 20774 21318
20582 19816 20218 21507
20660 18658 20665 21667
20661 21173 21324 21483
20739 20491 21116 21282
21177 21006 21569 20926
21123 20938 21424 20907
19654 19890 20967 21523
20298 20785 20812 20841
20407 20384 21627 20469
21825 20276 21005 21400
20177 19961 20961 21128
20818 20730 21160 21589
21036 21115 20567 22062
21695 20209 21752 21474
21054 20897 21217 20879
20688 20838 20837 21554
21779 20482 21234 21176
21467 20600 21194 20598
21505 21370 21676 20631
21017 20788 21309 20299
21686 20577 21013 20762
21372 20797 21515 20810
20861 20861 20222 20895
20924 20144 20680 21182
20928 21405 21198 21193
20364 21329 20857 20641
21314 20724 20615 20458
21803 20433 21071 21124
20616 20858 21507 21209
21718 20825 20680 21255
21454 20013 21027 21262
21939 20322 20224 21129
21083 20750 21462 21302
21049 20404 20963 21281
21193 21143 20982 21593
21830 20307 20665 20621
21197 21020 21156 20923
21497 20495 20781 21553
20553 20800 21261 20558
20796 19939 21643 20146
21838 20455 21229 22063
21674 20746 21027 21227
21705 21051 21712 20403
21374 20520 20574 20568
21131 20235 21172 22163
20884 19514 20363 19912
21266 20303 21417 21527
20559 20826 21014 21270
20903 19907 21135 20389
20636 21264 21162 21472
21444 20296 20352 20668
20604 20417 21987 21020
20615 20536 21603 20655
20961 21144 21055 20935
20409 20685 21418 20878
21320 21102 21399 21146
21297 20193 19950 20927
20887 21129 20928 21106
21203 21043 21345 21519
21566 21016 20833 21814
21743 20678 21604 21815
21735 21058 20254 20589
20678 21023 22165 21513
20222 20459 21911 21123
21066 20626 20650 22139
21412 21503 21156 21074
21030 20703 21430 20924
21745 20056 21543 20596
21180 20621 21465 21091
20586 20971 21664 20888
21154 21268 22041 20623
21976 20688 21474 21286
20780 21176 21791 20623
20854 20741 21080 21519
21382 20343 21214 20700
21304 20365 21349 20652
20918 21163 20971 20299
21555 20111 20680 20346
21246 20332 21278 21326
21737 20857 20915 20999
21753 20521 21163 20820
20916 19935 21797 20841
20777 20494 21362 20419
21090 20229 21641 21291
20422 20645 21210 21155
21932 19893 21001 21571
21635 20811 21293 21335
21481 21730 21426 21294
19811 20259 21317 20943
20848 20878 21178 20770
20450 19872 20932 21023
21428 21352 21800 21108
21658 20849 21563 21904
20773 20880 21136 20878
20333 19958 20954 21304
21384 21062 21931 21237
21514 20664 21074 20147
20897 21464 21247 20417
20396 20052 20612 21286
20695 20427 21091 20521
21257 20273 21085 21522
20661 20249 20931 21119
20900 20390 20310 20762
21353 20477 20684 21712
20531 19829 20945 22067
20750 20662 21655 20411
20513 18792 20208 21475
20158 20984 20746 20684
19753 19929 20500 21580
21510 20546 20427 20362
21329 19826 21218 21380
21336 20927 21206 20854
20773 21308 21156 20766
20307 20761 21757 20679
21010 20289 21271 20974
20583 20508 20204 21373
21513 20358 20946 20858
20709 20807 20761 19892
21333 21276 21065 19865
20778 20780 21332 20620
20841 20106 21083 22104
21188 20537 21326 21536
20838 20009 20601 21752
20883 19434 21414 22357
20943 20429 21460 21303
21611 20432 21685 20723
21306 20604 21505 21027
21340 19820 21068 21871
21218 21108 21004 20354
20829 19865 20976 20926
19406 20525 21938 20620
21475 20477 21106 20727
21396 20449 20699 20783
20637 21140 21590 20956
20392 20691 21262 21801
20672 20044 21017 21454
21612 20254 21374 20587
21484 20760 21950 21291
20522 19754 21595 21635
20880 20419 21280 21969
20762 19573 19991 20565
20945 20981 21189 21558
21237 19930 21732 21479
20469 20741 20633 20963
20858 20801 20963 20802
21109 20723 20913 21572
20627 21139 21654 20840
21183 20724 21864 21660
21576 20882 20628 21316
20332 19637 21226 21272
20903 20009 21171 21776
20642 19592 20555 20661
20560 20892 20854 21327
21921 21034 21177 20648
21270 21385 20453 20397
21651 20175 20612 21112
21344 20365 20791 20958
20382 20918 20858 21163
21779 20428 22087 21494
20882 20448 20849 20294
21233 20564 20747 21366
22078 20741 20951 21831
21737 20130 21256 21573
21029 20843 20865 21207
20964 20259 21147 21889
20958 21579 21217 20514
21977 21633 20983 20994
21735 20680 21044 20941
20355 20231 21296 21276
20396 20761 21980 20376
20192 20253 21073 21051
21613 20338 20931 20871
20684 21035 21048 21212
20680 20324 21643 21518
20729 19771 21069 21241
21864 21140 21079 20381
21799 20906 21205 20106
20131 20327 20646 20806
21562 20322 21141 21759
21571 20512 21374 20883
20373 19414 20723 21850
21483 21427 21220 21377
21072 20543 21117 21216
21767 20871 21760 20421
20167 20253 21280 22027
20228 20369 20697 21033
21414 20973 21520 20628
21140 20949 22046 21424
22026 21206 21796 20364
21481 20911 21028 20460
21464 20636 21868 21395
19937 20131 20509 20690
21991 21051 20723 20993
20709 20647 20472 20821
20526 19744 20487 20563
20859 21101 20629 21025
20999 20605 21047 21440
20822 21305 21160 20628
21043 20792 22377 21410
21146 19703 21292 21315
20706 20207 20202 21683
20942 20906 21417 20583
20190 20216 20811 21678
21373 21215 21012 20979
20807 21544 21273 21164
21221 19813 21296 20375
21411 21217 20488 20590
21314 20923 21305 21195
21023 20110 20969 20972
21094 19816 19855 20730
20972 20225 21058 21292
21737 20156 20798 21345
21195 20558 20444 21013
21593 20440 20490 21255
21503 20140 20942 20774
20881 21542 21710 20486
21543 20475 20648 21319
20964 20905 20997 21585
21323 20836 20410 21719
20933 21554 21554 21218
20215 19536 20955 20252
