986864 1740.03
4262 3274
4262 3274
4004 3676
4004 3676
4055 3657
4215 3423
4230 3367
4230 3367
4197 3462
4235 3327
4055 3657
4175 3491
4244 3307
4244 3307
4100 3577
4164 3521
4145 3532
4074 3646
4197 3462
4205 3437
4175 3491
4215 3423
4139 3546
4094 3612
4080 3632
4125 3566
4116 3575
4125 3566
4139 3546
4080 3632
4235 3327
4168 3505
4205 3437
4096 3598
4094 3612
4145 3532
4074 3646
4168 3505
4096 3598
4164 3521
4116 3575
4100 3577
4262 3274
4262 3274
4262 3274
4262 3274
4262 3274
4262 3274
4262 3274
4262 3274
4262 3274
4262 3274
4262 3274
4262 3274
4262 3274
4262 3274
4262 3274
4262 3274
4262 3274
4262 3274
4262 3274
4262 3274
4262 3274
4262 3274
4262 3274
4262 3274
4262 3274
4262 3274
4262 3274
4262 3274
4262 3274
4262 3274
4262 3274
4262 3274
4262 3274
4262 3274
4262 3274
4262 3274
4262 3274
4262 3274
4262 3274
4262 3274
4262 3274
4262 3274
4262 3274
4262 3274
4262 3274
4262 3274
4262 3274
4262 3274
4262 3274
4262 3274
4262 3274
4262 3274
4262 3274
4262 3274
4262 3274
4262 3274
4262 3274
4262 3274
4262 3274
4262 3274
4262 3274
4262 3274
4262 3274
4262 3274
4262 3274
4262 3274
4262 3274
4262 3274
4244 3307
4244 3307
4244 3307
4244 3307
4244 3307
4230 3367
4230 3367
4230 3367
4230 3367
4230 3367
4230 3367
4215 3423
4215 3423
4175 3491
4175 3491
4175 3491
4164 3521
4125 3566
4125 3566
4094 3612
4074 3646
4216 3318
4216 3318
4036 3646
4117 3556
4151 3490
4195 3454
4169 3473
4205 3386
4210 3355
4205 3386
4215 3335
4205 3386
4205 3386
4197 3296
4148 3480
4192 3446
4189 3431
4189 3431
4161 3442
4161 3442
4171 3428
