13 0.812429
23829 22717
22772 23986
23186 23955
23215 23404
23320 23172
23678 22814
23441 22848
23392 23019
23778 22769
23426 22976
23480 22718
22375 23771
22742 23661
23042 23503
23164 23372
23227 23016
22473 23680
23373 22938
23394 22809
22390 23714
23425 22649
22144 23669
22965 23444
22573 23602
23288 22928
22419 23642
23082 23327
23141 23032
23136 23181
23136 23181
23351 22342
22219 23590
22859 23420
23116 22901
22450 23514
23271 22729
23082 23251
23320 22493
22291 23518
22954 23334
23021 23298
23305 22112
23305 22112
21535 23517
21535 23517
22301 23473
23264 22535
22845 23389
23062 23048
23020 23285
23073 22771
22534 23403
23022 23177
23256 22700
23129 22714
22534 23403
23073 22771
23256 22700
23288 21643
22152 23468
23254 22566
22379 23366
22786 23297
22249 23389
22936 23174
23059 22726
22789 23249
22979 22980
23165 22686
22977 23108
23194 22658
23010 22802
23010 22802
23010 22802
23227 22279
22074 23444
22074 23444
22977 23095
23007 22739
22442 23261
22674 23184
22283 23338
22869 23127
23200 22411
23122 22537
22355 23270
22758 23149
23042 22614
23019 22687
23087 22593
22722 23172
22284 23299
23163 22472
23163 22472
22284 23299
23188 22304
21558 23432
21558 23432
23073 22381
22955 23066
22058 23368
22991 22738
22976 22821
22277 23257
21830 23404
22679 23120
21830 23404
22352 23242
22991 22738
22589 23152
22471 23183
22679 23120
22564 23168
22471 23183
22305 23253
22991 22738
23162 22136
23162 22136
22031 23362
22921 23064
22344 23167
22617 23111
22944 22737
22989 22451
22157 23210
22533 23130
23096 22244
22942 22777
22157 23210
22989 22451
23064 22323
23064 22323
22942 22777
23106 22123
22017 23299
22323 23145
22961 22405
22939 22692
22560 23104
22769 22993
22672 23049
22904 22786
22985 22263
22868 22957
23052 22233
22584 23085
22888 22911
23028 22246
22888 22911
22888 22911
23026 22207
21681 23286
21681 23286
22939 22496
22875 22811
22368 23074
22930 22652
22193 23100
21910 23263
22843 22957
22670 23023
22009 23184
22028 23106
22562 23029
21736 23268
22584 23028
22843 22957
22914 22128
21562 23267
22909 22583
21780 23115
22862 22766
22085 23087
22350 23046
21855 23101
22553 23028
22841 22930
22220 23051
22654 23021
22766 22951
22879 22467
21275 23265
21538 23118
22425 23018
22837 22623
22826 22738
22647 23014
22679 22925
22817 22859
22798 22912
22814 22867
22798 22912
22839 21984
22505 23014
22817 22539
22692 22910
22567 22913
22785 22901
22815 22721
22812 22305
22195 23008
22780 22896
22802 22500
22490 22947
22422 22969
22769 22453
22485 22938
22578 22882
22748 22782
22715 22860
22759 22493
22748 22516
22444 22938
22669 22759
22722 22561
22500 22842
22576 22834
22633 22809
22475 22936
22680 21830
22103 22933
22651 22698
22358 22863
22536 22725
22364 22786
22640 22580
21865 22933
22292 22830
22620 22658
22082 22897
22622 22097
21811 22920
22114 22689
22339 22549
22078 22848
22564 22415
22598 22223
22499 22518
22568 22202
21908 22689
21983 22570
22546 22371
22169 22541
22387 22483
22487 22442
22300 22540
22525 22353
22157 22471
22310 22455
22506 22218
22336 21716
22167 22087
24145 22737
23575 23534
23599 22930
23743 22752
23624 22778
24117 22044
23557 23445
23885 22711
23580 22723
23953 22047
23570 22839
23901 22472
23945 22335
23945 22335
23575 22789
23886 21809
23493 23217
23569 22722
23793 22659
23870 22303
23806 21947
22574 23185
22985 23099
23793 22484
23255 23090
23511 22702
23463 23010
23486 22920
23585 22577
23676 22521
23799 21913
23218 23086
23493 22614
23475 22890
23581 22436
23783 22253
23663 22410
23741 22323
23380 23000
23382 22961
23380 23000
23772 21990
23014 23040
23014 23040
23492 22425
23655 22375
23466 22732
23346 22990
23442 22836
23354 22910
23666 22129
23155 23025
23155 23025
23699 22043
23668 22111
23699 22043
23710 21975
22884 23038
22951 22967
23331 22950
23610 22293
23662 22005
23392 22774
23423 22617
23457 22555
23342 22880
23473 22389
23535 22369
22927 23034
23569 22351
23569 22351
23473 22389
23689 21756
23689 21756
22800 23007
22884 22936
23315 22851
23668 21933
23566 22319
23388 22479
23375 22753
23573 22157
23455 22409
23589 22096
23455 22409
23331 22767
23589 22096
23315 22851
23388 22479
23661 21785
23661 21785
22131 22982
23089 22833
22714 22962
22634 22970
23442 22409
23373 22641
23573 21967
23523 22204
23242 22810
23314 22709
23473 22316
23529 22082
23252 22736
23483 22260
23532 22047
23242 22810
23543 21803
22133 22936
23163 22802
23378 22353
23514 22091
23471 22179
23351 22570
22821 22829
22892 22813
22562 22916
22244 22931
23351 22570
22574 22903
22244 22931
22574 22903
23482 21942
22156 22883
22156 22883
23078 22780
22368 22853
23376 22268
22368 22853
23382 22139
23417 21984
23395 22061
23151 22551
23349 22403
23274 22549
23138 22738
23318 22505
23349 22403
23144 22626
23127 22752
23144 22626
23289 22506
23318 22505
23468 21558
21902 22826
22849 22776
23398 21919
23376 22184
23135 22633
23271 22526
23310 22472
23394 21960
23330 22280
22960 22708
23037 22652
23334 22259
22990 22670
22990 22670
23383 21728
22523 22774
22523 22774
23362 22128
22746 22690
23305 22301
23196 22521
22921 22662
23283 22471
23081 22584
23049 22607
22954 22626
23283 22471
22941 22651
23361 22062
21809 22759
23049 22548
22490 22670
22410 22747
23286 22100
23283 22336
23173 22466
22430 22724
23178 22408
23208 22380
23273 22366
23310 21848
22056 22724
22439 22663
23014 22506
23269 22337
23292 22037
23140 22415
23296 21889
23085 22463
23261 21661
22393 22563
22784 22504
23246 22188
23210 22256
23092 22389
22967 22502
22991 22427
23061 22391
22978 22485
23244 21902
22653 22475
22866 22459
23024 22384
23243 22051
23222 22179
23069 22261
23075 22183
23242 22043
21954 22453
22985 22350
22465 22412
23048 22187
22712 22394
23210 22159
23173 22159
22151 22388
22981 22308
22897 22347
22905 22339
23171 21970
22961 22287
23015 22110
23108 21994
23000 22153
23114 21973
23158 21943
22696 22266
22871 22149
22987 22035
22759 22215
22960 22053
22718 22262
23108 21756
22547 22253
22609 22215
22952 21794
22794 22027
22903 22018
22887 22025
22812 21961
22288 22252
22777 21358
21924 22174
22525 21746
22703 21627
22748 21490
22519 21737
22485 21601
23976 23585
22962 23699
23947 22900
23789 23439
23896 22985
23812 22835
22960 23439
23729 23120
23414 23225
23334 23389
23738 22900
23805 22618
22942 23382
23650 22827
23227 23375
23645 23083
23504 23101
23715 22674
23252 23219
23291 23120
23289 23165
23732 22488
22939 23371
23512 22975
23190 23241
23524 22673
23002 23335
23288 23078
23224 23149
23667 22532
23660 22648
23399 23037
23417 23030
23598 22655
23633 22118
23633 22118
22541 23340
23487 22269
23454 22749
22927 23338
23102 23197
23223 23107
23403 22916
22991 23245
23444 22864
23267 23064
23611 22238
23351 22993
22980 23293
23620 22228
23351 22993
23236 23068
23519 21872
22672 23325
22983 23217
23511 22194
23146 23070
23261 22957
23511 22194
23163 22964
23444 22496
23440 22775
23042 23101
23442 22563
23391 22848
23444 22496
23312 22864
23395 22786
23026 23153
23307 22887
23026 23153
23307 22887
23312 22864
23395 22786
23502 21870
22614 23260
22962 23182
23442 22427
23058 23016
23214 22916
23461 22098
23036 23075
23412 22511
23461 22098
23369 22815
23407 22646
23296 22833
23372 22735
23252 22903
23405 22710
23287 22879
23437 22316
22505 23226
22941 23152
23026 23032
23055 22994
23146 22915
23368 22583
23245 22818
23319 22743
23373 22448
23317 22798
23417 22374
23212 22865
23402 22428
23209 22912
23343 22655
23360 22616
23343 22655
23373 22448
23397 22348
22294 23148
22294 23148
22799 23142
23349 22581
23128 22904
22853 23123
23319 22628
23278 22736
23174 22859
23221 22806
22984 22983
22958 23018
22958 23018
22984 22983
23241 22768
23258 22752
22970 23003
22970 23003
22984 22983
23380 22311
22793 23141
22793 23141
23295 22577
23053 22867
22908 22981
23340 22388
22837 23123
22965 22970
23188 22747
23091 22812
23151 22800
23251 22667
23245 22690
23351 22333
23285 22259
22514 23128
22514 23128
23137 22791
22822 23111
23284 22519
22929 22943
23239 22657
23185 22670
22826 22982
22903 22977
23283 22270
22809 23108
23107 22764
22927 22894
23255 22409
23230 22599
23136 22612
22838 22969
22898 22942
22813 23073
23225 22211
22601 23087
22969 22736
22766 23064
23193 22494
23095 22731
23176 22596
22867 22924
22853 22934
23181 22319
22287 23078
22623 22958
22866 22721
23175 22563
22855 22915
22796 22921
23006 22696
23063 22665
23108 22569
23173 21715
22493 22929
22701 22873
23171 22059
22975 22692
22833 22787
23150 22456
23073 22556
22826 22830
23157 22326
23159 22154
23041 22638
22987 22654
23150 22091
22396 22916
22551 22830
23148 22280
22884 22672
22951 22578
22696 22814
22410 22912
22758 22678
22708 22725
23136 22389
23001 22514
23067 22440
23100 22411
23046 22494
23040 22505
23144 21970
22640 22805
22865 22660
23092 22378
22948 22547
22679 22706
23046 22464
22648 22746
23049 22428
23083 22400
23140 21769
22558 22755
23057 22282
22846 22540
22572 22647
22871 22411
23028 22361
22990 22136
22202 22534
22925 22264
22742 22383
22640 22529
22700 22477
22928 21456
22675 22451
22886 22186
22802 22196
22685 22413
22864 22195
22681 22450
22794 22116
22560 22352
22654 22273
22742 22195
22751 22137
22536 21660
22288 22284
22300 22215
