7 0.206477
14414 13997 14127
13956 14876 13778
13777 14685 15108
13644 14961 14501
13079 14363 15061
14158 14808 14891
13905 14235 15640
14426 14532 13938
13589 14942 14229
13942 14827 15070
13672 14357 15473
14277 14555 14458
13312 14452 15238
14103 14270 14866
13896 14685 14285
13863 14956 14106
13839 14845 14875
14032 15099 13951
13921 14411 15278
13776 14561 14733
13873 15028 14735
13750 14779 14941
14001 13680 15161
14430 14493 14476
13140 14113 15210
14460 13819 15062
13884 14828 14286
13452 14975 14004
14137 14732 15251
14207 13686 14701
13492 14446 14992
13694 14787 14082
13464 14907 14228
13492 14446 14992
13557 14632 15037
14568 14385 14605
13561 14169 15169
14027 14409 14767
13776 14561 14733
13330 15107 13903
13715 14586 14866
14143 14544 14182
13794 14265 15209
14208 14498 14374
14187 15134 14427
14019 14857 14582
14088 13920 15043
14233 14401 13776
13516 14207 15216
14267 13812 14951
14125 15440 14274
13974 15094 14365
13835 14913 14902
14479 14557 13916
14075 14765 15386
13931 14930 14399
13781 14927 14776
13680 14877 14925
13862 13843 15242
14340 14558 14233
14101 14598 15233
14261 13856 14698
14032 15099 13951
13546 14908 14428
13343 14429 14974
14014 14641 15243
13794 14265 15209
13990 14260 14598
13874 15205 14238
13718 14780 14892
14196 14506 14896
14310 14135 13806
13312 14452 15238
14088 13920 15043
13856 15017 15138
13644 14961 14501
14014 14641 15243
14268 14395 13886
13814 14058 15156
14479 14557 13916
13492 14844 14202
13702 14834 14789
13895 14782 15451
14261 13856 14698
12948 14464 15143
14157 14450 14886
14124 14567 14463
14102 14972 14866
13585 14606 14846
14144 14338 14408
13570 14361 15049
14090 15000 14369
13640 14903 15173
13835 14913 14902
13917 13944 15107
14280 14300 14342
13561 14169 15169
14102 13652 14978
13835 14941 13828
14199 15106 14402
13867 14877 15482
14110 14149 14963
14137 14732 15251
14277 14591 14027
13595 15115 14539
14230 14960 15115
13851 14318 14976
14477 14845 13955
13522 14622 15532
14230 14960 15115
14103 14270 14866
13391 14945 14953
13041 14469 14906
14063 14470 14335
13895 14782 15451
14144 14338 14408
14088 15008 14328
13835 14913 14902
13827 13803 15129
14503 14856 13996
14014 14686 15154
13929 13510 14839
13974 15094 14365
13899 15078 14065
13455 14810 14936
14347 14404 14367
13715 14586 14866
13953 14954 14293
13542 14866 14336
13985 14419 14985
13969 14683 15565
14275 14584 14197
13921 14411 15278
14166 13857 14807
13884 14828 14286
13595 15115 14539
14275 14676 15580
14166 13857 14807
13781 14243 15356
13912 14596 14522
13255 14989 14097
13640 14903 15173
14001 13680 15161
14498 14771 14561
13182 14218 15107
13983 13853 15114
13684 14844 14772
13851 14917 14535
13523 14651 14917
14568 14385 14605
13905 14235 15640
14503 14856 13996
13621 15128 14054
13736 14763 15009
13889 14189 15234
14539 14224 14458
14139 14702 15523
14157 14450 14886
13896 14685 14285
14187 15134 14427
13868 14852 14870
13912 14596 14522
13921 14411 15278
13658 14841 14368
13625 14835 14776
13625 14835 14776
13889 14189 15234
14488 14742 14291
13866 14736 15346
13908 13637 14850
13835 14941 13828
13546 14908 14428
13921 14411 15278
14128 14290 14540
13985 14419 14985
14169 14773 13994
13621 15128 14054
13543 14537 14942
13996 14447 15546
14280 14300 14342
13781 14243 15356
13910 14833 14841
13851 14539 14572
13388 14960 14193
14065 14635 14943
14426 14532 13938
13862 13843 15242
14275 14584 14197
13472 14941 14159
13810 14987 14417
14460 13819 15062
14347 14404 14367
13152 14154 15200
13983 13853 15114
13640 14903 15173
13883 14827 14705
13574 14664 14909
14404 14468 14171
14075 14765 15386
14090 15000 14369
13275 14916 14577
13680 14877 14925
13745 14093 15091
14539 14224 14458
14014 14686 15154
14406 13209 14685
13896 14685 14285
13863 14956 14106
13343 14429 14974
14277 14555 14458
14139 14702 15523
13990 14260 14598
14199 15106 14402
13718 14780 14892
13910 14833 14841
14477 14845 13955
13152 14154 15200
14017 14328 15012
13819 14624 14709
13255 14989 14097
13300 14302 15130
14248 14438 14409
13814 14058 15156
14181 14689 13682
13241 14898 14208
13355 14658 14747
13794 14265 15209
14225 14215 14823
13932 14671 15067
13991 14208 14732
13964 14783 14858
13709 15077 14040
13781 14927 14776
14425 14549 14123
14275 14676 15580
13982 14896 14031
13873 15028 14735
13640 14903 15173
14138 13971 14940
14498 14771 14561
13867 14877 15482
14207 13686 14701
13526 15024 14061
13542 14866 14336
14101 14598 15233
14406 13209 14685
13060 14456 15111
14102 14972 14866
13851 14917 14535
13697 14692 15286
13851 14318 14976
14270 14177 14578
