536331 3060.16
3392 3191
3635 3252
3281 3685
4043 3121
4140 3495
4019 2901
4109 3459
3540 3647
4017 3277
3159 3308
3925 3379
3908 3479
4103 3421
4051 3283
4183 3264
3647 3690
3767 3095
3639 3662
3581 3681
3460 3177
3577 3807
3911 3164
3513 3635
3145 3710
4054 3110
3662 3859
3642 3715
3128 3419
3961 3608
3585 3505
3901 3219
3674 2989
4028 3215
3387 3821
3731 3219
3257 3580
3622 3744
3796 3032
3369 3488
3131 3524
3566 3859
3413 3309
3196 3549
3373 3726
3925 3512
2903 3411
3640 3685
3773 3581
3495 3679
3995 3434
3571 3673
3757 3015
3678 3174
3145 3400
3327 3942
3791 3152
3932 3515
3471 3839
3334 3915
3694 3762
3992 3194
3564 3773
3494 3627
3528 3821
3681 3804
3252 3006
3122 3597
3896 3027
3221 3840
3925 3217
3844 3529
3409 3779
3771 3420
3670 3499
3977 3503
3696 3714
3283 3406
3583 3557
3520 2954
3848 3273
3539 3855
3566 3907
3256 3732
3514 3561
3725 3702
3342 3661
3039 3546
4093 3377
3578 3420
3076 3771
3822 3508
3593 3409
3763 2793
3638 3632
3986 3328
3361 3847
4081 3270
3686 3807
3340 3670
3926 3393
3910 3646
3817 3287
3833 3482
3477 3516
3775 3474
3623 3718
3384 3717
3869 3767
3673 3353
3394 3806
3737 3608
3406 3504
3207 3350
3727 3729
3550 3917
3705 3685
3366 3733
3202 3790
3233 3723
3759 3819
3773 3823
3604 3885
3302 3826
3120 3485
3649 3374
3789 2956
3523 3542
3626 2994
3497 3751
3915 3007
3453 3597
3614 3798
3886 3417
3629 3565
3356 3796
3857 3611
3641 3748
3573 3662
3494 3814
3863 2990
3357 3779
3654 3599
3740 3759
3965 3645
3869 3087
3442 3566
3056 3628
3266 3734
3853 3722
3959 3318
3540 3633
3844 3725
