57998 234.766
16759 16492 16265
15785 16894 16977
16173 16397 16634
15404 17403 16169
16513 17153 15813
16038 17308 16000
16759 16492 16265
16167 16951 16797
15617 17314 16065
15785 16894 16977
15768 17162 16269
15846 17309 15841
16173 16397 16634
15966 16623 16888
16224 16933 16631
15404 17403 16169
15702 17288 16847
15910 17219 16107
15785 16894 16977
15528 17309 16181
15879 16849 16877
15910 17219 16107
16010 17155 16460
16401 17016 16381
16759 16492 16265
16271 16570 16562
16233 16688 16509
15843 17015 16800
15528 17309 16181
15617 17314 16065
15856 17281 16267
16230 16757 16615
16096 17192 16155
15966 16623 16888
15528 17309 16181
16473 16637 16334
15702 17288 16847
15617 17314 16065
16484 16850 16145
15702 17288 16847
16134 17207 16036
16271 16570 16562
16473 16637 16334
15998 16986 16591
16233 16688 16509
16473 16637 16334
16401 17016 16381
16271 16570 16562
16134 17207 16036
16103 16662 16883
16359 17100 16400
16299 16807 16477
16230 16757 16615
15998 16986 16591
15844 17062 16538
16038 17308 16000
16339 16578 16499
15837 17137 16517
15998 16986 16591
16299 16807 16477
16339 16578 16499
15617 17314 16065
15997 17156 16170
16173 16397 16634
16230 16757 16615
16096 17192 16155
15837 17137 16517
16230 16757 16615
15843 17015 16800
15846 17309 15841
16103 16662 16883
16233 16688 16509
16359 17100 16400
16473 16637 16334
16299 16807 16477
15702 17288 16847
15846 17309 15841
16103 16662 16883
16025 17205 16120
15910 17219 16107
16230 16757 16615
16473 16637 16334
15966 16623 16888
16096 17192 16155
16167 16951 16797
16271 16570 16562
16271 16570 16562
16173 16397 16634
15774 17298 16119
16299 16807 16477
16271 16570 16562
15966 16623 16888
16401 17016 16381
15856 17281 16267
16299 16807 16477
16473 16637 16334
15774 17298 16119
16230 16757 16615
16339 16578 16499
16025 17205 16120
16299 16807 16477
16299 16807 16477
16339 16578 16499
16096 17192 16155
15856 17281 16267
16233 16688 16509
15910 17219 16107
16299 16807 16477
15702 17288 16847
16233 16688 16509
15856 17281 16267
16103 16662 16883
16299 16807 16477
15774 17298 16119
15774 17298 16119
16359 17100 16400
16096 17192 16155
16038 17308 16000
15998 16986 16591
15702 17288 16847
16359 17100 16400
16484 16850 16145
16401 17016 16381
15837 17137 16517
15528 17309 16181
16271 16570 16562
15785 16894 16977
16103 16662 16883
16359 17100 16400
16233 16688 16509
15404 17403 16169
15528 17309 16181
15617 17314 16065
16759 16492 16265
16173 16397 16634
16401 17016 16381
16233 16688 16509
15774 17298 16119
15846 17309 15841
16038 17308 16000
15404 17403 16169
15785 16894 16977
16103 16662 16883
15528 17309 16181
15843 17015 16800
15837 17137 16517
16230 16757 16615
16173 16397 16634
15404 17403 16169
15404 17403 16169
16759 16492 16265
15404 17403 16169
16103 16662 16883
16759 16492 16265
16473 16637 16334
16010 17155 16460
16025 17205 16120
16233 16688 16509
15998 16986 16591
15528 17309 16181
16299 16807 16477
16513 17153 15813
16759 16492 16265
15856 17281 16267
16759 16492 16265
16473 16637 16334
15617 17314 16065
15404 17403 16169
15528 17309 16181
16513 17153 15813
16401 17016 16381
16173 16397 16634
15843 17015 16800
15528 17309 16181
16096 17192 16155
15528 17309 16181
15702 17288 16847
16473 16637 16334
16103 16662 16883
16359 17100 16400
16233 16688 16509
16103 16662 16883
16299 16807 16477
15774 17298 16119
15768 17162 16269
16096 17192 16155
16038 17308 16000
15998 16986 16591
15702 17288 16847
15702 17288 16847
15843 17015 16800
15837 17137 16517
15528 17309 16181
15785 16894 16977
16103 16662 16883
16359 17100 16400
15404 17403 16169
15528 17309 16181
15856 17281 16267
16473 16637 16334
15966 16623 16888
16096 17192 16155
16167 16951 16797
16271 16570 16562
16173 16397 16634
15966 16623 16888
16401 17016 16381
15617 17314 16065
15966 16623 16888
16230 16757 16615
16339 16578 16499
16025 17205 16120
16299 16807 16477
15846 17309 15841
15702 17288 16847
15910 17219 16107
15856 17281 16267
16103 16662 16883
16759 16492 16265
16010 17155 16460
16025 17205 16120
15998 16986 16591
15997 17156 16170
16299 16807 16477
16513 17153 15813
16759 16492 16265
15404 17403 16169
16224 16933 16631
16230 16757 16615
16339 16578 16499
15998 16986 16591
15837 17137 16517
15843 17015 16800
15702 17288 16847
16038 17308 16000
16103 16662 16883
16759 16492 16265
16173 16397 16634
16401 17016 16381
16233 16688 16509
15774 17298 16119
15846 17309 15841
15837 17137 16517
15404 17403 16169
15844 17062 16538
15528 17309 16181
15843 17015 16800
15837 17137 16517
15785 16894 16977
16173 16397 16634
15404 17403 16169
15404 17403 16169
