18933 1682.71
24253 20392 22376 21698
19261 22831 21918 24873
25217 20938 23291 21155
24663 20525 22388 21464
25438 22169 22276 20959
23557 21924 21100 23585
23733 23419 23352 19234
22998 19573 25105 21975
20436 20760 21494 26677
22929 24301 23872 20011
18977 23030 21847 24064
21109 20330 23784 23256
21157 21726 20935 25724
23504 21902 23818 24270
20284 20969 21950 25117
22048 23719 21670 20847
22369 21465 20231 25488
25530 20479 23104 21774
22926 21413 22062 20926
24976 19758 24439 21423
20795 24743 23073 22327
24826 20461 23501 18340
22487 21449 25430 22401
20627 22941 21357 25644
23508 19051 22286 23801
20796 23386 23986 23445
20674 22489 21508 25228
25171 22023 21562 21609
20794 20953 22719 25329
21474 21799 21069 24224
24060 20774 22630 25208
21616 25473 22195 23949
23670 19600 24028 24300
23356 18588 25198 21237
23575 22425 23129 23027
20149 21394 20269 25436
23884 20048 25755 22138
23667 19315 24187 22465
23870 19007 22749 22681
23744 22618 25028 20731
24864 23780 21651 22153
24948 21795 25161 22090
22721 21535 22196 18875
22040 24092 24594 21248
19273 21908 21152 25209
21696 25865 21960 22686
22473 20507 19971 23881
18798 21873 23009 23523
21477 17448 20671 24876
23780 19811 22931 24021
20652 20301 21454 25962
20751 18455 21421 25372
21641 19548 25249 23307
21083 21447 22503 26907
22614 19958 25108 21643
21588 21829 21112 23016
25907 21046 23935 18868
22990 21470 24616 23211
25590 22171 24026 20203
22948 25636 22710 21756
21316 25159 21961 21947
22337 25934 21780 21824
21745 25168 21760 22847
24054 19322 22120 22218
21248 24450 20789 23383
22963 24394 24203 21508
24153 22866 21155 19843
24935 19444 23760 23320
24781 20225 24296 21400
19869 23872 22054 24029
25018 20659 24547 22619
19802 21163 20086 25440
21569 21755 22583 25382
23735 24031 24006 20573
20648 24646 22534 23707
23883 20368 22711 23548
24931 20263 24775 20402
22233 22800 22467 22913
25474 21044 23763 18839
24306 22287 23868 20956
23001 21701 23830 21674
23136 21161 20659 22917
21854 21031 21216 25880
23981 19320 23336 23520
24946 21530 24426 20667
25566 23093 24915 20148
19873 19109 24412 22673
24135 22119 22283 23843
23305 22155 23183 21542
20776 21192 19895 22889
23659 19416 23763 23992
22331 20192 20923 23164
21981 23453 22280 20784
23982 21783 21137 22263
25739 22098 23866 21227
21427 21982 23015 23333
18358 21392 20289 24248
21742 23587 24477 23974
22798 24541 19985 21723
22802 23954 23109 21317
25028 21197 26042 22015
23836 23518 21107 22000
24677 19573 24971 21946
21706 22808 23509 23217
24027 21574 20764 21685
25592 23532 22893 19548
24169 20741 24618 20293
20766 20336 24532 23485
22305 21980 22642 25620
25089 23240 21878 19475
21191 21225 20406 24871
20433 24244 20393 24643
23038 19444 24867 22825
23740 23782 21215 20380
23150 21934 23241 18513
20824 24169 22746 22516
23739 25252 22819 22115
22511 20484 25991 24075
19936 21317 22739 24074
20725 23353 20684 24455
23743 22055 23399 21686
25765 22850 22732 19201
20295 19810 23182 24565
24789 23517 24797 20141
21067 24586 21745 22674
22940 24837 21983 23407
23548 24703 23163 19743
23614 21009 24607 22801
24644 23143 22874 20334
23464 23909 23861 22668
21555 20966 24041 22886
24707 20912 23230 22941
22303 20979 25855 21071
19548 24134 20799 23796
25012 21184 24691 20139
21243 25262 22971 22010
24194 24270 23316 20165
19933 21197 22185 24767
23865 24833 23175 20350
22723 22328 25165 21335
23273 25655 22310 21627
20856 21351 21371 24516
22055 22626 22504 25376
22170 21712 21540 23119
24903 20859 23879 20000
24385 23345 21646 19831
24698 21386 23071 19829
24412 21046 26089 21394
19009 22257 18653 23888
25089 23739 22138 19517
25486 22378 23830 21393
24310 24712 22519 20560
24565 21443 22358 23767
21244 22741 20572 22410
22081 20949 24875 23223
21822 19897 21743 24906
20931 24941 24027 23078
21418 23116 24160 20699
18542 22218 20596 23551
23790 22194 22586 21650
22226 19366 21855 25081
25120 21645 24521 20412
21133 23990 22222 23187
23926 20409 26298 21597
22817 24010 22693 22414
22123 20576 22915 24991
24594 21695 25769 20631
23239 24071 22013 19107
23218 19669 23647 22366
24267 23587 22523 20580
20633 24352 20145 23231
21477 23630 24218 21341
24249 20374 25734 22115
22146 20067 21368 25419
24272 19666 24058 21560
22409 22011 25150 23306
25246 22247 21453 22038
21113 20488 23081 24255
22090 23943 22211 19808
23452 23251 23931 19772
20871 22557 22704 23415
25045 22062 23034 22380
23282 22391 25641 20746
23738 22237 23579 20518
19812 23094 20808 24783
22704 20993 23361 22132
25823 21901 24006 19714
24807 19484 23441 21979
24644 20670 22591 22785
23854 22564 24774 19905
23553 23349 23923 19287
23739 23879 23028 20798
23320 21412 25867 23515
20447 20643 21476 24944
24170 20509 24037 21267
23216 20416 25329 22946
22700 23455 21425 21935
23395 19844 22358 24182
22679 24738 22162 19851
20792 22199 20454 24776
23521 20880 22407 23875
21956 24207 21066 22527
21803 22917 25190 23134
23584 19246 21824 21609
24727 24108 24068 21203
19884 22098 22657 22658
21119 20445 22458 26556
20883 23544 22907 23560
23894 20529 24892 21719
23264 22138 25086 20958
21972 22650 23509 21675
24045 21353 25796 22423
23503 21428 26256 21952
22318 25247 22594 23055
20467 24443 21706 23072
24683 21869 23261 19954
20695 20697 20699 24914
21599 20604 21236 25976
22751 21197 22627 23923
24002 21042 24821 20211
24443 21721 24097 20699
19944 22515 22776 24010
23218 22186 22918 21109
20957 21427 20266 25177
24570 21736 21644 22296
22757 21061 21059 23485
23197 21210 25947 23489
25056 19814 24388 23256
20694 21952 21343 24455
23247 20449 24757 20552
23081 23636 22415 22704
20079 24024 21925 21668
18468 21314 21538 23392
23433 21331 24868 21543
23607 21376 26448 22261
24937 21871 23989 20705
20567 20881 22440 24504
20793 25073 22359 21091
22572 23544 22140 21259
22956 21204 19658 22044
24951 18829 22994 22764
24424 20809 26083 21273
22859 23266 21859 23036
21492 23240 20427 23999
23220 20542 25249 22775
23884 20067 26038 21694
21632 20498 21701 26207
25708 21472 23867 20575
21930 25168 22973 21175
22662 22917 21792 21107
19631 22668 20256 24612
23497 20894 24661 23965
22375 23450 23978 22340
17506 21605 20883 23577
23659 21322 21260 23024
23831 20934 24125 21524
22031 19638 22487 24717
21046 25204 22645 23498
24095 21401 23040 20193
21690 20599 21912 23682
20512 24763 20055 22377
24198 18954 24320 22513
22116 21339 23432 23110
21154 24309 23725 21602
22687 24404 20854 21303
20894 24513 22673 21840
25721 22634 23911 20689
24177 22860 21704 21807
23463 21359 24368 24683
23361 25202 23831 22729
19096 23384 22799 23961
22032 23561 21148 20896
23332 24100 20733 21865
25507 22715 22909 21015
20745 23191 23655 22649
25367 20413 22947 20631
22074 22621 18710 21077
21276 23116 21108 23392
22535 25028 24238 21683
20130 20881 20959 25066
19920 19252 20787 25866
23109 22605 22171 22318
23143 20762 25329 21554
23389 20826 25719 20232
22710 22223 24006 20940
21375 21852 23592 23721
22159 25518 22102 21758
23718 21105 24968 21721
23234 21050 21668 23038
22748 23526 25753 23788
23193 19163 22677 24935
23354 22893 22392 21910
22430 23406 21860 23634
26190 21985 24312 20368
20258 18264 22987 24835
20658 20743 21483 25388
21791 22698 23612 21565
23473 21099 21327 22177
25621 21753 22273 20843
25746 22016 24102 19471
24101 22376 23358 20752
22349 22432 20834 23638
23475 18744 23233 24021
25144 19764 24174 22503
24868 22195 23949 19900
21002 25956 22779 22136
20280 23071 22843 22197
23271 19604 25724 21979
21524 24646 21521 22016
24381 22725 20649 21382
25217 23544 24700 20199
22419 20243 23873 25907
23966 24040 23025 19384
21849 23630 21674 24956
21050 23211 22727 24640
21682 23529 24302 22514
21891 21031 25330 22695
21953 21356 23479 20023
21629 24664 22729 21632
20220 20604 22321 23632
22257 23408 20819 22969
21193 22944 21826 24142
20957 22851 22228 24124
25404 21020 22456 23535
23336 22530 24729 23706
23179 20752 23669 23934
25286 20290 23705 21752
25541 21308 23551 20164
21611 23461 23737 22290
23039 21027 24840 21125
23218 21205 24785 22775
23600 18478 22973 21781
20695 23826 20846 25136
23301 18980 21359 23713
21637 23737 24204 22268
26090 20325 22186 20935
21197 22657 20170 24375
22030 25418 23157 21894
22812 20344 25569 23499
20767 19609 21656 25548
24983 23867 22573 21215
21859 19326 21760 23827
25078 21206 24493 19347
24050 24442 25153 20258
19675 20835 22993 24003
23418 21757 21175 20915
24506 21367 25326 20874
20922 22535 20876 22493
24634 23344 23753 20124
20637 23863 23151 22001
25581 20014 22891 21978
26191 22748 24106 20424
