51921 516.733
3493 3979 3321
3455 3950 3384
3501 3890 3510
3457 3482 3746
3547 3868 3506
3713 3535 3625
3421 3802 3596
3681 3606 3610
3607 3734 3570
3623 3877 3398
3602 3569 3677
3839 3575 3442
3410 3623 3714
3500 3540 3714
3791 3740 3357
3461 3654 3680
3723 3685 3513
3442 3713 3629
3797 3502 3540
3851 3696 3302
3734 3825 3331
3548 3895 3440
3829 3474 3516
3497 3865 3524
3561 3457 3728
3807 3440 3577
3629 3437 3709
3747 3620 3522
3678 3782 3440
3510 3724 3599
3661 3909 3292
3766 3701 3401
3617 3643 3600
3813 3744 3320
3734 3558 3570
3863 3588 3408
3715 3774 3391
3884 3569 3418
3632 3840 3431
3674 3889 3315
3496 3625 3681
3895 3530 3416
3640 3599 3635
3925 3486 3378
3643 3807 3454
3636 3750 3513
3606 3779 3525
3931 3496 3342
3729 3866 3284
3390 3927 3432
3887 3617 3296
3603 3761 3546
3769 3778 3312
3723 3702 3473
3609 3589 3659
3729 3428 3635
3458 3776 3580
3742 3662 3481
3368 3396 3852
3505 3898 3341
3368 3396 3852
3333 4046 3243
3966 3385 3361
3346 3658 3245
3119 3406 3203
3154 3442 3150
3233 3433 3230
3433 3609 3304
3274 3760 3435
3258 3638 3252
3278 3748 3220
3030 3484 3209
3334 3662 3237
3182 3455 2974
3266 3534 3377
3236 3417 3016
3172 3747 3340
3289 3651 3120
3090 3365 3256
3246 3309 3245
3216 3521 3089
3382 3586 3117
3014 3490 2967
3119 3463 3013
3326 3708 3266
3371 3480 3337
3233 3679 3352
3333 3675 3241
3269 3446 3415
3472 3483 3349
3081 3516 3189
3181 3524 3102
3268 3661 3164
3454 3508 3181
3128 3701 3104
3459 3695 3237
3093 3265 3168
3226 3662 3312
3323 3434 3179
3312 3451 3302
3368 3475 3217
3430 3723 3346
3314 3330 3193
3239 3573 3202
3226 3440 3250
3261 3438 3323
3137 3389 3160
3186 3666 3234
3312 3542 3182
3213 3674 3133
3273 3534 3142
3412 3515 3301
3262 3416 3274
3377 3741 3368
3208 3662 3206
3247 3467 3369
3295 3703 3192
3251 3535 3320
3451 3704 3196
3360 3511 3329
3511 3563 3273
3212 3496 3304
3389 3635 3183
3240 3654 3308
3310 3528 3158
3428 3437 3250
3221 3686 3228
3174 3457 3091
3579 3659 3274
2977 3225 3053
3015 3405 3143
3409 3543 3335
3255 3641 3314
3342 3674 3305
3113 3523 3148
3257 3439 3067
3430 3594 3188
3371 3806 3232
3098 3483 3050
3321 3577 3224
3299 3517 3283
3226 3645 3312
3396 3439 3164
3278 3746 3223
3267 3525 3104
3360 3736 3382
3260 3442 3100
3300 3462 3248
3329 3625 3112
3117 3364 3124
3225 3611 3080
3149 3529 3206
3327 3742 3284
3286 3749 3344
3141 3515 3061
3234 3429 3132
3202 3328 3127
3068 3410 3014
2897 3508 3185
3298 3599 3318
3366 3434 3225
3189 3527 3110
3217 3591 3314
3410 3777 3282
3348 3554 3224
3479 3749 3382
3460 3554 3383
3444 3697 3206
3449 3531 3401
3474 3723 3280
3240 3609 3241
3228 3563 3035
3391 3649 3315
3101 3326 3164
3318 3650 3175
3337 3520 3307
3102 3466 3218
3301 3597 3262
3309 3724 3483
3225 3332 3112
3433 3557 3204
3463 3688 3360
3301 3525 3232
3372 3431 3409
3199 3477 3193
3069 3602 3079
3336 3591 3262
3062 3277 3035
3278 3505 3240
3185 3562 3292
3263 3644 3126
3426 3453 3278
3271 3556 3289
3428 3564 3185
3286 3609 3108
3213 3802 3089
3383 3567 3322
3437 3601 3197
3386 3555 3188
3155 3499 3316
