46913 1650.9
3620 3162 2703 3009
3416 3471 2807 2715
3336 3442 2596 3101
3329 2772 3072 3227
3194 3760 2999 2947
2993 3176 3084 3547
2965 3174 3574 3051
2831 3267 3498 3211
3608 3190 2666 3055
2987 2979 3182 3508
3363 3436 3100 2798
3000 3009 3095 3528
3324 3575 2908 2759
3064 2933 3180 3443
3314 3605 3047 2843
3199 3674 2989 2803
3243 3646 2972 2847
2881 3234 3443 3243
3578 3256 2675 3033
3404 3420 3063 2761
3003 2869 3253 3419
3125 3727 3004 2952
3167 2800 3168 3386
3267 3550 2902 2990
3153 3628 2994 2970
3233 3662 3141 2890
3087 2833 3213 3393
3043 2956 3264 3411
2951 3091 3221 3486
3109 3710 3028 3103
3034 3048 3399 3266
2956 3147 3282 3429
3275 2837 3014 3255
3568 3172 2648 3063
2940 3107 3328 3453
2926 3312 3410 3127
3024 3269 3420 3134
3544 3303 2630 3024
3053 3015 3230 3465
3159 3032 3150 3344
3101 2824 3232 3273
2931 3196 3548 3096
3017 3072 3108 3473
3479 3249 2859 3028
3209 2811 3124 3333
3516 3325 2633 3013
3451 3041 2872 3139
2865 3153 3343 3438
3182 2859 3073 3263
2894 3458 3356 3073
3121 3696 3038 3054
3426 3428 2981 2856
3495 3270 2704 3020
3308 2969 3134 3115
3506 3340 2818 2934
2851 3308 3470 3171
2905 3112 3505 3228
2854 3142 3390 3334
2979 3037 3295 3364
2888 3098 3368 3356
3532 3213 2687 3095
2973 3103 3338 3306
3013 3305 3311 3121
3522 3027 2792 3174
3189 3417 3243 2979
3486 3353 2870 2825
3091 3345 3167 3164
3354 3535 2843 2865
3323 3524 3016 2872
2933 3154 3520 3156
3079 3003 3236 3296
3169 2893 2924 3402
3069 3023 3302 3111
3019 3060 3267 3375
2897 3192 3482 3227
3485 3447 2765 2831
2910 3169 3533 3189
3225 2882 3177 3247
3345 3440 2888 2995
3397 3594 2834 2879
3401 3466 2836 2919
3178 3477 3079 2898
3236 3059 2975 3213
3306 2914 3176 3148
3563 3313 2737 2940
3437 3067 2774 3143
3137 3513 3109 2955
3462 3230 2785 3054
3554 3184 2725 3044
3166 2888 3189 3323
2915 3195 3249 3432
3247 3585 2994 2950
3368 2908 3031 3166
3044 3068 3375 3315
2949 3380 3319 3186
3536 3409 2833 2902
3470 3305 2761 3008
3388 3135 2977 3151
2952 3277 3461 3205
3049 3227 3216 3242
3418 3401 2693 2926
3145 3121 3128 3280
3103 2988 3296 3158
2994 3065 3327 3352
3385 3398 2740 3053
3259 3560 2945 2946
3412 3337 2824 3065
3285 3570 2982 2864
3494 3085 2769 3102
3156 3195 3197 3231
2960 3086 3466 3197
3367 3294 3055 2911
3433 3262 2910 2894
3296 3499 3018 2962
3042 3169 3333 3298
3443 3301 2800 3059
3543 3202 2702 3035
3052 2880 3304 3269
3151 3142 3236 3235
3136 3193 2911 3256
3356 3354 3048 2928
2876 3389 3260 3098
3406 3309 2678 3106
3252 3284 2953 3180
3021 3087 3380 3287
3202 3453 3004 3022
3480 3320 2727 3081
2965 3174 3574 3051
3119 3257 3130 3243
3139 3342 3043 3225
3482 3352 2750 2960
3335 3184 3073 2879
2867 3471 3118 3371
3187 2997 2963 3288
3196 3487 2965 3007
2952 3200 3363 3324
3144 3256 3119 3041
3345 3529 2981 2926
3486 3194 2722 3090
3380 3456 2796 3084
3375 3155 2985 3208
3170 3124 3114 3151
3370 3459 2732 3036
3354 3215 2866 3085
3127 3197 3171 3189
3252 3117 3181 3001
3412 3359 2840 2961
3171 3533 2940 3059
3185 3277 3225 3026
3372 3409 2930 2901
2876 3294 3378 3205
2976 3485 3320 3060
3287 3292 3103 2998
3325 3269 2922 3169
3121 3492 2881 3064
3281 3315 2947 3010
3395 3165 2787 3171
3306 3368 2869 3012
3217 3500 2949 2964
3268 3291 2932 3022
3265 3379 3103 3008
3252 3245 3042 3088
3338 3218 2924 3060
3329 2992 3142 3087
3481 3290 2751 3047
3410 3217 2989 2964
3162 3006 3058 3229
2985 3154 3179 3369
3514 3194 2828 3034
3257 3229 2958 3157
3200 3501 2869 3055
3212 3294 3144 2977
3415 3191 2879 3114
3287 3098 3043 3191
3300 3390 2799 3036
3403 3229 2815 3103
3163 3475 3055 2963
3065 3102 3376 3059
2963 3169 3393 3231
3261 3345 2980 3151
3418 3284 2943 3050
3163 3423 3015 3093
3339 3195 2961 3051
3298 3168 2985 3134
3210 3164 2975 3183
3304 3230 2978 2977
3136 3289 3147 3134
3299 3390 2827 3011
3211 3305 3048 3060
3397 3361 2789 2898
3386 3284 2691 3065
3348 3402 2869 2721
3283 3532 2974 2851
3258 2838 3037 3180
3020 2964 3174 3332
3003 2954 3233 3254
3331 3349 2818 2784
3266 2919 3042 3068
3193 3484 2833 3011
3309 3445 2771 2888
3303 3402 2734 2936
3182 3336 2919 3142
3093 3232 3090 3091
3152 3034 3018 3075
3133 3068 3120 3208
3179 3148 2969 3092
3214 3480 2921 2918
3367 3108 2857 3182
3283 3269 2893 3031
3118 3170 2944 3217
3028 3215 3194 3237
3076 3241 3060 3215
3232 3452 2781 2996
3086 2975 3162 3182
3064 3411 3101 2951
3050 3042 3187 3137
3377 3452 2720 3021
3338 3449 2693 3046
3041 3190 3143 3162
3009 3238 3201 3024
3286 3419 2943 2892
3259 3471 2867 2966
3362 3385 2788 3035
3129 3017 3121 3141
3250 3147 3041 2986
3033 3339 3019 3188
3250 3195 2951 3133
3079 3175 3148 3088
3138 2964 2954 3185
3162 3266 2922 3171
3257 3132 2923 3170
3389 3258 2842 2944
3380 3258 2929 2947
3132 3360 2973 2867
3308 3186 2819 2956
3132 3190 3121 3076
3132 3196 2948 3037
3356 3186 2753 2928
3233 3329 2860 2837
3192 3471 2750 2952
2956 2964 3174 3275
2957 3062 3074 3229
3314 3357 2781 2864
3161 3088 2896 3132
3062 3199 3001 3083
3110 2971 2997 3000
3090 3206 3048 2951
3283 3282 2950 2848
3144 3319 2868 3030
3307 3249 2777 3031
3276 3227 2924 2850
3217 3075 2941 3115
