30575 2822.44
17199 16659 16465 15509
15881 17310 16924 15567
16272 16653 17391 15864
15862 16336 16580 16925
16174 16928 17090 16270
16004 17121 16740 16414
16604 16418 16310 16693
16880 16607 16963 16070
16049 17158 17017 16056
15997 17106 17044 16242
15978 16827 16444 16749
16718 16970 16530 16325
16015 16587 16824 16594
16928 16582 16022 16467
16890 17044 16163 15781
16605 16757 17270 15703
15765 16883 16928 16650
16993 16463 17072 15214
15917 16771 17174 16525
16912 16957 16454 15538
16229 16524 17142 16390
16431 16620 16886 16480
16847 16404 16024 16642
17094 16574 16377 15961
16210 16859 17269 15975
15981 17107 16386 16601
16699 16558 17227 15513
15851 17051 17148 16290
16431 16620 16886 16480
17038 16525 16133 16404
15542 16591 17071 16736
16752 16710 17147 15587
15916 17074 17050 16332
16682 16839 16489 16530
16700 16885 16886 15988
16304 17214 16836 16084
15743 16277 16792 16797
16832 16471 16436 16509
16816 16811 16312 16403
16488 17190 16617 16084
15762 16620 17129 16701
16807 16808 16856 16128
16687 16375 16525 16578
17025 16518 16379 16272
16607 17152 16258 15683
15930 16613 17215 16544
16828 16362 16070 16657
17014 16735 16810 15377
15774 16686 17231 16510
16976 16457 17077 15166
16029 17005 17212 16222
16535 16440 17086 16202
16315 16709 16699 16501
17026 16490 17023 15227
15851 17051 17148 16290
16099 17022 17265 15835
15982 16665 17145 16511
16181 16913 16503 16593
16795 16606 16620 16469
17050 16557 16168 16335
16526 16522 16095 16781
16742 16818 16517 16456
16938 16520 17097 15353
15974 17189 17118 15798
15965 17056 17191 16141
16248 17018 16891 16418
16605 16400 16174 16768
16917 16666 16720 16262
16421 17153 16527 16203
16691 16943 16920 15759
16315 16709 16699 16501
16938 17081 16083 15675
15732 16496 17164 16661
16863 16749 16684 16312
16815 16984 16643 15714
15917 16788 17221 16345
16200 16463 16893 16504
16925 16864 16747 15833
16751 16438 16516 16526
17069 16830 16638 15424
16272 16653 17391 15864
15765 16883 16928 16650
16701 16396 16318 16656
17006 16510 16412 16275
16389 16430 17261 16254
16000 16921 16811 16520
16694 16627 16978 16243
16729 16834 17058 15341
16068 17069 16602 16514
17011 16902 16434 15918
15606 16614 16953 16791
16789 16636 17074 15892
16652 16928 16541 16455
16220 17093 16543 16431
16929 16451 17118 15158
16488 17190 16617 16084
15978 16827 16444 16749
16929 16504 16074 16558
16698 17061 16555 15812
16172 17230 17013 15883
15542 16591 17071 16736
16610 16965 16530 16367
16486 16669 16309 16705
16986 16551 16925 15725
16245 17188 16728 16243
15708 16814 16984 16721
16519 16695 16801 16449
16941 16954 16452 15764
15833 16650 17113 16571
16836 16935 16577 15828
16000 16921 16811 16520
16605 16757 17270 15703
16003 16981 16379 16691
16994 16604 16194 16391
16732 16568 17195 15573
16333 17012 16874 16257
16671 16690 17200 15806
16031 17119 16441 16557
16808 16544 16842 16225
17106 16916 16371 15487
16523 16309 15827 16835
16843 16569 16193 16560
16854 16730 16900 16093
16763 17069 16311 15864
16541 16916 17022 15444
16049 17229 17076 15887
15810 16656 16957 16693
16877 16478 17180 15219
16004 17121 16740 16414
16443 17010 16934 16163
15708 16814 16984 16721
16763 17069 16311 15864
16178 16668 16409 16761
16954 16403 16061 16506
16838 17006 16431 15664
15872 16505 17325 16359
15978 16827 16444 16749
16918 16468 16243 16438
16159 16553 17021 16472
16915 16991 16073 15779
16382 16408 17205 16296
16541 16665 16943 16356
16882 16366 16082 16596
17106 16916 16371 15487
15869 16508 17352 16257
16480 16747 16402 16631
16599 16630 16950 16270
16408 17009 16762 16244
16350 16931 16870 16359
17069 16830 16638 15424
16034 16846 16450 16732
16545 17004 16942 15804
16099 17022 17265 15835
15981 17107 16386 16601
16808 16623 17049 16163
15755 17190 16650 16376
16738 16356 16013 16785
16873 16654 16610 16413
16941 16623 16845 15969
16838 17065 16313 15673
15513 16375 17245 16630
16754 16718 17131 15394
15784 16843 16855 16680
16797 16884 16523 16290
16418 17096 16856 15832
15982 16665 17145 16511
16789 16359 16064 16688
17011 16902 16434 15918
15930 16613 17215 16544
16993 16463 17072 15214
16671 16690 17200 15806
15851 17051 17148 16290
16534 16430 16550 16581
17038 16525 16133 16404
16469 16869 17141 15819
15776 17139 17213 15707
15748 16746 17300 16367
16701 16396 16318 16656
16709 16822 16311 16571
17097 16628 16713 15684
15931 16482 16619 16914
16649 16419 16860 16406
16793 16656 16792 16231
16544 17009 16930 15568
16249 17057 17069 16162
16218 17141 17043 16121
16738 16356 16013 16785
16941 16623 16845 15969
16587 17008 16892 15523
16208 17211 16909 16062
16178 16668 16409 16761
16745 16872 16877 16045
15690 16549 17140 16701
16863 16749 16684 16312
16698 17061 16555 15812
16359 16382 17116 16305
16042 16867 16617 16575
16992 16510 16948 15534
15900 16969 17091 16343
16938 17081 16083 15675
15513 16375 17245 16630
16177 16668 16915 16525
16789 16359 16064 16688
17017 16677 16064 16113
16563 16462 17170 16122
16006 17127 16357 16561
16829 16655 17209 15212
16131 17032 17188 16096
15966 16977 16901 16510
17017 16756 16509 15985
16456 16333 16210 16813
16739 16732 16832 16240
16432 16982 17039 15937
16726 16891 16558 16423
16897 16752 16864 15830
16535 17187 16026 15631
15606 16614 16953 16791
16868 16592 16156 16593
16764 16891 16429 16338
16488 17190 16617 16084
16221 16489 16673 16578
16832 16912 16542 16153
16736 16771 16229 16604
17014 16735 16810 15377
16081 17287 16962 15665
15690 16549 17140 16701
16604 16418 16310 16693
16848 16799 16591 16242
16159 16553 17021 16472
16950 16599 16646 16103
15870 16990 17155 16242
16732 16568 17195 15573
15935 17016 16618 16621
17026 16490 17023 15227
16267 16855 17194 16037
16167 16987 17110 16223
16540 16468 17059 16262
16599 16856 16729 16383
16922 16570 16511 16397
17188 16595 16548 15619
15606 16614 16953 16791
16831 16712 16226 16539
16748 16735 17069 15306
15755 17190 16650 16376
16665 16650 17239 15498
16444 16966 16502 16421
16034 16846 16450 16732
16975 16575 17055 15204
16301 17137 16595 16336
16541 16916 17022 15444
15984 16930 16720 16666
16715 17129 16188 15835
15708 16814 16984 16721
16829 16725 16481 16433
16952 16733 16449 16254
16161 16773 17329 15906
15708 16814 16984 16721
16863 16630 16916 16090
16484 16642 16902 16400
17030 16581 16191 16258
16319 16475 17309 15948
15802 16747 17053 16691
16828 16362 16070 16657
17038 16621 16600 16035
15948 16643 17300 16238
16129 16956 16588 16595
16726 16597 17122 15883
16723 16680 16921 16198
16458 17023 16401 16409
17106 16916 16371 15487
15542 16591 17071 16736
16854 16404 17205 15243
16031 17119 16441 16557
16248 17018 16891 16418
16829 16655 17209 15212
15755 17190 16650 16376
16581 16348 16046 16803
16929 16504 16074 16558
16901 16655 16940 15589
16246 17238 16737 16164
15542 16591 17071 16736
16652 16928 16541 16455
16486 16669 16309 16705
16929 16648 16719 16211
16519 17060 16417 16078
15917 16771 17174 16525
16740 16768 16384 16579
16948 17028 16274 15655
15513 16375 17245 16630
16871 16486 17021 15629
16229 16524 17142 16390
16533 16451 17045 16265
16129 16956 16588 16595
17038 16621 16600 16035
16854 16404 17205 15243
16426 17066 16863 16189
16099 17022 17265 15835
15981 17107 16386 16601
16717 16517 17006 16197
17069 16650 16723 15554
