0 0.0323257
20530 19319 19865 20211
20034 20382 20856 21349
20926 20496 20483 21031
20255 20392 20623 20268
20572 20267 20333 20102
19957 19171 20676 19172
20763 20113 20404 20061
19879 19567 20754 19501
20899 19561 19935 20987
20361 19713 21490 20850
21035 19567 20183 20830
20273 19977 20719 20566
20512 20385 20847 21081
20099 19824 21546 20797
20430 19588 21188 20257
20609 20151 20767 20633
20667 20148 21284 20498
21211 19139 20869 20432
20993 19702 21264 21059
21025 19616 20760 20300
19843 19630 20741 20248
20432 19308 20139 21215
20267 19801 20405 20401
20301 19375 19760 20929
19342 19969 20160 20148
21091 19876 20536 20720
19913 19700 20010 20607
20031 19153 19836 20136
20767 20104 20006 20665
20882 19211 20534 20045
20521 19539 20662 21052
20580 19913 19802 20507
20585 19075 19771 20144
21217 19989 21272 21819
20332 20021 20598 20667
19979 19876 19774 19362
20550 19654 20192 20459
20530 19692 20923 20256
20774 19679 20550 20235
20618 19498 19974 21203
20497 19878 20433 20404
20072 20252 21285 20734
20311 19426 20948 20582
20506 20319 21178 19955
20457 19646 19491 20280
20155 19750 20382 20297
20098 18975 20322 19859
20603 19565 20368 20581
20782 19760 20345 20013
20864 20032 20737 20338
20673 20156 20430 19839
20088 19715 20339 20309
20892 19212 20133 21005
20538 19647 20998 20510
20599 20098 20983 20745
21054 20149 20441 20877
21149 21005 21067 20322
19824 19252 20303 19943
20718 19579 20373 20435
20578 20281 21142 20589
20435 19374 20531 20757
20746 20344 20976 20464
20356 19844 20762 20202
20772 19832 20729 20405
20378 19845 20722 21129
20242 19759 20603 21131
20195 20352 20861 20060
20575 19665 20952 21236
20601 20177 20601 21122
19940 20413 20920 20117
20718 19947 21156 21014
20123 19816 20186 20335
19820 20062 20978 20559
21381 20193 20831 20650
20296 19966 20369 20373
20680 19885 21065 21094
20602 19781 19882 20762
20573 20200 21153 20541
19933 20256 20803 20255
20329 19833 20003 20751
20891 20175 21120 20323
20353 19971 20756 20692
21139 19866 21406 21410
21486 20022 20573 20450
20875 20404 21193 21779
19636 19980 20525 20459
20819 20242 20854 21359
20346 19697 19801 19852
20294 20061 20767 20774
20842 19880 20803 20374
20712 20108 20576 20599
20998 19695 21099 20924
20533 20030 20424 20554
19589 20209 20276 20547
19713 20669 21235 20087
20854 20227 21753 20508
21227 19502 21216 20652
20323 19846 21003 20464
20614 19683 20408 20322
21954 20760 20453 20862
21202 20273 21423 20798
20409 19896 21136 21567
20704 19544 20551 20393
20628 19728 20630 19730
20663 20261 20341 21002
20246 19969 20386 20488
20570 19921 20488 21090
21173 19960 20758 21044
20831 19352 20823 20719
20170 19982 20824 20903
20046 20304 20387 20062
20891 19517 20619 19495
21210 20038 20598 20067
20425 20714 20357 20338
20515 20584 20970 20680
19558 19467 19142 20331
20976 20067 21144 20720
20593 19914 19935 19676
20197 20069 19798 20518
20344 19042 20368 20210
19554 18750 20375 19662
21330 20608 20785 20613
20389 20243 20440 21304
19730 19512 19666 21108
20455 20241 20760 20940
20425 19960 20572 20989
20042 20399 20505 20060
20192 20261 20784 21322
20866 20268 20533 20643
20472 19905 20301 21090
20980 20377 20807 21080
21086 20030 20632 20619
20448 19820 20555 20388
20969 20274 20882 20674
20356 19908 19929 19935
20632 19927 20332 21168
21113 20201 20139 20463
20351 20152 20782 20057
20543 19654 20436 20844
20100 19967 20528 20105
21764 20347 21119 21081
20828 19487 20780 20250
20937 19956 20158 20543
21366 20256 20796 20985
21072 19991 20628 20605
20685 19002 20697 21065
19927 19443 20049 20787
20178 20388 20065 20350
20970 20468 20483 20407
19728 19542 20118 20309
21153 19939 20939 20509
20189 19362 20951 20411
20184 19708 20597 20595
20158 19096 19512 20262
20640 20241 21034 21047
20220 20828 20473 20700
20538 20159 20416 20399
20271 19780 20670 20076
20005 20142 20780 20735
21520 20102 21397 21500
20048 19858 20776 20758
19935 19434 21055 20817
20049 20189 19939 20168
20579 19944 20609 20446
20536 19613 20102 20944
20450 19781 19976 20599
20170 19828 19928 20247
20744 20242 21108 20152
20811 19134 20586 20703
20432 20284 20743 19990
20570 19855 20848 20863
20950 19989 21438 21201
21187 19915 21759 20746
20512 20354 20835 21062
20323 19975 20753 20594
20910 20877 21000 20823
20056 19690 20874 20199
20468 20004 20860 20214
20256 19898 20960 20996
21776 18744 20862 20613
20284 20544 19901 19976
20359 19716 20699 20397
20593 20346 21582 20960
21227 20840 21144 20771
20817 20870 21666 20361
20954 19879 20993 20700
19805 18659 20084 19923
20898 19873 20180 20144
20986 19554 20014 21133
20448 19991 20844 20282
20025 19222 20749 19672
20517 20089 21145 20535
20479 19951 20496 21064
20174 20106 20378 20489
19528 19683 20345 20955
20102 19292 20642 20894
19953 20357 20422 20031
21158 19450 20454 20171
19934 18860 20522 20680
20086 20035 20965 20223
21142 20473 21141 21045
20534 19941 20594 20300
20869 19864 20761 20423
20399 20095 20980 20959
19992 19941 20824 20345
20302 19842 20731 19771
21438 20036 21462 21164
20231 19771 20056 20175
20775 18838 19982 20495
20525 20481 21216 20416
19898 19363 19981 20006
20689 20075 21149 19871
19890 19956 19878 20268
20866 20359 20561 19559
20906 19275 20005 20548
19868 19426 21151 19935
20316 19742 20291 20218
20626 20436 20610 20736
20506 20910 21080 20887
19992 19879 19601 20811
19897 19603 20172 19995
19770 19964 20218 20434
20836 19831 21221 20606
20953 20189 20863 20957
20865 20134 21241 20520
19924 19933 20942 20567
20331 20422 20471 19913
20780 19368 20649 20021
20182 19797 20049 20331
20549 19321 20548 20183
20123 19543 20666 20277
20884 19598 21310 20597
20368 19406 20280 20322
20328 19737 20329 19795
20605 20199 20740 20879
21086 19515 20294 20454
20419 19950 20887 20131
21028 20275 21021 20853
20386 19698 20529 20535
19626 19792 19765 20317
20776 20110 21078 20333
20098 20035 19972 19588
19904 19562 20431 20842
20547 20402 20652 20097
20501 19812 20229 19881
21370 20137 20804 20996
20628 19303 20473 20139
20175 19407 20734 20560
21126 20155 21056 20968
20839 20838 20309 20457
20667 20167 20623 20529
20831 20062 20819 20518
19683 19331 20591 20086
20863 20258 20400 20531
20566 20278 20740 20232
20174 20294 20662 20659
20074 19840 20508 20171
20390 20211 21362 20820
20032 19028 20027 20689
20688 19745 20969 20238
20514 20661 21388 20692
19845 20241 19914 20208
20224 19398 20009 19866
20175 19170 20688 19764
20462 19829 20022 20357
20430 19054 19861 19588
21019 20185 21145 20811
20568 19626 20378 20139
21160 19454 21279 21100
21019 20074 20032 20607
20522 20024 21150 21011
20717 20043 20867 20558
19846 19343 20181 20003
20273 19873 20853 20551
20820 19830 21010 20957
19972 19698 20631 20671
19560 20405 20828 20749
20811 20791 20387 20338
20362 20136 20755 21345
20636 19841 20451 20504
20236 19438 20701 20515
20708 19786 20718 19984
20586 20232 20655 20884
20318 19646 20778 20291
21025 19535 20687 20511
20859 20072 20442 20807
21245 20355 20761 21193
19934 19152 20998 20938
20178 19700 20550 20564
20240 20148 20063 21067
20338 20032 20602 20421
21383 19874 21005 21087
20803 19803 20745 20548
21029 19367 19361 20175
21187 20147 20147 20814
19767 20325 19920 20244
20311 19805 20320 20833
20124 20212 21178 20536
20299 19943 20821 21154
21107 19754 20167 20843
