884 3465.33
28058 24388 25146 24594
27607 24913 24923 25050
27606 25208 25534 23947
27274 23617 26469 25200
26759 25748 25929 24674
26496 24862 26944 25318
26367 24633 25721 26138
26117 25208 26545 25551
27744 25123 25417 24056
26232 25185 26200 25658
27119 23750 26193 25503
26430 24890 26872 25192
26622 24542 26845 24969
27358 23796 26284 25269
27602 25203 25637 24092
27729 25108 25620 24134
27989 24255 24968 24898
26848 23850 26317 25482
27239 25689 25494 24289
26563 24761 25664 26094
26599 24699 26796 25208
26579 24698 26143 26042
26588 24629 26032 26084
27257 23869 26272 25453
26664 25746 25999 24960
26441 24841 26072 25983
27322 24618 24995 25423
27815 25077 25480 24154
27839 24987 25123 24216
28021 24300 25171 24798
26455 24408 26223 26014
26276 24885 26552 25786
27629 25112 25356 24276
27965 24648 25052 24484
26723 25516 26338 24770
27906 24599 25067 24754
26406 25062 26149 25943
26625 24166 26329 25830
27498 23903 25831 25495
27622 25158 25540 24254
28000 24302 25315 24590
26342 25109 26511 25304
27693 25169 25694 24199
27451 24663 24945 25280
26322 25096 26084 25720
26740 24379 26777 25104
26248 25163 26604 25296
26571 24320 26264 25836
27937 24331 25209 24864
27374 23963 25937 25527
27327 25299 25880 24361
28050 24232 25199 24501
27028 25363 26182 24609
27634 23923 25477 25360
26838 25373 25870 25176
26649 24834 25923 25873
27823 24008 25651 24876
26467 24753 26241 25799
26857 25666 25742 24740
27567 23762 25602 25338
27697 25010 25087 24553
26690 25557 25934 25161
27899 24128 25500 24828
27014 25155 26113 24695
26828 25082 26704 24686
27930 24503 25013 24660
27589 25249 25580 24176
28044 24456 25281 24617
26865 25270 26283 25114
27688 24071 25576 25083
26255 25256 26550 25359
27701 25064 25443 24366
26294 25164 26496 25388
26629 24831 25716 25986
27239 24020 26097 25382
26659 25435 26352 25150
27001 23998 26176 25585
27787 25035 25296 24295
27417 24996 25350 25010
26303 24910 26411 25760
26505 24871 26234 25643
27679 24558 25634 24734
27408 25219 25256 24709
26672 24686 26455 25469
26693 24717 26203 25814
27527 24961 25851 24185
27520 24056 25697 25240
27138 24375 26028 25188
27408 23975 25995 25439
26794 24613 26727 25070
27262 25616 25507 24481
27458 23914 25955 25301
26405 25055 26578 25407
26477 25077 26754 25005
27433 25424 25106 24625
26792 24231 25708 26028
26637 25595 26159 25120
27946 24490 25380 24399
26804 25259 26132 25398
26515 24813 26790 24958
26583 25498 26186 25286
27104 25450 26081 24632
27754 24795 25510 24320
26382 24936 26752 25583
26348 24792 26506 25941
26702 24720 26748 25321
27670 24940 25484 24345
26425 24931 26686 25323
27180 24353 25461 25713
26367 25371 26360 25032
27313 23905 25406 25739
26416 24549 26238 25901
26359 25444 25981 25404
26739 24688 26125 25579
26309 24937 26517 25656
27624 25331 25523 24233
26547 25050 26024 25857
27570 24108 25029 25307
27903 24745 25410 24409
27155 24419 26427 24984
27978 24036 25353 24796
27611 25014 25633 24358
26608 24556 26696 25324
26669 24534 26168 25844
26489 25288 26485 25413
27847 24671 25345 24455
26620 25294 26632 24662
27803 25049 25264 24302
26543 25457 26251 25151
27990 24616 25133 24537
27968 24403 25218 24807
26505 25634 26133 25225
27291 24650 26003 24977
26709 25409 26394 24835
27685 25017 25340 24445
27722 24224 25529 24876
27140 24082 25750 25668
27479 24692 25834 24543
26744 24954 26567 25293
27286 25401 25382 24581
27335 24125 25967 25572
26918 24476 25727 25649
27447 23986 25678 25388
27252 24718 24945 25540
26811 25233 25973 25137
27288 24975 25551 25343
27528 25138 25747 24391
27792 23988 25426 25021
27010 24185 25582 25913
28030 24512 25156 24433
27867 24674 25234 24602
27775 24583 25099 24961
27505 24279 25816 25194
27304 24769 25591 25377
26845 25640 25610 24813
26774 24643 26075 25558
26408 25046 26464 25695
26713 24602 26673 25249
26656 25609 26170 24948
26637 24883 26766 25054
26941 25525 25984 25024
27214 24350 26109 24935
26841 25335 26365 25089
27709 24585 25665 24469
27974 24498 25269 24497
26601 25506 26250 25069
26781 24312 26390 25746
26469 24988 26646 25448
26634 24695 26357 25588
26779 24501 25906 26017
26366 25097 26714 25091
26958 24980 26637 24868
26443 24742 26292 25896
26969 25651 25842 24786
27348 25327 25467 24920
27645 24943 25465 24621
26768 24967 25951 25613
26473 24629 26664 25635
27333 24043 26024 25217
27606 24516 25152 25145
26911 24814 25519 25930
27056 24161 26491 25237
26705 24688 25916 25922
26923 24537 26591 24987
27835 24785 25730 24236
26974 24335 26145 25686
26954 24121 26467 25420
27345 24051 25652 25596
26399 25340 26233 25355
27660 24427 25325 25182
27860 24210 25387 24792
26850 25618 25862 24700
27580 24392 25675 24774
27731 25019 25159 24420
26519 25107 26384 25408
27980 24921 25272 24285
26387 24620 26165 25905
27267 25275 25713 24565
27662 24894 25376 24519
26808 24845 25886 25783
26842 25650 26226 24763
26698 24924 26216 25750
26664 24676 26658 25680
27818 24895 25616 24249
27577 23855 26029 25121
27706 25089 25333 24331
27021 24390 26191 25525
26797 25529 26144 25016
26392 24901 26504 25535
27505 23934 26207 25038
28024 24513 25116 24251
27705 24545 25041 25056
27092 24100 26406 25402
26498 25394 26277 25241
27146 25197 25772 24989
27226 25230 25777 24840
27027 24228 25845 25537
26643 24958 25891 25788
27223 24976 25740 24943
26800 25319 26445 24627
27550 24738 25022 25132
26449 24724 25959 25865
27132 25322 26030 24381
27039 25027 26376 24922
27240 24323 25801 25551
27614 25310 25271 24430
27502 23943 25842 25125
27272 24847 26109 24526
27192 24548 25474 25674
27382 24709 25461 25339
27977 24341 25243 24779
27400 23781 26217 25094
26507 24904 26406 25565
27773 24523 25774 24309
26897 24884 26520 25231
26555 25625 26197 24892
26945 25192 26202 25008
27834 24553 25448 24502
26434 24825 26255 25872
28028 24572 25090 24504
26353 24984 26663 25246
26816 25087 26534 25173
27855 24506 25385 24681
27927 24192 25365 24827
26487 24934 26527 25379
26914 25683 25761 24696
27439 24595 25961 25158
26721 24433 26540 25475
26931 25284 26164 25014
26901 25190 25705 25260
27422 24861 26044 24653
27265 23949 26018 25443
27914 24543 25219 24862
26998 25473 26211 24715
27339 24078 25721 25509
26557 25568 26145 25140
26883 24177 25813 25767
27532 23783 26056 25338
27084 24143 26096 25631
27876 24953 25251 24384
27954 24472 25517 24410
27298 24876 25899 24963
26628 24545 26071 25886
26406 24390 26598 25807
27667 24308 25670 24928
27554 24044 25612 25428
27484 24444 25896 24680
27165 24748 25808 25334
27464 24998 25658 24419
26980 25357 25942 25047
26527 24854 26156 25772
27928 24270 25180 25256
26886 24789 25876 25721
27112 25422 25734 24824
27049 25108 26290 24568
27602 24663 25229 25111
27236 24244 26173 25065
26522 24727 26152 25794
26683 24732 26260 25693
26885 24242 26496 25464
26855 24711 26721 25068
27037 24218 26095 25599
27920 24473 25611 24711
27365 24091 25438 25443
26630 25044 26622 25048
27746 24210 25397 25134
26926 24171 25903 25880
27886 24412 25278 24761
27586 24259 25662 25081
27845 24394 25394 24865
27035 24104 26009 25700
26729 25343 26020 25073
27825 24875 25481 24513
26926 24386 26446 25285
27045 25257 26061 24876
26732 24922 26600 24909
27311 24236 26077 25424
27497 24180 25204 25373
27279 24075 25936 25707
27541 24596 25109 25253
27483 24685 25311 25030
26918 25383 26065 24811
27003 24199 26214 25518
26718 25489 25992 25095
27182 24088 26204 25499
27250 24140 25345 25446
27492 25284 25439 24576
27396 24798 25643 25095
27766 24568 25139 24902
26773 24609 25927 25624
27737 24637 25036 24785
26532 25273 26392 25153
27065 25135 25860 24887
27711 24572 25406 24729
27213 24764 26100 25076
27538 24273 25941 24928
27474 25390 25372 24598
27609 24953 25186 24863
26550 25567 26086 25271
27152 24214 25643 25733
27427 25115 25979 24514
27196 25675 25980 24491
27856 24552 25128 24700
27388 24427 25999 25265
27654 24290 25858 24855
26683 24589 26610 25371
27509 24938 25838 24338
27512 24483 25857 25070
27562 24170 25990 24533
27957 24806 25322 24343
27805 24494 25557 24452
27597 25172 25557 24332
27547 24111 25238 25496
26481 24682 26627 25545
27442 24364 25667 25427
27801 24463 25224 24964
27591 25178 25224 24616
27832 24530 25391 24588
26904 24948 25891 25432
26717 25540 25840 25063
26731 24510 26013 25729
27110 24296 26035 25521
27010 24718 26473 25092
26575 25037 26437 25332
27527 24306 25793 24590
26675 25201 26433 25086
26874 24826 26614 25241
27958 24915 25496 24341
27372 24286 25781 25272
26562 25092 26441 25321
27618 25082 25205 24422
26545 25126 25290 25544
27080 25481 25654 24994
26659 24736 26650 25434
27170 24524 25822 25426
26755 24441 25934 25927
26686 25101 26544 25313
27343 25247 25753 24645
26510 24850 26547 25437
27307 25179 25596 24671
26957 24720 26684 24957
27723 25077 25401 24318
26789 25605 25719 24863
26495 24690 26704 25329
26787 24732 26047 25605
26995 24449 26092 25734
27700 24755 25523 24375
26492 24784 26308 25775
26555 25212 26504 24752
27426 25182 25689 24605
27068 25674 25949 24659
27070 24702 25572 25662
27259 25246 25910 24561
27193 25346 25770 24747
26932 25147 26213 24953
26986 25540 26036 24995
27119 24095 25737 25706
27612 25042 25402 24436
27892 24583 25273 24600
27528 24655 25827 24552
26890 25247 26584 24721
26870 24578 25901 25619
27235 24755 25769 25032
26746 24821 26533 25248
27008 25483 26037 24889
26761 24616 26414 25717
27053 24927 25566 25528
27389 25134 25758 24639
27946 24817 25278 24449
26678 24438 26093 25865
27491 24263 25439 25400
27573 24152 25491 25154
26770 25469 26353 24932
26531 25000 26659 24973
26961 25254 25785 25231
27564 24908 25777 24386
26794 25353 26494 24843
27856 24384 25420 24818
26869 25219 25825 25201
27694 24430 25361 24859
27481 25121 25590 24461
27051 24706 25999 25367
27759 24147 25345 25108
27123 25129 25617 25066
27393 24581 25765 25349
27064 25095 26314 24374
27653 24656 25520 24912
26706 24467 26641 25305
27368 25387 25605 24436
27243 23938 26489 25443
26609 24797 26559 25486
27075 24380 25705 25763
27643 24442 25139 25058
27404 24415 25657 25171
27169 24854 26103 24889
27517 24659 25682 24803
27593 24780 25537 24602
27402 24205 25690 25314
26482 25132 26058 25461
26665 24783 26423 25489
27469 25250 25904 24372
27425 25236 25513 24635
27425 25147 25695 24651
26594 25059 26232 25487
27765 24286 25485 24932
27810 24358 25648 24661
26992 24846 26129 25043
26964 24627 26322 25151
27087 24339 25803 25479
27099 25037 26219 24731
27499 24710 25285 25039
26905 24902 26113 25198
26892 25582 25692 24935
27599 24360 25789 24809
27196 24624 26268 24831
27889 24117 25438 24866
27253 25415 25432 24505
26513 25126 26222 25610
27546 25046 25599 24425
27186 24409 25890 25457
27528 25241 25618 24460
27177 25562 25601 24619
26847 25589 26066 24825
27224 24887 26167 24844
27559 24555 25244 25124
27739 24688 25141 24697
26524 24831 26671 25181
26485 24862 26302 25760
27794 24257 25301 24927
27320 25103 25653 24984
27799 24917 25333 24643
26750 24637 26239 25503
27532 24919 25570 24837
27456 25008 25372 24944
27460 24986 25700 24785
27832 24261 25654 24584
27788 24312 25733 24812
26957 24346 26231 25181
27158 25465 25588 24863
27120 24719 25965 25292
26885 24749 26374 25446
27245 25308 25911 24752
27612 24445 25020 25105
27594 24727 25776 24755
27117 24511 26240 25168
27041 25578 25949 24889
27203 24677 25522 25388
27059 24486 26067 25385
26665 24322 26607 25514
27249 25290 25540 24853
27162 25102 26295 24602
27098 24893 26305 24666
27874 24617 25303 24533
26448 25014 26309 25731
26983 24702 26135 25176
27445 25123 25561 24629
27241 24922 26054 24720
27224 24411 26403 24918
26637 24882 26556 25427
27513 24964 25563 24717
27710 24605 25304 24730
27694 24712 25184 24794
26986 25060 26324 25077
27589 24896 25248 24738
26820 25007 25813 25352
26883 25414 26418 24832
27574 24925 25508 24507
27638 24817 25318 24745
27783 24411 25657 24840
26610 25059 26201 25358
27130 24579 26139 25075
27435 24622 25682 25087
27353 24641 26045 24855
27469 24718 25432 24992
27302 25004 25366 25001
27177 24588 25803 25316
27610 24680 25339 25005
26826 25116 26417 25002
26819 24261 26254 25654
27448 24454 25278 25318
27543 24196 25840 24895
26519 25239 26416 25025
27039 24689 26018 25273
27199 24964 26140 24723
27173 24971 25595 24987
27168 24895 26047 24807
26877 24569 26047 25700
27732 24103 26009 24562
27200 24788 25945 25044
27255 24824 25985 24998
27059 25200 25700 24917
26975 24846 25886 25417
26962 24972 26091 25294
27638 24533 25787 24666
27118 24437 26276 24949
27694 24152 25649 24934
27071 25012 25711 25207
27722 24571 25493 24412
27224 24804 25788 25286
27770 24515 25586 24660
26867 24976 26249 25248
27186 24406 25639 25551
27282 25025 25696 24843
27356 24699 25912 24819
27804 24548 25316 24706
27640 24827 25762 24533
27517 24393 25722 25122
27190 24897 25967 24971
26823 24917 26414 25349
27248 24434 25832 25419
26870 25156 26209 24902
27793 24521 25367 24597
27449 24538 25706 24838
27397 24790 25931 24664
27442 24970 25751 24593
27198 25385 25718 24641
27548 24499 25396 24914
27009 25291 26032 24799
27638 24741 25648 24740
26974 24787 25710 25531
27542 24197 26004 24997
27042 24270 26144 25358
26480 24891 26663 25264
26875 24826 26011 25345
27259 24609 25771 25180
27235 25172 26012 24767
26935 24987 25839 25358
27109 24847 25692 25237
27117 25009 26042 25215
27397 24734 25583 25109
27367 24898 25750 24926
26891 24465 26212 25441
26608 25437 26217 25323
26968 24737 26100 25122
26885 25098 25793 25305
27202 24900 25985 24803
26904 25204 26197 25093
26975 24632 26138 25423
27041 24599 26138 25215
26988 24961 26097 24987
27283 25208 25589 24770
27072 24514 26204 25108
26846 24543 26423 25477
27058 25286 25980 24795
27354 24727 25928 25021
27041 24490 25929 25478
27399 24824 25913 24695
26710 25005 25911 25428
27257 24985 25536 24996
26974 24521 26208 25372
27158 24543 26295 24730
27999 24229 25224 24552
27673 24004 25624 24918
27639 24786 25503 24281
27572 24892 25065 24296
26944 25462 25718 24335
26943 24698 26474 24839
26165 24465 26315 25739
26143 25405 26198 25223
27909 24799 25149 24309
26629 24090 25949 25715
26264 24873 26377 25496
26450 24562 25939 25562
26324 24939 26171 25544
26897 25248 26122 24466
26909 25350 25992 24980
27798 24412 25231 24553
26814 24250 26393 25447
26548 25206 26268 24770
26682 24968 26008 25333
27617 24226 25280 25055
26455 24924 26419 25401
27385 25100 25245 24403
26420 24621 26174 25475
27595 24505 25354 24777
26635 25139 26289 24936
27687 24394 25128 24789
27755 24362 25434 24747
26607 24739 26467 24966
26516 24706 26338 25135
26992 24050 26238 25327
27677 24604 25443 24455
27338 25161 25533 24605
26723 24549 25721 25510
26587 24539 26238 25493
26880 25433 25797 24735
27300 25116 25700 24509
26777 24902 26019 25279
26734 24764 26093 25376
26955 25385 25966 24726
26979 24360 26148 25013
27630 24620 25115 24765
26504 25031 25725 25253
27583 24108 25379 24939
27164 24974 25766 24573
27116 24125 25954 25259
27480 24782 25518 24716
26580 25153 25649 25311
27514 24194 25668 24891
27365 24866 25483 24387
27220 24371 25780 25393
27340 24143 25596 25190
27190 24860 25691 24707
26949 25037 25571 24979
27319 24559 25938 24626
27096 24270 25890 25278
27066 24433 25835 25237
27545 24834 25423 24301
27574 24512 25413 24693
27616 24642 25639 24354
27025 24809 25748 25116
27008 24043 26065 25121
27326 24695 25980 24592
27361 24163 25854 24910
27068 24641 25805 25101
26832 24331 26409 25365
26960 24443 26038 25483
26883 24444 25985 25540
27058 24213 25902 25411
26799 24764 25927 25132
26983 25233 25546 24778
27232 24795 25828 24752
27236 24310 25993 24655
27787 24493 25420 24500
26763 25090 26276 24858
26809 24657 26111 25224
26852 24819 26083 24970
27317 25063 25545 24766
27242 24496 25736 25309
27085 24753 25656 24886
27421 24512 25273 24869
27101 24084 26018 25120
27634 24668 25480 24679
27407 24842 25477 24799
27159 24718 25604 25135
26756 25099 26069 25198
26835 24478 26277 24947
27434 24100 25712 24824
26941 24868 25873 25153
27464 24713 25556 24667
27637 24712 25402 24740
26913 24095 26139 25126
27287 24724 25667 24844
27260 24593 25539 25218
27270 24838 25903 24487
27431 24461 25719 24824
26893 24290 26128 25081
26982 24660 25961 25357
27452 24324 25705 24874
26857 24665 26406 24940
26980 25030 26192 24743
27038 24379 25848 25209
26909 24404 26079 25211
26782 24719 26048 25077
27123 24503 25861 24946
27228 24743 25977 24907
27055 25213 25918 24789
26928 24855 25607 25175
27119 24942 25776 24723
27377 24306 25635 24990
27242 24925 25685 24709
27396 24358 25421 24932
27365 24010 25735 25175
26948 25007 26050 25058
27358 24628 25880 24594
26881 25013 25791 25080
27262 24191 25465 25183
27032 24422 26050 25119
27567 24461 25560 24684
27262 25070 25630 24939
26889 24645 26175 25091
27267 24828 25446 25278
26970 24993 25993 25114
27474 24300 25565 25109
27236 24205 25771 25409
27413 24222 25847 25003
27047 24652 25886 25179
27042 24723 25897 25173
27243 24350 25776 25089
27272 24662 25731 25001
27425 24621 25463 24839
26927 24489 26018 25123
27171 24844 25634 24915
27369 24467 25417 24952
27604 24290 25597 24888
27498 24464 25559 24849
27089 24732 25704 25109
27067 24984 25895 25098
27588 24319 25275 25112
27460 24585 25716 24604
27347 25096 25896 24473
27231 24468 25867 25007
27500 24328 25698 24914
26890 24575 26064 24884
27030 24584 25917 25332
27250 24361 25778 24883
26941 25114 25859 24891
27629 24490 25470 24857
27418 24567 25862 24795
27225 24836 25920 24468
27351 24741 25642 25078
27358 24543 25701 24856
27344 24490 25718 25149
27159 24719 26000 24790
27169 24581 25734 25185
27321 24615 25895 24789
27243 24569 25733 24888
26949 24541 26068 24791
27614 24590 25167 24434
27483 23873 25481 24891
27476 24379 25513 24055
27404 24072 24803 25012
26765 24351 26028 25479
26683 25357 25648 24723
26280 24267 26263 24791
26116 24944 26137 24414
27609 24242 25211 24211
27281 24824 25123 24793
27142 25144 25519 24485
26841 24041 26177 25160
26605 24171 26110 24646
26396 24327 26138 25167
27562 24465 25368 24634
27256 24930 25625 24122
26333 24657 25965 25051
27198 23970 25722 25394
26497 24631 25903 25231
26469 24483 25597 25450
27066 25048 25298 24588
26871 24389 25785 25206
27469 24432 25309 24680
27351 24714 25183 24882
27489 24213 25433 24747
26800 24510 26073 25072
26705 25022 25953 24949
27390 23916 25592 24715
26685 25106 25497 24580
26808 24251 25683 25368
27239 24165 25570 25273
27137 24888 25599 24822
27038 24178 25915 24806
26918 24457 25852 25122
26784 24109 25829 25468
26916 24124 26012 25382
26788 24380 25893 25429
26656 25035 25753 24954
27422 24552 25650 24422
26942 24790 26010 24929
26741 24585 26082 24907
27404 24805 25406 24676
27598 24287 25503 24676
27312 24377 25475 25137
27294 25064 25425 24529
27117 24622 25707 24980
27012 25087 25625 24550
26967 24206 25619 25338
26808 24988 25579 24816
27080 24464 25699 25309
27345 24474 25596 24907
27385 24499 25600 24759
27290 24758 25538 24539
27422 24202 25546 24704
27042 24916 25741 24957
27447 24687 25481 24707
26853 24618 25721 25247
27477 24305 25453 24548
27059 24839 25775 24797
26988 24976 25737 24929
26904 24207 25774 25254
26857 24525 25570 25228
26976 24834 25836 24860
27573 24211 25210 24954
26739 24651 25978 24977
27258 24514 25414 25099
27019 24691 25747 25003
27145 24724 25636 24740
27295 24579 25699 24509
27132 24321 25762 25150
27278 24744 25435 24713
27049 24654 25994 24600
27192 24347 25873 24865
26674 24574 26074 25265
27394 24762 25504 24608
26804 24817 25875 24558
27062 24353 25598 25318
27083 24256 25869 24998
27166 25043 25600 24767
26727 25006 26019 24762
27297 24717 25615 24841
26917 24787 25766 24966
26844 24727 25835 25021
26978 24429 25709 25159
27060 24950 25865 24787
26963 24663 25774 25103
27391 24413 25462 24837
27405 24734 25484 24667
27300 24558 25584 24752
26964 24080 25825 25016
27309 24601 25575 24609
27165 24672 25901 24838
26844 25013 25644 24787
26993 24374 25751 25260
27223 24983 25545 24625
27262 24170 25812 24964
27210 24188 25776 25005
27233 24406 25497 24998
26724 24641 26021 25125
27387 24527 25795 24692
27608 24624 25424 24599
27269 24818 25463 24740
27251 24312 25704 24953
27223 24476 25480 25211
26950 24542 25825 24955
27184 24642 25872 24687
27234 24567 25823 24790
26760 24547 25874 24949
27292 24532 25801 24685
27204 24689 25642 24616
27076 24689 25882 24706
27185 24652 25749 24667
27220 24496 25577 24891
27059 24520 25577 25126
27065 24725 25759 24998
26998 24734 25578 25014
27209 24725 25573 24934
27213 24210 25800 24952
26841 24213 25900 24932
27539 24522 25308 24553
27449 24197 25148 24804
26960 24008 25340 25280
26879 25084 25244 24237
26697 24247 26069 24777
26575 23881 25838 25190
26400 25191 25634 24466
26151 24200 26043 24779
27402 24513 25240 24592
26473 24533 25990 24842
26725 24577 25770 24990
27242 24701 25476 24383
26936 24723 25929 24916
27480 24163 25347 24647
27464 24340 25360 24303
27145 24950 25408 24705
26823 24579 25968 24888
26706 24556 25387 25134
27344 24071 25462 24835
27003 24216 25672 25225
26489 24438 25653 25071
27289 24113 25529 24621
26815 24903 25524 24768
26769 24731 25696 24923
27157 24422 25433 25102
27369 24495 25286 24665
26973 24824 25574 24754
27042 24792 25683 24346
27099 24500 25331 24950
27375 24610 25414 24640
26882 24765 25790 24328
26953 24464 25706 25063
27232 24345 25454 25083
27166 24705 25551 24805
27209 24574 25601 24821
27091 24393 25709 24813
26925 24754 25821 24571
27001 24926 25511 24737
26938 24306 25765 24722
27117 24791 25323 24725
27064 24226 25618 24861
26870 24756 25444 24905
27306 24464 25378 24774
27008 24515 25402 24876
27078 24663 25653 24677
26908 24477 25798 24921
27074 24929 25574 24715
27258 24646 25473 24771
27218 24457 25736 24752
27058 24911 25610 24678
26985 24817 25521 24787
27245 24270 25692 24777
26895 24824 25755 24797
27288 24496 25633 24584
27363 24531 25461 24704
27095 24196 25703 24853
27141 24471 25710 24731
26979 24685 25724 24907
27029 24558 25440 24833
27258 24702 25341 24623
27219 24687 25364 24803
27004 24921 25768 24598
27077 24258 25820 24753
27033 24574 25729 24794
26982 24599 25607 24776
27029 24715 25796 24720
27422 24273 25260 24542
27099 24696 24793 24072
26836 23820 25546 24912
26821 24143 25521 25156
26812 24594 25881 24435
26699 24840 25625 24432
26549 24671 25810 24492
27275 24449 25035 24705
26774 24803 25210 24229
27179 24037 25530 24721
26665 24560 25753 24982
26743 24761 25703 24399
26931 24422 25332 25095
26887 24139 25742 24738
27333 24334 25411 24218
26771 24188 25668 25107
26811 24386 25753 24830
26981 24621 25688 24521
27365 24582 25291 24606
27081 24720 25378 24502
26760 24545 25816 24857
26953 24792 25337 24775
27153 24321 25629 24463
27205 24530 25547 24428
27329 24521 25438 24631
26724 24764 25657 24768
27193 24396 25586 24652
26851 24278 25487 24980
26903 24688 25470 24906
27204 24287 25454 24961
27035 24719 25538 24632
26967 24332 25211 24845
26840 24496 25588 24534
27035 24762 25463 24666
26837 24592 25611 24590
27113 24299 25596 24719
27125 24679 25472 24663
27342 24275 25410 24605
27413 24158 24930 24167
27172 24541 25171 24011
26955 23712 25611 24442
26838 24330 25146 24844
26708 24062 25806 24696
26477 24682 25262 24385
26407 24474 25538 24408
27154 24018 25393 24791
27318 24132 25072 24598
27279 24236 25355 24579
26494 24422 25292 24811
27091 24617 25419 24493
27149 24448 25362 24263
27186 24454 25183 24620
26606 24267 25392 24843
27391 24267 25231 24527
26737 24064 25491 24745
26942 24681 25483 24486
27144 24387 25525 24454
27073 24173 25376 24754
27403 24055 25113 24541
26893 24495 25530 24497
27298 24183 25276 24533
26894 24478 25385 24743
27215 24044 25014 24200
27088 23739 24924 24236
26928 23881 24624 24699
26598 24640 25432 24446
26468 24334 25530 24477
26202 24384 25314 24510
26881 24229 24693 24234
26874 24392 25192 24404
26797 24116 25350 24573
26434 24108 25360 24506
26867 24118 25223 24301
26881 24059 25114 24642
26832 24615 25473 24429
27066 24092 25200 24615
26842 24376 25478 24320
26852 23989 25469 24459
26998 23925 25102 24164
26924 23962 24898 23863
26807 24598 25164 24158
26803 24384 25446 24376
26426 24568 25025 24315
26831 23906 24976 23601
26790 24284 24898 24109
26650 24010 25275 24258
26317 24446 25026 23959
