578 1756.29
28183 24393 25487 24177
27982 24762 25609 23722
27572 25009 25097 24828
27528 23888 25678 25285
26873 24286 25604 25810
26787 25793 26125 24720
26639 25001 26971 24983
26311 25437 25897 25290
27822 24801 25734 23956
28077 24289 25392 24182
26415 24889 26636 25279
26547 24861 26918 25092
27705 24703 25170 24764
27766 25088 25249 24016
26376 25527 26287 24715
26340 24856 26495 25508
26460 24772 26372 25726
26736 24410 26901 25093
26913 25668 25773 24633
28029 24498 25605 24209
26864 24810 26856 24434
27754 24006 25964 24863
28067 24334 25350 24283
26906 25745 26084 24615
26951 24874 26806 24579
27851 24042 25758 24791
27482 24083 25926 25327
26967 25708 25678 24547
26830 24613 26863 25129
27391 23940 26169 25066
26575 24971 26803 25161
27394 23975 26277 24917
26363 25572 26090 25275
26595 24944 26619 25176
26985 25718 25573 24292
26503 24879 26298 25546
27687 25068 25205 24416
26465 24417 26538 25561
27592 23963 26036 25000
27874 23907 25362 24870
26559 25166 26559 25202
27587 23919 25809 25052
27551 24031 25882 24964
26821 24555 25814 25791
27016 24389 25808 25756
27006 24626 25666 25663
26538 25542 25818 25296
27506 25086 25181 24935
26524 25098 26181 25499
27090 24884 25227 25396
26957 25649 26074 24216
26963 25741 25851 24547
27966 24737 25419 24128
26959 24692 25735 25765
27020 24710 25244 25526
27689 24867 26147 24059
26954 24389 25858 25732
27666 25116 25637 24035
26483 24831 26789 25356
26628 25417 26119 25342
27130 24183 25817 25677
27949 24223 25299 24624
27595 24651 25220 24967
27244 24974 25282 25181
27335 24113 26020 25267
26659 25209 26533 24942
26897 24549 26788 24753
27993 24555 25552 24258
26957 25593 25795 24654
27222 25442 26114 24032
26817 24778 25855 25704
26855 25620 26317 24541
27723 24962 25793 24188
27039 24462 25731 25640
27221 25234 26256 24103
26362 25200 26629 24952
26864 24085 26587 25480
27432 24247 25672 25321
27315 24140 26335 25208
27895 24567 25757 24063
26800 24453 26471 25371
26669 25260 26725 24860
26935 24855 26773 24683
26843 24659 26741 25191
26881 24776 25765 25683
26971 24514 25848 25589
27096 24135 26358 25242
27935 24507 25548 24586
27253 25230 26088 24346
27516 24218 26385 24842
28000 24525 25316 24511
27211 25470 25561 24750
27461 25241 25831 24268
27752 25145 25373 24211
26782 24701 26058 25602
28004 24809 25388 24203
26540 25489 26418 25081
27524 24365 25509 25361
27676 24542 25747 24639
27106 24949 26233 25212
27133 24130 26410 25161
26794 25558 26130 24824
26772 25189 26399 25067
26528 24697 26511 25526
27151 25628 26043 24456
27167 24105 26126 25417
26927 24670 26675 24900
26760 24727 26758 24999
27501 25221 25593 24623
27051 24668 26647 24913
26767 24523 26420 25432
27610 24323 25709 24805
26756 25545 26246 24665
27995 24631 25609 24137
26910 25634 26175 24472
27046 24790 26573 24782
27453 25320 25741 24243
27817 24904 25451 24261
27901 24353 25474 24611
27424 24350 25699 25184
26765 24737 26504 25364
27295 24221 26080 25306
26774 24447 26226 25699
27506 25074 25408 24797
28015 24268 25631 24373
26876 24537 26301 25568
27178 24465 25612 25474
27247 25108 25455 24890
27066 24574 26517 25175
27974 24382 25571 24523
26555 25194 26263 25346
26650 25709 26202 24675
27883 24622 25338 24658
27835 24203 25988 24334
27758 24478 25443 24849
26612 25021 26792 25162
27685 24089 25775 24922
27643 24910 25582 24731
27301 24193 26306 24949
27812 25008 25361 24254
27121 24292 25861 25620
27841 24310 25697 24562
26890 25282 26414 24879
26620 24742 26291 25681
27198 25296 25901 24608
27540 24578 25908 24497
27182 24101 26069 25460
27076 25456 26047 24770
27204 25341 25985 24446
26706 25373 26439 25089
26732 25336 26268 25144
27828 24518 25545 24564
26647 25252 26523 25076
26713 24836 26770 24724
27867 24895 25704 24163
27757 24306 25324 24971
26717 24709 26762 24765
27601 24173 25576 25121
27955 24441 25662 24225
26903 25329 26336 24816
27850 24719 25515 24423
27325 24735 25740 25060
27742 24609 25484 24680
27975 24270 25590 24328
27345 25277 25831 24374
27421 24260 25862 25189
26494 25129 26405 25489
27681 24768 25834 24319
27746 24712 25471 24536
26735 24394 25807 25795
27000 25130 26378 24647
27176 24597 25310 25583
27366 24503 26091 24594
27507 25048 25275 24773
26696 25044 26654 25020
27630 25179 25366 24353
26885 25270 25972 25010
27291 24599 26271 24774
26754 24501 25904 25670
27377 24934 25537 24704
28072 24328 25389 24453
27444 25422 25711 24301
26997 25496 26063 24836
27771 24993 25520 24278
27807 24511 25438 24855
26727 24598 26500 25416
27949 24636 25656 24119
27575 24404 25433 25400
27589 24908 26069 24071
27078 25401 26090 24698
26662 25170 26542 25170
26938 24814 26465 25135
27112 25562 26136 24399
27160 24332 25805 25466
27858 24891 25292 24469
26488 24892 26604 25451
26751 25599 26138 24910
27292 24175 25779 25407
26939 25481 26347 24620
26994 24629 26199 25520
27009 24153 26212 25427
26679 25015 26346 25254
27118 24317 25428 25613
26687 24907 26661 25026
26979 24890 26128 25439
27915 24224 25622 24580
26976 25024 26219 24926
27908 24461 25342 24700
26709 24970 26586 24957
26496 25376 26553 25025
26931 25503 25944 24830
26667 25187 26747 24745
26800 24715 25942 25628
27884 24619 25354 24363
26786 25641 25877 24760
26847 24615 26434 25391
26700 24812 26722 25155
26941 25263 26326 24521
26722 24745 26537 25272
27370 25046 26133 24488
26955 25407 26172 24707
27093 24444 26363 25106
27612 24960 26027 24123
26788 25078 26702 24796
27139 25413 26065 24582
27526 24188 26031 24903
27984 24139 25488 24734
26677 25387 26427 24778
27107 25383 26208 24822
27137 24121 26149 25279
26534 25369 26649 24474
26745 25519 26355 24982
27470 24849 26059 24339
26989 24211 26298 25467
27416 25427 25687 24393
27857 24195 25909 24299
27548 25348 25690 24227
27101 24870 26243 25008
27312 24368 26321 24893
27349 24474 26162 25097
27495 24629 25915 24631
26958 24805 26581 25136
27871 24525 25648 24442
26834 25061 26595 24914
26770 24941 26450 25073
26826 25285 26275 24842
27356 24242 26235 24691
26656 25461 26372 24808
27706 24865 25844 24312
27794 24644 25508 24599
26635 25198 25935 25447
27273 25181 25978 24360
26879 25511 26066 24923
27925 24728 25262 24430
27801 24283 25490 24926
27060 24166 26526 25317
26604 25338 26711 24818
27622 25102 25519 24332
27187 25603 25701 24479
28014 24590 25391 24452
27361 24713 25835 24992
26836 24855 26236 25381
27833 24459 25780 24325
26731 24747 26362 25445
26702 24997 26405 25113
27714 24796 25876 24112
27733 24565 25531 24976
27192 25387 25953 24496
27161 24924 26694 24654
27355 25308 25997 24142
27672 24987 25774 24161
27845 24585 25487 24558
27174 24916 26330 24972
27745 24440 25263 24965
27146 24642 26110 25260
27022 24035 26668 25010
26926 25225 26489 24638
27149 24530 26281 25023
27124 25245 26265 24574
27728 24753 25527 24614
27144 24342 26223 25278
26876 25366 26444 24515
27806 24899 25462 24414
27225 24664 26189 24677
27927 24483 25758 24395
27719 24732 25681 24387
27040 25517 25966 24687
26878 25203 26458 24839
27110 25004 26196 24867
26827 24388 26370 25458
27277 24233 25680 25385
27618 25193 25481 24108
27060 24228 26254 25333
26961 24619 26550 25032
26850 24906 26668 25012
27901 24334 25810 24233
26917 24954 26052 25579
27004 24826 25820 25498
27530 24590 25401 24912
26864 24730 26681 24983
27120 25059 25996 25152
26776 24763 26695 25130
27755 24344 25913 24503
27654 24296 26084 24404
27692 24250 25991 24567
27635 24938 26023 24091
27284 25301 25893 24260
27787 24707 25932 24365
26818 25100 26737 24409
26813 25080 26122 25401
27875 24684 25504 24463
27835 24146 25736 24531
27773 24211 25891 24585
27433 24492 26055 24935
26683 24990 26513 25270
27921 24706 25576 24124
27037 24590 25881 25553
27043 25039 26227 24881
26894 24876 26384 24947
27211 25214 26057 24461
27902 24495 25785 24183
27979 24431 25522 24464
27180 25240 26160 24785
27405 25083 25616 24693
27961 24516 25524 24435
27291 25500 25597 24117
27003 25346 26293 24481
26918 25048 26649 24875
27356 24119 26099 25117
27466 24163 25842 25249
26964 25030 26155 25197
27890 24561 25513 24698
27925 24671 25479 24260
26817 24692 26294 25536
27219 24370 26475 24845
27214 24679 26104 25390
27073 25395 25482 24853
26923 25488 26291 24623
26859 25358 25911 24984
27328 25114 25907 24775
26744 24952 26198 25450
27665 24638 25466 24754
27907 24422 25627 24405
27447 24315 25842 24846
26493 25184 26600 24996
27016 25325 26372 24303
27862 24772 25769 24321
27814 24234 25937 24381
27711 24780 25717 24366
26805 25157 26353 25138
26790 25293 26269 25045
27029 25152 25921 25130
27304 25304 25762 24737
27172 25385 26107 24669
27572 24940 26177 24019
26899 24980 25938 25311
27519 24593 25564 24936
27234 25035 25801 25019
27240 24507 25783 25411
27700 24702 25331 24638
27485 25010 25951 24519
26807 25133 26480 25001
27768 24564 25383 24763
27782 24397 25699 24832
27705 25084 25540 24081
27164 24845 25641 25072
26791 24931 25834 25634
27627 24927 25618 24587
27443 24303 26097 25104
27878 24415 25660 24835
27265 25121 26075 24514
26809 25362 26166 25050
26703 25124 26632 24833
27230 25273 25952 24387
27362 25313 25494 24749
26835 24647 26566 25348
27457 25139 25956 24173
27658 24794 25366 24788
26947 24413 26610 25314
27733 24386 26045 24384
27351 24554 26042 25028
27063 25028 26134 25037
27511 24437 25628 25225
26677 25475 26296 25157
27055 24338 26200 25376
27479 24339 26142 24589
27533 24899 25947 24508
27044 24316 26238 25352
27391 25280 25870 24195
27209 24461 26153 25235
27576 25044 25974 24149
27369 25091 26035 24305
27572 24772 26186 24095
26774 24857 26609 25219
27265 25058 26311 24416
26943 24621 26250 25140
27023 25172 26213 25045
26859 25052 26455 24849
27780 24482 25891 24559
26652 25392 26344 25316
26749 25021 26708 24669
26646 24808 26629 25164
26971 25606 25902 24512
27670 24650 26018 24093
27697 24793 25720 24572
27558 24818 25667 24518
27918 24663 25293 24458
26598 24780 26613 25389
26915 24904 26750 24616
27478 25362 25740 24419
27800 24610 25506 24569
27804 24831 25683 24166
26747 25309 26352 25071
27086 24821 25689 25378
27652 24152 25534 24858
27436 24199 26014 25172
27100 25032 25960 25166
27399 25137 26023 24288
26817 25449 26437 24428
27123 24923 26094 25204
27810 24837 25635 24358
26851 24641 26323 25245
27650 24587 25895 24380
27596 24560 26156 24199
27439 24338 25796 24931
27470 24758 25983 24604
27517 24779 25948 24553
27563 24468 26102 24559
26949 24681 26137 25534
27089 24645 26009 25424
27088 24469 26094 25608
27007 24593 26012 25573
27536 24486 26028 24730
26802 24934 26714 24853
26915 25613 25944 24956
26614 25034 26568 25459
27548 25006 25424 24519
26734 25225 26484 24956
27579 24981 25878 24151
26875 25449 26381 24762
26693 25151 26730 24862
27559 24252 25730 25021
26983 24933 26606 24399
27673 24376 25329 25059
27554 24751 25804 24544
27522 24679 25887 24557
27257 24478 26157 24986
26871 25150 26344 24959
27578 24427 25916 24651
27520 24914 25867 24628
27413 24978 26004 24526
26690 25127 26012 25337
27309 24700 26081 24905
27689 25018 25744 24168
27036 25478 26284 24191
27281 24800 26108 24709
27652 24754 25923 24237
27387 24430 26149 24998
26606 25172 26546 24959
27569 24791 25917 24320
27637 24406 25987 24649
27509 24158 26150 24996
26599 25077 26730 25023
27069 24793 26599 24664
27634 24416 25825 24635
26775 25102 26628 24689
27412 25432 25517 24480
27373 24848 25930 24773
26804 24656 26401 25403
27600 24375 26040 24418
27272 24287 25879 25230
27690 24276 25844 24790
27960 24562 25747 24173
27027 24841 26544 24655
27740 24788 25695 24221
27250 24422 26322 24721
27550 25053 25415 24577
27557 25177 25493 24290
27057 25163 26346 24665
26618 25127 26278 25395
27396 24654 25564 25233
27755 24636 25542 24529
27279 25093 26316 24411
27341 25249 25796 24424
27688 24700 25378 24757
27412 24616 25644 24989
27034 24760 26280 25041
27218 24839 25824 25109
27237 24449 26041 25104
27659 24755 25414 24700
27556 25116 25768 24079
27512 24754 25497 24741
27114 24264 26276 25161
27466 24682 25307 25080
27306 25057 26141 24700
26748 24955 26339 25348
27580 24256 25726 24948
27102 25440 26060 24575
27207 25317 26111 24565
27279 24485 25600 25335
26798 24378 26604 25404
27709 24380 25873 24739
27467 24829 25430 24747
26868 25064 26048 25307
27185 25111 26342 24370
27598 24913 25833 24284
27395 24689 25756 24922
27401 24470 25620 25128
27544 24422 26118 24342
27258 24873 25751 25001
26991 24756 26060 25499
27084 24983 26275 24956
27031 24881 26303 25048
26974 25197 26068 24844
26951 25138 26553 24813
27200 24758 26426 24954
27374 24762 25584 25076
27218 24802 26178 25056
27310 24783 26008 25140
27584 24470 25845 24728
27754 24274 25799 24716
27065 24708 25897 25323
26992 24990 26284 24890
27280 25068 25430 24884
27409 24737 25724 24956
27348 24641 25787 24998
27201 25038 25375 24999
26877 25193 26529 24760
27260 25142 26103 24559
27449 25111 25960 24649
27436 24843 26072 24635
27738 24727 25619 24408
27191 24473 26210 25038
27338 24663 25873 25080
27237 24936 25906 24809
27455 24811 25963 24532
27509 24752 26002 24404
27544 24471 25912 24599
27192 24798 25727 25123
27484 24735 25983 24441
27035 25093 26191 24912
27108 25372 25751 24730
27648 24315 25466 25056
27418 24524 25633 25047
27057 25052 26461 24543
27304 25017 26006 24804
27243 24993 26015 24705
27393 24897 25548 24806
27412 24438 25719 24973
26715 25322 26545 24690
27582 24499 25781 24567
27233 25120 25798 24741
27374 24786 26034 24798
27414 24903 25731 24761
27507 24931 25753 24725
27512 24318 25951 24799
27570 24728 25868 24802
26867 25007 26142 25229
27556 24785 25692 24587
27454 24660 25999 24690
27335 25064 25685 24742
27340 24408 25889 25122
27388 24524 25942 24824
27241 25066 26028 24662
27241 24825 26103 24812
27415 25062 26080 24221
27200 25131 25969 24832
27339 25358 25880 24662
27175 25118 26210 24675
27470 24774 25926 24743
27060 24448 26199 25222
27340 24694 25893 24851
27032 24797 26263 25049
27651 24730 25842 24371
27341 24304 25893 25223
27648 24387 25505 24997
27207 25083 26069 24831
27485 24689 25998 24442
27123 25140 25522 24832
27184 24802 26210 24630
27370 24907 26043 24752
28020 24267 25452 24196
27743 24534 25574 24025
27045 24868 25300 25186
27011 24095 26452 25255
26967 24253 26060 25392
26847 25396 25684 24408
26770 24594 26603 24918
26556 24678 26343 25036
27817 24187 25408 24622
27670 24968 25562 24144
26592 25321 25652 24494
26642 24962 26583 24951
26700 24791 26483 24935
26826 25038 25319 24935
26779 24708 26217 25245
26952 25169 26092 24631
26913 24300 26186 25000
26725 25162 26395 24688
26929 24898 26470 24548
27723 24664 25445 24376
26750 24522 26439 25310
27660 24587 25488 24511
26814 24830 25922 25110
27092 24358 26046 25291
27617 24817 25583 24228
26852 25270 26188 24532
27071 25222 25970 24650
26936 24441 26454 24981
27335 24763 25389 24790
27765 24384 25601 24617
27257 24402 26029 24964
27418 24128 25843 24770
27761 24496 25908 24198
26884 24153 26162 25069
27340 25228 25787 24246
27369 24826 25752 24501
26656 24785 25993 25147
27523 24835 25502 24703
27584 24472 25854 24260
27027 24743 26406 24670
27038 24604 25858 25348
26999 24509 26234 24747
26884 25262 25411 24456
27642 24210 25646 24715
26866 24807 25820 25268
26741 24923 26356 24792
27178 24658 26309 24590
27687 24391 25587 24524
27084 25127 26174 24721
27599 24726 25535 24450
27320 24761 25429 24765
27283 24697 25791 24875
27294 25098 25721 24273
27541 24593 25907 24329
26890 24623 26322 25027
26947 24983 26268 24678
27325 24185 26041 24818
27546 24725 25784 24319
27197 24974 26083 24607
27752 24612 25542 24461
27258 24329 26075 25063
26992 24777 26056 25091
26904 25069 26112 24830
27538 24632 25615 24632
27496 24715 25814 24489
27253 25059 25949 24532
26903 25005 26284 24748
26943 24943 26105 24990
27105 24917 25636 25145
27573 24711 25628 24424
27172 24768 26154 24698
26946 25018 26318 24728
27401 24999 25937 24286
27181 24814 25811 25052
27304 25034 25590 24707
27391 24568 25688 24889
27115 24545 25947 25325
27540 24373 25391 24809
27295 24564 25993 24937
27398 24282 26006 24693
27610 24208 25726 24596
27571 24615 25784 24368
27268 24927 26194 24389
27226 24884 25980 24712
27151 24773 25852 24804
27120 24783 26271 24567
26983 24592 26128 25039
27116 25133 25915 24440
27128 24510 25919 24950
27413 24467 25710 24930
27507 24646 25739 24372
27522 24229 25735 24659
27325 24845 25975 24477
27096 24523 26208 24898
27453 24677 25682 24594
27214 24796 26021 24443
27126 24624 26006 25157
27461 24663 25693 24690
27326 24147 25942 24976
26737 24751 26221 25259
27359 24690 25829 24906
27150 24732 25966 24909
27440 24908 25662 24695
27293 24392 26001 24811
27397 24780 25730 24315
26817 24580 26049 25246
27542 24455 25663 24715
27511 24616 25862 24751
26743 24951 25726 25046
27521 24803 25571 24399
26896 25002 25706 24926
26888 25092 26217 24749
27080 24539 26049 25342
27229 24883 25684 24658
27095 25152 25923 24705
27473 24810 25541 24499
27056 24761 26223 24849
27199 24623 26212 24860
27281 24725 25609 24833
27397 24315 26057 24619
27601 24267 25723 24778
27028 24850 25683 24954
27470 24531 25875 24645
27403 24642 25970 24519
26971 24935 26158 24907
27202 24246 25858 25330
27431 24448 25721 24848
27361 24688 25875 24707
27568 24470 25858 24646
27277 24674 25845 24928
27204 24625 25978 24739
27254 24922 26135 24395
27543 24449 25887 24595
27421 24720 25878 24507
27103 24912 25928 24881
27345 24450 26117 24430
27016 24765 26223 24661
27044 24681 25926 25058
27003 25130 26165 24697
27096 24521 26018 25333
27402 24738 25826 24533
27060 24931 26119 24891
27061 24821 25939 24974
27279 24600 26114 24564
27513 24517 25658 24684
27121 24989 25961 24498
26749 24880 26118 24918
27395 24823 25881 24617
27352 24757 25732 24735
27081 24652 26116 24954
27428 24753 26067 24498
27125 24755 25928 24786
27109 24774 25971 24912
27091 24998 26059 24686
27329 24921 26073 24392
27351 24518 25640 24908
27403 24471 25957 24921
27332 24619 25976 24683
27176 24599 25825 24929
27266 24450 26042 24909
27280 24779 25960 24780
27255 24821 26024 24393
27125 24775 25877 25064
27267 24742 26116 24397
27694 24163 25453 24374
27230 24785 25915 24012
27121 25077 25214 24177
26940 24092 26352 25121
26740 25221 25446 24422
26486 24326 26161 25304
26433 24743 26399 24866
26421 24521 26369 24896
26586 24264 25983 25210
27283 24677 25397 24768
27491 24655 25305 24468
27600 24570 25496 24324
27637 24231 25588 24471
26995 25114 25748 24600
26546 24992 26024 24605
27533 24473 25670 24238
26614 24681 26348 24877
26694 24381 26320 25085
27231 24682 26006 24107
27043 24690 26169 24448
27591 24642 25250 24111
27004 24413 26136 24790
26702 24735 25472 25240
27475 24447 25742 24123
26784 24165 26362 24813
26815 24921 25771 24742
26749 24564 26229 24813
27027 25029 25941 24475
27309 24866 25607 24486
26956 24495 25943 24917
27593 24501 25541 24201
27108 24796 25752 25035
26840 24876 26262 24661
27059 24208 25927 25016
27689 24382 25456 24420
27514 24498 25524 24475
27226 24997 25850 24519
27487 24397 25824 24355
27079 24987 25980 24467
27274 24280 25938 24824
27325 24895 25661 24395
27591 24512 25470 24497
27423 24514 25728 24459
27021 25068 25782 24339
27015 24275 26079 24846
27401 24360 25620 24818
26817 24789 26071 24902
27553 24470 25657 24530
26882 24674 25675 25077
26719 25109 26205 24458
26881 24487 26111 24799
27125 24353 25844 24957
26749 24279 26275 24681
26912 24520 25994 25099
27317 24635 25557 24733
27454 24347 25838 24527
27054 24657 25861 24967
27538 24327 25781 24622
26898 25107 25654 24651
26968 24716 25928 24731
27417 24602 25736 24595
27262 24553 25707 24746
26968 24708 26098 24509
26898 24961 26315 24585
26858 24831 25739 24822
27181 24549 26209 24643
27063 24758 26013 24542
26788 24972 26093 24657
27116 24547 25937 24997
27040 24763 25921 24767
26727 24506 25816 25239
27088 24946 25986 24618
27207 24459 25844 24893
27389 24478 25800 24610
27318 24806 25870 24561
27462 24434 25689 24334
26822 24373 25942 25105
27364 24871 25581 24393
27353 24435 25654 24721
27472 24493 25638 24680
27177 24487 25912 24757
26707 24644 25927 24996
27463 24660 25677 24398
27520 24376 25488 24582
27165 24506 25826 24725
27138 24624 25699 25018
27248 24575 25995 24192
26837 24754 25867 24901
26736 24976 25741 24720
27417 24840 25601 24581
27257 24580 25694 24667
27228 24954 25892 24420
27370 24566 25762 24651
27396 24411 25913 24907
27102 24574 25813 24773
27203 24378 26020 24832
26898 24738 25772 25007
27379 24624 25747 24555
27185 24891 25873 24554
27197 24846 25994 24594
26950 24269 25882 25077
27155 24888 25698 24576
27199 24556 25698 24704
27100 24958 25886 24564
27241 24562 25677 24668
26960 24955 25899 24667
27148 24623 25675 24880
27463 24346 25787 24607
27254 24465 25784 24800
27196 24615 25681 24617
27249 24988 25576 24468
26863 24796 25922 24800
27104 24620 25880 24696
27093 24967 25774 24668
27089 24647 26094 24680
27101 24710 25878 24687
27023 24887 25848 24821
27089 24615 25825 24959
27227 24496 25794 24665
27605 24195 25428 24138
27443 23920 25644 24486
27433 24532 25159 24377
27047 24669 25676 25007
26717 25106 25928 24395
26698 24805 26276 24548
26451 24552 26105 24696
26493 24774 25987 24725
26664 24410 26188 24768
27545 24107 25274 24312
27378 24035 25502 24829
27250 24132 25290 24762
26811 24953 25947 24303
26819 24698 25731 24905
26859 24186 25952 24835
26935 24545 25923 24991
26949 24618 25846 24845
27540 24366 25607 24339
27270 24815 25400 24492
27083 24897 25438 24171
26684 24560 26123 24691
27035 24755 25537 24633
27471 24246 25479 24593
26800 24928 26193 24536
27224 24799 25892 24225
27104 24455 25823 24711
26664 24548 25919 24938
27162 24491 25927 24570
27233 24733 25703 24417
27337 24288 25883 24692
27289 24357 25860 24321
26794 24669 25968 24841
27471 24250 25582 24497
27168 24578 25798 24399
27431 24571 25441 24269
27502 24324 25628 24379
26974 24835 25752 24716
26956 24358 25969 24808
27479 24387 25502 24383
27382 24328 25820 24747
27284 24653 25486 24464
27411 24382 25444 24446
27436 24515 25501 24145
27111 24884 25838 24247
27243 24482 25279 24668
27024 24838 25756 24619
27328 24540 25636 24639
27126 24802 25719 24427
27088 24867 25926 24239
27277 24343 25843 24670
27392 24356 25779 24646
27044 24823 25882 24449
27014 24815 25985 24144
27089 24545 25906 24924
27080 24313 25970 24701
27206 24671 25765 24308
27017 24929 25901 24605
27392 24648 25585 24506
27075 24647 25797 24597
27180 24545 25939 24540
27136 24572 25782 24445
27059 24719 25892 24596
27016 24681 25683 24694
27115 24786 25919 24517
27077 24771 25415 24536
27195 24725 25887 24383
27116 24553 25584 24521
26964 24928 25964 24391
27134 24327 25961 24536
27075 24725 25784 24596
27399 24082 25402 24323
27393 24319 25398 24343
27065 24811 25752 23934
27035 23985 25799 24674
26962 24417 25577 24737
26798 24364 26162 24503
26575 25056 25696 24078
26620 24676 25932 24488
27372 24322 25691 24243
27096 24601 25747 24123
27099 24544 25487 24403
26895 24885 25588 24374
27239 24500 25632 24547
26682 24899 25848 24358
27158 24718 25565 24306
27287 24183 25674 24446
27074 24234 25903 24653
26736 24374 25855 24637
26955 24293 25820 24621
27003 24551 25762 24573
27273 24099 25658 24558
27152 24073 25747 24710
27267 24292 25549 24463
27286 24043 25609 24626
27026 24794 25787 24390
27083 24689 25878 24507
26642 24510 25826 24567
27288 24552 25570 24351
26772 24765 25869 24347
27392 24574 25559 24366
26632 24288 25695 24664
26766 24713 25694 24549
27277 23922 25451 24385
27242 24441 24555 23941
26822 24000 25322 24585
26590 24540 25817 24419
26434 24795 25414 23961
27237 23989 25192 24202
27234 24178 25608 24234
27227 24080 25549 24541
26892 24667 25780 24154
26862 24657 25761 24385
27238 24270 25465 24046
27153 24270 25511 24511
27011 24777 25655 24192
27267 24371 25335 24020
27134 24397 25330 23980
26828 24503 25725 24483
27053 24537 25739 24472
26942 24564 25268 24480
27004 24574 25439 24209
26867 24560 25789 24445
27210 23955 25162 24042
26953 24116 25238 24000
26911 23989 25346 24463
26594 24684 25516 24138
26451 24246 25732 24109
26135 24246 25687 24193
26805 24381 25668 24374
26733 24550 25677 24326
26897 24143 25229 24368
26724 24362 25511 24188
26665 24474 25262 23543
26608 24509 25469 24120
26498 24331 25096 24294
26526 24428 25398 24222
