139392 763.151
4201 3322
3243 4007
3741 3858
4067 3592
3595 3925
3999 3664
3858 3796
4126 3478
3465 3963
3967 3714
3789 3835
4095 3526
3667 3887
4030 3625
3885 3761
4159 3393
3401 3985
3950 3740
3776 3841
4077 3561
3641 3905
4010 3645
3882 3781
4144 3450
3550 3950
3989 3695
3814 3805
4111 3498
3703 3874
4047 3609
3928 3759
4187 3345
3312 3995
3950 3740
3753 3843
4069 3580
3611 3918
4004 3654
3858 3796
4135 3450
3550 3950
3989 3695
3802 3814
4104 3512
3703 3874
4045 3611
3928 3759
4173 3356
3450 3971
3966 3715
3789 3835
4089 3548
3651 3893
4026 3634
3882 3781
4158 3413
3567 3930
3990 3677
3828 3801
4123 3480
3728 3862
4054 3596
3928 3759
4195 3327
3265 4000
3950 3740
3741 3858
4067 3592
3611 3918
3999 3664
3858 3796
4132 3469
3478 3953
3967 3714
3797 3816
4095 3526
3672 3883
4030 3625
3928 3759
4164 3372
3428 3977
3966 3715
3789 3835
4083 3557
3648 3899
4016 3642
3882 3781
4146 3446
3563 3935
3989 3695
3826 3802
4111 3498
3713 3863
4047 3609
3928 3759
4187 3345
3385 3992
3950 3740
3776 3841
4073 3568
3641 3905
4010 3645
3882 3781
4144 3450
3550 3950
3989 3695
3809 3808
4104 3512
3703 3874
4045 3611
3928 3759
4178 3349
3450 3971
3966 3715
3789 3835
4089 3548
3667 3887
4026 3634
3884 3768
4158 3413
3595 3925
3990 3677
3858 3796
4123 3480
3741 3858
4067 3592
3928 3759
4201 3322
3243 4007
3950 3740
3741 3858
4067 3592
3611 3918
3999 3664
3858 3796
4132 3469
3470 3955
3967 3714
3795 3818
4095 3526
3672 3883
4030 3625
3928 3759
4164 3372
3415 3980
3951 3722
3776 3841
4083 3557
3641 3905
4016 3642
3882 3781
4146 3446
