11 0.160006
7369 7543 7780
7609 7529 7591
7562 7545 7683
7517 7657 7613
7381 7345 7826
7558 7714 7497
7484 7540 7717
7343 7611 7645
7357 7713 7537
7466 7338 7737
7308 7677 7565
7403 7384 7745
7472 7584 7623
7263 7549 7689
7393 7675 7517
7383 7256 7828
7518 7621 7560
7773 7823 7436
7150 7772 7608
7566 7236 7623
7549 7541 7644
7535 7798 7226
7333 7346 7722
7534 7690 7460
7772 7290 7190
6849 7665 7598
7246 7714 7383
7584 7486 7536
7171 7411 7671
7012 7367 7724
7352 7635 7536
7281 7723 7289
7590 7481 7303
7465 7649 7511
7360 7583 7553
7587 7349 7540
7478 7656 7496
7223 7553 7568
7440 7567 7538
7129 7789 7227
7351 7698 7251
7485 7630 7475
7273 7694 7374
7191 7598 7537
7049 7672 7461
7429 7542 7565
7394 7557 7543
7734 7120 7368
6618 7804 7091
7555 7470 7401
7509 7270 7641
7371 7749 7210
7500 7615 7420
7421 7450 7633
7571 7326 7257
7365 7534 7614
7465 7394 7578
7476 7597 7452
7412 7634 7498
7331 7616 7533
7407 7513 7598
7408 7674 7459
7405 7677 7441
6826 7008 7075
6836 7014 7334
6612 6876 7232
7693 7386 7105
6906 7072 7183
7365 7549 7358
7305 7303 7266
6749 6812 7085
6939 7749 7155
6872 6892 7055
7018 7058 7110
7256 7205 7207
6759 7535 6962
6988 7346 7190
7227 7064 6884
7213 7113 7002
6454 6899 6628
6912 7513 6917
6788 7138 6937
7413 6984 7375
6903 7125 6847
6883 7273 7639
7221 6924 7082
7114 7607 7372
6995 7284 6896
6991 7226 6824
7103 7258 6912
6901 7151 7132
7505 6863 6826
6923 7052 6541
7446 7155 7262
6952 7218 7155
6908 7540 7185
7098 7486 7160
6407 7263 7117
7431 7078 7346
6923 7035 7252
6688 7149 7075
7069 7094 6943
7163 7060 6913
7157 7387 7137
6809 6968 7092
7269 7367 7280
7278 7641 7168
6791 7174 6827
7118 7207 7346
7320 7496 7395
7032 7339 7409
6644 7041 7165
6682 6677 6469
7077 7408 7013
7112 6854 7110
6897 6968 6828
7381 7226 7198
6518 6777 6729
6911 7103 6593
6800 7044 7235
6538 6811 6766
7130 7454 6416
6915 7348 7287
6663 7129 7020
7045 7307 7199
6899 7631 7227
6653 7089 6950
6570 6981 6893
7054 7161 7167
6913 6811 6973
7080 7074 6941
7132 7269 7013
6348 7052 6818
6815 6914 6643
7314 7221 7139
7212 7158 6786
7480 7348 6979
7223 6993 7123
6768 7209 6948
6604 7103 7164
6745 6838 7108
6982 7650 7181
7262 6999 7133
7085 7147 6917
7104 7129 6776
6796 7065 6833
7106 6725 6848
6970 7404 7156
6815 7235 7181
7112 6833 6874
7245 7156 7060
6636 7210 7455
7045 7052 6873
7196 7626 7245
6945 7124 7045
7078 7112 6606
7250 7273 7330
7404 7249 6985
7020 7136 6756
6971 6773 7263
6457 6965 6645
7047 7454 7257
7539 7204 7163
6568 6825 6527
7038 7154 7422
7378 6866 7551
7329 7033 7037
7303 7253 7326
6941 7097 7121
6888 7071 6924
6534 7418 7169
7458 7169 7690
6749 7024 6638
6892 7095 7274
6757 7132 6817
7430 7180 7245
7073 7519 6901
7119 7163 6904
6740 6901 6684
7213 7395 7070
7006 7422 6785
7344 7164 7154
7035 7369 6886
7037 7283 7280
6941 7076 7082
6941 7504 6910
7151 7349 7148
7115 6681 6883
6915 7556 7085
7066 6843 6875
7260 7513 7383
6946 6983 7060
7233 7327 7242
7173 7395 7157
6779 7146 6634
6914 6903 6565
6992 7138 7232
7370 7560 7405
7211 7160 7548
6837 6415 6604
