1381 120.096
3425 4008
4248 3300
4248 3300
4215 3423
4227 3357
3425 4008
3469 4000
3732 3908
4041 3697
3540 3982
4235 3327
4227 3357
4197 3462
4089 3635
3595 3966
3704 3912
4122 3569
4121 3595
3632 3949
3512 3986
4094 3612
4215 3423
4199 3443
4246 3319
3822 3857
3635 3938
4164 3521
4168 3505
4019 3700
3990 3731
3616 3956
4064 3660
3556 3975
4246 3319
4164 3521
4050 3680
4176 3475
3855 3832
4102 3602
4121 3595
3907 3806
3888 3812
4152 3528
3582 3970
4175 3491
3763 3878
3481 3998
3595 3966
3660 3935
3749 3893
4235 3327
3732 3908
3749 3893
3838 3839
3568 3971
3485 3993
4056 3666
4050 3680
4205 3437
3787 3870
3616 3956
3672 3925
3806 3860
3540 3982
3688 3919
4151 3534
3568 3971
3511 3987
3977 3738
3963 3761
3964 3748
3778 3875
3909 3801
3469 4000
3497 3989
3952 3769
3704 3912
3497 3989
3690 3914
3938 3773
4082 3640
3938 3773
4009 3717
4094 3612
3977 3738
3582 3970
4199 3443
4174 3499
3918 3792
4014 3705
4071 3649
4010 3716
3762 3881
3806 3860
3909 3801
4136 3554
3997 3718
3556 3975
4185 3466
4185 3466
3616 3956
4074 3646
3645 3937
3952 3769
3963 3761
4235 3327
3888 3812
4019 3700
4071 3649
4142 3537
3918 3792
3666 3926
3879 3817
4139 3546
3870 3826
4175 3491
4174 3499
4102 3602
3860 3830
4205 3437
3870 3826
3485 3993
4014 3705
3969 3747
3963 3761
3952 3769
4139 3546
3970 3739
3653 3936
4152 3528
4142 3537
3797 3862
4050 3680
3870 3826
3918 3792
3753 3885
3879 3817
3929 3778
4041 3697
3927 3783
3797 3862
3990 3731
4098 3605
3994 3724
3556 3975
3632 3949
4121 3595
3616 3956
3838 3839
3855 3832
3791 3863
4056 3666
3779 3871
3645 3937
4227 3357
3929 3778
3834 3842
3672 3925
3660 3935
4136 3554
3666 3926
3653 3936
3970 3739
4064 3660
4178 3470
4082 3640
3688 3919
3924 3786
3907 3806
4125 3566
3751 3891
3753 3885
3672 3925
4168 3505
4205 3437
4074 3646
4056 3666
4082 3640
4064 3660
3825 3851
4128 3560
3996 3722
3753 3885
3825 3851
4142 3537
3994 3724
3884 3813
3969 3747
3825 3851
3791 3863
3666 3926
4168 3505
4050 3680
4056 3666
4205 3437
4130 3555
3924 3786
3831 3848
3938 3773
4089 3635
3907 3806
3690 3914
3929 3778
4130 3555
3688 3919
4128 3560
3791 3863
3964 3748
4014 3705
3855 3832
3879 3817
4089 3635
3860 3830
3512 3986
3779 3871
3997 3718
3762 3881
3860 3830
4185 3466
3497 3989
4178 3470
3952 3769
3704 3912
3732 3908
4197 3462
3879 3817
3884 3813
3540 3982
3778 3875
3870 3826
4122 3569
3832 3845
3763 3878
4176 3475
3751 3891
3690 3914
3990 3731
3481 3998
3787 3870
3884 3813
4010 3716
4094 3612
3838 3839
4098 3605
4177 3472
4125 3566
4041 3697
3822 3857
3838 3839
3778 3875
3831 3848
3927 3783
3924 3786
4019 3700
3831 3848
4151 3534
3832 3845
4177 3472
4100 3603
4130 3555
3635 3938
3632 3949
4128 3560
4122 3569
4125 3566
4139 3546
4139 3546
4074 3646
3924 3786
3822 3857
4071 3649
4125 3566
3481 3998
3860 3830
4178 3470
4100 3603
3749 3893
3996 3722
4098 3605
3833 3843
3806 3860
3511 3987
3964 3748
3833 3843
3779 3871
3997 3718
3834 3842
3907 3806
4248 3300
4128 3560
4100 3603
3994 3724
4197 3462
3749 3893
3751 3891
4098 3605
3927 3783
3688 3919
3645 3937
3888 3812
3582 3970
3977 3738
3635 3938
4102 3602
3797 3862
3970 3739
4010 3716
3512 3986
3787 3870
4009 3717
3653 3936
4151 3534
3831 3848
3511 3987
3970 3739
3969 3747
3512 3986
4175 3491
4177 3472
4010 3716
3963 3761
3996 3722
3762 3881
4121 3595
3778 3875
4009 3717
3833 3843
4178 3470
3779 3871
4205 3437
4082 3640
4139 3546
4056 3666
3825 3851
4235 3327
3970 3739
4050 3680
4178 3470
4178 3470
3963 3761
3938 3773
3990 3731
3997 3718
3964 3748
4121 3595
4151 3534
3870 3826
3833 3843
4009 3717
3994 3724
4098 3605
3753 3885
3870 3826
3963 3761
3879 3817
4019 3700
3749 3893
3749 3893
3616 3956
4050 3680
3616 3956
4125 3566
3653 3936
3964 3748
3822 3857
4009 3717
4071 3649
3997 3718
3582 3970
3977 3738
3690 3914
3787 3870
3834 3842
4019 3700
3822 3857
3907 3806
3797 3862
3653 3936
3831 3848
4102 3602
3645 3937
3884 3813
3825 3851
3666 3926
3831 3848
4168 3505
3831 3848
3511 3987
3732 3908
4014 3705
4100 3603
3833 3843
3632 3949
3970 3739
3907 3806
3787 3870
4100 3603
4197 3462
3907 3806
3963 3761
3751 3891
3753 3885
4174 3499
3996 3722
3909 3801
4128 3560
3787 3870
3778 3875
4050 3680
3831 3848
3884 3813
3822 3857
3497 3989
3964 3748
3763 3878
4094 3612
4178 3470
4100 3603
3834 3842
4071 3649
3822 3857
4139 3546
4128 3560
3632 3949
4227 3357
3833 3843
3832 3845
4152 3528
3806 3860
3860 3830
3990 3731
3860 3830
4071 3649
3749 3893
4100 3603
3751 3891
3969 3747
3666 3926
3909 3801
4071 3649
4010 3716
3666 3926
3879 3817
3952 3769
3787 3870
3595 3966
3666 3926
4125 3566
3666 3926
3831 3848
3952 3769
4177 3472
3797 3862
3996 3722
3907 3806
4010 3716
3753 3885
3616 3956
3938 3773
3762 3881
3672 3925
3732 3908
3952 3769
3879 3817
3870 3826
3964 3748
3753 3885
4197 3462
3645 3937
4102 3602
3952 3769
4071 3649
3833 3843
3825 3851
3907 3806
4177 3472
3870 3826
4089 3635
3666 3926
4050 3680
3907 3806
4019 3700
3909 3801
3666 3926
3938 3773
3688 3919
3997 3718
3929 3778
3832 3845
4089 3635
4128 3560
3831 3848
3860 3830
3879 3817
3645 3937
3855 3832
3969 3747
3797 3862
4082 3640
3666 3926
4074 3646
4125 3566
3485 3993
3996 3722
3469 4000
3969 3747
3952 3769
3879 3817
3963 3761
3990 3731
3753 3885
3870 3826
3797 3862
3929 3778
3918 3792
4142 3537
3787 3870
3732 3908
3879 3817
4205 3437
3732 3908
4164 3521
3918 3792
4185 3466
3653 3936
3909 3801
4199 3443
3822 3857
4082 3640
3797 3862
3969 3747
3753 3885
3994 3724
3511 3987
4019 3700
3660 3935
3666 3926
3797 3862
3963 3761
3970 3739
3907 3806
3907 3806
3918 3792
3635 3938
3635 3938
3888 3812
3797 3862
4102 3602
4089 3635
3749 3893
4142 3537
4010 3716
3870 3826
3870 3826
3732 3908
3907 3806
3952 3769
3595 3966
3704 3912
3753 3885
3879 3817
4089 3635
4122 3569
4050 3680
3485 3993
4050 3680
4121 3595
4019 3700
3963 3761
3540 3982
4164 3521
3556 3975
4071 3649
3749 3893
3990 3731
3749 3893
4205 3437
3831 3848
4064 3660
3582 3970
4010 3716
4175 3491
3653 3936
4102 3602
3688 3919
3969 3747
3909 3801
4121 3595
3970 3739
3831 3848
3855 3832
4121 3595
4056 3666
4071 3649
3635 3938
3806 3860
3888 3812
3791 3863
3997 3718
3952 3769
3870 3826
4215 3423
4227 3357
3672 3925
4056 3666
3469 4000
4122 3569
4197 3462
4164 3521
4094 3612
3616 3956
4010 3716
4010 3716
3732 3908
3497 3989
3963 3761
3485 3993
3645 3937
4128 3560
4151 3534
4174 3499
3511 3987
3977 3738
3825 3851
3964 3748
3763 3878
3704 3912
3938 3773
3749 3893
4227 3357
4151 3534
3832 3845
3660 3935
3990 3731
3582 3970
3822 3857
3832 3845
3645 3937
3645 3937
3970 3739
4074 3646
3990 3731
4094 3612
3632 3949
4041 3697
3990 3731
3540 3982
3749 3893
3787 3870
4102 3602
3929 3778
3870 3826
3791 3863
3732 3908
4136 3554
3485 3993
4064 3660
3660 3935
4100 3603
4121 3595
3595 3966
4102 3602
3749 3893
3838 3839
3666 3926
4089 3635
3540 3982
4019 3700
4041 3697
3469 4000
4125 3566
3732 3908
4009 3717
4041 3697
4100 3603
4050 3680
3855 3832
3749 3893
3907 3806
3888 3812
4041 3697
3556 3975
4041 3697
3540 3982
3832 3845
4136 3554
4010 3716
3787 3870
4164 3521
3838 3839
4168 3505
4151 3534
4125 3566
3822 3857
3927 3783
4074 3646
3831 3848
3753 3885
3838 3839
4142 3537
4178 3470
3635 3938
4128 3560
4139 3546
3832 3845
3704 3912
4098 3605
3690 3914
3860 3830
3996 3722
3797 3862
3834 3842
4082 3640
3907 3806
4168 3505
3996 3722
3825 3851
3994 3724
3884 3813
3791 3863
3797 3862
4050 3680
3825 3851
4168 3505
4089 3635
3907 3806
3909 3801
3511 3987
3485 3993
4128 3560
3791 3863
3855 3832
3964 3748
4014 3705
4089 3635
3879 3817
3497 3989
3870 3826
3779 3871
4197 3462
3997 3718
3952 3769
3645 3937
3969 3747
4121 3595
3832 3845
4177 3472
3952 3769
3918 3792
3497 3989
3690 3914
3997 3718
4050 3680
3779 3871
4128 3560
4130 3555
3996 3722
4009 3717
3763 3878
4041 3697
4125 3566
3704 3912
4071 3649
4010 3716
3952 3769
3918 3792
4010 3716
3870 3826
3909 3801
3797 3862
4094 3612
3749 3893
3660 3935
3833 3843
3997 3718
3927 3783
4128 3560
4197 3462
3749 3893
3751 3891
3690 3914
4248 3300
3909 3801
3751 3891
3787 3870
3635 3938
3582 3970
4056 3666
3977 3738
3672 3925
4010 3716
3970 3739
4102 3602
3996 3722
3831 3848
3762 3881
3778 3875
3963 3761
3833 3843
4151 3534
4175 3491
3977 3738
4102 3602
3888 3812
3704 3912
4168 3505
3732 3908
3732 3908
3568 3971
3511 3987
4056 3666
4050 3680
3616 3956
3540 3982
4151 3534
3632 3949
3907 3806
3963 3761
3763 3878
3497 3989
3952 3769
3938 3773
3582 3970
3497 3989
4009 3717
4094 3612
4174 3499
3918 3792
4071 3649
4010 3716
3762 3881
3595 3966
4215 3423
3425 4008
4121 3595
3469 4000
4235 3327
4041 3697
3540 3982
4197 3462
4089 3635
4122 3569
3732 3908
4164 3521
4094 3612
4215 3423
4185 3466
3632 3949
4199 3443
4248 3300
4019 3700
3990 3731
3616 3956
4064 3660
3556 3975
4246 3319
3963 3761
4235 3327
3778 3875
4176 3475
3749 3893
4130 3555
3797 3862
3909 3801
4041 3697
4142 3537
3938 3773
3918 3792
3927 3783
3485 3993
3855 3832
3616 3956
3990 3731
4152 3528
3779 3871
3645 3937
4050 3680
3834 3842
3666 3926
4130 3555
4082 3640
3653 3936
4064 3660
3970 3739
3753 3885
4064 3660
3688 3919
3825 3851
4199 3443
3924 3786
4152 3528
4174 3499
3556 3975
3469 4000
4185 3466
3616 3956
3645 3937
3952 3769
3888 3812
4019 3700
4071 3649
3870 3826
3918 3792
3666 3926
3909 3801
3879 3817
3749 3893
3860 3830
3870 3826
4074 3646
4125 3566
4014 3705
3860 3830
3831 3848
3924 3786
3952 3769
4136 3554
3653 3936
3753 3885
3929 3778
4009 3717
4074 3646
4064 3660
3749 3893
3977 3738
3927 3783
4041 3697
3666 3926
3909 3801
4152 3528
3751 3891
4151 3534
4246 3319
3832 3845
3666 3926
4125 3566
3952 3769
3833 3843
3938 3773
3831 3848
3996 3722
3753 3885
3778 3875
3997 3718
4125 3566
3797 3862
3672 3925
4205 3437
3645 3937
3964 3748
4174 3499
3870 3826
3918 3792
3918 3792
3690 3914
3616 3956
3870 3826
4082 3640
3806 3860
3990 3731
3688 3919
3616 3956
3791 3863
4168 3505
3825 3851
3969 3747
4094 3612
3825 3851
4064 3660
3918 3792
3751 3891
4125 3566
3666 3926
3653 3936
3779 3871
4050 3680
3838 3839
3753 3885
3779 3871
3952 3769
3753 3885
3751 3891
3952 3769
4056 3666
3666 3926
3616 3956
3870 3826
3918 3792
3797 3862
3870 3826
4010 3716
3952 3769
4142 3537
3952 3769
3918 3792
3927 3783
3825 3851
4151 3534
3879 3817
3831 3848
