48896 3422.17
26484 24273 25145
25758 25389 25372
24789 24054 26364
24789 24054 26364
24789 24054 26364
24789 24054 26364
24789 24054 26364
25045 24471 25864
25670 24602 25764
25847 24442 25796
24789 24054 26364
24789 24054 26364
25998 25024 25318
25045 24471 25864
25449 24764 25852
25233 24964 25636
26221 24750 25212
26032 25119 24618
25781 25381 24825
25666 25286 25413
25706 24630 25609
25045 24471 25864
26189 24472 25687
26370 25117 24996
25781 25381 24825
26189 24472 25687
25594 25051 25529
25463 24852 25662
25666 25286 25413
25708 25191 25500
25666 25286 25413
26250 25100 24998
26370 25117 24996
26370 25117 24996
25898 25166 25087
26065 24941 25267
26076 24841 25074
25463 24852 25662
24789 24054 26364
25449 24764 25852
26076 24841 25074
26032 25119 24618
25596 25038 25522
26250 25100 24998
26076 24841 25074
25857 24967 25571
25449 24764 25852
25781 25381 24825
25952 24611 25432
25706 24630 25609
25758 25389 25372
25884 25085 25440
25708 25191 25500
26189 24472 25687
26037 24620 25360
25898 25166 25087
25847 24442 25796
26065 24941 25267
26076 24841 25074
25708 25191 25500
26065 24941 25267
26250 25100 24998
25952 24611 25432
25884 25085 25440
25594 25051 25529
25594 25051 25529
25857 24967 25571
25045 24471 25864
25758 25389 25372
25857 24967 25571
25045 24471 25864
25449 24764 25852
26221 24750 25212
25857 24967 25571
25708 25191 25500
25847 24442 25796
26065 24941 25267
26065 24941 25267
25884 25085 25440
25857 24967 25571
25463 24852 25662
25463 24852 25662
25781 25381 24825
25758 25389 25372
26370 25117 24996
26250 25100 24998
26065 24941 25267
25708 25191 25500
25596 25038 25522
25884 25085 25440
25952 24611 25432
25666 25286 25413
25594 25051 25529
25596 25038 25522
25884 25085 25440
25898 25166 25087
25463 24852 25662
26076 24841 25074
25463 24852 25662
26076 24841 25074
25898 25166 25087
25449 24764 25852
25045 24471 25864
25594 25051 25529
26076 24841 25074
26065 24941 25267
25781 25381 24825
25857 24967 25571
25847 24442 25796
25952 24611 25432
25884 25085 25440
26032 25119 24618
25594 25051 25529
25857 24967 25571
25708 25191 25500
25594 25051 25529
26250 25100 24998
26370 25117 24996
25045 24471 25864
26065 24941 25267
26032 25119 24618
25045 24471 25864
26370 25117 24996
25781 25381 24825
25045 24471 25864
25884 25085 25440
25045 24471 25864
25952 24611 25432
26076 24841 25074
24789 24054 26364
24789 24054 26364
25045 24471 25864
25847 24442 25796
26189 24472 25687
26370 25117 24996
25952 24611 25432
26032 25119 24618
24789 24054 26364
25898 25166 25087
25781 25381 24825
26370 25117 24996
25781 25381 24825
25045 24471 25864
25463 24852 25662
25449 24764 25852
25884 25085 25440
25594 25051 25529
25594 25051 25529
25884 25085 25440
25857 24967 25571
25594 25051 25529
25706 24630 25609
25594 25051 25529
25857 24967 25571
25758 25389 25372
25666 25286 25413
25781 25381 24825
25594 25051 25529
26370 25117 24996
25463 24852 25662
25463 24852 25662
25898 25166 25087
26076 24841 25074
25898 25166 25087
26189 24472 25687
25449 24764 25852
25666 25286 25413
26065 24941 25267
25781 25381 24825
25781 25381 24825
25884 25085 25440
25884 25085 25440
26370 25117 24996
25857 24967 25571
25045 24471 25864
25045 24471 25864
25857 24967 25571
26370 25117 24996
26076 24841 25074
25594 25051 25529
25045 24471 25864
25884 25085 25440
26076 24841 25074
26065 24941 25267
25045 24471 25864
25898 25166 25087
25758 25389 25372
25884 25085 25440
25857 24967 25571
25884 25085 25440
25463 24852 25662
25758 25389 25372
25781 25381 24825
25463 24852 25662
26189 24472 25687
25952 24611 25432
25045 24471 25864
26370 25117 24996
26065 24941 25267
25857 24967 25571
25952 24611 25432
25884 25085 25440
25594 25051 25529
25857 24967 25571
25884 25085 25440
26250 25100 24998
26065 24941 25267
25781 25381 24825
25045 24471 25864
25857 24967 25571
25045 24471 25864
26076 24841 25074
26065 24941 25267
26076 24841 25074
26065 24941 25267
25781 25381 24825
25781 25381 24825
25781 25381 24825
25884 25085 25440
24789 24054 26364
25045 24471 25864
25847 24442 25796
26076 24841 25074
25781 25381 24825
25884 25085 25440
26370 25117 24996
25884 25085 25440
25045 24471 25864
25857 24967 25571
26076 24841 25074
25781 25381 24825
26065 24941 25267
26076 24841 25074
25045 24471 25864
25708 25191 25500
25884 25085 25440
26076 24841 25074
25045 24471 25864
26065 24941 25267
25594 25051 25529
25594 25051 25529
26370 25117 24996
25449 24764 25852
25857 24967 25571
25847 24442 25796
25884 25085 25440
25449 24764 25852
25463 24852 25662
25463 24852 25662
26065 24941 25267
25884 25085 25440
25596 25038 25522
26076 24841 25074
25857 24967 25571
25884 25085 25440
25594 25051 25529
26189 24472 25687
25857 24967 25571
25045 24471 25864
25847 24442 25796
26065 24941 25267
25884 25085 25440
25847 24442 25796
26065 24941 25267
25884 25085 25440
25857 24967 25571
25666 25286 25413
24789 24054 26364
24789 24054 26364
25758 25389 25372
26370 25117 24996
26370 25117 24996
25847 24442 25796
24789 24054 26364
26370 25117 24996
26065 24941 25267
25045 24471 25864
25594 25051 25529
26076 24841 25074
25781 25381 24825
25884 25085 25440
26370 25117 24996
25045 24471 25864
25463 24852 25662
25781 25381 24825
25884 25085 25440
26370 25117 24996
25463 24852 25662
25708 25191 25500
26370 25117 24996
25449 24764 25852
25449 24764 25852
24789 24054 26364
25596 25038 25522
25666 25286 25413
26076 24841 25074
25449 24764 25852
25847 24442 25796
25884 25085 25440
25884 25085 25440
25463 24852 25662
25884 25085 25440
25884 25085 25440
26076 24841 25074
25884 25085 25440
25884 25085 25440
25884 25085 25440
25884 25085 25440
26076 24841 25074
25884 25085 25440
26076 24841 25074
25884 25085 25440
25781 25381 24825
25708 25191 25500
25884 25085 25440
25884 25085 25440
26076 24841 25074
25884 25085 25440
25884 25085 25440
26076 24841 25074
26076 24841 25074
25884 25085 25440
25884 25085 25440
25884 25085 25440
25884 25085 25440
25857 24967 25571
26076 24841 25074
25884 25085 25440
25781 25381 24825
25884 25085 25440
26076 24841 25074
25884 25085 25440
25884 25085 25440
25884 25085 25440
26370 25117 24996
26076 24841 25074
25045 24471 25864
25884 25085 25440
25045 24471 25864
25857 24967 25571
25884 25085 25440
25884 25085 25440
26076 24841 25074
25594 25051 25529
26032 25119 24618
25463 24852 25662
25857 24967 25571
25463 24852 25662
25952 24611 25432
24789 24054 26364
26065 24941 25267
25884 25085 25440
26076 24841 25074
25884 25085 25440
25045 24471 25864
26370 25117 24996
25857 24967 25571
26076 24841 25074
25857 24967 25571
25045 24471 25864
26032 25119 24618
25884 25085 25440
26065 24941 25267
25045 24471 25864
25884 25085 25440
25449 24764 25852
25666 25286 25413
25045 24471 25864
25594 25051 25529
26189 24472 25687
25857 24967 25571
25884 25085 25440
25857 24967 25571
24789 24054 26364
26076 24841 25074
25463 24852 25662
25884 25085 25440
26370 25117 24996
26250 25100 24998
25857 24967 25571
25857 24967 25571
26076 24841 25074
25952 24611 25432
25857 24967 25571
25857 24967 25571
25594 25051 25529
26370 25117 24996
25884 25085 25440
25884 25085 25440
26076 24841 25074
26076 24841 25074
25884 25085 25440
25884 25085 25440
25884 25085 25440
25045 24471 25864
25884 25085 25440
26076 24841 25074
26076 24841 25074
26065 24941 25267
24789 24054 26364
25594 25051 25529
25884 25085 25440
25884 25085 25440
26065 24941 25267
26076 24841 25074
24789 24054 26364
25884 25085 25440
25884 25085 25440
25781 25381 24825
25884 25085 25440
25463 24852 25662
25884 25085 25440
26076 24841 25074
25857 24967 25571
25463 24852 25662
26076 24841 25074
25045 24471 25864
25884 25085 25440
26076 24841 25074
26370 25117 24996
26370 25117 24996
25449 24764 25852
25594 25051 25529
25884 25085 25440
26076 24841 25074
25884 25085 25440
26065 24941 25267
25594 25051 25529
25884 25085 25440
26065 24941 25267
26076 24841 25074
25857 24967 25571
25884 25085 25440
24789 24054 26364
25857 24967 25571
26076 24841 25074
26065 24941 25267
25857 24967 25571
25884 25085 25440
25045 24471 25864
25884 25085 25440
25847 24442 25796
25884 25085 25440
26370 25117 24996
25045 24471 25864
25781 25381 24825
25857 24967 25571
26065 24941 25267
26189 24472 25687
25884 25085 25440
26370 25117 24996
25884 25085 25440
26076 24841 25074
25045 24471 25864
25758 25389 25372
25594 25051 25529
25045 24471 25864
25884 25085 25440
25884 25085 25440
25045 24471 25864
26370 25117 24996
26076 24841 25074
25884 25085 25440
25884 25085 25440
25884 25085 25440
25045 24471 25864
26076 24841 25074
26370 25117 24996
26076 24841 25074
25857 24967 25571
25781 25381 24825
25884 25085 25440
25884 25085 25440
26076 24841 25074
25045 24471 25864
26076 24841 25074
26076 24841 25074
25781 25381 24825
25884 25085 25440
25594 25051 25529
25884 25085 25440
25884 25085 25440
25045 24471 25864
25884 25085 25440
25884 25085 25440
25857 24967 25571
25758 25389 25372
24789 24054 26364
26076 24841 25074
26065 24941 25267
26076 24841 25074
26370 25117 24996
25463 24852 25662
25884 25085 25440
25594 25051 25529
25857 24967 25571
25857 24967 25571
26076 24841 25074
25884 25085 25440
25045 24471 25864
25045 24471 25864
25857 24967 25571
25884 25085 25440
25884 25085 25440
26076 24841 25074
25884 25085 25440
25884 25085 25440
25884 25085 25440
25449 24764 25852
26076 24841 25074
25847 24442 25796
25884 25085 25440
25463 24852 25662
25884 25085 25440
25884 25085 25440
25884 25085 25440
26076 24841 25074
26076 24841 25074
26076 24841 25074
25045 24471 25864
25463 24852 25662
25463 24852 25662
26076 24841 25074
25045 24471 25864
25884 25085 25440
25594 25051 25529
25884 25085 25440
26189 24472 25687
25594 25051 25529
25045 24471 25864
26076 24841 25074
26065 24941 25267
25045 24471 25864
25898 25166 25087
25758 25389 25372
25884 25085 25440
25857 24967 25571
25884 25085 25440
25463 24852 25662
25758 25389 25372
25781 25381 24825
25463 24852 25662
26076 24841 25074
25952 24611 25432
25045 24471 25864
26370 25117 24996
26065 24941 25267
25857 24967 25571
25952 24611 25432
25884 25085 25440
25594 25051 25529
25857 24967 25571
25884 25085 25440
26250 25100 24998
26065 24941 25267
25781 25381 24825
25045 24471 25864
25898 25166 25087
25884 25085 25440
25857 24967 25571
25594 25051 25529
25706 24630 25609
25594 25051 25529
25857 24967 25571
25758 25389 25372
25666 25286 25413
25781 25381 24825
25594 25051 25529
25463 24852 25662
25463 24852 25662
25898 25166 25087
26076 24841 25074
25045 24471 25864
26189 24472 25687
25449 24764 25852
25666 25286 25413
26065 24941 25267
25781 25381 24825
25781 25381 24825
25884 25085 25440
25884 25085 25440
26370 25117 24996
25857 24967 25571
25045 24471 25864
25045 24471 25864
25857 24967 25571
26370 25117 24996
25045 24471 25864
25857 24967 25571
25847 24442 25796
25884 25085 25440
25449 24764 25852
25463 24852 25662
25463 24852 25662
26065 24941 25267
25884 25085 25440
25596 25038 25522
26076 24841 25074
25857 24967 25571
25884 25085 25440
26189 24472 25687
25857 24967 25571
25449 24764 25852
25847 24442 25796
26065 24941 25267
25884 25085 25440
25847 24442 25796
26065 24941 25267
25884 25085 25440
25857 24967 25571
24789 24054 26364
24789 24054 26364
25758 25389 25372
26370 25117 24996
26370 25117 24996
25847 24442 25796
24789 24054 26364
25884 25085 25440
26076 24841 25074
26065 24941 25267
26076 24841 25074
26065 24941 25267
25781 25381 24825
25781 25381 24825
25781 25381 24825
25884 25085 25440
24789 24054 26364
25847 24442 25796
26076 24841 25074
25781 25381 24825
25884 25085 25440
26370 25117 24996
25594 25051 25529
25045 24471 25864
25857 24967 25571
26076 24841 25074
25781 25381 24825
26065 24941 25267
25045 24471 25864
25708 25191 25500
25884 25085 25440
25045 24471 25864
26065 24941 25267
25594 25051 25529
25594 25051 25529
26370 25117 24996
25847 24442 25796
24789 24054 26364
26032 25119 24618
26250 25100 24998
26076 24841 25074
25449 24764 25852
25781 25381 24825
25952 24611 25432
25706 24630 25609
25758 25389 25372
25884 25085 25440
25708 25191 25500
26189 24472 25687
26037 24620 25360
25898 25166 25087
25463 24852 25662
26065 24941 25267
26076 24841 25074
25708 25191 25500
26065 24941 25267
26250 25100 24998
25884 25085 25440
25594 25051 25529
25857 24967 25571
25045 24471 25864
25758 25389 25372
25857 24967 25571
25045 24471 25864
25449 24764 25852
25857 24967 25571
25781 25381 24825
25758 25389 25372
24789 24054 26364
24789 24054 26364
24789 24054 26364
25045 24471 25864
25670 24602 25764
25847 24442 25796
24789 24054 26364
25998 25024 25318
25045 24471 25864
25449 24764 25852
25233 24964 25636
26221 24750 25212
26032 25119 24618
25708 25191 25500
25706 24630 25609
26189 24472 25687
25781 25381 24825
26189 24472 25687
25463 24852 25662
25666 25286 25413
25708 25191 25500
25666 25286 25413
26250 25100 24998
26370 25117 24996
26370 25117 24996
25898 25166 25087
26076 24841 25074
25045 24471 25864
25952 24611 25432
25884 25085 25440
26032 25119 24618
25594 25051 25529
25857 24967 25571
25708 25191 25500
25045 24471 25864
26065 24941 25267
26032 25119 24618
25045 24471 25864
26370 25117 24996
25781 25381 24825
25045 24471 25864
25884 25085 25440
25847 24442 25796
25952 24611 25432
24789 24054 26364
24789 24054 26364
25045 24471 25864
26370 25117 24996
25952 24611 25432
26032 25119 24618
25898 25166 25087
25781 25381 24825
26370 25117 24996
25781 25381 24825
25045 24471 25864
25463 24852 25662
25449 24764 25852
25884 25085 25440
25847 24442 25796
26065 24941 25267
26065 24941 25267
25884 25085 25440
25857 24967 25571
25463 24852 25662
25463 24852 25662
25781 25381 24825
25758 25389 25372
26370 25117 24996
26250 25100 24998
26065 24941 25267
25708 25191 25500
25596 25038 25522
26370 25117 24996
25952 24611 25432
25594 25051 25529
25596 25038 25522
25884 25085 25440
25898 25166 25087
25463 24852 25662
26076 24841 25074
25463 24852 25662
26076 24841 25074
25898 25166 25087
25045 24471 25864
26076 24841 25074
25857 24967 25571
26189 24472 25687
26076 24841 25074
25857 24967 25571
25884 25085 25440
24789 24054 26364
25857 24967 25571
26076 24841 25074
26065 24941 25267
25857 24967 25571
25884 25085 25440
25045 24471 25864
26370 25117 24996
25045 24471 25864
25857 24967 25571
26065 24941 25267
26065 24941 25267
25884 25085 25440
25884 25085 25440
26076 24841 25074
25045 24471 25864
25758 25389 25372
25594 25051 25529
25045 24471 25864
25884 25085 25440
25884 25085 25440
25045 24471 25864
26370 25117 24996
26076 24841 25074
25884 25085 25440
25884 25085 25440
25857 24967 25571
26065 24941 25267
24789 24054 26364
25594 25051 25529
25884 25085 25440
25884 25085 25440
26065 24941 25267
26076 24841 25074
25884 25085 25440
25884 25085 25440
25781 25381 24825
25884 25085 25440
25463 24852 25662
25884 25085 25440
26076 24841 25074
25884 25085 25440
25463 24852 25662
26076 24841 25074
25045 24471 25864
25884 25085 25440
26076 24841 25074
26370 25117 24996
25449 24764 25852
25594 25051 25529
25884 25085 25440
26076 24841 25074
25884 25085 25440
26065 24941 25267
25594 25051 25529
25884 25085 25440
25884 25085 25440
25857 24967 25571
26076 24841 25074
25884 25085 25440
25045 24471 25864
26484 24273 25145
25857 24967 25571
25884 25085 25440
25884 25085 25440
26076 24841 25074
25884 25085 25440
25884 25085 25440
25884 25085 25440
26076 24841 25074
25847 24442 25796
25884 25085 25440
25463 24852 25662
25884 25085 25440
25884 25085 25440
25884 25085 25440
26076 24841 25074
26076 24841 25074
26076 24841 25074
25045 24471 25864
25463 24852 25662
25463 24852 25662
26076 24841 25074
25045 24471 25864
25884 25085 25440
25594 25051 25529
25594 25051 25529
25045 24471 25864
26076 24841 25074
26370 25117 24996
26076 24841 25074
25857 24967 25571
25781 25381 24825
25884 25085 25440
25884 25085 25440
26076 24841 25074
25045 24471 25864
26076 24841 25074
26076 24841 25074
25781 25381 24825
25884 25085 25440
26076 24841 25074
25884 25085 25440
25884 25085 25440
25045 24471 25864
25884 25085 25440
25884 25085 25440
25857 24967 25571
25758 25389 25372
24789 24054 26364
26076 24841 25074
26065 24941 25267
26076 24841 25074
26370 25117 24996
25463 24852 25662
26076 24841 25074
25884 25085 25440
25884 25085 25440
25884 25085 25440
26076 24841 25074
25884 25085 25440
26076 24841 25074
25884 25085 25440
25781 25381 24825
25708 25191 25500
25884 25085 25440
25884 25085 25440
26076 24841 25074
25884 25085 25440
26076 24841 25074
25884 25085 25440
25884 25085 25440
25884 25085 25440
25884 25085 25440
25857 24967 25571
26076 24841 25074
25884 25085 25440
25781 25381 24825
25884 25085 25440
26076 24841 25074
25884 25085 25440
25884 25085 25440
25884 25085 25440
26370 25117 24996
26076 24841 25074
25449 24764 25852
26065 24941 25267
25045 24471 25864
25594 25051 25529
26076 24841 25074
25781 25381 24825
25884 25085 25440
26370 25117 24996
25045 24471 25864
25463 24852 25662
25781 25381 24825
26370 25117 24996
25463 24852 25662
25708 25191 25500
26370 25117 24996
25045 24471 25864
25449 24764 25852
24789 24054 26364
25596 25038 25522
25666 25286 25413
26076 24841 25074
25449 24764 25852
25847 24442 25796
25884 25085 25440
25884 25085 25440
25463 24852 25662
25884 25085 25440
25884 25085 25440
26076 24841 25074
25857 24967 25571
25666 25286 25413
25045 24471 25864
25594 25051 25529
26189 24472 25687
25857 24967 25571
25884 25085 25440
25857 24967 25571
24789 24054 26364
26076 24841 25074
25463 24852 25662
25884 25085 25440
26370 25117 24996
26250 25100 24998
25857 24967 25571
25449 24764 25852
26076 24841 25074
25952 24611 25432
25857 24967 25571
25857 24967 25571
25594 25051 25529
26370 25117 24996
25884 25085 25440
25884 25085 25440
26076 24841 25074
25884 25085 25440
25884 25085 25440
25884 25085 25440
25045 24471 25864
25884 25085 25440
25884 25085 25440
25884 25085 25440
25045 24471 25864
25857 24967 25571
25884 25085 25440
25884 25085 25440
26076 24841 25074
25594 25051 25529
26032 25119 24618
25463 24852 25662
25857 24967 25571
25463 24852 25662
25952 24611 25432
24789 24054 26364
26065 24941 25267
25884 25085 25440
26076 24841 25074
25884 25085 25440
25045 24471 25864
26370 25117 24996
25857 24967 25571
26076 24841 25074
25857 24967 25571
25045 24471 25864
26032 25119 24618
25884 25085 25440
26065 24941 25267
25045 24471 25864
