1891 24.8643
17998 17364
17600 17941
17737 17870
17903 17650
17709 17902
17855 17701
17773 17852
17952 17567
17700 17938
17831 17717
17773 17852
17929 17600
17709 17902
17883 17684
17798 17790
17991 17514
17700 17938
17849 17741
17773 17852
17904 17627
17709 17902
17883 17684
17781 17802
17964 17542
17700 17938
17855 17701
17773 17852
17939 17596
17737 17870
17903 17650
17798 17790
17991 17514
17700 17938
17821 17752
17773 17852
17903 17650
17709 17902
17856 17697
17781 17802
17952 17567
17700 17938
17849 17741
17773 17852
17929 17600
17727 17879
17883 17684
17806 17808
17991 17514
17700 17938
17821 17720
17773 17852
17919 17600
17709 17902
17883 17684
17798 17790
17964 17542
17700 17938
17855 17701
17773 17852
17940 17581
17737 17870
17903 17650
17802 17777
17991 17514
17700 17938
17806 17808
17773 17852
17903 17650
17709 17902
17856 17697
17781 17802
17952 17567
17700 17938
17831 17717
17773 17852
17929 17600
17718 17874
17883 17684
17798 17790
17991 17514
17700 17938
17813 17723
17773 17852
17919 17600
17709 17902
17883 17684
17806 17808
17964 17542
17700 17938
17855 17701
17773 17852
17939 17596
17737 17870
17903 17650
17802 17777
17991 17514
17700 17938
17806 17739
17773 17852
17904 17627
17709 17902
17883 17684
17781 17802
17964 17542
17700 17938
17838 17715
17773 17852
17939 17596
17737 17870
17884 17663
17802 17777
17991 17514
17700 17938
17821 17752
17773 17852
17929 17600
17709 17902
17883 17684
17798 17790
17991 17514
17709 17902
17855 17701
17773 17852
17952 17567
17737 17870
17903 17650
17807 17753
17998 17364
17600 17941
17806 17739
17737 17870
17903 17650
17709 17902
17855 17701
17773 17852
17952 17567
17700 17938
17831 17717
17773 17852
17929 17600
17727 17879
17883 17684
17798 17790
17991 17514
17700 17938
17813 17723
17773 17852
17919 17600
17709 17902
17883 17684
17781 17802
17964 17542
17700 17938
17855 17701
17773 17852
17939 17596
17737 17870
17903 17650
17798 17790
17991 17514
17700 17938
17806 17739
17773 17852
17904 17627
17709 17902
17883 17684
17781 17802
17952 17567
17700 17938
17831 17717
17773 17852
17929 17600
17737 17870
17883 17684
17802 17777
17991 17514
17700 17938
17821 17720
17773 17852
17929 17600
17709 17902
17883 17684
17806 17808
17964 17542
17700 17938
17855 17701
17773 17852
17940 17581
17737 17870
17903 17650
17807 17753
17998 17364
17700 17938
17806 17739
17773 17852
17903 17650
17709 17902
17856 17697
17781 17802
17952 17567
