1504 414.86
36092 33394 33036 33835
35137 34178 32750 34626
35043 34040 34195 32865
34916 33946 34565 34378
34766 32805 33922 34914
34692 35010 33254 33457
34246 33233 33286 35338
34219 33448 33523 35153
34952 34918 33533 33263
34381 33134 33854 35096
34750 32956 33484 35087
34291 33388 33232 35291
35725 34231 32864 33840
35616 34070 33687 33067
34903 34421 33737 33695
35225 33056 33809 34860
35705 34301 32820 33741
34676 33204 34393 34537
34684 34022 34361 33112
35810 34313 33024 33444
35464 34663 32918 34123
34719 33474 34438 34465
35299 34750 33225 33465
34815 33527 34128 34898
36026 33706 33382 34326
35007 34371 33916 33551
35080 33467 33095 35059
34635 33573 34030 34827
34425 33310 33165 35197
35629 33866 33697 34080
35116 34571 33315 33378
35861 33810 33716 34485
34733 34112 34227 34360
35466 33687 33135 35007
35043 34040 34195 32865
35763 34557 33239 33500
35516 34592 32968 33613
34466 34504 34087 33658
35967 33659 33567 34273
34565 33891 34505 34404
34589 34865 33297 33329
34552 34680 33527 34145
35921 33561 33545 34736
35895 33824 33704 33982
34466 34504 34087 33658
34527 33866 33574 35144
34589 33651 34539 34681
34978 33297 34288 34717
35047 33591 33448 34807
35137 34178 32750 34626
35516 34592 32968 33613
34841 33944 33844 34636
34982 34797 33057 33427
35490 34344 33476 33503
35752 33879 33517 33791
35577 34150 33393 33951
35533 33280 33899 34558
35300 33899 33989 34657
34964 34044 34301 33809
34425 33310 33165 35197
34927 34036 33943 33869
35705 34301 32820 33741
34589 34865 33297 33329
35239 33861 34340 33893
34692 35010 33254 33457
35560 33776 33915 34389
35389 33751 33615 34517
35360 33857 34070 34591
36092 33394 33036 33835
34982 34797 33057 33427
35077 33700 34093 34184
35496 33839 33776 34345
35426 33993 33337 34403
35457 33348 33642 34634
35334 33947 33885 34330
35413 33726 33958 33937
35436 33621 33647 34613
35137 33475 33915 34775
35397 33367 33961 34527
35163 33942 34023 34023
35305 33499 33550 34966
35248 34095 33693 34206
35252 34156 33652 33900
35311 34062 33561 34273
35477 33586 33448 34799
34948 33506 34182 34585
35221 33954 33972 34394
35026 33533 34204 34350
35262 34146 33767 34158
35173 33984 33894 34155
35434 33312 33458 34982
35106 33315 34203 34317
35213 33429 33824 34805
35025 34155 33744 34285
35430 33689 33582 34562
35111 33731 34019 34757
35379 33494 33490 34858
35426 33336 33736 34836
35296 33942 33601 34362
35390 33935 33918 34411
35277 33712 33292 34757
35351 33452 33560 34629
35170 33981 33955 34007
35369 34037 33735 34213
35284 33625 34155 34317
35284 34018 33751 34016
35210 34000 33857 34181
35281 34048 33670 34492
35034 33936 33760 34748
35601 33999 33711 34006
35361 33844 33747 34427
35576 33891 33501 34238
35210 34000 33857 34181
35527 33744 33769 34491
35305 33950 33387 34690
35576 33438 33828 34105
35096 33842 33574 34711
35390 33431 33653 34710
35371 33530 33967 34161
34948 33506 34182 34585
35576 33438 33828 34105
35154 34058 33889 34193
35378 33862 33547 34493
35284 33625 34155 34317
35576 33891 33501 34238
35154 34058 33889 34193
35601 33999 33711 34006
35361 33844 33747 34427
35690 33551 33543 34428
35500 33319 33457 34545
35412 33841 33354 34221
35025 34125 33452 33775
34894 33448 33647 34718
34708 33841 34053 34231
35288 34019 33551 33946
35062 33682 34037 34585
35108 34056 33877 34100
35256 33371 33923 34254
35063 33665 33469 34689
35115 33807 33949 34499
35527 33597 33846 34128
35275 33830 33862 34032
35148 33842 33815 34169
35126 33874 33896 34344
34968 33860 33627 34440
35204 33425 33732 34429
35632 33640 33690 34271
35477 33770 33673 34148
35183 33921 33483 34449
34934 33901 33574 34508
35176 33944 33427 34346
35199 33962 33587 34113
35037 33696 33583 34576
35424 33741 33792 34231
35339 33777 33652 34405
35595 33646 33637 34353
35085 33785 33392 34500
35567 33824 33569 33975
35655 33595 33448 33975
35251 34025 33569 34307
35228 33730 33872 34208
35288 33719 33588 34437
35489 33642 33653 34488
35323 33683 33389 34581
35406 33775 33785 34284
35308 33908 33741 34292
35243 33580 33770 34373
35271 33929 33766 34363
35201 33951 33869 33986
35261 33756 33803 34140
35003 33947 33873 34132
35504 33764 33687 34241
34909 33921 33696 34714
35298 33795 33633 34392
34945 33722 33567 34500
34909 33921 33696 34714
35209 33825 33652 34449
35213 33907 33680 34395
35138 33803 33738 34368
35407 33574 33869 34347
35406 33775 33785 34284
35574 33494 33396 34216
35423 33687 33670 33946
35398 32963 33864 33950
35111 33937 33428 34208
35064 33760 33279 34335
35038 33454 33945 34253
34885 33615 33416 34534
35297 33294 33584 34457
34997 33787 33904 34456
35376 33484 33613 34096
35148 33926 33653 34035
35304 33311 33508 34339
35117 33401 33842 34273
35086 33899 33617 34171
35256 33623 33461 34405
35221 33548 33649 34469
35054 33925 33708 34345
35291 33657 33385 34342
35447 33611 33428 34399
35193 33846 33749 33964
35164 33737 33784 34187
35338 33578 33605 34315
35505 33574 33555 34275
35293 33537 33817 34313
35513 33516 33564 34229
35374 33306 33657 33980
35287 33749 33615 34399
35267 33653 33688 34259
35196 33788 33628 34291
35079 33588 33864 34449
35489 33743 33605 34173
35233 33579 33729 34193
35399 33665 33566 34247
35158 33715 33652 34415
35308 33690 33406 34296
35233 33519 33643 34422
35309 33510 33652 34332
35101 33740 33760 34211
35116 33527 33875 34248
35243 33859 33564 34238
35229 33566 33857 34237
35242 33817 33652 34211
35373 33657 33646 34251
35268 33858 33625 34268
35296 33309 33780 33975
35058 33927 33614 34270
35501 33253 33362 34114
35353 33270 33158 34180
35180 33217 33633 34265
35155 33719 33425 34391
35147 33685 33690 33907
34922 33892 33659 34287
34914 33563 33876 34109
35310 33329 33272 34224
34991 33402 33765 34219
35390 33695 33475 34171
34922 33773 33865 33998
34997 33841 33500 34332
35108 33685 33558 34340
35260 33619 33594 34069
35170 33650 33729 33964
35205 33367 33437 34313
35276 33740 33313 34175
35303 33434 33630 34040
34943 33798 33658 34080
35079 33532 33660 34255
35063 33688 33736 34181
35197 33489 33720 34246
35177 33589 33655 33974
35029 33690 33670 34266
35099 33608 33735 34032
34951 33564 33743 34223
35232 33552 33663 34098
35202 33479 33725 34144
35148 33777 33483 34125
35218 33734 33612 34240
35335 33417 33632 34160
35165 33551 33441 34249
35002 33726 33676 34236
35279 33433 33578 34116
35324 33611 33575 34146
35154 33673 33638 34231
35105 33716 33657 34162
35304 33651 33407 34108
35156 33512 33707 33849
35155 33359 33422 34367
34946 33165 33712 33914
34933 33806 33373 34243
34919 33833 33411 34121
35136 33776 33466 34034
35034 33249 33609 34189
35191 33500 33587 33952
35184 33492 33644 33993
35016 33559 33677 34127
35159 33721 33521 34157
35084 33638 33530 34287
35175 33645 33539 34081
35190 33352 33385 34174
35149 33605 33405 34351
35083 33600 33607 34146
35152 33566 33487 34034
35130 33428 33557 33954
35104 33558 33330 34062
35078 33591 33578 34127
34983 33715 33457 33966
34962 33343 33529 34232
34845 33552 33385 34294
35091 33534 33400 34208
35049 33572 33510 34279
35105 33431 33447 33905
35078 33511 33501 34069
35061 33342 33556 34011
35013 33443 33145 34136
34973 33013 33244 34259
34868 33416 33459 34084
34950 33503 33413 33924
34924 33327 33275 34000
34877 33272 33439 34044
34862 33406 33251 33796
36092 33394 33036 33835
35480 32929 34067 33776
35137 34178 32750 34626
35043 34040 34195 32865
34916 33946 34565 34378
34692 35010 33254 33457
34246 33233 33286 35338
34219 33448 33523 35153
35705 34301 32820 33741
34291 33388 33232 35291
35616 34070 33687 33067
35957 33472 33431 33731
35725 34231 32864 33840
35770 33176 33003 34490
34952 34918 33533 33263
35722 33049 33462 34525
35464 34663 32918 34123
35299 34750 33225 33465
35143 34208 33870 33256
36026 33706 33382 34326
34371 33785 34102 34663
35043 34040 34195 32865
34903 34421 33737 33695
34684 34022 34361 33112
34425 33310 33165 35197
35083 33086 34177 34494
35080 33467 33095 35059
34565 33891 34505 34404
34719 33474 34438 34465
34684 34022 34361 33112
35763 34557 33239 33500
34867 33822 33623 34986
35007 34371 33916 33551
34857 34085 34230 34410
34552 34680 33527 34145
35389 33273 33941 34598
34527 33866 33574 35144
35035 34374 33536 33937
34425 33310 33165 35197
35169 34099 33807 33904
34639 34114 33903 34096
35844 33585 33443 34095
34807 34260 33862 34490
35810 34313 33024 33444
36080 33483 33298 34000
35116 34571 33315 33378
34466 34504 34087 33658
35516 34592 32968 33613
34978 33297 34288 34717
34589 34865 33297 33329
34635 33573 34030 34827
35107 33596 34303 34049
34764 33438 33927 34879
35418 33802 33889 33985
34946 34048 34135 34038
34589 34865 33297 33329
35318 33406 33646 34930
35516 34592 32968 33613
34466 34504 34087 33658
35505 33519 34002 34260
35574 33375 33247 34471
34982 34797 33057 33427
35647 33437 33503 34412
35839 33923 33365 34292
34988 33658 34420 34420
34982 34797 33057 33427
35533 33561 33593 34092
34692 35010 33254 33457
35261 33258 33519 35055
35365 33532 33438 34774
35206 34453 33755 33450
35096 33602 33271 34869
35044 33969 33722 34389
35557 33507 33726 34200
35325 33408 33609 34646
34988 34340 33185 34278
34950 33783 33922 35105
35638 33922 33187 34302
35572 33242 33601 34205
34780 33913 33752 34569
35342 33683 33840 34139
35065 33903 33495 34571
35206 33406 33793 34563
35279 33634 33876 34358
35606 33508 33638 34138
35289 33834 33766 34262
35457 33234 33797 34720
35438 33880 33584 34202
35062 33558 33329 34744
35471 33818 33342 34480
35470 33774 33708 34613
35122 33901 34009 34579
35131 33656 34050 34297
35195 33589 33638 34683
35332 34051 33678 34345
35635 33963 33560 34327
35261 33817 33858 34241
35230 33653 33404 34616
35257 33669 33395 34623
35462 33733 33761 34243
35339 33753 33821 34263
35367 33590 34030 34278
35360 33403 33466 34663
34991 33625 33675 34805
35429 33300 33505 34623
35232 33737 33756 34443
35221 33697 33878 34439
35252 33591 33709 34468
35102 34062 33403 34398
35136 33833 33731 34513
35062 34079 33521 34237
35182 33898 33660 34695
35385 33819 33729 34444
35282 33777 33822 34426
35228 33851 33278 34492
34991 33625 33675 34805
35260 33894 34082 34253
35230 33613 33835 34411
35217 33854 33586 34408
35054 33698 34152 34568
35182 33898 33660 34695
35492 33923 33877 34127
35062 33558 33329 34744
35635 33963 33560 34327
35125 33559 33895 34355
35199 33755 33248 34659
35054 33698 34152 34568
35360 33403 33466 34663
35557 33507 33726 34200
35199 33755 33248 34659
35677 33605 33265 34219
35359 33195 33422 34570
35305 34023 33625 34145
35290 33428 33928 34040
35016 33326 33591 34782
34997 33885 33977 34457
34885 33597 33198 34644
34753 33486 33862 34462
34878 33673 33539 34770
35521 33868 33548 34059
34961 33934 33716 34265
35218 33743 33355 34446
35094 33372 33821 34358
35638 33685 33292 34233
34924 33804 33827 34530
35114 33831 33672 34427
35397 33505 33832 34073
34997 33889 33764 34285
35047 33781 33518 34602
35452 33677 33707 34555
35340 33561 33709 34309
35107 33631 33882 34257
35605 33751 33503 34122
35203 33847 33455 34150
35136 33798 33650 34383
35430 33850 33421 34266
35186 33703 33523 34587
35394 33827 33533 34117
35193 33757 33706 34318
35012 33886 33482 34394
35255 33726 33866 34204
35268 33493 33732 34243
35225 33620 33756 34332
35029 33739 33621 34476
35250 33681 33462 34507
35086 33732 33761 34267
35128 33755 33283 34491
35258 33528 33499 34593
35246 33522 33744 34391
35044 33801 33908 34309
35249 33528 33800 34380
35380 33725 33870 34118
35210 33687 33431 34341
35280 33596 33817 34146
34985 33751 33814 34471
35419 33702 33802 34053
35037 33788 33814 34342
35247 33701 33918 34123
35131 33700 33624 34574
35522 33449 33365 33875
35323 33675 33096 34453
35138 33519 33454 34572
35071 33653 33729 33875
35022 33091 33640 34543
34932 33917 33154 34112
34903 33414 33961 34236
34814 33830 33421 34360
34885 33810 33895 34437
35268 33257 33796 33973
35442 33354 33430 34096
35138 33743 33161 34268
35069 33617 33285 34538
34932 33746 33852 34084
35241 33860 33624 34021
35036 33117 33772 34242
35439 33179 33573 33969
35260 33617 33672 33966
35001 33768 33807 34245
35365 33590 33699 34290
35248 33538 33752 34014
35090 33679 33509 34210
35171 33401 33795 34066
35340 33638 33517 34488
35408 33340 33641 34353
34954 33471 33648 34423
35101 33612 33645 34344
35339 33233 33700 34127
35202 33670 33390 34390
35119 33558 33599 34438
35179 33527 33330 34541
34829 33702 33436 34453
34973 33701 33658 34250
35032 33818 33544 34416
35349 33602 33583 34178
35432 33728 33416 34023
35334 33640 33595 34536
35205 33703 33394 34113
35152 33436 33785 34160
35418 33600 33674 34224
35153 33695 33298 34371
35388 33667 33426 34042
34945 33840 33430 34130
35403 33573 33590 34370
35385 33629 33581 34447
35070 33714 33536 34161
34941 33253 33784 34290
35090 33695 33459 34271
35003 33694 33459 34429
35178 33701 33426 34274
35467 33377 33365 33751
35243 33548 33192 34436
35202 33820 33424 34001
34945 33496 33498 34525
34804 33189 33802 34415
35035 33464 33735 33883
34978 33630 33308 34437
35260 33245 33667 34192
34945 33361 33698 34109
34886 33724 33444 34281
34872 33729 33578 34128
35354 33409 33609 34051
35313 33624 33475 34087
34992 33800 33433 34267
35262 33606 33454 34251
35185 33566 33475 34524
35400 33559 33582 34190
34833 33477 33710 34270
35116 33430 33638 34285
35143 33559 33590 34308
35028 33432 33488 34473
35207 33511 33554 34392
35020 33591 33614 34325
35204 33603 33388 34472
34955 33546 33534 34385
35082 33538 33600 34314
35385 33535 33585 34369
35347 33550 33631 34259
35224 33603 33540 34348
34868 33368 33547 34473
35105 33534 33540 34386
35083 33495 33619 34282
35291 33204 33444 34108
35272 33413 33524 33571
35158 33360 33432 34490
35047 33108 33661 34129
34950 33476 33105 34420
34889 33162 33693 33767
34773 33654 33297 33858
34895 33544 33267 34388
35071 33298 33602 33836
34834 33480 33532 34187
34881 33386 33590 34325
34984 33588 33604 34177
35242 33398 33492 34027
34796 33584 33336 34408
35193 33606 33414 34148
35245 33503 33403 34253
35213 33558 33504 34070
35128 33361 33594 34121
35275 33422 33479 34313
34810 33647 33434 34089
35236 33547 33387 33842
34959 33598 33291 34289
35156 33354 33499 34313
34779 33517 33442 34392
35154 33534 33295 34313
35221 33410 33446 34050
35196 33428 33125 33813
35150 33277 33483 33604
35028 33313 33161 34313
34964 33543 33474 34095
34961 33502 33557 34058
34834 33114 33531 34207
34931 33197 33260 34157
35086 33422 33443 33930
35093 33349 33306 34064
34879 33295 33512 34163
35128 33355 33528 33920
35145 33247 33170 33903
35057 33315 33380 33858
36092 33394 33036 33835
35807 33809 32378 34097
35043 34040 34195 32865
34916 33946 34565 34378
34766 32805 33922 34914
34692 35010 33254 33457
34246 33233 33286 35338
34219 33448 33523 35153
35137 34178 32750 34626
35807 33809 32378 34097
34750 32956 33484 35087
35705 34301 32820 33741
34589 34865 33297 33329
35616 34070 33687 33067
34466 34504 34087 33658
34684 34022 34361 33112
34952 34918 33533 33263
35382 33098 34305 34283
34982 34797 33057 33427
35007 34371 33916 33551
35725 34231 32864 33840
35143 34208 33870 33256
34766 32805 33922 34914
35043 34040 34195 32865
34327 34285 33976 33812
35464 34663 32918 34123
34565 33891 34505 34404
35299 34750 33225 33465
34903 34421 33737 33695
34719 33474 34438 34465
35763 34557 33239 33500
35516 34592 32968 33613
34635 33573 34030 34827
35343 33167 34269 34063
34425 33310 33165 35197
35954 33299 33627 33829
34381 33134 33854 35096
34527 33866 33574 35144
35116 34571 33315 33378
36026 33706 33382 34326
35903 33983 33599 33969
35588 34120 33462 33579
34657 33794 33841 34964
34790 33833 33571 34786
35363 34484 33193 33751
34552 34680 33527 34145
35446 34157 33131 34123
34291 33388 33232 35291
34862 34083 34075 34700
34833 33665 34161 34445
36017 33599 33403 33723
35779 33243 33818 34020
34870 33991 34317 34076
34959 33753 33347 34839
34371 33785 34102 34663
34425 33310 33165 35197
34692 35010 33254 33457
35080 33467 33095 35059
35170 33873 33092 34297
35565 33462 34119 34113
35621 33670 33764 34180
35032 33284 34386 34255
35873 33667 33615 33898
35516 34592 32968 33613
34978 33297 34288 34717
34924 33356 34369 34627
35245 33780 34041 33877
35112 33273 34183 34189
35198 33193 34214 34320
35190 34119 33340 34012
34765 33534 33508 35011
34902 33755 33512 34768
35396 33258 33729 34417
35079 33532 33689 34588
35536 33335 33634 34459
34966 33421 33836 34521
35835 33391 33798 33956
35498 33536 33247 34648
34291 33388 33232 35291
35210 33646 33650 34529
35237 33372 33946 34372
35331 33856 33501 34172
35444 33965 33633 34168
35057 33720 33876 34143
35249 33749 33664 34236
35264 33550 33517 34615
35471 33842 33488 34480
35131 33516 33988 34372
35104 33715 33854 34001
35411 33919 33479 34257
35091 33556 33477 34558
34988 33447 34098 34358
35227 33760 33658 34350
35408 33923 33792 34064
35403 33206 33680 34374
35465 33621 33896 34352
34974 33641 34069 34258
35477 33394 33768 34174
35589 33691 33582 34291
35582 33690 33410 34305
35366 34015 33616 33763
35128 33745 33897 33940
35131 33597 33911 33975
35195 33804 33539 34503
35347 33486 33974 34267
35391 33281 33812 34399
35404 33997 33395 33750
35529 33730 33853 34170
35033 33813 33530 34434
35053 33809 33243 34541
35197 33689 34117 33952
35305 33812 33654 34371
35094 33606 33846 34513
35129 33563 33967 34324
35239 33574 34157 34260
35369 33528 33901 34243
35113 33962 33509 34336
35118 33991 33808 33909
35247 33751 33552 34410
35736 33195 33569 34242
35037 33790 33797 34097
35134 34039 33662 34104
35239 33339 33760 34601
35282 33641 33685 34364
35195 33576 33660 34409
35349 33529 33907 34313
35279 33500 33576 34374
35582 33690 33410 34305
35127 33557 33804 34367
35736 33195 33569 34242
35239 33339 33760 34601
35366 34015 33616 33763
35358 33574 33536 34515
35245 33475 33847 34361
35200 33668 33905 34261
35409 33666 33583 34239
35279 33500 33576 34374
35621 33670 33764 34180
35118 33991 33808 33909
35576 33890 33513 33671
35269 33953 33428 34062
35227 33451 33130 34586
35010 33387 34138 34188
34843 32931 33854 34343
34724 33667 33830 34337
35002 33124 33752 34537
35511 33224 33868 34082
35152 33492 33233 34446
35366 33790 33714 33749
35128 33949 33596 33859
34798 33530 33967 34400
35536 33524 33636 33694
35119 33561 33385 34489
35187 33322 33844 34121
35027 33694 33801 33929
35245 33153 33358 34534
34995 33764 33547 34251
34915 33778 33811 34277
35526 33642 33347 34203
35297 33474 33953 34116
34769 33837 33452 34195
35330 33533 33262 34345
35211 33553 34057 34053
35473 33348 33554 34164
35125 33799 33475 34364
35078 33698 33630 34262
35328 33400 33730 34024
34894 33420 33542 34411
35336 33921 33522 33921
35407 33619 33614 33961
35355 33438 33612 34101
35174 33561 34052 34206
35235 33199 33691 34572
34808 33545 33713 34283
35417 33195 33866 34302
35373 33421 33682 34262
35342 33872 33504 34081
35335 33882 33699 33887
35368 33366 33564 34327
35426 33585 33706 33971
35456 33507 33438 34064
35213 33212 33783 34187
35094 33841 33556 34004
35575 33663 33591 34053
35439 33943 33454 33999
35155 33609 33832 34133
35436 33614 33365 34163
35199 33662 33663 34233
35209 33631 33840 33992
35225 33757 33446 34439
35300 33716 33492 34274
35105 33713 33617 34179
35201 33719 33535 34301
35292 33606 33572 34221
35284 33605 33737 34117
35328 33511 33659 34347
35103 33572 33955 34199
35125 33730 33452 34409
35019 33796 33445 34418
35244 33790 33597 34229
35127 33612 33487 34429
35120 33609 33858 34017
35008 33529 33739 34212
35299 33562 33813 34183
35365 33605 33747 34002
35174 33561 34052 34206
35336 33516 33703 34230
35012 33608 33701 34184
35535 33576 33532 34020
35508 33569 33001 34140
35237 33832 33583 33769
35208 33567 33801 33685
35042 33534 33939 34141
34794 33053 33499 34531
35299 33166 33590 33949
35016 33676 33619 34156
35117 33762 33226 34258
34885 33776 33737 34213
35252 33279 33656 34177
34880 33415 33434 34301
35078 33372 33410 34425
35180 33405 33430 34326
35108 33548 33412 34408
35145 33755 33246 34230
35197 33346 33902 33963
35080 33643 33323 34247
35256 33599 33314 34267
35141 33455 33884 34024
35162 33707 33477 33922
35294 33686 33378 34064
35150 33719 33400 33880
35184 33402 33891 33810
35072 33492 33771 34140
35239 33310 33578 34124
35110 33460 33842 33916
35291 33621 33501 34052
35087 33559 33932 34104
35296 33463 33710 33909
35031 33758 33385 34291
35254 33712 33499 33825
35086 33720 33508 33929
35205 33379 33692 34117
35284 33562 33765 34075
35273 33423 33559 34130
35217 33511 33650 34216
35267 33414 33550 34211
35192 33483 33736 34127
35210 33538 33686 34169
35114 33535 33906 33891
35285 33511 33574 33960
35279 33574 33546 33936
35220 33540 33768 34105
35141 33603 33582 34131
35417 33241 33270 34001
35136 33647 32987 33717
35072 32976 33832 34041
35032 33403 33320 34376
34983 33663 33085 33577
34980 33356 33860 34113
34839 33762 33551 34110
34690 33576 33608 34043
35368 33205 33472 33978
34964 33253 33426 34231
35207 33615 33317 33920
34996 33450 33249 34313
35358 33481 33372 33989
35009 33486 33741 33711
34743 33540 33659 34079
34918 33385 33594 34134
35163 33487 33730 33797
34813 33508 33651 34012
35113 33235 33840 33857
34706 33529 33363 34300
34888 33533 33523 33885
35022 33432 33717 33875
35207 33249 33588 34210
34738 33605 33552 34134
35196 33510 33611 34048
35168 33512 33524 34100
35298 33093 33256 33988
34928 33458 33700 33558
34902 33256 33762 34018
34821 33365 33388 34072
34770 33716 33081 33974
35076 33516 33101 33660
34953 33473 33576 33676
35228 33387 33248 33973
35192 33293 33169 33998
35259 33214 33287 33878
35172 33173 33492 34008
35158 33497 33276 33735
35089 33493 33400 33888
35002 33288 33445 33871
35134 33283 33285 33821
34830 33510 33563 33842
34896 33264 33687 34009
34929 33404 33458 34009
35059 33124 33252 33360
34815 33264 33044 33924
34798 33338 33324 34046
