97596 2340.45
20071 16532
20071 16532
19939 16961
19939 16961
20055 16742
20000 16880
20022 16856
20025 16802
19968 16891
20059 16663
19959 16899
20063 16651
20000 16880
20070 16580
19959 16899
20070 16580
20043 16795
20046 16766
19968 16891
20063 16651
20022 16856
20046 16766
20044 16793
20059 16663
20025 16802
20043 16795
20044 16793
20071 16532
20071 16532
20071 16532
20071 16532
20071 16532
20071 16532
20071 16532
20071 16532
20071 16532
20071 16532
20071 16532
20071 16532
20071 16532
20071 16532
20071 16532
20071 16532
20071 16532
20071 16532
20071 16532
20071 16532
20071 16532
20071 16532
20071 16532
20071 16532
20071 16532
20071 16532
20071 16532
20071 16532
20071 16532
20071 16532
20071 16532
20071 16532
20071 16532
20071 16532
20071 16532
20071 16532
20071 16532
20071 16532
20071 16532
20071 16532
20071 16532
20071 16532
20071 16532
20071 16532
20071 16532
20071 16532
20071 16532
20071 16532
20071 16532
20071 16532
20071 16532
20071 16532
20071 16532
20071 16532
20071 16532
20071 16532
20071 16532
20071 16532
20071 16532
20071 16532
20071 16532
20071 16532
20071 16532
20071 16532
20071 16532
20071 16532
20071 16532
20071 16532
20071 16532
20071 16532
20071 16532
20071 16532
20071 16532
20071 16532
20071 16532
20071 16532
20071 16532
20071 16532
20071 16532
20071 16532
20071 16532
20071 16532
20071 16532
20071 16532
20071 16532
20071 16532
20071 16532
20071 16532
20071 16532
20071 16532
20071 16532
20071 16532
20071 16532
20071 16532
20071 16532
20071 16532
20071 16532
20071 16532
20071 16532
20071 16532
20071 16532
20071 16532
20071 16532
20071 16532
20071 16532
20071 16532
20071 16532
20071 16532
20071 16532
20071 16532
20071 16532
20071 16532
20071 16532
20071 16532
20071 16532
20071 16532
20071 16532
20071 16532
20071 16532
20071 16532
20071 16532
20071 16532
20071 16532
20071 16532
20071 16532
20071 16532
20071 16532
20071 16532
20071 16532
20071 16532
20071 16532
20071 16532
20070 16580
20070 16580
20063 16651
20063 16651
20063 16651
20059 16663
20059 16663
20059 16663
20046 16766
20044 16793
20044 16793
20025 16802
20061 16630
20006 16786
20038 16775
20053 16727
20054 16685
20053 16632
19975 16767
20026 16724
20013 16751
20050 16658
20050 16658
20016 16748
20016 16748
20047 16645
20047 16645
20016 16738
20026 16698
20020 16700
20026 16698
20033 16604
20033 16604
19991 16709
20019 16692
20031 16617
20031 16617
20023 16549
20007 16667
20000 16620
19940 16477
