25414 390.096
3263 4139 2996
3387 3133 3885
4034 3383 3263
3309 3202 3912
3428 4078 2970
2959 3865 3566
3127 3724 3673
2959 3865 3566
3908 3612 3223
3003 3946 3456
3991 3391 3373
3226 4118 3067
3045 3862 3589
3967 3499 3252
3632 3704 3541
3442 3163 3863
3514 4064 3044
3370 4077 3089
3268 3783 3527
3309 3202 3912
3394 3362 3808
3280 3285 3867
3258 4014 3385
3441 3247 3838
3809 3762 3249
3850 3401 3515
3838 3440 3501
3820 3504 3486
3349 4104 2990
3603 3455 3650
3590 3327 3762
3612 3958 3174
3478 4004 3279
3461 3877 3448
3377 3341 3857
3329 3348 3850
3533 3669 3643
3284 3219 3889
3736 3699 3442
3324 3147 3893
3641 3803 3378
3686 3815 3358
3850 3376 3549
3414 3195 3849
3082 4117 3099
3725 3577 3526
3590 3327 3762
3650 3731 3439
3197 4128 3012
3339 3228 3877
3860 3638 3303
3619 3273 3738
3561 3732 3475
3361 4038 3129
3377 3524 3771
3232 3944 3433
3929 3551 3304
3757 3517 3557
3745 3836 3294
3208 4125 3061
3667 3369 3666
3354 3605 3690
3098 3755 3660
3299 4018 3343
3008 3912 3529
3748 3689 3350
3705 3544 3574
3642 3881 3236
3030 3926 3481
3613 3911 3201
4025 3402 3307
3245 3682 3661
3436 4024 3124
3844 3422 3494
3387 3133 3885
3202 3758 3614
3067 3857 3596
3961 3408 3390
3532 3402 3745
3692 3585 3582
3947 3404 3403
3556 3430 3724
3522 3972 3336
3077 3745 3668
3264 4093 3148
3983 3463 3239
3317 3904 3427
4009 3440 3346
3717 3746 3406
3833 3559 3433
3581 3825 3388
3488 3477 3785
3517 3483 3734
3788 3664 3411
3318 4033 3331
3216 4116 3142
3688 3249 3626
3376 3229 3870
3934 3588 3210
3474 3817 3467
3480 3347 3815
3364 3179 3886
3417 4022 3299
3180 3630 3699
3345 3847 3484
3431 3597 3703
3803 3658 3317
3565 3301 3781
3146 3677 3712
3182 4052 3277
3428 4078 2970
3096 3774 3632
3427 3995 3288
3399 3578 3726
3886 3593 3412
3668 3659 3526
3397 4094 3052
3711 3486 3620
3619 3887 3189
3415 3320 3846
3194 3687 3632
3324 4068 3095
3364 3978 3378
3232 3893 3533
3191 4079 3181
3371 4095 3027
3706 3644 3568
3767 3560 3484
3321 4068 3108
3877 3422 3451
3895 3428 3434
3308 3261 3871
3983 3463 3239
3625 3623 3597
3284 4091 3132
3305 3369 3831
3526 3681 3559
3433 3492 3693
3222 3380 3863
3237 3514 3802
3795 3666 3318
3169 3879 3535
3449 3276 3817
3337 4063 3207
3238 4102 3114
3812 3541 3434
3263 4139 2996
3431 3178 3847
3371 4095 3027
3449 3923 3372
3197 4128 3012
3865 3665 3163
3869 3528 3451
3112 3812 3624
3765 3458 3577
3563 3621 3619
3407 3946 3338
3771 3588 3462
3731 3860 3290
3780 3410 3596
3452 3989 3293
3161 3833 3570
3265 3908 3421
3543 3306 3774
3324 3147 3893
3030 3926 3481
3577 3964 3134
3571 3988 3260
3138 3916 3455
3627 3643 3590
3720 3530 3583
3240 3851 3540
3766 3829 3226
3449 3215 3825
4009 3440 3346
3112 3812 3624
3493 3830 3414
3352 3364 3834
3449 3215 3825
3569 3426 3718
3541 4015 3271
3800 3673 3261
3878 3626 3356
3504 3589 3683
3947 3404 3403
3337 3986 3355
3901 3533 3324
3374 3505 3773
3605 3315 3701
3504 3589 3683
3760 3472 3625
3608 3310 3700
3500 3260 3790
3547 3900 3412
3147 3776 3606
3324 4066 3118
3495 3807 3499
3024 3993 3441
3531 4018 3175
3358 3832 3521
