1623 421.099
28956 26458
26759 28875
28948 26500
28956 26458
28374 27461
28909 26584
28903 26618
28934 26517
28933 26556
26889 28811
26874 28833
26874 28833
27254 28578
27227 28582
27009 28760
28948 26500
28934 26517
27068 28714
26818 28859
27596 28280
27609 28263
27421 28429
27035 28739
26847 28841
27537 28329
27550 28314
26781 28870
26759 28875
27014 28746
26903 28807
26927 28805
27210 28601
28647 27081
26984 28765
26839 28855
26818 28859
28804 26823
28869 26685
26794 28864
26973 28773
26961 28786
28746 26924
28664 27060
28671 27042
27107 28681
27123 28673
27160 28645
27145 28654
27675 28199
27689 28194
27135 28666
27672 28209
27661 28222
27800 28074
28755 26909
28772 26884
28893 26654
28897 26634
28865 26705
27254 28578
27175 28630
28804 26823
28893 26654
28884 26668
28833 26764
28540 27231
28555 27224
27145 28654
28390 27438
28884 26668
28875 26681
28796 26837
26847 28841
26839 28855
27035 28739
27043 28725
28271 27565
28390 27438
28897 26634
28903 26618
28779 26867
28865 26705
28851 26712
27779 28103
27266 28567
28393 27433
28395 27413
27196 28614
26948 28793
26961 28786
27224 28600
27227 28582
28831 26765
28829 26784
28736 26934
28085 27784
27819 28072
27266 28567
28821 26796
28829 26784
28909 26584
28914 26569
27465 28394
27451 28399
28842 26738
28515 27258
28511 27274
28846 26722
27081 28696
26781 28870
28436 27358
27123 28673
26973 28773
27574 28295
28914 26569
28493 27303
27286 28543
27278 28554
28227 27625
28234 27613
28714 26973
28719 26959
28312 27524
28788 26844
28264 27580
28784 26859
26794 28864
26932 28799
28557 27207
28555 27224
28813 26805
27504 28360
27514 28352
27733 28146
27723 28154
28655 27062
27331 28507
27574 28295
27583 28286
27697 28184
28340 27491
27287 28539
27303 28538
28330 27494
28324 27506
28073 27789
28352 27467
28085 27784
28364 27462
27795 28078
27793 28094
28607 27140
28121 27746
28597 27147
28637 27088
28647 27081
27081 28696
27978 27894
28592 27165
28584 27174
27564 28304
28840 26748
27944 27943
27950 27932
28527 27242
27642 28228
27657 28227
27402 28443
27381 28471
27496 28369
28014 27863
27845 28041
28315 27510
26984 28765
27825 28065
27826 28049
28010 27866
28003 27875
28468 27322
28770 26890
28681 27029
28522 27253
28765 26901
27224 28600
27210 28601
28295 27550
28281 27551
27397 28455
27832 28043
27328 28510
27315 28512
27382 28461
27594 28282
27105 28685
27393 28457
27583 28286
28095 27774
28840 26748
27188 28621
28779 26867
27628 28245
27885 27993
27634 28236
27745 28140
28562 27197
28194 27659
28189 27669
28846 26722
28851 26712
27367 28473
27482 28371
27196 28614
27475 28377
27471 28388
28592 27165
27791 28101
28448 27356
28619 27118
28621 27105
27432 28426
27410 28432
27923 27958
27736 28145
27745 28140
27932 27953
28681 27029
28673 27035
28533 27238
27348 28488
27341 28495
28347 27480
28707 26980
28540 27231
28821 26796
28714 26973
28814 26803
27550 28314
27556 28306
28474 27314
28686 27018
26944 28798
28422 27379
28595 27153
27094 28687
28408 27405
28022 27850
28409 27392
28330 27494
28340 27491
28933 26556
27624 28255
27944 27943
27175 28630
27184 28626
27935 27947
28003 27875
28562 27197
27314 28516
28022 27850
28570 27192
27995 27880
27306 28521
28125 27736
27364 28480
28132 27730
28250 27591
27825 28065
28784 26859
28686 27018
27672 28209
28572 27181
28495 27292
26892 28808
26903 28807
27614 28258
27564 28304
27043 28725
27053 28723
27165 28643
28410 27389
28923 26559
27903 27980
27865 28018
27895 27984
28222 27631
27537 28329
27055 28718
28401 27410
28408 27405
27703 28178
27447 28405
27697 28184
27832 28043
27441 28411
28511 27274
27826 28049
28485 27305
28480 27312
28702 26985
28146 27712
28142 27720
27853 28022
28619 27118
27776 28112
28616 27127
27850 28031
28842 26738
27703 28178
28466 27332
28095 27774
27705 28168
28607 27140
28609 27130
28171 27680
27768 28115
28374 27461
27758 28116
28181 27679
28364 27462
27710 28161
28813 26805
28419 27387
27719 28159
28505 27280
28664 27060
28496 27282
27086 28690
27094 28687
28014 27863
28055 27819
27776 28112
28755 26909
28763 26906
28063 27816
27768 28115
28214 27635
27923 27958
28454 27340
27916 27962
28461 27336
27878 28007
27520 28347
27872 28012
27514 28352
28023 27845
28052 27824
28047 27830
26927 28805
28202 27648
28207 27642
27086 28690
27500 28362
28452 27349
27496 28369
27014 28746
28448 27356
28689 27010
27407 28440
27410 28432
28070 27797
28073 27789
28454 27340
28452 27349
28064 27807
27382 28461
28496 27282
28495 27292
27381 28471
27165 28643
28923 26559
27135 28666
28111 27753
28347 27480
28570 27192
27556 28306
28047 27830
27529 28333
28584 27174
28576 27176
28485 27305
28423 27373
28431 27371
28039 27832
28616 27127
28609 27130
28029 27841
28213 27638
28189 27669
28183 27673
27995 27880
28875 26681
28256 27587
28207 27642
28533 27238
27989 27884
28707 26980
28693 27005
28698 27000
28736 26934
28731 26939
28276 27558
27754 28122
27010 28752
27451 28399
27909 27971
27758 28116
27447 28405
28350 27473
28124 27739
27754 28122
27950 27932
27364 28480
27435 28419
27432 28426
28121 27746
27953 27925
27751 28129
28468 27322
27965 27910
28698 27000
27520 28347
28295 27550
27905 27972
27967 27902
27522 28339
27903 27980
28700 26992
28063 27816
28163 27692
27340 28498
27303 28538
28164 27683
27304 28529
28557 27207
27750 28130
28746 26924
28923 26559
28655 27062
28746 26924
27275 28558
27340 28498
27349 28487
27857 28019
27068 28714
27062 28717
28728 26944
27795 28078
28156 27704
28161 27700
28527 27242
28723 26948
27657 28227
28625 27104
27989 27884
26948 28793
27184 28626
27441 28411
27985 27889
27974 27899
26944 28798
27188 28621
27661 28222
27437 28416
27887 27987
28434 27365
27935 27947
28595 27153
27932 27953
27913 27965
28431 27371
28637 27088
27880 28000
27878 28007
28673 27035
27791 28101
28635 27095
28700 26992
28671 27042
27793 28094
28434 27365
27010 28752
27009 28760
27275 28558
27689 28194
28655 27062
27357 28486
28956 26458
27642 28228
27062 28717
27974 27899
28480 27312
28033 27834
27968 27901
28474 27314
28039 27832
28198 27655
28194 27659
27522 28339
28243 27603
27869 28014
28199 27653
27675 28199
27625 28250
28731 26939
28393 27433
28052 27824
28202 27648
27705 28168
27708 28163
28055 27819
27628 28245
28097 27769
28728 26944
28788 26844
28352 27467
28721 26954
28790 26838
28597 27147
28297 27542
28183 27673
28723 26948
28350 27473
28770 26890
28181 27679
28772 26884
27306 28521
27634 28236
28111 27753
27305 28528
28249 27598
28297 27542
26847 28841
26984 28765
27635 28229
28264 27580
27357 28486
28796 26837
28324 27506
28164 27683
28170 27682
28790 26838
28318 27507
27800 28074
27160 28645
27466 28390
27471 28388
28151 27710
27165 28643
27983 27891
27397 28455
28103 27762
28146 27712
28108 27760
27853 28022
28238 27610
28239 27607
27959 27915
27913 27965
27955 27918
28010 27866
27881 27996
27857 28019
28234 27613
28302 27535
28305 27531
28572 27181
27278 28554
28693 27005
28575 27177
28243 27603
28690 27009
28246 27599
27053 28723
28702 26985
28627 27099
28763 26906
28066 27802
28765 26901
28719 26959
28423 27373
28421 27385
28298 27536
28275 27564
27135 28666
27635 28229
27196 28614
27819 28072
27367 28473
27819 28072
28505 27280
28632 27098
26932 28799
28627 27099
28307 27525
27750 28130
28395 27413
28260 27582
27610 28260
27393 28457
27504 28360
28399 27411
28138 27723
28280 27556
27526 28335
27402 28443
27500 28362
26889 28811
27849 28035
27846 28038
28151 27710
28070 27797
28067 27800
27479 28373
28315 27510
28318 27507
27476 28376
28154 27707
27916 27962
28260 27582
28632 27098
27331 28507
28257 27585
26892 28808
28635 27095
27328 28510
28137 27725
28031 27837
28110 27756
28108 27760
28135 27729
27107 28681
28064 27807
28162 27695
27624 28255
28223 27626
28280 27556
28161 27700
27625 28250
28281 27551
28222 27631
28505 27280
26794 28864
27357 28486
27081 28696
28557 27207
27406 28441
28275 27564
28298 27536
28621 27105
28227 27625
28271 27565
27905 27972
28223 27626
28302 27535
27865 28018
27872 28012
27720 28156
27723 28154
27963 27912
27869 28014
27479 28373
27779 28103
27482 28371
27960 27914
27367 28473
28519 27254
28156 27704
27435 28419
27437 28416
28100 27768
28517 27257
28031 27837
28102 27765
28033 27834
27983 27891
28464 27335
28154 27707
27314 28516
27881 27996
27849 28035
28250 27591
27466 28390
27880 28000
27287 28539
28214 27635
27286 28543
27315 28512
27850 28031
27955 27918
27954 27922
28239 27607
28023 27845
27689 28194
28721 26954
28142 27720
27909 27971
27614 28258
28869 26685
27736 28145
28100 27768
27890 27986
27890 27986
28132 27730
28522 27253
28135 27729
28519 27254
28246 27599
27893 27985
27733 28146
28461 27336
28249 27598
28464 27335
28312 27524
27965 27910
27985 27889
27710 28161
27594 28282
28419 27387
28493 27303
27708 28163
28436 27358
27963 27912
27596 28280
28421 27385
28103 27762
27720 28156
28125 27736
28409 27392
28307 27525
28238 27610
28305 27531
27954 27922
28138 27723
28102 27765
27609 28263
28162 27695
28213 27638
27341 28495
27610 28260
28163 27692
28306 27528
28124 27739
27846 28038
28110 27756
28306 27528
27529 28333
27526 28335
28029 27841
28869 26685
27465 28394
27275 28558
28347 27480
28390 27438
27275 28558
27526 28335
27529 28333
28517 27257
27893 27985
28625 27104
27055 28718
28097 27769
28399 27411
28515 27258
27895 27984
28401 27410
28833 26764
28831 26765
27887 27987
28256 27587
27406 28441
28170 27682
28137 27725
28257 27585
28066 27802
28276 27558
28198 27655
28199 27653
28067 27800
28814 26803
28410 27389
28171 27680
28111 27753
28466 27332
28142 27720
27953 27925
27340 28498
27719 28159
27614 28258
28840 26748
27105 28685
28029 27841
28721 26954
28570 27192
28466 27332
28690 27009
27968 27901
27476 28376
27305 28528
28576 27176
27349 28487
27635 28229
27967 27902
28689 27010
28575 27177
27475 28377
27960 27914
27751 28129
27959 27915
27407 28440
27304 28529
27348 28488
27482 28371
27819 28072
28655 27062
28264 27580
27845 28041
27105 28685
27845 28041
27465 28394
27750 28130
27719 28159
27953 27925
28297 27542
27909 27971
27357 28486
27832 28043
27967 27902
28698 27000
28495 27292
28010 27866
28100 27768
28522 27253
27832 28043
27710 28161
28207 27642
27832 28043
27733 28146
28562 27197
28681 27029
27758 28116
28111 27753
27306 28521
27935 27947
27341 28495
28731 26939
27793 28094
27583 28286
28796 26837
26984 28765
27878 28007
27635 28229
27845 28041
27708 28163
27441 28411
27642 28228
27826 28049
27537 28329
28840 26748
26781 28870
27135 28666
28875 26681
26839 28855
28897 26634
28527 27242
27793 28094
27550 28314
26948 28793
26961 28786
28829 26784
27306 28521
28399 27411
27967 27902
27402 28443
28755 26909
28390 27438
26889 28811
27081 28696
26839 28855
26781 28870
28869 26685
28746 26924
26984 28765
28495 27292
28865 26705
28312 27524
27441 28411
28796 26837
28893 26654
27254 28578
27905 27972
28324 27506
27995 27880
27266 28567
27184 28626
27697 28184
27793 28094
27832 28043
27825 28065
27628 28245
28655 27062
28637 27088
27661 28222
27227 28582
28592 27165
27564 28304
27402 28443
27135 28666
27341 28495
28714 26973
28719 26959
27845 28041
28095 27774
28909 26584
28842 26738
27286 28543
28804 26823
28557 27207
28315 27510
28719 26959
26948 28793
28788 26844
27196 28614
26889 28811
28557 27207
28315 27510
27754 28122
27903 27980
28419 27387
27793 28094
28597 27147
27800 28074
27989 27884
27441 28411
26944 28798
28700 26992
27791 28101
28700 26992
28572 27181
28199 27653
27793 28094
28306 27528
27628 28245
28956 26458
27968 27901
28350 27473
27751 28129
27723 28154
28347 27480
28297 27542
28698 27000
28395 27413
28063 27816
27357 28486
27340 28498
28275 27564
27406 28441
28746 26924
27349 28487
28207 27642
27795 28078
28250 27591
27278 28554
28693 27005
28464 27335
27437 28416
28719 26959
28095 27774
27196 28614
27905 27972
27954 27922
28627 27099
28632 27098
28275 27564
28222 27631
28448 27356
28635 27095
28260 27582
26889 28811
28519 27254
28102 27765
28461 27336
27341 28495
27954 27922
28151 27710
28307 27525
27983 27891
28239 27607
28592 27165
28731 26939
28183 27673
28352 27467
26759 28875
27471 28388
28142 27720
27850 28031
27364 28480
28485 27305
27556 28306
28784 26859
27364 28480
