20050 1080.62
28790 26398
28790 26398
26287 28972
27579 28055
28366 27142
28727 26517
27378 28234
27724 27880
26590 28813
28425 27034
28011 27578
28694 26609
28714 26564
27822 27800
28384 27118
26965 28570
28754 26482
27407 28202
27502 28114
26978 28546
28389 27102
28724 26530
26998 28543
27279 28313
27209 28377
27238 28365
28506 26937
28155 27419
27634 27982
28030 27557
27684 27942
28261 27276
28352 27164
28080 27503
28522 26911
27834 27772
26879 28623
28447 27026
27135 28447
27853 27754
27877 27726
27242 28353
26348 28936
27038 28514
28609 26773
26485 28870
27414 28199
27480 28132
27736 27870
28000 27593
28573 26829
27621 27999
28340 27169
27504 28095
26726 28735
28073 27511
28643 26712
28614 26744
27565 28082
26835 28662
26457 28888
26542 28834
27607 28003
28630 26718
28549 26844
27715 27918
28541 26868
27358 28242
26468 28875
27986 27612
27446 28182
28454 27011
28059 27530
27198 28383
27907 27692
28754 26482
28757 26440
26778 28693
28035 27547
28146 27435
28297 27245
27452 28169
28714 26564
27148 28423
28483 26957
28257 27286
28771 26411
28757 26440
27654 27963
28674 26626
28516 26933
28600 26780
28595 26817
28131 27439
27789 27831
27269 28333
26747 28711
28231 27330
27565 28082
28245 27303
27794 27825
27525 28089
27060 28496
28231 27330
27475 28136
28189 27363
26354 28929
26664 28772
26690 28759
28565 26835
28284 27260
28404 27078
27940 27664
27927 27690
28307 27220
27898 27722
26562 28824
27964 27650
27940 27664
27094 28469
27077 28490
28096 27481
26320 28945
26901 28620
28684 26625
27841 27766
27142 28430
28537 26901
27261 28336
27017 28526
27969 27631
28415 27060
26664 28772
26640 28783
27115 28455
27094 28469
28193 27353
26534 28843
26303 28963
26320 28945
28300 27232
27594 28023
28595 26817
26813 28674
28209 27348
27329 28275
27307 28286
26813 28674
27032 28518
26792 28686
26399 28915
26420 28907
26948 28578
26440 28894
26928 28591
26379 28928
28326 27186
28312 27205
27990 27606
27597 28022
28664 26647
28651 26667
27166 28411
27191 28404
28165 27397
28188 27388
28771 26411
28165 27397
28546 26863
26562 28824
26911 28605
26928 28591
26506 28864
27342 28257
26522 28849
27460 28152
28326 27186
27329 28275
27342 28257
27697 27924
28664 26647
26607 28803
26629 28795
26747 28711
27166 28411
27668 27949
27773 27845
28475 26979
28483 26957
27801 27802
28469 27003
28475 26979
26857 28642
26399 28915
26420 28907
28055 27538
27295 28300
26690 28759
26704 28744
28245 27303
28404 27078
28415 27060
28649 26689
27525 28089
27372 28241
27115 28455
26724 28736
26704 28744
28284 27260
28622 26738
27191 28404
28111 27469
28113 27443
28209 27348
26506 28864
26607 28803
28096 27481
28111 27469
26841 28655
26869 28640
26379 28928
26764 28702
27307 28286
27295 28300
28694 26609
28188 27388
27898 27722
27877 27726
26948 28578
26303 28963
26287 28972
28537 26901
27648 27971
26911 28605
27460 28152
27715 27918
27697 27924
27853 27754
27969 27631
27964 27650
28649 26689
28651 26667
27801 27802
27060 28496
27077 28490
26440 28894
27017 28526
28469 27003
26764 28702
27760 27855
27773 27845
26629 28795
