26 0.796293
8309 7730 7805 7044
8264 7957 7983 6561
8207 7661 7451 7127
7929 7117 7762 7354
7799 8059 7856 7122
7753 7598 7957 7575
7663 7306 8437 7008
7547 7421 8362 6757
8071 8000 7711 6676
7754 7129 8382 6874
7856 7942 7546 7144
7831 7773 7797 7527
7776 7246 8003 7444
8039 7968 8068 7087
7754 7129 8382 6874
8294 7510 7734 7163
8090 7551 7619 7351
7587 7731 7866 7214
8029 7487 8301 7180
7955 7786 8177 6968
8138 7356 8240 7103
7965 7967 8164 7035
7875 7429 8347 7316
7986 7862 7918 7157
7844 7660 8218 6962
7651 7454 8004 7353
7776 7246 8003 7444
7899 7258 8339 6984
8155 7313 7924 7193
8176 7790 8003 6983
8118 7437 8038 6929
8093 7717 7486 7068
8232 7573 7807 7154
7581 7562 8126 7409
8186 7500 7873 7292
7713 7844 8018 7132
7918 7496 8112 7252
7552 7951 8140 7060
8058 7334 7847 7347
7993 7699 7747 7297
7831 7773 7797 7527
8032 7771 7691 7265
8207 7661 7451 7127
7799 8059 7856 7122
8118 7437 8038 6929
8133 7951 7665 7035
8096 7502 8065 7202
8071 7824 7624 7422
7943 7890 7621 7233
8111 7631 7850 7001
8076 7746 8133 7184
7889 7382 8014 7330
7713 7844 8018 7132
8138 7356 8240 7103
8071 7824 7624 7422
8029 7667 8000 7204
7899 7258 8339 6984
7760 7592 7965 7393
7858 7646 7907 7218
7571 7691 7942 7234
7938 7717 7697 7188
8073 7573 7734 7396
7929 7117 7762 7354
7682 7474 8138 7267
7943 7890 7621 7233
8029 7487 8301 7180
7683 7646 8024 7242
7799 7474 7924 7384
8093 7717 7486 7068
8114 7393 7931 7346
8059 7945 7656 7111
7889 7382 8014 7330
7918 7622 7841 7351
7651 7454 8004 7353
7764 7705 7821 7379
8059 7945 7656 7111
7931 7582 7760 7359
7844 7660 8218 6962
7858 7646 7907 7218
8117 7485 8024 7284
7769 7619 7803 7383
8114 7393 7931 7346
7783 7624 7810 7287
7571 7691 7942 7234
7683 7646 8024 7242
7764 7705 7821 7379
7853 7745 7856 7280
7931 7582 7760 7359
7993 7699 7747 7297
7918 7496 8112 7252
7659 7631 7948 7294
7991 7500 7984 7260
8072 7574 7961 7294
7856 7625 7828 7277
7856 7625 7828 7277
8090 7551 7619 7351
7853 7745 7856 7280
7991 7500 7984 7260
7783 7624 7810 7287
7659 7631 7948 7294
7769 7619 7984 7213
7682 7474 8138 7267
7769 7619 7984 7213
7769 7619 7803 7383
8114 7393 7931 7346
8093 7717 7486 7068
8093 7717 7486 7068
8093 7717 7486 7068
8071 7824 7624 7422
7993 7699 7747 7297
7993 7699 7747 7297
7993 7699 7747 7297
7929 7117 7762 7354
7918 7496 8112 7252
7889 7382 8014 7330
7853 7745 7856 7280
7831 7773 7797 7527
7783 7624 7810 7287
7776 7246 8003 7444
7754 7129 8382 6874
7651 7454 8004 7353
8285 7614 7374 6887
8183 7470 7337 6927
8101 7910 7756 6527
7666 7626 7750 7499
7653 7920 7625 7013
7631 7185 8168 7203
7598 7200 8326 6878
7461 7640 8053 7063
8228 7358 7465 6938
7667 7421 7833 7389
7992 7840 7805 6721
7536 7883 7883 6957
7880 7299 8263 6878
7731 7589 7827 7296
7940 7730 7690 7102
7838 7284 8028 7257
8027 7581 8127 7025
8163 7684 7749 6958
7595 7851 7921 6981
8133 7640 7756 6807
8196 7393 7558 6832
7768 7854 7620 7071
7930 7454 7988 7147
8052 7570 7991 6923
8018 7661 7494 7078
7951 7861 7540 6933
7979 7522 7781 7171
7831 7380 7942 7251
8154 7435 7873 7184
7705 7746 8038 7167
7688 7776 8020 6936
7655 7676 7576 7192
8009 7578 7994 7057
7890 7800 7765 6975
7833 7525 7953 7249
8076 7770 7567 6745
7955 7652 7982 7131
7978 7836 7942 6758
7801 7663 8047 6979
7959 7732 7781 7086
7850 7666 7922 6948
7867 7671 8155 6847
8100 7524 7801 6827
7877 7554 8002 7163
7783 7836 7872 6899
7867 7671 8155 6847
7948 7553 7956 7219
7948 7553 7956 7219
8076 7770 7567 6745
7975 7675 7772 6951
7883 7787 7835 7065
7933 7752 7796 7115
7886 7652 7572 7211
7842 7823 8002 7023
7890 7800 7765 6975
7833 7598 8031 7079
7844 7835 7840 7156
7783 7836 7872 6899
7842 7841 7788 6934
7933 7752 7796 7115
7844 7835 7840 7156
7836 7664 7999 7079
7842 7823 8002 7023
8076 7770 7567 6745
7890 7800 7765 6975
8218 7378 7268 6793
7991 7774 7800 6667
7940 7496 8091 6988
7715 7029 7649 7257
7485 7705 7835 7007
7886 7175 7429 7196
7615 7501 7971 6725
8081 7429 7743 6917
8025 7547 7681 6981
8125 7563 7551 6862
7691 7198 8035 7139
7809 7517 7474 7086
7729 7572 7886 7036
7996 7363 7753 7038
7765 7231 7734 7203
7829 7561 7846 6840
7962 7495 7496 6992
8144 7391 7645 7070
7877 7497 7990 7155
7946 7269 7963 7011
7664 7404 7815 7208
7941 7646 7953 6752
8083 7422 7635 6990
7671 7725 7753 7024
7941 7646 7953 6752
7909 7564 7795 7030
8061 7096 7521 6712
8049 7369 7709 6561
7647 7352 8058 6786
7560 7210 7560 7169
7541 7666 7388 6765
7402 7488 7844 6938
7895 7542 7781 6964
7987 7539 7633 6857
7507 7212 7973 7111
7608 7610 7536 6852
7732 7359 7903 7149
7545 7435 7649 7078
8040 7479 7472 6801
7792 7370 7857 7103
7837 7453 7966 7040
7674 7485 7433 7024
7777 7471 7991 6761
7680 7481 7953 6754
7857 7518 7430 6847
7758 6994 7829 6945
7731 7323 7231 6943
7546 7351 7284 7107
7563 7223 7819 6945
7829 7258 7666 6860
7788 7246 7418 7028
7811 7322 7813 7011
7739 7472 7681 6918
7802 7514 7430 6913
7785 7140 7472 6984
7780 7170 7464 7004
7723 6774 7735 6938
7689 7445 7538 6894
7635 6929 7795 6896
7292 7278 7739 6458
7577 7281 7642 6953
7728 7361 7509 6744
7769 7300 7615 6765
7694 7168 7689 6993
7679 7206 7524 7001
7529 7174 7574 6561
8229 7456 7766 6790
8075 7007 8042 7479
7840 7150 8353 6858
7800 8045 7403 6600
7646 8057 7722 6952
7437 7142 7699 7746
7405 7253 7736 7746
7648 7985 7528 7208
7987 7909 7688 7011
7800 8045 7403 6600
7646 8057 7722 6952
8007 7166 8182 7266
8155 7324 8150 7411
8104 7074 8107 7432
8229 7456 7766 6790
7827 7117 7988 7578
7732 7340 8113 7613
8226 7793 8158 7333
7814 7411 8073 7666
8064 7827 7964 6993
7405 7253 7736 7746
7883 7444 8216 7551
7795 7659 8090 7492
7986 7429 7876 7398
7919 7251 8351 7126
7774 7740 7980 7529
7907 7505 8282 7368
7923 7398 8348 7455
7856 7735 8335 7097
7946 7405 7938 7716
8079 7584 7822 7620
7873 7569 8284 7191
7969 7484 8174 6894
8075 7518 8150 7362
7788 7541 8202 7225
7922 7842 7778 7482
7940 7888 8248 6912
7861 7592 7929 7519
7696 7867 7941 7047
7710 7434 8160 7638
7744 7106 8088 7635
7855 7784 8044 7514
7959 7563 8169 7540
7792 7418 8312 7134
7840 7150 8353 6858
7940 7888 8248 6912
7700 7469 8290 7235
7748 7779 8095 7402
7736 7874 7884 7232
8079 7584 7822 7620
7902 7686 7940 7455
8075 7007 8042 7479
7754 7992 7776 7105
7969 8017 8099 7035
7861 7592 7929 7519
8064 7827 7964 6993
7696 7867 7941 7047
7840 7804 8198 7081
7840 7804 8198 7081
7902 7686 7940 7455
7873 7868 7723 7337
7969 8017 8099 7035
7792 7418 8312 7134
7754 7992 7776 7105
7700 7469 8290 7235
7736 7874 7884 7232
7873 7868 7723 7337
8229 7456 7766 6790
7940 7888 8248 6912
7940 7888 8248 6912
7873 7868 7723 7337
7840 7804 8198 7081
7840 7150 8353 6858
7800 8045 7403 6600
7800 8045 7403 6600
7800 8045 7403 6600
7736 7874 7884 7232
7736 7874 7884 7232
7696 7867 7941 7047
7646 8057 7722 6952
7646 8057 7722 6952
7646 8057 7722 6952
7405 7253 7736 7746
7405 7253 7736 7746
8203 7284 8036 7111
8171 7495 7829 6917
7856 7326 8338 7007
7852 6971 7789 7680
7824 8009 7569 6918
7823 6794 8186 7109
7801 7445 7477 7570
7349 7709 7582 7351
7560 7098 7722 7588
7500 7065 7546 7671
7715 7482 7674 7532
7710 7836 7710 7108
7686 7734 7483 7304
7596 7063 8072 7465
8019 7676 7958 7249
7737 7220 7873 7568
8135 7590 7858 7231
7786 7719 8282 7053
7568 7383 8186 7194
7867 6867 8155 7454
8185 7620 7783 6969
8201 7339 8007 7288
8048 7527 8060 7092
7971 7772 7900 7166
7560 7597 7718 7468
7720 7576 7982 7397
7919 7429 7905 7437
7944 6967 7797 7623
7822 7638 7969 7318
7808 7470 8297 7033
7916 7415 8168 7418
7800 7592 8326 6991
7945 6907 8060 7438
7780 7683 7805 7381
8166 7707 8108 7021
8032 7683 7836 7080
7928 7584 8109 7069
8150 7670 7855 7298
7500 7065 7546 7671
7738 7753 7861 7170
7836 7656 8018 7191
7857 7767 8053 7134
7790 7756 8021 7164
8139 7298 8141 7383
7892 7516 7825 7305
7524 7750 7820 7340
7944 6967 7797 7623
7858 7457 8080 7180
7973 7310 8066 7376
8185 7620 7783 6969
7875 7558 8010 7125
7872 7424 8125 7417
7798 7322 8063 7562
7524 7750 7820 7340
7704 7549 8168 7096
7877 7747 8066 7053
7733 7513 7825 7464
7795 7696 8124 7109
8040 7320 8086 7367
8040 7320 8086 7367
7945 6907 8060 7438
7856 7326 8338 7007
7852 6971 7789 7680
7810 7297 8289 7132
7704 7549 8168 7096
7810 7297 8289 7132
7973 7310 8066 7376
7973 7310 8066 7376
7944 6967 7797 7623
7944 6967 7797 7623
7856 7326 8338 7007
7856 7326 8338 7007
7704 7549 8168 7096
7524 7750 7820 7340
7500 7065 7546 7671
8165 7226 7748 7046
8155 7449 7754 6641
8110 6942 7963 7368
7613 7064 8333 6923
7599 7736 7913 6994
7556 7658 7452 7373
7361 7321 7577 7522
7271 7458 7568 7463
7830 6961 7634 7479
8140 7541 7934 6659
7941 7667 7812 6828
7796 7158 8114 7280
7804 7187 8301 6962
7501 7582 7755 7144
7953 7038 8106 7364
7638 7329 7807 7438
7687 7652 8169 6906
8012 7559 7818 7297
7784 7384 8067 7411
7537 7617 7705 7138
8054 7203 8086 7344
7776 7394 8147 7114
7939 7249 7973 7026
7812 7468 7858 7188
7945 7575 7524 7067
8087 7494 7835 6975
7673 7308 8322 7005
7891 7439 7874 7241
7751 7597 7826 7081
7581 7439 8089 6909
7684 7718 7549 6951
7525 7677 8004 7140
7882 7459 8026 7079
7760 7543 8083 6893
8027 7592 7893 6949
7906 7516 7953 6998
7762 7726 7757 6918
7679 7274 8329 6906
7712 7535 8087 6902
7952 7633 8011 6925
7696 7525 8041 6941
7765 7322 7877 7513
7518 7468 8043 7126
7537 7671 7839 7042
7681 7511 7859 7069
7895 7390 7756 7434
7815 7308 8079 6997
8027 6683 7867 7234
7747 7282 7853 7490
7667 7580 7587 6804
7525 7338 7189 7174
7455 7686 7717 6842
7434 7208 8325 6819
7382 7361 7675 7413
7398 7547 7465 7017
7999 6885 7742 7328
7565 7467 7868 6903
7639 7091 8204 6981
7843 7354 7761 6978
7696 6892 8041 7337
7888 7037 7902 7246
7668 7359 8095 7084
7712 6956 8016 7301
7692 7447 7817 7047
7947 7164 7941 6996
7730 7128 7971 7181
7912 7467 7755 6846
7793 7063 7922 7289
7975 7518 7546 7032
7925 7505 7688 7092
7722 7224 8025 7229
7613 7234 7936 7273
7985 7520 7801 6823
7777 7402 7755 7134
7394 7357 7507 7302
7643 7151 7990 7253
7702 7400 7745 7152
7743 7209 7884 7108
7604 7458 7862 7036
7935 7256 7908 6817
7775 7070 7975 7286
7744 7145 7916 7247
7922 7353 7558 6718
7752 6847 7692 6997
7713 7205 7757 7452
7682 7479 7380 6985
7618 7119 8019 7165
7632 7403 7646 6860
7649 7430 7601 6999
7669 7014 7534 7031
7544 7022 7784 7148
7502 7407 7515 6997
7361 7178 7542 7330
8298 7646 8194 6539
8298 7646 8194 6539
7887 7423 7857 7440
7791 8069 7614 7158
7739 8197 8056 7200
7546 7475 8475 7119
7466 7302 8097 7271
7228 7601 8397 6891
8075 8071 7774 6848
7228 7601 8397 6891
7938 7879 8266 6711
7436 7726 8405 6830
7466 7302 8097 7271
8009 7867 8176 6801
7928 7881 7815 7239
8214 7516 8282 6970
8151 7684 8095 6762
8277 7709 7980 7158
7990 8036 8134 6997
7791 7759 7965 7326
7589 7662 8172 7213
8125 7944 7682 6872
7971 7477 8213 7226
7690 7519 8360 7050
7790 8053 8165 7011
7503 7574 8383 6936
7436 7726 8405 6830
8105 7806 7954 7084
7793 7730 7933 7281
8234 7715 8069 7398
8124 7962 7954 6713
7882 7918 8354 7142
8125 7944 7682 6872
7805 7723 7884 7403
7694 7990 8196 7088
7717 7680 8249 7200
8096 7646 8322 7196
7955 7771 8349 6958
7690 7519 8360 7050
7915 7724 8301 7068
8148 7726 7895 6799
7906 7694 8177 7104
7503 7574 8383 6936
7905 7736 8263 6985
8057 7960 7904 6867
7769 7961 8280 7176
7564 7757 8379 7221
8082 7667 8094 7006
8097 7653 8344 6901
8234 7715 8069 7398
7882 7918 8354 7142
7987 7768 7976 7059
7737 7905 8113 7188
7990 7723 8328 6853
8295 7658 7896 7156
7794 7955 7908 7087
7724 7587 8358 6953
8286 7459 7884 7217
7805 7723 7884 7403
7777 7898 7868 7192
7777 7898 7868 7192
7737 7905 8113 7188
8286 7459 7884 7217
7988 7434 8392 6897
8106 7651 8070 6829
7694 7990 8196 7088
7924 7739 8088 7062
7978 7702 8073 7084
7938 7879 8266 6711
7564 7757 8379 7221
7724 7587 8358 6953
7978 7702 8073 7084
7924 7739 8088 7062
7988 7434 8392 6897
8057 7960 7904 6867
8080 7948 7948 7189
8097 7653 8344 6901
7769 7961 8280 7176
8106 7651 8070 6829
8080 7948 7948 7189
7794 7955 7908 7087
8057 7960 7904 6867
7988 7434 8392 6897
7988 7434 8392 6897
7938 7879 8266 6711
7924 7739 8088 7062
7777 7898 7868 7192
7777 7898 7868 7192
7737 7905 8113 7188
7694 7990 8196 7088
7690 7519 8360 7050
7690 7519 8360 7050
7564 7757 8379 7221
7564 7757 8379 7221
7503 7574 8383 6936
7466 7302 8097 7271
7466 7302 8097 7271
7466 7302 8097 7271
7436 7726 8405 6830
7436 7726 8405 6830
7436 7726 8405 6830
7228 7601 8397 6891
7228 7601 8397 6891
7228 7601 8397 6891
7228 7601 8397 6891
7228 7601 8397 6891
7228 7601 8397 6891
8251 7459 7862 7061
7958 7600 7373 7217
7866 7749 8182 6455
7728 6956 7925 7372
7674 8083 7864 6810
7587 7144 7856 7384
7553 7492 8363 7077
7406 7614 8101 7197
7937 7391 7734 7242
8064 7315 7985 7014
7506 7914 8043 6659
7653 7118 7490 7382
8152 7351 7770 7206
7600 7007 7872 7377
7944 7646 8257 6538
7854 7397 7925 7320
7793 7594 8330 6805
7960 7719 7996 6706
7421 7887 8253 6999
7840 8035 7417 6612
8042 7607 8131 6657
7999 7077 7833 7237
8147 7553 7775 7023
8007 7638 8206 6744
7840 8035 7417 6612
7851 7889 7914 6759
8085 7772 7838 6946
7776 7954 7849 6795
7923 7667 8310 6938
7855 7834 7942 7134
8048 7427 8154 7147
7637 7980 7832 6974
7739 7660 8325 6870
7725 7741 8181 7110
7873 7696 8074 7117
7670 7550 8224 6958
7647 7673 8172 7160
7985 7761 8017 6571
7976 7831 7746 6837
7773 7526 8163 7129
7897 7666 8078 7007
7673 8015 7465 6901
7936 7477 8190 7212
7975 7630 8173 7087
7865 7813 8181 6892
7598 7824 8235 6982
7871 7873 8004 6941
7653 7118 7490 7382
7917 7758 7814 7205
7872 7745 8106 7045
7911 7788 8047 6990
7673 8015 7465 6901
7645 8010 7796 7051
7728 6956 7925 7372
7766 7975 8004 6841
7985 7761 8017 6571
7907 7772 7871 7024
7866 7446 8323 7127
7674 8083 7864 6810
7766 7975 8004 6841
7945 7643 8177 7000
7645 8010 7796 7051
7911 7788 8047 6990
7985 7761 8017 6571
7840 8035 7417 6612
7840 8035 7417 6612
7840 8035 7417 6612
7840 8035 7417 6612
7840 8035 7417 6612
7673 8015 7465 6901
7995 7249 8140 6990
7835 7204 8015 7167
7763 7780 7523 6825
7755 7810 7672 6553
7733 7592 8247 6892
7582 8074 7670 6674
7267 8052 7775 6649
7525 7787 8010 6858
7912 7371 8217 6723
7627 7566 7797 7157
7967 7720 7599 6767
7915 7534 7866 6789
7691 7385 8138 6984
7801 7787 7969 6631
7863 7674 7951 7096
7617 7607 7966 7078
7536 7745 8092 6916
7834 7704 8048 7043
7837 7695 7765 6782
7898 7510 7889 6999
7913 7400 7944 6754
7858 7772 7644 6897
7861 7463 8090 6892
7868 7807 7908 6762
7811 7491 8051 6819
7984 7587 7794 6777
7781 7382 8224 6818
7783 7741 7777 6958
7765 7739 7887 6950
7776 7740 7964 6938
7979 7423 7421 6777
7726 7677 7417 6836
7708 7721 7910 6844
7590 6929 7955 7160
7540 7541 8125 6687
7692 7385 7717 7083
7589 7246 8087 6765
7960 7300 7503 6721
7603 7499 7861 6975
7763 7593 7650 7093
7855 7434 8038 6824
7879 7627 7481 6730
7628 7492 8068 6739
7754 7639 8016 6909
7731 7425 7658 6939
7804 7665 7995 6831
7772 7665 7948 6926
7667 7523 8017 6840
7705 7693 7990 6733
7761 7243 7801 6867
7706 7683 7745 6640
7686 7591 8011 6897
7579 7672 7536 6775
7405 7357 7774 6920
7337 7459 7974 6899
7670 7652 7871 6761
7732 7609 7688 6787
7726 7536 7928 6895
7640 7610 7991 6864
7646 7420 7809 6744
7543 7635 7299 6324
7527 7085 7738 6861
7496 7566 7960 6730
7419 7395 7958 6831
7571 7333 7718 6814
7524 7594 7888 6695
7523 7253 7813 6815
7615 7421 7943 6717
7629 7506 7725 6809
7501 7509 7932 6843
7499 7429 7869 6616
7449 7313 7718 6692
7424 7516 7916 6707
7431 7449 7816 6680
7300 7288 7544 6618
