46947 3241.87
20447 23516 26007 22896
24631 19858 20067 23554
25107 24163 22498 23066
25911 20603 19669 22980
22213 24500 22638 20505
24857 24692 22622 20451
22196 23630 26180 22821
19037 22585 25320 22235
26908 21075 20814 24312
21996 20555 24603 24983
26411 21403 20398 22550
21183 24665 24652 21342
22666 25770 24182 20828
25589 23463 23013 21546
20994 22918 23516 23684
20512 22882 25721 23301
20081 23282 26166 25146
26931 21049 20451 24030
27419 22079 21328 24258
22783 22043 24149 24600
19685 23059 25907 21755
26661 22629 22888 24129
22779 25517 22977 19638
22469 23511 24467 22475
26782 21445 20868 23895
24884 24547 24327 22871
20498 23798 25124 21692
22805 24682 22876 19621
25065 21267 22830 23604
21740 23730 25848 22825
26222 22197 21193 23195
23570 19083 22035 25966
22786 24579 25997 21867
27127 22244 21128 21768
24514 19055 21885 26121
22926 23619 23743 21445
22840 24762 23286 20404
21349 23500 26957 24548
24459 25862 23827 20120
22836 23774 22923 21315
24954 25641 24600 22051
23968 25090 23108 20544
24504 23011 23249 21452
25777 21147 22104 24701
21678 21470 23621 24300
20013 21999 25765 25368
21943 22415 24409 25351
26041 24118 23664 22526
24494 23063 22524 22842
24574 23256 23401 21751
21699 19531 21149 25313
23091 24411 25078 22145
24154 24421 23924 21661
26746 21653 20794 23503
26696 23028 21896 24403
22477 24303 26399 23371
21836 22708 26237 24370
20023 23346 26343 23909
24214 20991 21948 24270
19191 21052 24716 24095
21448 22866 26180 23393
25801 22979 23444 22188
25182 21834 22096 23704
24624 20239 22316 25910
21710 21175 23963 25750
23919 23991 21950 21714
20152 21927 24722 25228
23046 24207 26157 23533
25064 24455 23880 21860
25403 19623 21343 25462
26999 21380 20481 23935
21635 22399 25175 26200
25449 24405 23795 20557
25056 24955 24072 20548
24227 26047 24810 22263
25117 23806 21629 19785
26264 21108 21224 23050
25510 20708 22014 24954
22853 25826 24003 21261
26014 25016 23096 21668
26801 23653 21984 23008
21648 23012 23721 22034
24728 21321 23402 24248
23829 22181 22848 23062
25584 20608 22184 26074
21439 20622 23027 24776
22034 21867 25738 25562
23479 24750 22921 19816
21358 23302 25173 23408
24486 22090 22688 22733
21734 23174 24061 22750
25608 22411 22387 23908
22526 25169 24746 21002
20700 21601 25182 25532
24843 20692 21015 24682
27214 22080 20945 23929
22534 21029 23256 25882
23589 25102 23116 19480
26856 21415 20664 24086
19660 21584 24987 23923
23541 23918 22117 19505
23212 24280 24462 21388
24626 21161 22042 23853
24000 21280 23585 26620
25335 20154 21448 25543
22497 24715 24530 20493
24715 23662 23448 22325
21065 23279 23996 21952
23616 24015 25024 23099
20826 22298 24616 24425
25248 24116 21740 20754
23069 23260 23018 23797
23286 21733 23610 23171
22339 23154 26365 24446
23431 25301 23669 20471
21870 25562 24575 20081
23982 24655 24843 21916
22052 23840 25968 22967
25155 22034 22610 23629
22523 23872 23337 22237
23739 21325 22204 23654
22012 23094 25904 23477
23429 24083 22503 19941
26726 20766 20443 23578
24373 23168 22203 21170
20906 19057 20701 24083
21890 20694 22276 24053
21744 23633 25858 22953
24425 22699 23594 24459
22917 24877 24331 21683
23236 22836 23710 23980
22769 21700 24687 26505
25699 21239 21288 24163
25692 24243 22660 22181
22876 22396 23148 23981
22526 21196 24415 26531
25155 25880 23127 20656
24543 20768 21077 24983
22807 25403 23264 19235
24172 25367 23555 19774
21563 24142 26262 23143
22229 24099 25604 23120
25553 21553 22040 25096
26431 21999 21864 23524
22593 19672 20081 23969
23018 24819 25487 23102
21512 20466 23454 24307
23135 26361 24438 20942
24005 24709 23803 21432
22292 21638 24642 26728
23988 24412 24886 22517
26356 23457 21289 22251
22259 25220 24867 21036
24475 25290 23755 20364
21331 24094 26682 24094
20328 22253 25891 26049
23988 25557 23737 19957
26282 21736 21594 24085
23966 24086 22692 19835
24708 23604 22964 23957
22384 24635 25074 23018
24948 19898 22469 26862
26917 22674 22071 23854
23940 26008 23535 20002
25156 24803 24201 21471
25754 21654 21923 24914
25069 21396 21008 22912
20076 22931 26420 24718
24005 23865 23250 20951
24564 21163 22502 24689
24741 20949 22373 25601
26183 20882 20480 24433
25416 23514 24001 24690
20221 23543 26121 23632
23079 25327 24940 21970
21459 20096 23441 26412
24901 21564 23314 24368
26905 22994 21909 23189
22797 21099 24604 27328
25863 22590 21220 22470
21006 24167 26904 24158
26230 21321 20576 24220
22410 24611 24506 21964
23510 25610 24467 20815
23685 23192 23203 23583
20913 23428 25971 23995
21252 22812 24989 23209
24154 20299 22590 26504
24792 20635 21235 25211
20870 19998 23199 24761
25204 24345 23476 23523
21155 23691 26675 24364
23528 24568 23501 22540
25021 22905 23063 23689
23157 24317 23307 21552
26069 19910 20518 23872
24151 21530 23505 24503
23012 25583 23792 21653
23706 25547 23568 20378
23126 19462 21676 24976
23783 23340 23235 22466
25283 24005 22705 21537
23263 23827 25174 22954
25332 21353 22611 24112
25552 21851 21682 23462
25057 21189 21896 24027
25360 23134 21645 21913
26737 21755 22134 23354
26155 22077 21423 22914
26133 21371 21640 25302
25155 20602 21671 25290
24669 19940 22476 25902
26455 23825 22911 21727
25003 23474 24238 23948
22858 23356 24291 22893
25035 21539 24096 25560
24830 22332 22165 23480
26106 20986 20094 22934
23375 23447 21994 20820
22017 24675 25990 21633
24348 24405 25229 23554
22685 25194 23549 20288
24177 20104 22781 26715
25230 24873 23504 21599
22950 23808 24999 23834
24336 24835 23766 20593
23899 21293 23639 26638
22028 23537 26692 24702
25399 20370 20711 23092
26427 21995 21154 23081
21408 23475 26564 24433
24182 23402 23252 23577
23964 19674 21614 26035
22068 23042 23815 22997
24996 19858 22479 25871
22468 22304 25923 25286
22869 22086 25786 25342
23695 22033 22273 23386
22418 22863 26025 24315
26283 21717 21508 23613
21728 24531 24951 22579
25594 21478 21917 24708
21173 20880 23434 24672
25708 23572 21895 21295
24268 25186 24738 21718
25189 21532 22484 23543
26027 23357 22299 21897
26300 20704 22449 25614
27377 22295 21167 23665
23423 26181 24413 20942
26482 22401 20519 22583
26188 21641 21700 23437
24071 22915 22927 23211
24849 20725 21229 24521
23897 18817 21467 25769
22943 20137 23218 26394
22486 19997 23268 25042
24174 20380 22860 25934
23155 21470 24237 25864
22358 22978 26083 25456
27236 22441 21138 22275
23532 22354 23000 23944
23900 23797 24935 24194
23169 23552 22814 21406
21124 19870 22100 24169
21198 20159 22803 24642
22261 20141 23454 26680
23646 21891 23128 25159
26746 22710 21660 22662
24182 23786 22912 21577
24110 20861 24203 25039
23673 25295 23213 20355
22103 23585 24745 23164
24372 20898 22548 24095
26165 24542 23092 21795
22302 20223 23494 27375
22142 25280 24915 21295
20396 21982 24611 23378
21335 22091 25302 24005
20058 23606 25638 24178
23521 22262 22787 22046
22818 23109 26353 23850
23920 20782 23286 26721
22998 23018 23725 23483
23461 20123 21469 23906
21201 24027 23447 20637
25283 22056 23339 23762
23023 25344 24292 20775
25005 23438 22863 23653
22630 20190 23249 27211
25383 23861 24080 22133
24219 22231 23585 23548
26753 23078 22612 22176
25605 20081 20818 24859
25454 25067 24137 21172
22774 20733 24002 25544
23425 20168 22907 26349
24438 20956 21885 24218
24132 22560 21862 23113
20982 22647 26156 24189
20712 23221 23318 20476
23379 23712 25509 24247
23283 23325 24703 23249
20270 20705 23833 25531
22249 23379 24808 22986
23620 25869 25000 21801
26952 22929 21811 23241
24147 22340 23158 24114
24697 20400 22945 24484
26417 21865 21511 23720
25187 20162 21756 25383
23475 22397 24278 24222
23906 23114 24199 24066
23760 25369 24854 20390
22782 19938 21908 25497
24215 23178 24231 24509
20138 23040 24777 23126
23723 22250 21511 21988
23421 24368 24082 22606
21761 21876 25548 23714
26915 21734 21125 24430
21791 20441 23495 25555
24412 21268 22830 24802
22681 22766 24645 25730
21149 23260 26304 25289
24630 24892 22883 20054
21713 23621 23683 21634
23586 25575 24315 21749
25285 24729 23153 21906
21521 21714 23498 22452
21350 22566 25494 26068
23468 24678 25144 22568
22978 21872 23446 24406
22042 23606 26555 24173
21872 24347 24900 21561
22686 21980 24421 24629
21424 22936 26635 24658
23890 22521 24631 23441
21404 23858 26133 23754
27013 21763 21792 23337
22984 24240 24496 22643
21038 23023 26816 25908
24218 21224 23653 26014
22884 20411 23889 27350
22193 22382 23658 23943
25038 20657 20660 24324
26771 21826 22372 23960
27099 23107 21820 22277
22838 23302 22587 22220
23378 21688 24443 23880
24574 23588 23541 22776
27025 21528 20806 22778
