214106 104.846
4114 3466
3735 3879
3788 3831
3869 3802
4086 3612
3915 3789
4023 3683
4105 3525
4114 3466
4051 3632
3735 3879
4051 3632
3735 3879
4023 3683
4101 3568
4023 3683
3955 3736
4101 3568
3834 3806
3929 3766
3988 3712
3937 3760
3869 3802
3808 3808
3980 3731
4048 3636
4042 3660
4042 3660
3963 3735
4105 3525
4042 3660
4086 3612
3937 3760
4086 3612
4101 3568
4086 3612
3929 3766
3808 3808
3798 3822
3915 3789
3808 3808
3929 3766
3808 3808
4048 3636
4023 3683
4114 3466
4042 3660
3798 3822
3955 3736
4051 3632
4042 3660
3937 3760
4101 3568
4048 3636
3988 3712
4042 3660
3988 3712
4048 3636
3808 3808
3798 3822
4042 3660
4042 3660
4023 3683
4086 3612
3988 3712
3735 3879
3937 3760
4114 3466
3963 3735
3808 3808
4042 3660
4114 3466
4048 3636
4086 3612
3937 3760
3937 3760
4048 3636
4105 3525
4114 3466
4086 3612
4042 3660
4086 3612
4101 3568
4101 3568
4051 3632
3798 3822
3937 3760
4042 3660
3798 3822
4101 3568
3915 3789
3988 3712
4101 3568
4086 3612
3937 3760
4042 3660
4051 3632
3798 3822
4042 3660
4114 3466
4023 3683
4048 3636
3808 3808
3929 3766
3798 3822
4101 3568
4086 3612
3937 3760
4101 3568
4105 3525
3963 3735
4042 3660
3980 3731
3869 3802
3937 3760
3834 3806
4101 3568
3955 3736
4023 3683
3735 3879
4051 3632
4114 3466
3915 3789
4042 3660
3915 3789
3798 3822
4042 3660
3937 3760
3798 3822
4051 3632
4101 3568
4086 3612
4042 3660
4086 3612
4105 3525
4048 3636
4086 3612
4048 3636
4086 3612
3963 3735
4114 3466
3937 3760
3735 3879
3988 3712
4042 3660
4042 3660
3798 3822
3808 3808
4048 3636
3988 3712
4042 3660
3988 3712
