54874 2701.29
9552 8101 7887 7221
8206 9688 8072 6970
8019 7338 8707 8597
9021 8640 7482 7411
7829 7895 9662 7674
7909 7464 8415 8787
8740 9230 7898 6724
7393 8359 8827 7681
8426 9430 7927 6821
7573 7922 8998 8269
9490 8227 8030 7150
8719 8863 7519 7454
7781 7980 9540 7709
9413 8272 7964 7094
8453 9502 7946 6750
8744 8987 7642 7340
8049 7429 8517 8711
7926 7996 9222 7723
8298 9647 8021 6975
7881 7947 9311 7955
7992 7445 8802 8512
8305 9569 7977 7155
8294 7597 8375 8354
9221 8423 7810 7235
8039 7564 8441 8670
9036 8781 7534 7322
8813 8889 7763 7275
8694 9052 7731 7107
8171 9543 8113 7071
8773 8847 7632 7375
7531 8063 9132 8052
7878 7911 9500 7768
8411 8623 7938 7634
8995 8466 7608 7515
9021 8640 7482 7411
8101 7746 9187 7941
7668 8113 8935 8178
9463 8268 7906 7199
8001 7789 9335 7702
8301 9506 8039 6913
8181 9656 8093 6990
7639 8135 8967 8060
8672 9040 7692 7304
8983 8693 7705 7570
8443 9374 8018 6835
7798 8590 8863 7254
7631 8068 9261 7950
7933 7898 9283 7896
9324 8071 8042 7330
7548 7981 9179 8107
8187 8024 8448 8155
9354 8344 7876 7186
8158 7574 8982 7892
8808 8571 7547 7606
8214 7660 8267 8549
9552 8101 7887 7221
8804 8957 7917 7138
7978 8674 8547 7572
8180 7687 8779 8289
8186 7729 8348 8531
7472 8143 9017 8070
8760 9154 8128 6936
7857 7780 8763 8339
9132 7780 7939 7578
8007 7980 8472 8209
8254 7943 8290 8430
8328 9334 8028 7136
8099 7397 8807 8584
8587 9228 7776 6880
9144 8718 7739 7276
8430 9295 8155 6922
8576 9277 7807 6965
9109 8292 7932 7498
7512 8187 8900 8141
8877 8181 8198 7460
7659 7867 8923 8260
7917 7888 9384 7919
8219 7809 8962 7846
7984 7847 9036 8321
8169 8495 8808 7661
8568 9320 7813 6896
9221 8399 7837 7049
8501 9367 8095 6957
8019 7338 8707 8597
9249 8245 7895 7451
8834 9152 7885 6777
9257 8414 7614 7379
8005 7574 8527 8741
8113 8247 9168 7487
8163 7510 8495 8569
7611 8022 9075 8078
9218 8520 7533 7379
7437 8171 9100 8068
7492 8159 9110 8002
8918 8748 7676 7564
7758 7946 9588 7673
8061 7972 9218 7713
9300 8287 7780 7223
8168 8450 8739 7667
8369 8833 8285 7545
7739 8093 9373 7472
8263 7723 8254 8450
8355 9262 7846 7210
7776 8195 9155 7584
7866 8025 9472 7800
8398 8474 8573 7649
7710 7887 9433 7884
8266 8241 8626 7767
8062 7615 8844 8389
8054 7455 8738 8579
8068 7512 8654 8596
9344 8287 7932 7186
8258 9018 8595 7501
9029 8829 7910 7140
9052 8497 7982 7173
8654 9332 7768 6783
8701 8556 8322 7351
7849 7887 9625 7670
8422 9414 7988 7000
8786 8738 7959 7288
7838 8087 9141 7832
8085 7521 8505 8685
8547 8906 8081 7209
8857 8744 8107 7261
7819 8734 8558 7512
8497 9076 7778 7292
9193 8553 7932 6992
7852 8005 9426 7802
7758 7946 9588 7673
8660 9187 7853 7144
8944 8764 7577 7378
7704 7944 9459 7826
8435 9384 8001 6761
8753 8438 8067 7478
7958 8567 8537 7690
8619 8938 7971 7026
8065 7566 8599 8638
9081 8717 7883 7222
7784 7987 9204 8056
9098 8582 7991 7153
8061 7712 8854 8373
7810 7820 9135 7994
8597 8625 7597 7591
8396 9205 8167 7098
7875 7952 8716 8028
7909 8028 9356 7860
8121 7411 8826 8481
8377 8586 7983 7743
8271 7617 8715 8493
7829 7895 9662 7674
8912 8937 7884 7057
8199 7836 8930 7971
8641 9369 7951 6765
7909 7464 8415 8787
9067 8506 7703 7328
8343 9203 8203 7125
7875 8295 8725 7863
8839 8918 7887 7067
8173 8043 8683 7872
8341 7852 8266 8418
8397 7849 8754 7905
8658 9127 7907 7037
7611 8022 9075 8078
9466 8204 7956 7198
8630 9283 8129 6854
8264 7905 8880 7813
8573 9004 7974 7335
8965 8207 7823 7602
8023 7928 8671 7999
9217 8417 7668 7290
7437 8171 9100 8068
7858 7884 8873 8284
8810 8222 8303 7509
9391 8183 7983 7285
8453 9502 7946 6750
8852 8804 7601 7421
8481 8874 8368 7297
7967 7721 8637 8467
8057 7539 8639 8626
8882 8157 8101 7731
9074 8354 8232 7438
8236 7917 8573 8239
7773 8434 9019 7322
8204 9105 8146 7468
8590 9317 7767 6880
8330 9603 8031 7021
8940 8805 7792 7166
8285 7863 8363 8409
8745 8298 8057 7553
7781 8021 9404 7902
7742 8599 8645 7685
8010 7474 8702 8560
8567 8316 8400 7623
8768 8265 8238 7738
8630 9283 8129 6854
7896 7897 9053 7897
8373 9232 8347 7089
7849 7887 9625 7670
8136 7769 8837 8030
8957 8929 7864 7152
8286 9118 8386 7191
8186 7646 8356 8455
8206 9688 8072 6970
7747 8282 8908 7525
8383 7695 8421 8178
7951 9032 8512 7266
7544 8080 9116 8086
8553 8794 8336 7376
9215 8496 7602 7280
8009 7470 8651 8611
8957 8413 8342 7415
7769 8060 9451 7793
8019 8121 8786 7987
8321 7859 8610 7931
7696 7925 9350 7994
8178 9406 8087 7016
8535 8083 8402 7880
8005 7574 8527 8741
7864 7840 9097 8119
8043 8758 8452 7528
8612 8332 8215 7466
8107 7666 8839 8509
8095 8173 8606 7967
7974 7902 8424 8382
8253 8153 8032 8197
8362 7951 8577 7987
8086 7892 8614 8094
8136 7769 8837 8030
8506 9140 8010 7096
8084 8102 8647 8187
8934 8577 8078 7350
8388 7814 8830 7939
8433 9368 8141 7007
8550 8846 7789 7436
8707 9280 7900 6809
8116 7494 8939 8316
9057 8761 7681 6997
7942 7927 9266 7828
8601 9091 8160 7117
8479 9182 7900 7120
8635 7489 8699 7969
8353 8420 8436 7688
8330 9603 8031 7021
9373 8305 7871 7044
9296 8391 7820 7391
8043 8805 8639 7261
8949 8160 8062 7525
8278 7894 8889 7534
7472 8143 9017 8070
8616 8378 7720 7682
8254 9088 8034 7431
8493 8026 8395 8112
