18376 600.176
13977 14789 14475 12227
15143 12160 13942 13510
15069 12512 14892 14460
13736 15632 12675 14927
14488 15369 13067 15636
12273 15271 15092 16401
13050 15076 15584 13271
12400 13897 14436 14520
15610 14711 14282 15035
15848 14122 14923 13672
12689 14270 13662 15317
15490 12763 12828 15505
13841 13481 14139 15783
14438 12873 13239 12856
13152 14847 14313 12330
14029 15092 12480 16234
15257 13778 14522 13220
13717 15002 14380 17320
14359 15812 16026 13779
13964 14853 14239 12844
14837 14328 13427 15126
12503 15897 14458 15814
13210 13238 13353 16220
13743 14566 12630 16635
14873 13830 14122 13526
12489 14885 16300 14758
16895 16438 14907 13844
15544 15708 12799 15801
13377 13710 15690 14678
14733 17166 15530 12877
15921 13615 14219 16562
13774 15480 14798 17542
14536 13074 15211 13996
15993 14231 16080 15075
14710 14859 12592 14365
12936 13594 13065 11905
17060 15081 15505 13430
13429 16268 14371 15991
15013 15702 14435 15448
15405 14109 13530 13659
13686 14367 13201 15961
15109 13959 13849 14405
16082 14533 13408 15610
14105 17805 15372 14673
13623 14000 14528 13277
12898 16578 14866 15631
16958 14959 15393 12843
14001 14931 12639 16485
16451 16242 13804 13205
13971 15666 14225 15070
16149 15879 15548 13320
15010 13717 12892 12720
13622 16799 15891 14558
16242 13165 12596 13576
13961 15351 14399 14206
16450 13613 14331 15785
16441 14715 14130 13529
13283 13193 14007 15543
14115 15209 16854 13680
14681 16538 14721 14876
15766 13810 13237 13964
17641 14735 14428 13648
14532 15308 13438 13558
13650 15562 16876 15414
13249 16015 13680 13707
13728 15993 15859 13795
13273 14537 16038 13241
16159 14496 14489 15801
13402 16019 14310 15696
13800 15465 17322 14892
14781 14300 13761 16603
16420 14162 13129 14105
16740 13716 14803 13587
13990 14345 13258 15381
14460 14731 12257 13248
15994 13732 14371 15113
14970 15501 13212 15470
13441 16322 14607 16395
12500 15764 14712 14662
14164 15213 16003 16547
14244 14083 13232 16190
15662 15319 12708 16200
15029 14135 14530 16579
13486 15529 14936 12222
13649 15208 15229 14353
12331 15494 14475 15128
14673 14586 13190 14991
13608 16141 15086 13683
13022 17097 15372 13881
15332 15442 12495 14930
14334 16177 14399 16774
15126 14760 13420 16083
15496 16476 14866 13829
14370 15625 14328 16859
14183 16058 15432 13820
14933 15478 17437 13703
13351 16465 14512 15864
13996 14379 11969 14252
14469 15913 14871 12349
14272 13519 15177 13367
14991 15246 12621 14863
14022 15244 14262 13217
14561 15206 14794 15092
16055 15254 15707 12663
12859 13288 13180 11746
13922 15402 12929 15006
16097 14440 14791 14849
13522 14339 13405 13882
15019 15685 15133 12561
14267 15309 17491 13880
14862 15037 15111 13907
14445 16975 13749 14878
15285 14357 15773 12448
14048 15756 14917 12477
11744 14859 13015 15084
16470 13647 14904 14748
16990 14529 13674 15517
14243 17527 14718 14195
16430 13727 13536 14143
16086 13079 14286 13800
15979 14175 14625 16524
14968 13889 13948 17760
15803 13779 14087 14894
17001 13992 14234 15986
13183 14561 13127 16582
14463 14716 16290 14058
15858 16023 13829 14430
14734 13889 14118 16790
15916 17160 15455 12886
16536 16324 15940 13876
12988 15566 15450 16521
16009 15143 13584 16070
13487 15055 15835 13744
13679 16442 14667 12904
14185 17115 14239 13548
14882 14854 14369 16537
13847 13947 15623 14766
12231 15939 13986 15446
16333 14082 13257 13476
15355 14835 13908 14563
13923 13128 15913 14648
13644 16003 15050 15540
14885 12533 12245 12690
13821 13980 15258 13761
14431 16255 13927 12449
14962 15008 15758 15251
14906 15664 13129 14245
13070 16074 13563 13529
14009 14191 13762 12018
14175 13053 14842 14318
16321 13528 15875 15219
15790 13678 14557 14193
15016 12998 15175 13495
14228 15071 13041 15107
14044 13654 13430 12589
15755 14344 12336 14822
14689 14729 14867 13769
13925 16208 15497 13818
13906 14631 15713 15620
14772 14922 12179 14728
15028 14736 13116 13844
13480 14290 13870 15426
15205 15832 16962 13569
13299 14978 14414 15270
12238 15432 14351 15794
13062 15520 14441 14748
15542 16010 13616 14262
14292 13918 13439 17195
13556 14010 16632 14054
15659 14369 14778 13459
14270 16589 16663 14632
13913 13978 15889 12940
15392 15347 16432 13858
14815 16009 13873 15478
13244 15984 16086 14840
15081 13906 13601 13288
14973 16201 13297 15187
15485 14433 15990 13034
12767 15507 14934 16044
14985 12963 12503 12329
16416 15612 14012 15340
16157 13319 12549 13404
12873 13404 14471 12155
13954 17070 15421 13799
15117 15826 16422 14013
13515 15098 13682 16929
17181 15573 14902 15406
14945 15833 13274 13293
14361 14949 13865 12267
15821 14624 13602 14933
12755 13966 13847 12577
12703 15148 12365 14702
16009 14004 15751 13260
11640 12155 11963 12959
14281 14812 12798 16771
13651 14271 14965 12393
14867 15419 15512 14605
13636 16804 14115 14211
15654 13612 14792 14474
15940 13456 14851 16503
15004 14590 15341 14824
13068 16004 13806 14770
15843 14735 13642 14744
15582 15679 14438 12967
16533 14183 13554 13081
16072 15070 12480 15795
13330 16595 14011 14868
14088 14672 14766 15508
14843 17270 15230 13572
14778 15690 17117 13429
14852 13549 12783 13813
12888 13892 13844 15888
15449 15937 14343 12771
14554 12655 13026 13506
14067 14266 13835 15627
16533 14073 13833 15279
13355 15246 13401 16227
14667 13886 12210 14608
15077 15972 12584 15411
15601 13524 14460 12523
14409 14271 14340 11403
13384 15136 13941 14858
12511 16489 15498 15371
12572 16379 14906 14695
12716 14721 13723 15982
14214 15370 13935 16218
12963 16126 14495 14273
16358 16799 14375 14720
14150 15570 13690 14954
15445 15046 14505 11838
14488 14075 13424 15689
15425 13485 13604 12601
14764 13632 14288 15047
14677 15223 16456 13353
15183 15631 14529 12244
16199 13416 13462 12812
15256 15311 15633 11889
15297 15656 15178 15028
17236 15177 14532 13526
14765 14484 14618 15842
12989 15252 14141 15882
14768 15471 15262 12812
13706 16364 15143 15194
17394 14859 15288 12914
14320 14567 14329 12291
14530 15026 13912 12423
16424 14289 15724 13956
12748 16181 15525 15324
13596 15099 16251 13432
16711 15635 15875 13019
17157 14805 13970 14741
12823 15624 14920 14760
13916 13347 16043 14292
12921 14854 14758 14933
13771 14393 15634 12656
12636 14052 13204 14698
14137 14405 17146 14614
12757 16125 14993 15852
14071 15290 14911 12250
15598 14142 14548 16593
13692 15505 13821 16375
14802 14024 13638 15887
16912 14557 13337 14419
13233 15910 14081 14295
13420 14760 14308 16835
16264 13314 13862 14561
14503 14372 15021 14085
16029 14794 16980 14029
13235 15107 13594 14877
15815 14642 13895 14793
15424 14125 13486 13237
14296 15457 15480 13621
14853 16349 15360 14480
14602 16754 15268 13102
12819 16118 14614 16624
13862 13014 13980 12661
15673 13686 14048 16872
14535 15094 14790 14077
12849 14532 15107 14057
12363 15569 14547 16624
15034 16034 14288 14779
14245 14111 12800 16658
16210 14350 15405 15945
12520 13679 15723 14006
14287 15196 14308 12212
14421 16809 15498 14994
14264 15372 17061 13227
13798 13939 15749 12787
16131 15940 13429 14617
14565 14132 12642 14051
16249 15390 16033 13474
13198 17041 15363 15067
14633 12668 13928 13080
17218 13522 14862 14284
14284 14782 16323 16424
17637 14672 14746 13350
14792 14181 15338 14288
13669 16215 13332 14435
15018 14731 16927 13645
12541 15616 14505 13710
