2374 721.993
17067 16713 16839 16389
16448 17115 16987 16289
16542 16546 17522 15929
16005 16346 16398 17045
16769 17031 17204 16643
16939 16978 17342 16810
16859 17001 17311 16739
16943 16999 17247 16870
16777 16654 16773 16395
16858 16850 17195 16766
16837 16955 17304 16766
16960 17058 17328 16823
16659 16742 17171 16480
16778 16835 17304 16542
16934 16971 17356 16784
16569 16774 17146 16744
16746 16954 17256 16795
16799 16747 17231 16605
16804 16982 17433 16788
16861 16976 17212 16617
16907 17006 17266 16731
16721 16793 17302 16697
16812 17024 17174 16774
16891 16971 17365 16844
16875 16925 17258 16765
16830 16837 17102 16657
16690 17037 17268 16689
16839 16992 17222 16683
16828 16963 17237 16621
16818 16802 16924 16611
16734 16851 17178 16727
16836 16951 17298 16778
16585 16924 17233 16708
16759 16946 17263 16588
16739 16907 17288 16627
16754 16941 17103 16716
16875 16954 17244 16744
16823 16964 17231 16662
16534 16885 16963 16791
16800 16919 17241 16727
16896 16915 16975 16517
16856 16802 17243 16654
16801 17033 17242 16658
16887 16940 17301 16814
16692 16948 17074 16526
16697 16927 17257 16787
16568 16813 17159 16444
16835 16900 17296 16723
16893 16991 17392 16843
16890 16860 17246 16718
16713 16983 17341 16799
16846 16927 17272 16813
16826 16969 17281 16713
16802 16876 17192 16705
16865 16885 17289 16824
16891 17017 17335 16790
16944 16897 17194 16739
16723 17003 17360 16757
16891 16900 17152 16602
16575 16920 17038 16558
16971 16926 17264 16803
16926 16944 17154 16688
16855 16906 17174 16618
16849 16954 17382 16735
16926 16764 17004 16705
16765 16733 17135 16429
16751 16856 17279 16811
16875 16863 17243 16603
16758 16862 17278 16488
16996 16884 17310 16597
16755 16855 16938 16638
16935 16959 17357 16745
16803 16968 17203 16772
16853 16956 17250 16800
16942 17021 17392 16820
16932 17010 17356 16774
16795 16757 17129 16671
16831 16861 17306 16655
16945 16872 17213 16744
16878 16921 17303 16797
16786 17061 17225 16732
16872 16949 17320 16800
16905 17058 17311 16846
16803 16968 17203 16772
16535 17077 17113 16475
16899 16930 17369 16717
16789 16901 17202 16620
16869 16955 17253 16712
16741 17022 17355 16843
16858 16977 17339 16781
17009 16941 17264 16726
16808 16961 17317 16712
16408 16755 17242 16575
16745 17004 17277 16692
16866 16962 17320 16783
16942 16827 17180 16831
16739 16919 17087 16601
16868 16943 17206 16728
16790 16951 17216 16790
16956 17007 17391 16783
16920 16955 17121 16698
16849 16963 17278 16846
16284 16865 16984 16487
16834 16955 17287 16736
16919 16985 17339 16921
16988 17012 17320 16718
16928 17006 17276 16875
16767 16795 17262 16683
16804 16982 17433 16788
16846 17062 17287 16819
16557 16846 17114 16767
16797 16773 17209 16734
16729 16980 17329 16701
16781 16819 17109 16591
16677 16741 17150 16675
16826 17002 17344 16786
16873 16992 17235 16842
16812 16814 17244 16647
16661 16937 17352 16689
16782 16900 17355 16735
16627 16866 17164 16765
16788 16890 17249 16692
16847 17055 17309 16795
16884 16923 17362 16810
16983 17009 17328 16828
16828 17011 17303 16776
16700 16835 17199 16751
16894 16989 17322 16720
16772 16855 17121 16600
16898 16952 17279 16777
16716 16691 17391 15979
16657 16924 17126 16723
16840 16974 17283 16770
16935 17044 17397 16763
16784 16967 17279 16774
16849 16881 17193 16802
16822 16987 17316 16821
16858 16992 17218 16614
16831 16957 17404 16881
16925 16846 17228 16805
16651 16764 17123 16760
16902 17012 17343 16778
16636 16944 17195 16663
16835 16884 17221 16651
16541 16841 17195 16597
16831 16935 17262 16928
16589 16709 17058 16683
16711 16865 17299 16593
16754 16987 17203 16881
16752 17045 17245 16695
16668 16812 17238 16570
16845 17016 17330 16829
16856 16874 17305 16759
16820 16913 17281 16642
16824 16886 17192 16747
17009 16986 17260 16752
16768 16882 17228 16801
16757 16854 17149 16642
16415 16907 16874 16285
16556 16772 17010 16663
16888 16870 17264 16668
16865 16801 17334 16764
16932 16939 17288 16697
16828 16948 17184 16715
16806 16971 17235 16695
16847 16960 17249 16759
16725 16866 17233 16782
16759 16697 17238 16468
16856 17006 17226 16626
16885 16877 17302 16723
16661 16937 17352 16689
16804 16982 17433 16788
16823 16965 17309 16692
16956 17007 17391 16783
16836 16885 17108 16567
16800 16919 17241 16727
16891 17032 17353 16849
16848 16929 17293 16726
16941 17018 17361 16749
16853 17058 17353 16801
16859 17009 17325 16784
16763 16999 17142 16724
16776 16868 17150 16729
16822 16808 17250 16761
16930 16938 17227 16867
16910 16958 17387 16899
16875 16824 17222 16660
16761 16906 17269 16848
16875 16836 17249 16669
16971 16926 17264 16803
16905 16931 17263 16703
16770 16983 17235 16647
16730 16820 17217 16644
16956 16860 17166 16658
16657 16924 17126 16723
16941 16965 17391 16815
16846 16945 17268 16778
16915 16875 17351 16791
16857 17028 17301 16771
16700 16835 17199 16751
16988 16940 17320 16808
16686 16968 17332 16592
16976 16999 17353 16745
16683 16660 17097 16688
16925 16846 17228 16805
16928 17006 17276 16875
16891 17032 17353 16849
16622 16932 17199 16813
16826 17002 17344 16786
16879 17007 17360 16864
16828 16983 17313 16870
16909 16940 17280 16732
16822 16843 17255 16771
16959 16981 17264 16768
16959 16981 17264 16768
16894 17081 17195 16762
16899 16930 17369 16717
16920 16869 17307 16680
16848 16899 17228 16579
16593 16856 17166 16582
16818 16802 16924 16611
16928 17006 17276 16875
16786 16962 17355 16756
16749 16846 17179 16741
16848 16899 17228 16579
16699 16717 17187 16760
16930 16930 17365 16793
16956 16977 17325 16832
16780 16806 17246 16548
16848 16813 17178 16620
16823 17003 17295 16770
16761 17042 17178 16666
16811 17000 17322 16814
16956 16953 17385 16667
16872 16949 17320 16800
16823 16964 17231 16662
16893 16991 17392 16843
16740 16961 17282 16768
16902 17012 17343 16778
16749 16907 17307 16715
16959 16981 17264 16768
16685 16824 17362 16810
16827 16841 17156 16531
16878 16921 17303 16797
16672 16703 17284 16566
16676 16959 17266 16742
16913 16983 17334 16801
16939 17031 17305 16819
16782 16900 17355 16735
16965 16793 17248 16593
16933 17016 17252 16748
16792 16973 17225 16701
16949 16902 17323 16843
16810 16873 17226 16656
16904 16884 17359 16763
16920 16918 17273 16737
16806 16913 17302 16822
16910 16960 17245 16728
16846 17019 17333 16804
16890 16900 17324 16791
16939 16978 17342 16810
16904 17024 17368 16785
16813 16801 17161 16799
16722 16894 17162 16703
16996 16846 17314 16741
16831 16730 17121 16546
16965 17015 17311 16768
16800 16873 17006 16786
16447 16802 17061 16680
16779 16827 17201 16735
16869 16946 17311 16729
16988 16940 17320 16808
16839 16992 17222 16683
16762 17032 17299 16697
16829 16897 17207 16395
16826 16895 17207 16763
16850 16949 17232 16733
16893 16969 17351 16674
16904 16884 17359 16763
16861 17002 17300 16790
16775 16969 17257 16755
16686 16968 17332 16592
16825 16983 17275 16716
16721 16918 17436 16691
16859 17009 17325 16784
16828 17011 17303 16776
16806 16983 17272 16769
16896 16822 17171 16778
16849 16948 17325 16836
16824 16909 17236 16801
16956 16996 17306 16905
16864 16949 17292 16782
16913 16983 17334 16801
16823 16966 17307 16776
16848 16983 17283 16746
16930 16994 17304 16798
16733 16957 17321 16800
16735 16899 17141 16707
16906 16870 17179 16652
16860 16969 17277 16705
16846 16927 17272 16813
16737 16786 17185 16717
16593 16856 17166 16582
16786 16982 17096 16676
16896 16915 16975 16517
16842 17003 17299 16695
16890 17012 17286 16806
16864 16946 17328 16812
16906 16915 17220 16720
16974 16964 17313 16835
16905 17058 17311 16846
16671 16797 16936 16725
16767 16939 17251 16769
16757 16869 17163 16736
16612 16877 17212 16777
16939 16978 17342 16810
16796 16896 17333 16779
16730 16913 17034 16810
16780 16933 17041 16440
16923 16921 17333 16738
16664 16800 17218 16615
16714 16868 17325 16640
16805 16904 17117 16707
16791 16893 17214 16738
16908 16922 17310 16882
16791 16963 17086 16835
16869 16951 17274 16623
16778 16875 17298 16828
16878 16939 17226 16715
16865 16856 17211 16684
16987 17019 17253 16792
16914 16995 17334 16795
16708 16910 17171 16676
16846 17062 17287 16819
16940 16916 17294 16733
16880 16956 17330 16773
16869 16835 17223 16676
16846 17008 17327 16810
16818 16880 17257 16737
16846 16967 17268 16674
16541 16841 17195 16597
16939 16978 17342 16810
16864 16902 17249 16793
16833 16917 17127 16727
16753 16532 16918 16710
16629 16896 17306 16766
16834 16838 17196 16626
16820 16913 17281 16642
16890 16892 17176 16763
16901 16964 17306 16897
16402 16879 17036 16755
16900 16930 17313 16793
16822 16987 17316 16821
16839 16928 17068 16705
16819 16939 17278 16798
16714 16930 17280 16761
16987 16933 17302 16706
16866 16962 17320 16783
16631 16926 17255 16616
16866 16874 17264 16828
16955 16940 17279 16761
16696 16920 17252 16752
16721 16836 17088 16744
16906 16868 17258 16760
16823 16990 17289 16812
16834 16829 17211 16453
16940 16894 17298 16717
16797 16863 17166 16692
16793 16820 17228 16727
16924 17023 17346 16806
16941 16983 17297 16667
16939 16978 17342 16810
16010 16402 16563 16776
16616 16890 17196 16553
16837 16873 17323 16733
16911 16996 17285 16796
16878 16921 17303 16797
16768 16882 17228 16801
16648 16544 17311 15999
16557 16846 17114 16767
16743 16919 17215 16747
16894 16980 17312 16803
16821 17076 17311 16862
16716 17069 17235 16825
16939 17031 17305 16819
16838 16944 17218 16724
16802 16876 17192 16705
16765 17006 17285 16831
16848 16896 17401 16795
16933 17016 17252 16748
16859 17009 17325 16784
16939 16978 17342 16810
16959 16991 17213 16780
16868 16935 17245 16820
16909 16969 17259 16821
16872 16987 17362 16790
16856 16960 17226 16777
16793 16730 17085 16550
16858 16832 17153 16661
16871 16928 17345 16733
16959 16991 17213 16780
16730 16810 17287 16782
16922 17051 17334 16720
17035 16917 17364 16805
16801 16789 17238 16737
16584 16883 17016 17044
16849 17029 17276 16910
16876 16948 17225 16596
16508 16791 17159 16868
16836 16885 17108 16567
16888 17012 17262 16606
16913 16983 17334 16801
16843 16867 17160 16833
16943 16949 17251 16725
16943 16999 17247 16870
16702 16944 17362 16714
16799 16945 17261 16609
16741 16934 17158 16715
16740 16933 17184 16769
16704 16939 17054 16685
16872 16987 17362 16790
16888 16957 17188 16728
16956 16996 17306 16905
16871 16887 17309 16766
16942 16950 17308 16764
16837 16945 17173 16704
16734 16958 17283 16799
16819 16939 17278 16798
16791 16894 17219 16693
16727 16947 17315 16709
16930 16994 17304 16798
16584 16783 17179 16745
16736 16800 17194 16662
16740 16852 17214 16685
16848 16896 17401 16795
16858 17019 17282 16901
16824 16993 17320 16752
16408 16755 17242 16575
16865 16996 17232 16786
16688 16872 17304 16571
16848 16787 17211 16592
16894 17031 17274 16746
16907 16945 17381 16808
16879 16928 17264 16752
16916 16953 17309 16755
16880 16956 17330 16773
16875 16925 17258 16765
16914 16987 17322 16704
16937 16956 17350 16768
16496 16636 16816 16700
16750 16806 17013 16673
16898 16913 17303 16815
16944 16897 17194 16739
16852 16940 17212 16774
16918 16899 17121 16730
16849 17076 17304 16832
16759 16697 17238 16468
16817 16824 17288 16802
16915 17018 17353 16753
16648 16544 17311 15999
16898 16824 17283 16764
16816 16924 17362 16852
16616 16890 17196 16553
16778 16921 17286 16842
17013 16946 17123 16426
16761 16995 17276 16622
16658 16913 17315 16749
16924 16850 17294 16803
16909 16940 17280 16732
16828 16963 17237 16621
16717 16935 17220 16773
16905 16931 17263 16703
16913 16983 17334 16801
16863 17048 17252 16783
16736 17034 17289 16757
16575 16920 17038 16558
16791 16983 17224 16676
16784 16926 17326 16801
16827 16877 17290 16777
16859 16968 17016 16633
16728 16867 17247 16572
16886 17018 17343 16861
16660 16655 17177 16729
16809 16938 17398 16669
16740 16905 17326 16833
16867 16911 17315 16751
16785 17045 17354 16774
16857 16982 17227 16758
16781 16920 17303 16809
16010 16402 16563 16776
16584 16783 17179 16745
16861 17002 17300 16790
16811 16890 17230 16565
16857 16984 17267 16806
16758 16862 17278 16488
16823 16886 17236 16741
16534 16885 16963 16791
16816 16939 17277 16779
16627 16866 17164 16765
16851 16966 17351 16795
16835 16960 17380 16676
16989 16907 17405 16786
16929 17034 17306 16779
16709 16852 17203 16705
16876 16875 17255 16714
16651 16890 17223 16421
16838 16892 17093 16766
16796 16912 17093 16739
16872 16949 17320 16800
16851 16966 17351 16795
16656 17003 17221 16458
16788 16890 17249 16692
16581 16923 17178 16799
16640 16828 17293 16807
16806 16971 17235 16695
16736 16938 17265 16804
16822 17029 17308 16877
16718 17016 17305 16727
16817 16874 17262 16616
16975 16969 17206 16833
16785 16967 17315 16680
16956 16977 17325 16832
16904 17024 17368 16785
16822 16843 17255 16771
16869 16865 17067 16471
16939 16978 17342 16810
16912 16948 17261 16732
16939 16978 17342 16810
16889 16990 17197 16778
16949 17021 17274 16701
16875 16836 17249 16669
16901 16976 17312 16736
16924 16957 17197 16743
16845 16871 17201 16778
16849 16972 17274 16801
16866 16874 17264 16828
16967 16894 17300 16774
16844 16937 17359 16825
16793 16784 17260 16585
16809 17037 17339 16719
16797 17022 17222 16801
16956 16953 17385 16667
16660 16655 17177 16729
16885 16960 17284 16697
16733 16760 17206 16823
16791 16893 17214 16738
16906 16973 17202 16635
16846 17008 17327 16810
16814 16891 17217 16691
16762 16899 17187 16799
16887 16989 17213 16755
16794 16949 16854 16595
16891 16900 17152 16602
16837 17012 17301 16786
16918 16423 16809 16543
16870 16983 17311 16723
16735 16887 17265 16593
16731 16893 17117 16689
16777 16654 16773 16395
16284 16865 16984 16487
16859 16925 17350 16705
16849 16881 17193 16802
16791 16663 17199 16707
16731 16928 17239 16768
16915 17018 17353 16753
16849 16951 17255 16779
16914 16866 17104 16492
16819 16995 17362 16778
16928 17006 17276 16875
16794 16949 16854 16595
16827 16841 17156 16531
16854 16936 17164 16630
16820 16818 17298 16590
16928 16988 17334 16850
16821 16923 17284 16650
16958 17021 17290 16864
16834 16890 17130 16769
16701 16901 17188 16827
16871 16887 17309 16766
16824 16894 16917 16526
16875 16954 17244 16744
16837 16993 17304 16841
16862 17007 17284 16796
16823 16686 17077 16567
16845 17016 17330 16829
16853 17088 17366 16726
16768 16809 17231 16681
16838 16944 17218 16724
17013 16946 17123 16426
16869 16946 17311 16729
16894 16980 17312 16803
16857 16982 17227 16758
17034 16937 17280 16752
16801 16958 17203 16628
16874 17028 17390 16823
16905 16968 17269 16748
16887 17025 17339 16821
16955 16949 17406 16716
16849 16954 17382 16735
16886 17029 17337 16818
16937 16956 17350 16768
16822 16808 17250 16761
16824 16923 17242 16702
16746 16767 17108 16805
16627 16994 17140 16551
16935 16848 17269 16828
16976 16828 17178 16642
16930 17028 17268 16801
16914 16995 17334 16795
16814 17006 17288 16809
16885 16929 17278 16793
16772 16863 17145 16612
16739 16907 17288 16627
16856 17006 17226 16626
16796 16896 17333 16779
16872 16949 17320 16800
16916 16923 17284 16798
16918 16423 16809 16543
16909 16991 17338 16832
16830 16956 17049 16705
16890 16892 17176 16763
16836 16951 17298 16778
16930 16841 17054 16633
16729 16980 17329 16701
16873 16992 17235 16842
16806 16983 17272 16769
16728 16918 17295 16700
16770 16983 17235 16647
16745 16856 17167 16717
16664 16800 17218 16615
16675 17032 17277 16690
16851 16735 17016 16775
16896 16967 17379 16810
16917 16932 17209 16785
16612 16877 17212 16777
16896 17049 17351 16799
16817 16909 17322 16676
16902 16980 17325 16735
16866 16965 17245 16811
16837 16993 17304 16841
16834 16838 17196 16626
16836 16893 17339 16723
16584 16883 17016 17044
16824 16879 17272 16835
16785 16967 17315 16680
16869 16835 17223 16676
16821 16923 17284 16650
16425 16933 17192 16663
16887 17025 17339 16821
16909 16969 17259 16821
16799 16882 17118 16670
16964 16959 17356 16762
16731 16928 17239 16768
16831 16935 17262 16928
16908 16922 17310 16882
16920 16930 17185 16581
16812 16814 17244 16647
16718 17016 17305 16727
16894 17031 17274 16746
16937 16939 17376 16793
16891 17032 17353 16849
16688 16872 17308 16703
16894 16963 17310 16718
16849 16963 17278 16846
16818 16880 17257 16737
16865 16986 17323 16797
16845 16946 17325 16742
16860 16916 17229 16664
16599 16726 17235 16516
16905 16875 17160 16676
16813 16960 17315 16873
16899 16880 17230 16701
16845 16946 17325 16742
16823 16686 17077 16567
16807 16737 17028 16487
16790 16951 17216 16790
16533 17031 16995 16666
16913 16983 17334 16801
16859 16968 17016 16633
16927 16924 17162 16762
16913 16983 17334 16801
16878 16939 17226 16715
16920 16930 17185 16581
16853 17058 17353 16801
16919 16985 17339 16921
16810 16871 17226 16701
16853 16956 17250 16800
16761 16906 17269 16848
16788 16822 17296 16816
16870 16971 17185 16726
16831 16730 17121 16546
16814 16972 17296 16759
16778 16875 17298 16828
16921 17034 17373 16787
16923 16979 17442 16860
16582 16809 17227 16710
16742 16969 17254 16676
16632 16943 17234 16758
16939 16978 17342 16810
16799 16747 17231 16605
16845 16993 17302 16770
16825 16933 17298 16749
16887 16989 17213 16755
16737 16862 17088 16788
16909 16991 17338 16832
16812 17024 17174 16774
16590 16939 17136 16695
16969 17020 17288 16810
16842 17003 17299 16695
16987 16933 17302 16706
16580 17029 17242 16598
16855 16925 17252 16684
16745 16856 17167 16717
16688 16872 17308 16703
16965 17015 17311 16768
16974 16964 17313 16835
16732 16832 17123 16756
16831 16825 17247 16702
16786 16982 17096 16676
16930 16930 17365 16793
16904 16994 17323 16807
16757 16854 17149 16642
16945 16872 17213 16744
16715 16899 17282 16801
16908 16858 17214 16471
16862 17089 17254 16631
16942 16827 17180 16831
16844 17043 17356 16837
16797 16863 17166 16692
16831 16825 17247 16702
16906 16978 17232 16768
16610 16787 17201 16701
16858 16832 17153 16661
16854 16936 17164 16630
16816 17053 17359 16707
16955 17011 17315 16763
16814 16971 17252 16729
16785 16906 17232 16754
16693 17000 17240 16836
16833 16917 17127 16727
16897 16958 17271 16768
16830 16935 17213 16704
16915 16927 17297 16751
16763 16897 16946 16426
16762 16989 17261 16725
16831 16861 17306 16655
16793 16972 17310 16721
16362 16923 17014 16764
16817 16874 17262 16616
16749 16952 17275 16758
16899 16972 17298 16785
16983 17005 17333 16761
16791 16983 17224 16676
16855 17016 17334 16663
16629 16870 17253 16605
16770 16983 17235 16647
16581 16923 17178 16799
16876 16964 17313 16753
16861 16863 17245 16713
16508 16791 17159 16868
16846 17019 17333 16804
16826 17002 17344 16786
16610 16899 17416 16812
16859 16960 17249 16649
16862 17089 17254 16631
16737 16862 17088 16788
16889 16876 17259 16635
16826 17002 17344 16786
16740 16961 17282 16768
16808 16872 17280 16659
16861 16921 17162 16734
16852 16908 17307 16820
16846 16929 17266 16786
16868 16794 17109 16733
16872 16949 17320 16800
16782 16873 17250 16785
16586 16664 16791 16669
16740 16852 17214 16685
16966 17003 17213 16756
16752 17045 17245 16695
16830 16862 17264 16685
16949 17001 17385 16779
16891 17017 17335 16790
16780 16806 17246 16548
16682 17009 17143 16760
16867 16927 17404 16774
16770 16983 17235 16647
16885 16960 17284 16697
16716 17069 17235 16825
16684 16764 17109 16679
16768 16809 17231 16681
16734 16851 17178 16727
16699 16886 17276 16797
16843 16911 17311 16830
16910 16958 17387 16899
16658 16915 17072 16620
16854 16899 17338 16758
16847 16960 17249 16759
16799 16819 17200 16655
16920 16869 17307 16680
16914 16866 17104 16492
16956 17007 17391 16783
16773 16848 17157 16825
16827 16877 17290 16777
16855 16913 17133 16749
16885 16877 17302 16723
16819 16995 17362 16778
16866 16970 17298 16766
16928 16988 17334 16850
16932 16939 17288 16697
16744 16777 17289 16589
16617 17018 17132 16516
16855 16906 17174 16618
16835 16803 17067 16641
16901 16976 17312 16736
16855 16925 17252 16684
16570 16686 16660 16705
16760 16904 17200 16731
16849 16972 17274 16801
16889 16876 17259 16635
16808 16752 17046 16618
16902 16954 17378 16830
16889 16897 17295 16649
16956 16996 17306 16905
16919 17005 17304 16757
16856 16786 17260 16720
16812 16978 17312 16722
16935 16848 17269 16828
16770 16943 17215 16700
16826 17092 17342 16789
16782 16735 17245 16787
16754 16987 17203 16881
16805 16896 17236 16668
16730 16820 17217 16644
16920 16955 17121 16698
16865 16996 17232 16786
16662 16862 17238 16690
16906 16868 17258 16760
16906 16898 17178 16672
16880 16940 17316 16685
16824 16909 17236 16801
16753 16859 17085 16784
16632 16867 17164 16738
16760 16890 17227 16761
16754 16941 17103 16716
16753 16859 17085 16784
16916 16950 17297 16815
16761 16730 17208 16665
16838 16840 17206 16646
16944 16965 17306 16834
16793 16784 17260 16585
16843 16991 17252 16872
16923 16979 17442 16860
16789 16947 17215 16818
16916 16923 17284 16798
16840 16975 17267 16817
16714 16930 17280 16761
16949 16902 17323 16843
16809 16938 17398 16669
16869 17030 17265 16868
16535 17077 17113 16475
16884 16844 17204 16814
16862 16910 17264 16732
16911 16996 17285 16796
16837 16955 17304 16766
16656 17003 17221 16458
16876 16964 17307 16844
16849 16951 17255 16779
16536 16862 17268 16686
16852 16906 17209 16759
16820 16730 17169 16671
16847 17055 17309 16795
16891 16968 17313 16742
16848 16929 17293 16726
16733 16957 17321 16800
16702 16901 17212 16737
16906 16978 17232 16768
16877 16954 17410 16783
16780 16933 17041 16440
16842 16903 17309 16843
16844 17043 17356 16837
16747 16854 17192 16675
16866 16942 17325 16820
16886 16954 17312 16795
16629 16880 17264 16762
16814 16972 17296 16759
16806 16820 17090 16671
16849 16962 17252 16688
16939 16978 17342 16810
16914 17017 17275 16715
16840 16851 17060 16736
16779 16827 17201 16735
16806 16913 17302 16822
16763 16872 17157 16752
16610 16899 17416 16812
16927 16982 17400 16752
16824 16993 17320 16752
16793 16730 17085 16550
16880 16991 17268 16817
16785 17045 17354 16774
16824 16923 17242 16702
16919 17005 17304 16757
16674 16872 16732 16861
16630 16839 17026 16666
16812 16816 17196 16459
16637 16878 17295 16626
16689 16904 17428 16636
16800 16837 17300 16660
16736 16938 17265 16804
16652 16925 17213 16492
16996 16846 17314 16741
16878 16995 17281 16844
16806 16706 16990 16562
16837 16982 17331 16714
16901 17019 17329 16853
16721 16918 17436 16691
16813 16960 17315 16873
16913 16983 17334 16801
16935 17044 17397 16763
16746 16954 17256 16795
16827 16794 17211 16622
16840 16851 17060 16736
16855 17016 17334 16663
16823 16883 17150 16709
16810 16852 17259 16662
16816 17053 17359 16707
16682 16851 17214 16675
16841 16998 17255 16663
16907 17006 17266 16731
16688 16872 17304 16571
16836 16864 17228 16679
16843 16964 17245 16795
16835 16960 17380 16676
16759 16946 17263 16588
16928 16962 17309 16753
16803 17022 17204 16762
16904 16994 17323 16807
16805 16895 17317 16666
16867 16992 17288 16762
16854 17066 17255 16701
16870 16967 17292 16757
16797 17022 17222 16801
16840 17008 17262 16769
16874 16906 17230 16704
16983 17009 17328 16828
16915 16875 17351 16791
16746 16767 17108 16805
16751 16856 17279 16811
16808 16961 17317 16712
16924 16798 17081 16805
16679 17038 17134 16764
16858 17019 17282 16901
16820 16818 17298 16590
16848 16813 17178 16620
16875 16824 17222 16660
16988 17012 17320 16718
16758 16783 17258 16732
16967 16926 17313 16618
16813 16801 17161 16799
16779 16940 17238 16742
16822 17029 17308 16877
16838 16892 17093 16766
16805 16904 17117 16707
16810 16852 17259 16662
16800 16914 17027 16707
16853 17058 17353 16801
16961 16957 17282 16791
16742 16969 17254 16676
16879 17007 17360 16864
16556 16837 17217 16684
16886 17018 17343 16861
16940 16963 17259 16759
16983 16834 17246 16703
16844 16937 17359 16825
16910 17015 17349 16810
16730 16887 17170 16671
16676 16935 17215 16694
16935 16959 17357 16745
16841 16998 17255 16663
16928 17006 17276 16875
16800 16914 17027 16707
16877 17016 17230 16720
16700 16908 17262 16747
16808 16872 17280 16659
16892 16979 17336 16771
16928 16987 17350 16782
16809 16763 17006 16777
16928 17006 17276 16875
16792 16898 17234 16708
16882 16969 17287 16783
16814 16994 17319 16714
16838 16915 17298 16713
16629 16880 17264 16762
16979 16944 17324 16828
16729 17036 17210 16738
16778 16835 17304 16542
16955 16940 17279 16761
16747 16875 17351 16645
16834 16866 17229 16812
16803 16900 17300 16769
