703 667.669
16980 17080 19288
16328 18028 18849
17702 16793 18862
18558 17584 17292
18134 18222 16597
17044 19047 16936
16391 18213 18624
18134 18222 16597
17950 16828 18697
18238 18144 16651
16356 18040 18845
17515 16884 19048
18294 18058 16708
18085 16848 18531
17914 18608 16667
17845 16907 18765
17637 16811 18947
17059 19011 16888
18316 17362 17907
17057 19029 16909
16445 18301 18609
16976 19030 17104
17971 16876 18642
16802 17713 18987
17620 16975 18950
16477 17583 19077
17044 19047 16936
17925 18574 16665
16508 18195 18649
17188 17150 19189
18133 18210 16991
17035 18989 17075
17049 18928 17170
16690 17595 19057
17703 18689 16978
18554 17405 17463
16542 17993 18808
17237 17246 19133
17368 18531 17643
16671 18364 18388
17361 17207 19105
18536 17578 17307
17129 17511 18973
18383 17472 17763
17936 16960 18740
16926 17233 19272
16341 18225 18628
16457 18017 18861
17022 18840 17389
16560 18788 17805
17669 17952 17989
16429 18088 18810
16590 18662 18044
16873 18019 18558
17428 17020 19104
16517 18005 18856
16816 17503 19089
17167 17181 19180
18191 18167 16714
18457 17597 17559
17415 17047 19122
18298 17274 18080
17398 18388 17838
18369 17877 17247
17954 16882 18663
17092 17936 18516
17953 17263 18581
16355 18147 18791
18543 17634 17293
17772 18144 17821
16583 18634 18219
16661 18289 18552
17834 17261 18591
17319 18769 17221
17977 18032 17584
17350 17256 19040
16940 18940 17216
17466 16858 19112
17108 17156 19228
17056 18956 17096
17655 18556 17233
16992 18901 17264
18446 17777 17104
17081 18619 17800
16832 18292 18339
17113 18441 18079
17399 17519 18833
17117 18747 17437
16328 18028 18849
16697 18716 17812
17988 16809 18616
17762 17489 18395
17987 18429 16806
17555 17651 18410
17097 18803 17421
18226 18128 16746
18062 17625 18038
17144 17463 19020
17970 18471 16827
18317 17536 17835
17263 17179 19172
18214 18060 17061
18149 16933 18403
17482 17272 18897
17780 16942 18826
17177 18159 18408
18176 17865 17597
18504 17592 17352
17785 18491 17193
17153 17126 19263
16957 17229 19250
17308 17141 19111
16532 18038 18831
17543 18474 17561
18123 18213 16757
17952 17317 18418
18238 18144 16651
17800 18277 17472
18385 17486 17660
18495 17493 17537
17840 17070 18719
18058 17580 18130
18217 18116 16879
16955 18685 17732
17831 17944 18064
17114 18986 16950
18019 16850 18597
17755 18642 16797
16609 17911 18921
18416 17422 17853
17512 18261 17899
17830 17196 18706
18370 17889 17149
18286 17296 17977
16946 18997 17165
17154 17098 19286
18015 17084 18584
17507 16917 19076
17300 17054 19160
16637 18021 18761
16849 18659 17827
18268 17825 17339
18507 17349 17521
16644 18486 18228
17531 17523 18722
17559 18336 17636
17735 18661 16842
17874 18506 16964
17585 17376 18688
17239 18713 17478
17267 17671 18780
17423 18204 18109
16854 18888 17488
18019 18426 16815
17937 18539 16781
17915 17826 18073
16730 18626 18000
17503 18342 17772
17415 17213 19010
16341 18225 18628
16887 17793 18866
18398 17803 17184
17630 17924 18116
16649 18257 18610
17290 18090 18293
17715 18382 17345
16682 18548 18203
17811 17833 18099
17698 18636 16997
17500 18828 16805
18343 17528 17776
16472 17912 18913
16704 17577 19073
16989 18478 18087
16856 18535 18067
18462 17423 17685
18222 17348 18026
16961 18377 18093
16651 18733 17878
16927 17340 19198
17746 18651 16898
17121 18878 17125
17004 18966 17111
16530 18740 17933
18148 17896 17540
17161 17995 18463
17084 17189 19203
16946 18997 17165
17280 18811 17326
17976 18295 17072
17089 18529 17813
18028 17093 18467
16883 17358 19192
16523 18322 18594
18073 17555 18268
16956 17492 19080
18049 18069 17350
17808 18571 16917
16714 18911 17489
17824 17563 18310
16597 18562 18136
18393 17682 17591
18170 17800 17714
17568 17137 18915
18257 17746 17647
18057 18347 17006
17520 17778 18436
17005 17785 18795
18337 17389 17897
17028 18892 17270
16507 18351 18492
17441 18268 17919
17753 18012 17871
17814 18603 16752
16810 18781 17728
16952 18848 17417
16595 18655 18014
17638 18732 16867
17651 16998 18905
16654 18409 18381
18436 17637 17537
17536 17853 18235
17277 17850 18537
17760 17775 18202
18285 17868 17302
17843 18490 17013
17790 18504 17157
17333 18796 17139
17998 18367 16999
17803 16925 18810
17965 18218 17379
18360 17547 17696
18410 17431 17688
17327 18421 17863
18002 18141 17469
18033 17705 18007
16496 18063 18790
17678 17413 18653
18206 16953 18304
16441 18325 18544
18246 17640 17724
18291 17794 17459
16685 18499 18209
17384 18735 17229
16805 18623 17949
18439 17331 17884
16996 17223 19259
17492 17078 19016
17826 18311 17371
17724 18375 17385
17274 18819 17175
17278 18516 17694
18031 17856 17739
17118 18947 17047
16972 18559 17886
16431 18137 18729
16605 17761 19015
16618 18620 18121
18182 18014 17273
17793 18638 16949
17624 18606 17202
16826 17684 18952
17096 17383 19141
17336 18904 16784
17920 17042 18678
18523 17719 17138
16564 18111 18734
17741 17788 18146
17157 17729 18725
17252 17075 19210
16633 18543 18231
17639 18403 17404
17888 17874 18029
18142 17034 18374
17054 17846 18766
16824 17284 19204
17301 17118 19156
17154 18589 17666
18480 17589 17376
16573 17810 18964
16401 18147 18772
17576 17928 18182
16962 17398 19136
16525 17688 19067
17958 17572 18240
17281 17703 18712
16814 18743 17698
16463 18330 18499
16820 18950 17418
17244 17098 19241
17403 17838 18389
17165 18875 17097
17101 17206 19195
16831 18017 18747
17625 17007 18949
16722 18132 18621
18130 16952 18514
18293 18072 16766
18228 17742 17748
17728 17309 18686
17213 17738 18626
17232 17058 19257
16742 17807 18851
18442 17727 17147
18186 17444 18020
16933 17427 19130
17997 18460 16795
16909 18629 17779
18321 17983 17108
17713 17680 18271
16977 17624 18929
18240 17628 17857
18088 17101 18444
17207 17985 18334
17674 16861 18892
17606 18703 17015
17687 16866 18886
17138 18822 17361
17007 18835 17545
17912 18539 16787
16898 18869 17455
16771 18371 18329
17217 18641 17610
16982 18776 17628
18485 17644 17322
17487 17611 18576
17980 18313 17070
16920 17379 19164
18140 17835 17664
16910 17675 19000
18262 17386 17979
18169 17302 18256
18006 16946 18603
17001 17695 18901
17730 18674 16899
18027 16962 18549
16724 18853 17632
17209 18615 17652
16490 18207 18668
18349 17711 17547
18264 18118 16749
16740 18408 18349
18412 17814 17125
17344 18392 17940
18053 17760 17843
16979 18070 18471
17294 17477 18919
16865 18844 17528
17150 18308 18089
17958 18230 17260
17148 18937 17034
17999 16988 18608
17246 17088 19236
18090 17131 18345
18111 18239 16903
17321 18718 17313
17411 16984 19128
17257 17014 19244
16409 18075 18830
17790 18099 17784
18260 17853 17416
17867 18423 17035
16867 18274 18351
18045 18280 17092
16461 17917 18936
18400 17730 17299
17215 18036 18320
17518 18785 16930
18065 17823 17755
17202 18670 17534
17688 18394 17514
17369 18521 17575
17059 19011 16888
17782 18436 17209
17322 18921 17006
17391 18051 18137
18427 17706 17522
16795 18045 18670
18307 17900 17281
16786 17849 18832
17682 18100 17964
16603 18753 17770
17083 17910 18672
17456 17443 18800
18250 17540 17925
17886 18586 16804
17204 18082 18379
17310 18198 18153
18490 17460 17684
17982 17956 17723
17947 18024 17602
17548 17015 18997
17402 17413 18821
17933 18469 16857
17374 17046 19163
16913 18191 18431
16900 18856 17502
17171 18893 17084
16763 18451 18140
17478 18175 18103
17602 18104 17971
17351 18825 17041
17145 17168 19218
17505 17892 18324
17231 18446 17975
18332 17556 17742
17070 19005 16912
16419 18158 18765
16409 18075 18830
16863 18422 18168
18098 17430 18226
18039 17753 17850
18077 17710 17934
16553 18370 18480
17822 17990 17959
17750 17201 18847
18109 18186 17133
17040 18920 17255
16725 18329 18370
18243 17565 17849
17109 18872 17244
16632 18419 18358
16890 18319 18243
18195 17975 17248
17591 17600 18657
16760 18466 18250
16697 18080 18751
16879 18522 18051
16811 18790 17661
18166 18190 16711
16718 17980 18805
18157 18189 16852
16645 17961 18853
17711 18513 17393
17188 17324 19028
18015 17718 18104
17493 18814 16959
18293 17568 17789
17732 17551 18315
16661 18173 18573
17546 17315 18824
16401 18147 18772
17693 18313 17443
17106 18500 17881
16769 17749 18885
17261 18827 17251
17962 17904 17913
18081 18259 16940
16751 18801 17593
17136 17102 19266
17270 17135 19152
17848 18262 17320
17718 18359 17439
17417 18668 17295
18131 17357 18287
17755 18387 17310
17614 17861 18200
17719 18697 16905
18472 17590 17376
16620 18328 18394
18209 17935 17334
17880 18184 17517
17905 18317 17239
18018 18107 17316
17318 17218 19094
17683 18108 17867
17657 18576 17214
17265 17013 19216
17176 17404 19006
17607 17647 18428
16594 18631 18058
18029 18179 17161
17563 17176 18941
17274 18594 17623
16926 18977 17246
18326 17885 17269
16546 18860 17616
17041 18801 17423
17328 17288 19032
18471 17477 17607
17969 18400 16921
16879 18652 17760
17336 17440 18914
17688 17543 18504
17909 17619 18190
17778 18152 17743
16465 17922 18905
17474 18476 17608
17017 18537 17962
18102 17238 18343
18342 17753 17620
17538 17133 18969
17902 17370 18510
17818 18161 17630
16804 17502 19148
18121 17713 17791
17917 17338 18452
17553 17882 18218
17755 18457 17201
17310 17461 18880
17096 18461 17916
18351 17372 17895
17721 17366 18571
17590 18665 17080
17464 17453 18733
17720 18692 16929
17165 18763 17403
17407 18584 17325
16491 18381 18446
17066 17206 19219
17910 18500 16863
18422 17548 17618
16828 17743 18911
17443 17109 19009
18030 18392 16723
18280 17455 17944
17804 18010 17797
18118 17305 18322
17615 18567 17254
17485 17074 19021
16842 18287 18451
18241 17770 17603
17254 17335 19024
17608 18761 16877
16838 17701 18915
17596 18677 17022
17673 17757 18328
17486 18612 17158
18051 16910 18566
17459 16967 19116
17418 17353 18902
16934 18550 17957
17470 18754 17207
16502 18485 18263
17594 18250 17782
16667 18128 18668
18136 18183 17044
17941 18468 16963
17651 18304 17711
17169 18757 17368
17776 17286 18637
17460 17905 18278
17690 17203 18715
17783 17018 18785
18512 17468 17447
17869 17393 18459
16786 18444 18221
17583 18253 17744
18235 17325 18054
17988 16809 18616
17708 17815 18211
17658 18159 17890
17563 17086 18992
17315 16989 19235
18104 18054 17410
17067 18481 18047
17525 17950 18244
17807 18561 16944
17560 17511 18681
16812 18845 17530
18006 16946 18603
18088 17725 17924
17517 17664 18526
17847 18482 17029
17667 17498 18522
18110 18233 16953
18213 17067 18249
17118 17665 18839
17004 18966 17111
18274 17807 17357
17909 17398 18356
16593 18597 18165
17852 17980 17764
18043 17395 18389
17092 18578 17753
17411 18430 17671
17481 18411 17718
18193 18139 16843
17712 17945 17982
18141 17887 17581
17089 17970 18486
17964 16992 18622
16926 18977 17246
17572 18021 18175
17857 16990 18755
18539 17635 17245
16795 18045 18670
17859 18336 17288
18328 17806 17384
17348 18658 17569
17064 18779 17504
18066 18244 16976
17973 18470 16732
18135 18205 16927
18080 17159 18380
17201 18954 16943
17322 18707 17277
18376 17788 17302
18353 17427 17778
16782 17594 19065
16707 17831 18856
16765 18870 17498
18452 17525 17650
16727 18056 18656
18373 17764 17431
18094 17390 18293
17631 18563 17268
17233 18680 17494
17451 17259 18960
17373 17678 18570
17648 17436 18618
17409 18272 17844
18304 17613 17705
18320 17656 17621
17418 17765 18479
18019 18426 16815
17708 17419 18634
17207 17299 19132
17172 17162 19195
17212 17327 19025
16967 18935 17370
17177 17514 18963
17943 18036 17707
18499 17603 17346
17419 17318 18995
18198 17883 17500
17331 18228 17954
17073 18887 17381
18012 18268 17199
17294 17733 18484
17194 18545 17673
17446 18510 17606
18161 18125 17175
17305 17242 19041
17669 18157 17926
17733 17482 18507
17776 17819 18101
16613 18163 18697
17449 17747 18448
16710 18812 17737
17884 17633 18224
18200 17199 18158
16758 17409 19199
17994 18362 17023
17357 18583 17400
17747 18511 17134
16881 18736 17721
17289 17236 19064
16712 18434 18284
16923 17368 19168
16994 18917 17258
17015 18501 18022
17562 17829 18391
17798 17672 18258
17848 18337 17219
17831 18550 16913
16419 18158 18765
17509 18421 17613
18009 18281 17028
18523 17719 17138
16869 18378 18307
17726 17830 18196
18232 18048 16970
17583 17843 18282
17453 18855 16968
16857 17656 19027
18093 18227 17051
17352 17919 18363
18490 17460 17684
17795 18001 17974
17546 17733 18454
17647 17105 18931
17932 17576 18215
17388 18402 17929
17193 17147 19230
17227 17026 19258
17267 18235 18169
16894 18004 18627
17031 17780 18864
16628 18454 18342
17061 18773 17628
16995 18185 18399
17137 18909 17115
17646 17574 18562
17700 17225 18687
17670 18724 16919
16749 18324 18540
17226 17147 19187
16877 18282 18341
17667 17498 18522
17284 18664 17396
17370 18245 17937
18113 18237 16709
18126 17123 18313
17197 17750 18720
17163 18837 17271
16731 18101 18576
16841 18599 17916
17589 18202 17910
18293 18072 16766
18035 16924 18545
17126 18495 17819
16923 18007 18619
17388 17122 19057
18375 17843 17145
18024 17999 17689
16823 18711 17938
16736 17447 19183
17340 18074 18196
17249 18538 17658
18023 17863 17870
18276 17646 17709
18303 17930 17119
17887 18540 16875
17972 18421 16895
17896 17631 18148
18213 17934 17497
17132 18863 17180
16756 18325 18373
16435 17963 18896
18025 18363 16832
16558 17790 18965
17930 17932 17776
17613 17320 18759
17311 18707 17364
18063 17307 18325
17413 17507 18755
17121 17220 19169
17537 17694 18513
18126 17978 17396
17313 18406 17892
17879 17003 18717
16916 17711 18890
17174 17325 19091
16664 17915 18813
16614 18398 18383
17862 18472 17019
17672 17621 18378
17119 17604 18786
17520 18452 17600
17132 18863 17180
16523 18119 18737
17464 18042 18177
18402 17533 17656
17938 18163 17432
16578 18050 18774
17247 17273 19067
17465 18541 17570
17455 17400 18871
17454 18097 18122
17761 17809 18141
17459 18771 17054
17239 17111 19211
17459 16967 19116
17001 17401 19045
18512 17468 17447
17149 18597 17704
17238 17086 19255
17386 18798 17023
17481 18164 17970
16934 17408 19098
17070 19005 16912
17359 18885 16942
17266 17195 19163
18516 17483 17429
17012 17959 18654
17852 18459 17194
17313 18826 17089
17676 17948 18001
17322 18095 18188
17524 18208 17827
17536 17382 18876
17578 18356 17523
17127 17587 18809
17108 17690 18760
17600 17280 18864
16869 18866 17503
17780 17064 18749
17670 18724 16919
17303 18834 17017
18204 18074 17195
17993 17572 18138
16777 17862 18803
18270 18024 16952
16575 17906 18940
17635 17589 18508
18431 17345 17853
17523 18775 17046
16736 17447 19183
16546 18860 17616
18191 18158 16722
17192 18540 17675
17973 18470 16732
17920 17042 18678
17469 16920 19060
17974 17966 17691
17708 17645 18300
17545 18094 18127
18194 17609 17973
17662 18075 18033
17053 17578 18968
18280 17455 17944
18162 18107 17144
17968 18273 17232
18295 17985 17059
16918 17681 18958
17599 18579 17266
17605 17111 18956
17979 18181 17359
17643 17288 18753
17738 18566 17129
17297 17291 19002
17646 17606 18459
18307 17900 17281
16683 18558 18113
17341 18756 17197
17691 17921 18110
17636 18350 17554
18116 17507 18057
17782 17411 18403
17286 17927 18525
17303 17107 19150
17928 17344 18424
17245 18783 17365
16957 17653 18938
18466 17584 17505
17871 18583 16854
17479 18180 18004
17124 18738 17510
17379 17872 18431
17885 18251 17375
18275 17235 18127
17015 18625 17846
17596 17501 18639
17321 18306 18018
16663 17802 18872
17931 17622 18161
17306 17641 18692
17590 18744 17057
18293 17989 17171
17928 17344 18424
18115 18070 17238
17379 17872 18431
17861 18134 17567
17298 18096 18290
18104 18054 17410
18226 17811 17466
17412 18353 17822
17057 18265 18253
16979 17104 19269
18516 17483 17429
17255 17723 18566
17646 17332 18660
17343 18128 18175
18149 16933 18403
16435 17963 18896
18071 17616 17937
16557 18344 18484
16496 18063 18790
17878 18345 17133
17895 17381 18395
17922 17188 18653
17221 17217 19159
16986 17278 19186
17433 17173 19036
16892 17907 18785
17075 18895 17239
16626 17849 18909
16942 18314 18315
16502 18485 18263
18154 17708 17794
17323 17712 18622
16734 17789 18956
18178 18149 17017
16966 17573 19027
17088 18548 17897
17034 18052 18510
17198 18839 17207
17610 17145 18907
17580 17030 18961
18117 17781 17737
17798 18413 17306
18402 17533 17656
16844 17432 19101
17221 17217 19159
18358 17911 17187
18251 17547 17894
16783 18227 18464
16716 18476 18160
16459 17824 19045
17643 18608 17111
17155 17769 18735
17458 18196 17961
18090 17972 17551
18124 17535 18002
17268 18686 17419
17304 17903 18466
17731 18698 16849
17686 18208 17655
17437 18580 17524
17446 17454 18793
18208 17949 17391
17554 18149 18025
18052 18135 17241
17203 18360 18050
17577 18595 17291
18111 17967 17462
18142 17034 18374
17298 17435 18971
16986 18908 17332
17415 17115 19037
17662 18075 18033
17833 18189 17542
17210 18164 18206
17699 17748 18360
16968 18813 17555
17845 18248 17483
17733 17913 18150
17233 18680 17494
17937 17812 17948
16838 17701 18915
17075 18895 17239
16603 18753 17770
18190 18108 16958
16754 17897 18815
18193 17864 17577
18303 17930 17119
17708 17419 18634
17355 18454 17656
17242 17524 18892
17437 18580 17524
17432 18333 17817
17891 18122 17631
16564 18111 18734
18181 17488 17974
17273 18826 17283
18393 17682 17591
18452 17525 17650
16578 18050 18774
16904 18354 18204
18484 17501 17446
16777 17862 18803
16700 18479 18180
18228 17922 17240
18232 18048 16970
18047 18005 17568
16754 17897 18815
17899 17162 18684
17914 18608 16667
17870 17545 18303
17297 17291 19002
17460 17169 18997
18515 17408 17470
18189 18004 17378
18154 17708 17794
17618 17767 18265
16986 17278 19186
16952 17628 18993
18254 17915 17452
16844 17432 19101
16760 18601 17982
17824 18265 17383
17495 17004 19044
17368 17955 18302
17600 18433 17401
17988 18283 17108
16669 18227 18547
17738 18566 17129
16662 18602 18015
17124 18738 17510
16749 18324 18540
17432 18333 17817
17469 16920 19060
17273 17630 18731
17412 18688 17305
16810 18940 17457
17433 17173 19036
18254 17915 17452
17777 17423 18496
17864 17116 18707
18025 18363 16832
17845 18248 17483
18422 17633 17616
18358 17911 17187
16969 17429 19060
17461 18822 17006
17731 18698 16849
18066 18244 16976
17231 18916 17023
17879 17797 18127
17495 17004 19044
18332 17556 17742
16904 18354 18204
17816 18305 17445
17382 18416 17798
17891 18122 17631
18036 17661 17953
17580 17030 18961
17687 16866 18886
17192 18540 17675
