2797938 2760.03
4140 3458
3610 3914
4121 3561
4135 3475
3692 3901
3610 3914
3825 3851
4092 3596
4121 3561
4092 3596
3692 3901
4004 3710
4041 3697
4121 3561
4056 3666
4080 3632
3731 3889
4056 3666
4061 3636
3742 3887
3990 3731
4056 3666
3773 3867
3759 3881
3969 3738
3731 3889
3969 3738
3969 3738
3870 3826
3888 3812
4135 3475
3759 3881
4080 3632
4061 3636
3834 3842
3963 3761
3947 3766
3963 3761
4121 3561
3854 3829
4092 3596
3879 3817
3918 3792
3907 3806
4121 3561
4004 3710
3997 3718
3773 3867
3997 3718
4041 3697
4080 3632
3888 3812
3879 3817
3731 3889
3834 3842
3918 3792
4121 3561
3966 3746
3947 3766
4004 3710
3731 3889
3907 3806
3907 3806
3854 3829
3847 3830
3759 3881
3966 3746
3997 3718
4004 3710
3924 3786
3907 3806
4140 3458
3966 3746
4140 3458
3997 3718
4056 3666
3963 3761
4004 3710
4135 3475
4061 3636
3924 3786
4004 3710
3947 3766
4140 3458
4004 3710
3947 3766
3907 3806
3907 3806
4056 3666
3907 3806
3947 3766
3924 3786
4061 3636
3924 3786
3879 3817
3969 3738
3918 3792
3854 3829
4056 3666
3997 3718
3847 3830
3825 3851
3692 3901
4092 3596
3773 3867
3692 3901
3759 3881
3731 3889
3947 3766
3834 3842
3731 3889
3879 3817
3888 3812
3997 3718
3918 3792
3963 3761
3963 3761
3834 3842
3907 3806
3888 3812
3870 3826
3969 3738
3731 3889
3773 3867
4056 3666
3990 3731
3742 3887
4061 3636
3947 3766
4092 3596
3825 3851
3997 3718
3854 3829
3918 3792
3692 3901
4061 3636
3924 3786
3947 3766
4056 3666
3907 3806
3692 3901
4004 3710
4140 3458
4041 3697
3997 3718
4140 3458
3907 3806
3924 3786
3997 3718
3847 3830
4080 3632
3938 3773
