877 180.426
21041 21426 18494 19455
21108 20697 22293 20597
20806 22389 22684 22633
22539 18555 20214 19452
22524 20509 22913 23762
20116 17559 23831 22915
24025 21106 20697 19234
21066 18685 23074 25083
22821 19934 23643 23742
22319 21362 20261 19436
20920 22092 23359 22807
20589 19716 23297 24552
21105 20511 23333 20761
20748 18462 22970 23597
20628 20766 23165 20684
22532 20861 22193 19711
20771 23499 21116 18692
20561 21444 21901 21332
24821 22142 21127 20784
21902 20578 21149 20618
23637 20581 19855 20159
22892 21834 20010 20241
19712 20530 22247 21166
23380 22214 23442 19931
20267 19574 19972 18080
21653 17786 20175 20126
24292 20978 20112 20111
20840 22724 23342 21733
24709 21606 21915 20627
19483 22199 23752 22600
22153 18513 21306 21389
21597 22382 22329 19145
22662 21010 23625 19072
22119 22360 20748 22715
22655 19244 22225 19566
20623 20121 23618 21431
21943 18631 20736 20613
19637 20192 20563 21872
21308 20816 24118 21869
20522 19105 23126 23650
21065 20053 23650 22170
22252 19773 22329 21751
23308 21258 21897 20983
21583 20590 19116 20208
20240 19329 21219 21556
21768 20966 23186 20856
20868 18097 23385 22410
21420 22179 23452 21923
22412 19754 22150 23044
20687 22666 23178 22490
21006 23824 21309 20069
18839 19887 22160 21003
21841 19651 20867 21734
24365 21082 21542 21503
22635 20769 21952 20069
21099 19810 22068 19373
22375 21595 20350 21212
21610 19710 22356 21506
20287 20988 23311 20308
22353 22065 23248 21834
21054 21485 21499 19886
21901 20428 24275 20775
21164 18538 20294 20017
20989 19070 23077 21142
21209 20183 18479 19564
17929 20924 21642 19876
20563 17360 19196 20262
20815 21359 22991 23157
19667 19957 24399 20717
19183 23679 22428 21018
21494 19481 21937 21781
20705 22134 23184 22845
21448 21223 21344 20921
20931 20968 23407 19980
19747 20989 19506 20207
20709 22460 21553 20555
21038 20711 22639 22820
23249 20916 19704 20707
20548 20933 24211 24589
19579 20357 22852 20710
21622 22828 22184 19972
24036 21089 20673 20204
23100 20770 22601 22088
22453 21854 22070 21667
20545 20123 24389 22384
23022 21345 19506 19732
21255 19275 21378 24527
21600 21208 23428 18819
20931 20379 21898 21616
22714 20487 21034 24213
19539 20322 22009 23123
20604 20463 22686 20976
22273 18496 22649 23226
23178 20969 19646 18780
21562 20079 24480 24369
22151 18769 23382 23959
22378 21443 19808 20584
20083 22508 23796 21192
20651 20722 22584 20752
24696 20157 21408 21437
21513 19771 22007 22552
21545 19607 21845 22185
24243 19321 20910 23576
19831 22300 22895 21172
22177 20202 21453 22427
21341 23542 21259 21521
20987 20750 21475 21834
20191 22698 22227 21838
22249 23422 22635 19903
19453 19403 23307 24648
19571 19396 20490 22449
21432 20720 22621 23276
24085 20718 21365 22384
18231 19199 21531 22032
21206 21472 20799 19078
19383 20017 21310 21124
21130 18519 21516 21086
22380 19852 21525 20369
22212 19361 19011 19454
21984 21919 24298 21892
20876 21528 21719 20431
22953 22941 22192 22866
21802 18934 22252 22005
21681 18378 22866 23970
20415 20019 22314 24189
20408 20492 23831 22683
20378 20295 23758 22991
21451 19102 24491 22966
21103 20451 21575 19264
23053 21090 20170 21147
23531 20216 22119 21011
19576 20934 21799 22633
19830 21746 23058 22038
22216 20165 21234 21683
20331 20930 23812 23621
19850 20865 22031 20929
22494 20378 23088 22688
23554 20736 20263 20485
21056 20274 21667 22790
22082 20180 22375 23412
20792 20107 20980 23232
20895 22775 20866 21941
20502 20381 22331 20784
23041 19669 23525 22840
21516 18449 23193 20073
22578 21489 23821 20933
21562 19732 22433 21074
19144 21249 21249 20501
22322 20955 21378 20764
20105 20315 20247 20623
21039 21070 20747 21855
21946 19959 19518 20695
20693 21839 23760 21362
22640 20255 21319 20102
20210 22271 22776 20761
20182 21539 21532 20230
22919 19400 21731 21444
23156 18549 22130 22232
23439 21538 20875 20050
22426 22319 23061 19483
20793 20032 21877 21680
22895 22027 20899 23150
22783 21029 20589 22782
21385 21106 21931 21165
18826 21936 20826 20222
20849 20425 22129 18796
22299 21781 23841 21318
21375 22683 24362 21832
20678 18804 17900 18133
21256 22597 23191 20395
21877 22603 21593 20914
19066 21241 22640 22190
22160 20956 20750 18665
20756 20457 23642 20644
20477 22423 22512 19757
21477 18408 21147 24114
20767 21775 24224 22908
23064 20743 20449 20436
19819 20236 23091 21521
20528 22441 23059 21181
23144 22604 22290 20558
20590 22448 24421 21274
23656 19640 20784 20455
23181 19044 21660 22321
21772 19422 22688 22243
22363 20475 22894 21272
20825 20522 23378 23134
20021 20350 21176 22197
22608 20521 20521 22013
23883 20023 19895 21389
19902 20318 21340 23176
20547 20799 22610 22362
19853 21320 21242 21297
22000 22237 22649 21549
20436 22163 23781 22227
22831 19681 20987 22480
23573 19487 22650 23017
21835 17931 22154 20300
20958 21119 22654 21444
20605 20702 23196 23392
21747 19767 18923 20556
21213 23369 21845 19986
21864 21653 21198 19313
20967 19929 23270 24379
22248 20316 20020 19660
19811 20142 23072 21169
20112 21826 22728 22581
21302 19157 22181 21064
19950 19625 22089 21735
20800 19724 18154 19968
20381 20019 23188 21652
22382 22690 22301 19785
19056 19081 22868 23474
19119 20150 22107 21070
21323 21802 19852 21916
20314 19675 18740 18820
21251 21033 22603 21420
21386 18663 22478 24073
21935 21339 21610 19424
20327 19428 21126 20838
21909 19161 21892 22219
23782 20681 21717 19471
20180 19418 21334 23850
22892 21212 22375 22082
21365 21054 21884 20401
20471 21602 20167 19934
20071 20579 23196 20520
19717 20361 21906 23958
23314 19293 20099 20808
22694 19516 20828 18234
20389 21375 24033 23157
17963 19459 21241 20080
21442 21798 22006 21821
21964 21218 22147 22350
20477 22400 22615 22126
22182 17399 20686 21433
22733 21399 22070 20354
21873 20508 22500 22479
20862 19965 21362 22003
21946 20135 19248 19205
22454 19352 20834 22275
23476 19485 22500 24143
20748 18675 20221 21286
21326 20179 23943 23733
20737 21263 24455 21649
21275 20803 20048 23365
21454 20531 19445 19497
21798 20461 23842 21364
21008 20009 23319 21744
20616 22972 21849 22932
20002 23937 21415 21272
21856 20502 22072 21656
19583 18909 21320 21787
21869 20451 20317 18953
18932 19842 23003 21767
20367 22986 22096 20069
22904 21385 20380 19184
22103 21306 21535 19426
20192 21080 21742 22904
21984 21740 21603 18776
20199 21624 23595 23785
21774 18239 22874 22883
21620 23808 20523 19529
19706 20291 21888 21427
22753 19743 19132 20092
21686 22030 22656 22763
21503 22230 24243 20031
20306 21212 24244 20902
21167 19642 20050 20409
21777 19289 23226 23220
22370 21526 22426 22655
19825 23185 22558 20875
21047 17303 20426 21183
21076 19501 24385 23206
21752 19010 21270 18906
21603 20027 19717 21124
18287 21037 20352 19432
23629 20399 19197 19243
20515 19874 21938 22140
23841 22636 20142 20592
22351 20223 22242 20969
20182 21007 20852 19809
21178 20937 23325 24009
19314 20213 23212 22988
22511 19755 20809 21548
22957 18929 22600 23469
21980 20731 21576 22340
21082 21637 22100 19634
19790 20611 22971 24092
21586 21532 23883 21438
21930 22428 23436 19829
20869 21298 20409 21071
20747 18574 22153 20188
20186 21709 23174 22019
20285 19117 22016 21086
20962 22580 21593 19800
21587 19870 23775 22434
22484 19376 20630 21921
21571 22431 22745 21164
20496 20932 21887 23325
22881 21607 20466 19866
21497 21583 24825 22435
20092 20845 23726 23868
21358 23770 21934 20158
20072 21589 22111 24048
23419 19016 21451 22485
19143 19860 20456 19691
21056 22635 22159 22305
20993 20347 22024 23341
21089 17986 19897 20100
21605 19940 23224 21449
20813 19634 22563 20747
21174 21813 20591 19089
20697 22642 20924 20629
20612 21091 22741 22368
23007 22789 20525 20329
22568 20715 22352 20560
19979 19003 22538 22785
21592 19801 23958 22020
21035 21055 21298 18084
19553 19047 22215 19454
21540 18476 22831 21715
21211 21168 19587 21497
20503 19702 23578 24825
20991 20171 21302 19711
23567 22043 21802 20855
21166 20089 22787 20601
20544 21919 24010 21692
19784 23395 21674 21286
22487 19215 20073 21219
23812 19027 21978 22464
20207 21450 21076 20316
20917 21583 24238 23185
24554 19761 20831 21460
21661 20025 22981 21249
21212 18906 20540 21462
20377 21650 22333 21172
21428 22271 23032 22148
22559 18169 19571 20076
20328 20135 23414 22718
20870 21881 20357 19032
21725 20897 22738 23311
22689 22607 20537 19437
22126 22038 22351 22446
20653 21107 23074 23395
22972 21036 21887 21428
19706 21716 19515 21352
21765 19336 24041 23354
20817 18943 21761 19724
22529 19037 20798 21875
20093 20955 23786 22342
21373 18121 19148 21075
22302 22652 19941 18520
21653 21765 21227 21023
20708 19358 23611 23908
20757 20476 22292 21397
20721 23339 21481 21073
21401 21883 22655 21190
23172 19707 23825 22297
21920 21037 20834 19475
20814 21807 20052 19359
22994 19227 20569 21624
20169 20316 23153 21259
21410 22508 23024 20405
22114 20870 20998 19437
20282 20334 23333 21520
21115 21701 25091 21947
23198 21077 20931 21989
21063 23072 20841 19535
20334 20298 21957 23087
21909 22573 23154 21167
22927 18147 20619 21194
19984 23012 23098 21568
22949 20204 21521 20057
20380 21633 21256 21219
22264 19714 22998 20985
20676 20739 23643 21390
20399 19635 22422 20973
21622 20173 21676 21627
21038 18985 20882 18938
24188 19743 19965 21017
19477 17862 21144 20530
19865 17002 19690 20953
21274 20686 22643 23831
21199 20954 23209 22875
20674 20703 24741 22864
21997 20777 22172 21648
21098 19734 24223 21858
21672 20457 19770 18511
21606 19932 22237 21076
20975 19042 20955 20898
23184 20757 20710 23579
22360 20181 23500 23398
19773 22857 22341 21578
19556 20787 23941 23118
24398 20624 20014 20909
20385 20469 21976 21988
22783 19796 19872 21019
20920 21785 23647 21026
19712 20487 23361 22954
21755 22962 20332 20731
21648 23398 23740 21458
21849 23030 24379 23083
20230 22497 22304 21309
18655 22301 20202 21350
23025 19663 21045 21549
22748 20562 21759 21961
23234 20956 22760 22139
22756 20286 21639 23371
22726 20120 22134 22813
22918 20198 21315 21619
21349 20320 19094 20796
20039 20195 23252 21177
22997 21593 21944 20812
20546 22011 22745 23483
22212 19617 20985 20802
19723 20842 21815 19761
21853 21325 20667 19144
20847 18364 19935 20897
22060 20591 20352 21443
22017 22659 24528 21436
21118 21777 22235 22615
22607 20034 21060 20659
20103 20708 22803 22655
22767 19639 21961 20733
18344 19984 21726 20275
22672 20130 23306 21690
21724 21315 21394 19617
20481 20365 22511 21541
21075 21458 19910 22136
22362 19568 21074 21514
21234 23004 21037 19576
22665 19977 22354 22626
22187 19739 22354 23279
22575 22363 22411 20979
21862 20265 22446 22141
21670 18813 20401 19496
20630 22055 20656 20342
20464 20001 22764 21530
21454 22507 22660 21508
21074 20794 19993 18739
22259 22151 23932 23488
23456 20338 20265 20324
23294 20988 19268 20403
20776 20746 23352 22124
20323 21792 21861 21689
21877 22972 22571 22028
22331 20945 22791 22329
21838 23287 22102 20586
19254 21257 23499 21656
21602 20771 22063 20389
20799 21302 22872 20935
19506 21460 23829 22513
19957 20768 22121 22358
21117 21662 23613 22868
19365 19321 21055 22623
21496 20280 20015 18930
20607 19101 22753 23241
20482 22170 21701 19375
19968 20989 20335 19023
21096 18289 20438 22277
22459 21012 23196 22644
21574 20112 21263 18922
22096 19178 22881 21841
21436 20210 22548 19957
21386 20730 24060 23093
24536 20897 22456 23787
20803 23191 23287 20897
21633 20342 20948 22745
22074 22151 20300 20850
21313 23363 22102 22271
22893 19675 23344 21787
20754 19682 22863 22719
22167 22532 22384 21540
22445 21433 22900 22466
22799 19875 22022 18949
20843 20454 23996 21967
22832 21329 21583 21959
23175 21511 20193 20498
21999 19726 23053 22365
20953 21191 21419 20659
21191 20345 22592 23089
21552 20463 22048 23306
23071 20809 22834 20933
20549 22158 23696 22643
21358 22611 23363 23324
21350 21431 21408 20760
19590 20179 22095 21717
20660 19423 19487 20536
23115 21536 21327 22285
22656 20423 23345 22167
20343 22537 22247 20306
20884 19959 22814 22002
22608 19641 20944 21260
22059 19703 20627 21658
22611 22327 20780 20555
19884 21690 23100 22076
21109 20688 24029 22041
23368 20995 21976 21372
20729 19697 22915 23486
20641 18346 22762 21200
21526 20558 23299 23847
20873 20749 23377 23352
20085 18013 20594 20116
19806 20485 23430 22454
21860 20610 22769 21893
22052 19164 22406 21431
20010 19738 22864 23588
21831 21674 22186 23697
22262 20055 23519 20708
21016 21687 19500 20957
22891 20477 19254 20937
20762 19328 22954 24466
20488 19612 21750 23369
21311 20238 22308 22367
20143 21576 21296 20402
20486 23643 21246 21132
21845 20115 20842 22072
21417 19453 20268 20950
19996 20503 22010 21515
22299 23881 21418 20392
20792 23298 21320 20810
20345 19854 22009 19628
20599 20915 19187 19098
20922 22901 23129 22395
22139 22269 20587 18940
19638 21376 22621 21219
20234 22155 22425 22146
20396 21445 22832 22125
21381 21245 22551 22543
21743 21788 22669 22023
21740 19067 18880 21423
22762 18587 18998 19424
22988 20064 21298 21767
21032 20098 21444 22031
21065 20881 19819 19166
20019 20456 22625 22856
23958 19353 19980 20371
23744 21534 21230 21911
19939 20366 22271 23187
21259 20874 21196 20219
19697 20242 22082 23746
20892 22087 23558 22010
22153 23236 21529 18911
21754 20797 23198 22701
20493 21484 24606 22063
22078 20441 21733 18899
19783 19317 23399 23949
19728 20045 23571 22173
21298 23094 21526 20665
21311 21563 20434 21755
22093 22101 21071 18435
20488 20580 21239 19770
20367 19153 19676 21280
23095 20042 22882 22423
20928 22136 22477 20556
20309 20326 23564 22437
24630 20732 21504 21023
23148 22336 23657 21566
20438 19530 19601 20405
19828 20623 22893 21818
20526 21333 20395 19509
22800 22144 21676 22350
19345 20945 23710 21269
21878 22635 21930 19199
19533 20560 21515 19571
23792 19061 19597 20800
19696 22218 23644 21085
20108 19789 23227 22369
20413 20492 19681 20000
21444 19015 20507 21802
22093 21165 21269 22999
23388 19983 22646 22424
20079 21489 22516 22868
19593 18796 21984 21815
20658 21191 23286 21088
22858 20289 20955 20905
20729 19432 23017 24153
20025 19461 22598 21662
19094 19218 22278 21509
22102 21927 22679 22591
20201 23112 23432 21800
21867 21170 23338 18940
22909 21355 21157 20382
20940 20136 22326 22989
20171 18198 21828 23839
23836 20635 22883 21296
21479 19145 21061 22336
21181 20246 23608 23713
22319 20404 20692 20495
21081 22057 24009 20711
20907 18014 18944 20141
21562 20823 21748 21884
20715 22414 21988 19736
20318 19622 22608 23974
19653 22378 21992 22390
21349 19011 20707 22706
22255 20881 23435 23177
19955 17526 18643 20689
18759 20618 20131 19701
23515 20942 20031 21616
22013 20135 19774 21314
19044 19943 20644 22665
20754 18671 23127 20959
21199 20889 21057 19475
20185 22126 21578 19881
21368 18079 23664 24719
21973 21612 19997 19752
21680 21349 19852 20128
21801 20904 19635 18241
23631 21467 19597 20705
22871 22591 20447 18299
19999 22070 19440 19028
22451 19750 20788 20460
20711 20087 21543 20926
21719 22123 19566 21123
20404 23756 20786 21157
18506 21259 23123 21402
23003 22934 20985 18769
23728 20563 19044 19705
20399 19211 21575 24375
19140 19339 22262 21696
21288 23706 20916 19265
21184 20606 22970 22596
20671 21106 20032 18364
22635 19760 19826 20625
22053 22303 20873 18660
20003 19174 20774 21192
20005 18145 20509 21314
20062 22248 20340 19550
22885 21054 20421 18618
20057 18061 23754 22599
23771 22193 20365 21029
23514 20946 19302 22029
18589 20858 22179 22586
22544 23235 22116 19207
20171 21200 22988 23228
24505 21383 19393 19376
21318 17626 22318 21911
21440 22177 20577 21608
19096 22652 23246 20937
20953 18185 18588 18780
23287 20748 22232 19409
21970 18930 21713 23222
20212 23895 22581 21793
22147 19083 21283 22063
21602 21001 21708 19534
21355 23617 23150 20970
21762 21141 22735 21624
20372 20033 20898 20810
23668 21045 20472 19252
20666 18026 21952 22613
21036 17349 20282 20273
19357 20615 24315 23077
23427 23254 20535 19371
21190 20012 23832 22924
19879 21812 22634 24180
19514 19351 23002 22869
22789 19588 21966 22625
20305 21585 21160 21366
19053 21649 23543 22319
20762 20765 23915 23096
21231 18481 21224 22732
20438 18613 20714 22347
20589 20923 23747 21689
20091 18093 20878 21942
21109 18034 21135 24030
19977 18516 21808 23054
22356 22327 20189 19505
21420 19620 21405 21336
20607 19787 22941 22338
23358 21654 19800 20968
20278 19568 23230 19462
19836 20663 22599 23387
21835 20643 20980 21763
20950 21034 22561 23491
23295 19491 20278 21465
18952 21872 20748 20263
19636 20361 20812 20225
22211 22057 20031 19492
19949 20155 23429 22286
19778 22784 23622 23237
19922 19679 19377 19692
21304 22604 21194 22024
20247 19742 20582 19757
21555 19816 21925 20105
19304 23289 22015 21447
21384 19538 22177 22294
18082 19413 19733 21706
20050 19928 22465 22369
22014 23096 22241 19735
19056 21816 22475 21772
20943 19346 22200 22905
23925 20458 21145 20658
20339 21399 23887 22981
21453 22957 20899 20790
20464 21930 22813 21432
21083 19008 23262 23527
21002 21008 20046 22143
21094 22773 21749 19920
21330 20822 20000 22444
23071 18495 22384 22921
22375 21355 21492 20875
21824 18617 21953 21353
22339 21933 21526 22508
21301 22402 23354 22566
19063 21561 22130 20707
23486 21029 21335 23684
19824 20342 22797 21038
20374 19490 21699 22586
20450 18959 18498 18122
20747 22194 22848 21379
20177 21181 21545 20493
21726 20647 23291 22531
22858 18996 20461 21731
20627 19068 22862 22979
19991 20779 23711 20310
19130 19591 21645 24074
21249 17900 21544 21721
21237 19908 20609 22549
19357 18637 18717 18383
22028 20527 22760 21962
21158 22518 23624 21852
19545 21909 22836 21332
20190 19554 23751 22712
24166 20883 19829 23115
21744 19973 21681 22977
22754 19286 21330 18593
21546 19806 19940 20700
21751 19238 18514 19639
22291 20775 20438 19634
20181 20864 22123 19712
22704 20898 21574 21948
22568 20363 22659 22192
21721 20786 23147 22751
21131 21413 22588 22398
20560 20418 25438 23461
21930 22307 21503 19092
22868 22332 21815 20482
21662 19513 22478 22633
22608 18883 21382 23075
22816 20071 21479 22076
21699 21508 22149 19093
23921 19577 19826 20452
21023 19929 23749 21583
19906 21414 23030 19987
20283 20043 23070 20155
21097 19222 23626 22381
20173 18807 22254 19800
22224 21304 19448 18920
20943 19847 23397 21915
19899 19919 21941 23292
19509 19768 22698 21410
24249 21015 21373 21528
23678 22041 21011 19136
20600 19024 21720 20876
21585 19285 22314 23644
23425 20046 21377 21533
21113 22633 22697 23076
22138 21373 20903 20775
20051 20677 21646 18773
22042 21871 21770 19244
19780 19240 22544 21626
21576 20265 19001 23328
21352 20990 23774 21566
21178 20821 22025 20364
23014 19906 21665 23030
20141 23245 22264 21059
23152 19338 19886 20224
23295 19969 18721 19478
20750 20624 23608 21780
19629 19584 21829 21993
20762 21572 22188 20724
22036 20683 20386 20092
21418 22205 22055 19807
20253 19436 22079 23370
21321 19700 19462 20105
22409 19985 21466 21819
23189 20525 20542 20809
19689 20081 23872 22950
19901 20687 22486 21518
22347 22012 20984 20644
22945 22829 19450 19931
19773 20998 23900 22431
21691 19831 22278 24731
20727 21111 23076 19938
20814 21729 20742 20296
19440 19685 19838 22441
23414 19529 21147 22395
20719 21451 22645 22306
19304 19588 21318 19864
19527 22920 21048 19611
20925 19391 21708 25044
20023 23147 21486 21434
23383 19362 22386 20861
19191 18456 22327 21751
20084 21552 22398 22444
20211 20239 20249 19139
21390 21284 22788 22151
23410 20887 20430 19842
19826 16767 20611 21687
20072 18715 19895 21750
22779 22449 21403 19770
19904 19341 22218 22770
21640 20621 21262 19750
22526 22096 20646 20615
20898 21312 23215 22446
21849 20917 20547 22610
21017 19322 22709 22731
17628 21628 22459 21679
20482 21882 20694 21237
21407 18770 20062 20685
22632 21496 20964 20759
22804 21995 23349 20826
20109 20612 23058 19831
22537 21119 22764 21247
18132 19277 22826 23529
21937 19018 23037 23690
20116 23776 21089 21294
20085 17699 20933 19999
20943 20410 22627 21383
19674 23473 22825 21547
22594 22551 23098 22364
18839 20904 20080 19556
21433 20859 22994 22029
22601 21302 21926 22209
19599 19712 21933 20548
19808 21853 21452 21571
20095 23207 22856 21008
20662 20453 22138 20000
21003 20046 22369 19241
24307 21355 21709 21965
22032 21669 24532 21688
21911 22946 22459 22600
22954 20309 21009 21981
23359 20589 19287 19581
22997 19626 22297 22574
20684 18928 21348 21845
20423 20537 24063 20967
23107 20927 22653 22009
22149 18271 22099 23678
22286 17832 20647 20851
22042 18655 22470 23627
20441 21664 22031 22323
18951 23004 20614 20815
22822 20551 19205 19248
21400 22388 22579 19948
20119 19173 22348 23792
21026 17990 20686 21582
24062 20082 20440 21640
19238 20411 19281 18186
21729 19924 20672 21507
20132 18600 18729 19485
23813 22956 22487 20334
20938 20303 19334 19323
20519 19910 20187 20534
20802 18594 19285 20917
20980 20946 20526 23827
21398 18538 22451 20922
20228 22346 23236 22202
19833 18272 21427 20393
21938 19221 21912 19499
21520 22544 23511 21083
23673 23455 21520 19485
22095 18411 21667 23696
21156 24508 22368 21096
20664 23205 20884 20718
21544 21120 23096 23450
20816 22500 22648 20421
20165 19739 22375 24887
20562 20928 22134 22844
22898 19198 20704 20503
20840 20157 21028 18844
21624 19220 21454 20124
23293 21832 21232 22202
19582 21608 21528 20136
21289 19725 23001 22534
21325 20194 21546 19592
22531 22414 24343 20764
22234 18446 21021 22105
21453 20604 23692 21846
21580 20914 23535 21391
21040 21876 22190 22052
21337 18621 22358 22221
22585 21975 21372 21025
20512 18864 22695 23502
24580 22304 20895 20714
22151 21775 20223 22140
23359 18588 19533 19624
22704 21767 24283 20131
22679 19366 18455 19531
19513 20964 22678 22588
20146 19496 22297 21838
21288 19851 21440 24166
23285 20494 20830 22006
19111 19910 21900 23969
20325 20578 19108 20287
19980 18903 19681 21438
22755 22253 19986 21234
19548 21754 23422 21857
22119 21770 21850 23488
23021 19271 21758 22910
24359 19959 19131 20514
23973 23253 21840 19525
21307 22707 22406 19211
21329 19130 20236 19324
23183 21026 21754 20639
20638 18381 20103 21074
19593 19059 22129 23393
19116 20651 21730 23404
20782 18596 23029 20733
18557 18998 21885 19479
23036 22546 23243 21825
21307 20714 20008 18986
20589 19430 20764 21165
17883 20500 21608 20317
19782 21485 19449 20077
18739 18613 21735 22311
19842 18733 21123 21692
21383 22524 24350 21247
20912 19777 19369 19001
23076 19863 21598 19703
19568 19901 22354 20186
22384 22530 21208 19672
21272 19247 20825 19018
21569 23220 20409 21158
22430 21208 20508 19179
19972 19679 22050 21309
20263 20695 22394 21731
21445 20668 22528 23046
20302 20247 21055 19451
20617 17835 22690 22728
20292 22714 23147 22792
19416 19797 22659 21419
22109 19873 21869 24047
21559 21779 20847 19235
19693 20314 19862 18625
19388 22138 23133 23013
20121 18638 21254 22284
23563 21520 22370 20653
21749 19403 23389 20609
21188 21158 22405 21033
20541 20778 22775 20812
21012 21169 22308 21676
21328 18397 21091 20379
21067 19969 22433 23028
21343 21737 19981 20795
21372 18752 24494 22574
22662 19376 19839 22069
20501 22643 20084 20740
19580 19600 22157 21667
21588 18554 20615 21359
20507 20732 22041 20164
20343 19743 22504 25193
18864 20094 22203 23160
24561 21313 22665 22764
22063 22243 22002 22832
20433 20997 21543 22437
21522 18649 22578 23379
19107 21209 22888 21901
21096 19422 22789 22269
24212 20630 20253 19950
20794 21782 22059 21823
19675 19183 21971 23019
21671 22358 22022 20728
22391 20640 23241 21827
21142 19741 18962 19086
23555 19758 21279 21469
20527 20171 21431 22572
21869 19375 21299 20309
20494 22310 20515 21037
22296 21882 21893 21190
21848 19317 20476 22153
23951 21630 22746 20178
19259 18770 21900 23394
22944 20888 20804 20790
21542 20456 23310 21698
20976 21114 21267 21678
19266 19805 21237 23111
23422 20141 22838 20816
23796 23212 21646 21662
20553 21858 23462 21427
22675 20568 22055 23039
20948 19670 23012 23208
21175 20662 24706 21750
22511 22603 22571 20541
19729 18763 21308 21277
18791 19171 22576 23298
23190 19085 18691 21832
21178 20078 21429 21232
20210 20463 24907 20948
21913 19820 20984 19588
19610 18061 20746 21020
21779 22255 22837 21677
20955 20914 21707 21585
21644 18793 19204 20924
19913 20149 22639 22169
23066 21373 22489 21417
23749 20352 20989 21163
20730 22825 21725 20773
