62205 1860.42
8891 8080 8171 7424
8124 9099 8321 7367
7980 8342 9154 7650
8390 8039 8262 8182
8006 8769 8815 7593
8186 8949 8458 7684
8475 8074 8471 8046
8650 8257 8811 7316
7982 8933 8770 7296
8043 8903 8717 7482
8140 8724 8261 8051
8489 8820 8250 7587
8301 7816 8849 8016
8669 8452 8270 7792
8653 8855 8182 7257
8238 8481 9032 7266
8065 8688 8683 7868
8686 8233 8858 7195
8158 8540 8892 7834
8607 8826 8335 7058
8274 7877 8979 7861
8301 8462 8801 7913
8639 8210 8331 7953
8824 8243 8232 7377
7936 8606 9008 7387
8093 8889 8099 7869
8452 8344 9005 7042
8036 8790 8888 7397
8424 8337 8754 7932
8791 8141 8273 7761
8008 8183 8942 8024
8396 8511 8941 7278
7996 8812 8765 7545
8389 8681 8321 7864
8415 8753 8752 7354
8055 9007 8561 7385
8104 8420 8741 8084
8628 8078 8453 7903
8552 8648 8145 7703
8388 9028 8013 7427
8008 8183 8942 8024
8558 8590 8675 7491
8535 8115 8639 7968
8731 8320 8203 7633
8433 8975 8259 7083
8166 8155 9017 7966
8660 7971 8246 8018
8704 8513 8623 7226
7873 8422 8974 7817
8662 8176 8888 7143
7976 8680 8965 7396
8445 7919 8920 7640
8241 8656 8650 7879
8732 8262 8829 7224
7856 8790 8860 7508
7925 8701 8975 7301
8077 8424 8951 7852
8084 8753 8481 7943
8591 8219 8555 7871
8813 8079 8189 7756
8181 8601 8333 8087
8470 8680 8384 7730
8662 8176 8888 7143
7982 8933 8770 7296
7909 8828 8921 7211
8200 8784 8643 7754
8486 8200 8368 8071
8658 7822 8576 7662
8213 8973 8431 7637
8449 8767 8802 7194
8290 8580 8704 7932
8609 8875 8154 7202
7988 8026 9008 8004
8647 8187 8547 7669
8521 8812 8548 7255
7988 8525 9049 7585
8322 8017 8812 7965
8597 8631 8529 7375
8537 8390 8516 7880
8740 8533 8285 7273
8024 8140 9149 7738
8038 8642 8727 7906
8600 8112 8427 8018
8761 8046 8321 7881
8226 7881 9078 7627
8192 8738 8594 7833
8509 8171 8838 7686
8328 8669 8886 7323
8099 8876 8413 7812
8689 8713 8159 7128
8045 8327 8762 8083
8546 8278 8911 7366
8345 8719 8445 7776
8197 8925 8071 7770
8662 8176 8888 7143
8309 8969 8453 7310
8100 8687 8347 8026
8715 7921 8243 7964
8485 8880 8423 7040
7970 8946 8636 7278
8152 8337 8838 8056
8371 8796 8173 7687
8333 8591 8406 7993
8732 8262 8829 7224
8131 9025 8074 7708
8092 8577 8745 7895
8441 8160 8734 7863
8661 8790 8299 7134
8116 8491 8923 7847
8554 8811 8441 7257
7958 8767 8612 7792
8154 8586 9001 7253
8036 8823 8086 7959
8680 8361 8222 7672
8500 8231 9013 7162
8143 8855 8655 7620
8303 8521 8964 7214
8127 8890 8334 7828
8555 7799 8764 7695
8747 8562 8203 7140
8498 8093 8329 8120
8653 8187 8355 7931
8558 8590 8675 7491
8525 8892 8110 7398
8374 8784 8816 7325
8189 8958 8629 7391
8134 8305 8857 8018
8580 8264 8965 7110
8200 8943 8419 7717
8303 8695 8739 7564
8017 8558 8736 7946
8457 8896 8240 7348
8222 8643 8434 8023
8759 8029 8237 7921
8560 8857 8305 7076
8016 8087 9148 7756
8140 8724 8261 8051
8694 8015 8373 7897
8116 8491 8923 7847
8653 8855 8182 7257
8184 7960 9025 7827
8427 7814 8873 7821
8696 8066 8253 7971
8747 8562 8203 7140
8016 8087 9148 7756
8269 8666 8405 7975
8466 7777 8819 7749
8200 8784 8643 7754
8155 8756 8688 7717
8740 8533 8285 7273
8116 8714 8295 8007
8333 8873 8725 7310
8091 8719 8940 7364
7997 8883 8011 7897
8566 8243 8850 7614
8079 8998 8236 7679
8558 7967 8335 8109
8634 7984 8471 7857
8665 8476 8684 7242
8557 8892 8251 7014
8166 8155 9017 7966
8429 8523 8890 7215
8062 8676 8628 7939
8509 8731 8289 7644
8236 8929 8657 7229
8227 7897 8990 7947
8645 7963 8188 8024
8686 8711 8132 7145
7873 8422 8974 7817
8732 8262 8829 7224
8347 8476 9008 7193
7983 8721 8923 7471
8386 8508 8605 7944
8778 7968 8219 7889
8123 8703 8935 7324
7909 8828 8921 7211
8066 8495 8984 7604
8483 8405 8391 7938
8453 8639 8269 7847
8810 8171 8626 7182
8086 8040 8654 8131
8424 8337 8754 7932
8590 7938 8689 7689
8333 8873 8725 7310
8028 8824 8831 7400
8043 8903 8717 7482
8602 7985 8201 8052
8677 8326 8763 7356
8357 8832 8686 7423
7952 8969 8614 7267
8243 8654 8435 7991
8473 8727 8698 7117
8142 8291 8914 8003
8622 7803 8607 7744
8495 8891 8360 7162
8286 7942 8945 7798
8140 8650 8636 7928
8732 8262 8829 7224
7877 8716 8817 7595
8609 8875 8154 7202
8081 8070 9043 7938
8296 8085 8918 7943
8602 8209 8307 8007
8694 8481 8464 7515
8363 7820 8954 7634
8031 8915 8008 7844
8425 8428 8926 7215
7909 8828 8921 7211
7958 8767 8612 7792
8682 8554 8213 7408
8275 8396 8386 8091
8468 8585 8708 7611
8260 8764 8835 7422
8466 8720 8278 7728
8612 8566 8697 7155
8387 9028 8031 7409
8091 8111 8852 8094
8581 8444 8242 7901
8509 8731 8289 7644
8362 9018 8334 7210
8355 7960 8737 8028
8583 8763 8217 7516
8433 8579 8300 7911
8698 8532 8587 7225
8001 9060 8491 7360
7988 8026 9008 8004
8522 8172 8460 8045
8594 8657 8310 7620
8227 7897 8990 7947
8683 8285 8526 7586
8036 8790 8888 7397
8524 8288 8983 7214
8138 8819 8404 7900
8732 8262 8829 7224
7976 8680 8965 7396
7965 8749 8863 7479
8382 7915 8898 7778
8310 8670 8517 7736
8678 8051 8455 7827
8846 8047 8274 7415
8104 8420 8741 8084
8566 8538 8179 7857
8444 8538 8846 7149
8005 8994 8072 7734
8347 8476 9008 7193
8254 8840 8147 7808
8055 8747 8020 8002
8652 8394 8845 7176
8141 8965 8014 7750
8374 8784 8816 7325
8084 8753 8481 7943
8437 8961 7966 7334
