27570 360.051
19889 17265
19889 17265
19784 17618
19784 17618
19819 17551
19819 17551
19836 17524
19854 17483
19856 17424
19800 17587
19883 17268
19840 17502
19787 17596
19800 17587
19878 17334
19879 17309
19872 17362
19836 17524
19879 17309
19849 17490
19796 17594
19872 17362
19868 17379
19868 17379
19878 17334
19849 17490
19860 17402
19856 17424
19862 17400
19840 17502
19862 17400
19883 17268
19860 17402
19796 17594
19854 17483
19787 17596
19889 17265
19889 17265
19889 17265
19889 17265
19889 17265
19889 17265
19889 17265
19889 17265
19889 17265
19889 17265
19889 17265
19889 17265
19889 17265
19889 17265
19889 17265
19889 17265
19889 17265
19889 17265
19889 17265
19889 17265
19889 17265
19889 17265
19889 17265
19889 17265
19889 17265
19889 17265
19889 17265
19889 17265
19889 17265
19889 17265
19889 17265
19889 17265
19889 17265
19889 17265
19889 17265
19889 17265
19889 17265
19889 17265
19889 17265
19889 17265
19889 17265
19889 17265
19889 17265
19889 17265
19889 17265
19889 17265
19889 17265
19889 17265
19889 17265
19889 17265
19889 17265
19889 17265
19889 17265
19889 17265
19889 17265
19889 17265
19889 17265
19889 17265
19889 17265
19889 17265
19889 17265
19889 17265
19889 17265
19889 17265
19889 17265
19889 17265
19889 17265
19889 17265
19889 17265
19889 17265
19889 17265
19889 17265
19889 17265
19889 17265
19889 17265
19889 17265
19889 17265
19889 17265
19889 17265
19889 17265
19889 17265
19889 17265
19889 17265
19889 17265
19889 17265
19889 17265
19889 17265
19889 17265
19889 17265
19889 17265
19889 17265
19889 17265
19889 17265
19889 17265
19889 17265
19889 17265
19889 17265
19889 17265
19889 17265
19889 17265
19889 17265
19889 17265
19889 17265
19889 17265
19889 17265
19889 17265
19889 17265
19889 17265
19889 17265
19889 17265
19889 17265
19889 17265
19889 17265
19889 17265
19889 17265
19889 17265
19889 17265
19889 17265
19889 17265
19889 17265
19889 17265
19889 17265
19889 17265
19889 17265
19889 17265
19889 17265
19889 17265
19879 17309
19878 17334
19878 17334
19878 17334
19872 17362
19872 17362
19860 17402
19856 17424
19856 17424
19856 17424
19856 17424
19840 17502
19861 17352
19844 17454
19850 17398
19850 17398
19850 17398
19850 17398
19856 17343
19856 17343
19826 17427
19844 17386
19850 17356
19843 17382
19775 17385
19839 17378
19836 17236
19804 17378
19816 17313
19820 17255
19824 17251
19824 17251
19803 17371
19800 17305
19762 17371
19798 17237
19796 17235
