328155 3060.24
3687 3215 3102
2694 3849 3454
3226 3811 2634
3138 3242 3733
3176 2836 3791
3477 3096 3769
3692 3255 2818
2702 3490 3297
2961 3528 3383
3271 2853 3555
3065 2886 3659
2703 3654 3055
3214 2963 3406
3345 2609 3349
3029 3359 3433
2975 3788 2920
3218 3609 3424
3650 3048 3443
3531 3072 3041
3630 3007 3207
2663 3505 3419
3008 3691 3038
3593 3345 3166
3157 3139 3376
2990 3239 3517
3560 3337 3398
3118 2998 3779
3134 3757 3248
3002 3694 3641
3590 3272 3003
3485 3328 2610
3276 3581 2873
3475 3867 2994
3329 3470 3232
3226 3300 3765
3311 2525 3146
3346 3911 2936
3277 3538 3705
3005 2846 3525
3503 3625 2927
3748 3185 3029
3518 3455 3500
3322 3304 3307
3246 2964 3478
3068 2942 3672
3663 3443 2759
3513 3472 2984
3259 2972 3527
3399 3223 2751
3207 3646 3041
3696 3558 2900
3418 3401 3398
3780 3254 2884
3459 3495 2892
3815 3165 3022
3202 3239 2984
3656 3523 2783
3893 3346 3182
3507 3611 3018
3324 3750 2701
3714 3162 2881
3373 3393 3570
3210 3236 3810
3792 3180 3059
3322 2847 3563
3066 3493 3048
3409 3424 2800
2672 3635 3308
3089 3938 3120
2997 3874 3014
3320 3865 3251
3873 3302 3217
3195 2666 3382
3009 3740 3454
3275 3367 3680
3551 3232 3498
3006 2759 3539
3147 3781 3369
3485 3549 2997
2515 3423 3418
3241 3823 3198
3308 3137 3460
3725 3720 3210
3407 3723 2743
3454 3652 2762
3172 3443 3436
3420 3318 3342
2966 3346 3333
3534 3152 3632
3721 3729 3284
3339 3628 3186
3728 3630 3066
3807 3151 3410
3424 3305 3130
2683 3294 3195
3200 2800 3802
3038 3130 3639
3489 3686 2675
2837 3429 3671
3118 3925 3029
3506 3268 3692
3628 3737 3139
3669 3771 2832
3484 3353 3305
3463 3842 2992
3040 2811 3349
3286 3808 3140
3128 3285 3614
3730 3305 2982
3646 3610 2765
2786 3587 3592
3305 3172 3779
3216 3860 3165
3284 3711 3062
3303 3756 3144
3519 3477 3411
3930 3285 3087
3483 3195 3027
3318 3787 2630
3062 2757 3498
3288 3628 2805
3667 2878 3242
3415 3204 3492
3302 3759 3137
3147 3371 3212
3349 2766 2758
3110 3014 3144
3107 2949 3829
3156 3784 3117
3180 3246 3810
3218 2911 3553
2965 3686 3383
3164 3929 3467
3587 3785 2926
3519 3583 3193
3252 3814 3320
2883 3934 3442
3365 3341 3517
3682 3050 3260
3084 3918 3463
3236 3018 3369
3201 3164 3825
3148 3590 2854
3615 3058 3129
3330 3760 2872
3774 3226 3170
3422 3722 3477
3202 3422 3747
3545 3821 3281
3223 3917 3302
2996 2835 2694
3255 3782 3355
3247 3637 3530
3386 3038 3528
3680 3387 2755
2722 3842 3226
2889 3757 3445
2917 3280 3717
3692 3296 3067
3647 3522 3049
3143 3323 3578
3452 3126 2964
3377 3131 3749
3166 3464 2566
3171 3594 3554
2977 3616 3360
3446 3605 3454
2889 3051 3497
3086 3346 3625
3444 3824 3053
3612 3496 3132
3613 3131 3020
3016 3662 3656
3681 3145 3576
2907 3527 3522
3467 3573 2630
3401 3083 3242
3460 2819 2641
3431 3297 3388
3205 2990 3753
2667 3000 3448
3091 2805 3600
3820 3271 2800
3158 3198 3540
2787 2686 2986
3185 3051 3629
3278 3151 3700
3284 3678 3107
3291 3605 3146
2994 2731 3565
2636 3419 2897
3894 3346 2871
3528 3637 2990
3747 3468 3096
2949 3254 3788
3289 3692 3273
3398 3275 3648
3240 3734 3035
2975 2582 3433
3201 3677 3318
