29587 1680.89
20135 21667 25826 20744
20575 22941 24171 23964
25667 22099 20395 23342
23069 22660 21139 24222
25114 23534 23163 19459
24690 23103 22706 18537
20900 23836 25810 20636
20434 19350 24267 23486
23419 20628 21827 22661
19634 23172 23259 24855
19794 21309 24870 24349
18610 21241 24315 24689
20409 19961 22075 25290
21265 24488 24972 20163
18955 23461 23717 23048
21395 22420 25352 22780
20747 22242 23027 21087
22248 19824 25846 22777
22787 21175 20587 22911
21326 19750 25996 23201
20541 24603 23728 21826
23617 21834 22491 20550
23817 21421 20310 21659
20687 22108 19880 22000
23512 20347 20554 26029
24245 20736 19952 22787
21398 21511 22447 22812
20673 24085 24574 24037
22745 22535 22339 24671
21372 23207 23979 19259
21535 21193 24653 22459
25489 22083 20379 21749
21436 21888 24989 21927
23235 24988 23861 19203
20704 24667 23275 20418
23813 19041 23183 22465
21456 20103 22239 25940
24851 23647 21503 22577
21462 23706 24559 21171
20454 22275 24708 22590
23021 18535 23500 22907
23405 23722 23326 20760
23247 22882 25554 20400
23334 24041 24820 18835
24043 23436 22495 20993
22094 21148 23418 25312
23285 25082 23293 20243
20243 20400 23859 24841
20015 21172 24964 22986
23924 22412 22954 20603
22552 19521 23057 23093
20393 20842 24764 25646
24435 19832 22556 22876
23290 19038 20546 25603
21823 23505 22998 22376
24164 23394 23156 21561
23684 22826 25821 20292
22827 22936 24366 22204
20549 23962 24019 22385
21510 21734 24019 21745
22973 23786 21831 19374
23802 20334 22145 19651
21267 20392 21768 26497
23169 20719 22860 25262
23175 24483 23562 19813
21819 20829 24389 24319
24949 21166 22000 22861
23414 19323 23103 23957
22157 21108 24913 22059
20325 22821 24518 21485
21448 20943 24246 24158
20590 23185 23865 25153
23483 22747 23694 21411
24116 23482 21934 19768
24171 23196 22183 24291
23755 22442 21178 22373
21911 19544 22768 24125
23125 20584 23992 20005
22215 18856 22574 25085
25436 20117 20468 20895
21866 22253 24712 22651
23061 20223 22258 23645
20060 21959 24861 23415
22153 18909 22335 25175
19765 22131 23246 24587
21695 20277 24166 24119
23692 24275 22025 19909
23157 23205 21545 19951
19638 20833 23246 24289
19865 20758 22773 25290
21761 20955 22907 23858
25651 22420 21891 20404
19522 23455 23236 23549
24370 20408 22142 26085
22503 25794 22099 20966
25008 23902 21884 20364
19892 21079 26302 23094
20186 21977 26117 22862
24402 20079 20187 23293
23796 19335 22013 24206
21470 19139 22659 23234
22778 20896 20173 23663
22362 23163 23889 20905
23395 23542 22058 20239
22259 22954 20985 19866
24419 19305 20874 23517
20630 24318 22450 20846
21653 25176 24436 20642
23517 24652 21870 19519
24004 21912 24295 19275
24303 22238 23021 22935
22869 25786 23210 20776
24716 20825 22791 21406
24610 22790 24326 20522
20857 25719 22348 22950
24120 24688 22438 21177
23987 20623 22589 19420
22558 18386 22471 24748
20963 21679 25242 22892
22798 19471 21644 21818
22825 21072 22608 24945
24092 21416 23731 21287
21781 21776 22773 22889
25268 20392 21991 23039
22869 21796 22413 20926
20228 22278 25356 22059
22641 21618 24049 23673
23020 23658 22071 21336
21229 22472 26623 21338
25311 23401 21381 22347
22587 21872 22756 21455
21511 24437 24506 21559
19900 21910 25298 23447
22752 25793 22437 20761
21043 24991 23554 21846
20887 24814 23398 20406
24711 20006 21091 23726
22956 22897 21252 19901
23338 24459 21646 20339
23320 20205 23361 23830
23517 20456 21815 26090
24541 19747 21415 23165
25401 20776 21599 23173
21081 21982 24663 24693
21590 19782 24783 24262
22485 23057 23532 20092
22130 21059 22999 20977
25460 22014 21916 22462
20156 21694 25389 21207
19047 23598 23503 20750
25701 20589 20398 23305
24055 21042 23453 20202
24463 22613 21779 21054
22903 22707 23532 20592
20050 22385 24793 22162
22048 20414 25685 23389
21994 22228 25334 20658
23934 21273 19750 23178
23360 21757 22036 24343
23767 24443 24026 19746
25547 21343 23247 22205
21915 18767 22661 24630
22377 17720 21926 24324
20095 20799 23034 25469
22958 22104 25200 21740
22678 26387 22242 20784
24494 22794 23406 23284
20672 20785 23381 25922
19102 21734 23401 24788
23320 19611 22840 23708
25237 20677 22302 21249
22317 20582 24083 24478
21763 21755 23057 19352
19384 21742 25080 24469
20662 21969 25955 22494
25171 21755 20550 21356
21726 20630 22578 23327
21572 24147 25844 21297
24058 24565 23659 20343
21263 21922 25349 21886
21049 24870 23510 20654
24223 22082 22458 23494
23830 21378 23508 21238
25183 22301 21715 21686
21678 22715 22904 20562
20718 20206 20894 26091
24114 20871 20127 21262
22049 21497 23067 20404
22958 22740 23447 22152
20064 20925 25090 21600
20376 23984 24953 23934
21677 23370 23721 20760
20913 22211 25036 24317
24304 22920 21289 19481
20669 21154 26822 23593
24197 21691 23004 18985
21888 24788 24576 20310
22242 24429 24794 20289
23653 23253 24826 20514
21926 22224 24863 19689
25279 21972 22184 20564
20516 22045 26220 23849
21936 23149 24110 21339
20696 23531 25136 23307
22593 21284 23615 24155
21801 24582 23904 20984
22440 24549 25750 21184
21007 22149 23199 22537
19817 22267 23374 24081
20982 23130 23428 22366
21674 23011 23226 24791
20569 21514 24394 23354
20795 24769 23016 22263
21856 22879 22630 22737
24553 22311 21323 19919
23539 21813 20224 20381
22066 20929 21288 21117
21790 21522 24784 19382
20595 22423 21034 23682
21968 24920 23848 21118
23984 22726 23274 19879
21150 20554 23575 23699
23743 24365 20767 20846
23973 24504 21163 20635
25606 22239 20194 21862
20548 19692 22976 25848
19622 23732 23232 23671
20355 20949 24992 24683
19566 21041 24577 23297
23350 23985 22958 19731
25465 23085 20841 21203
21934 23653 24877 19990
21650 20669 22549 25948
22387 21023 21088 24352
25188 22280 21381 21511
22893 23053 24620 20021
21875 19078 21297 23473
22605 24324 23781 21620
20477 20691 24346 24079
25853 21908 22961 19325
23698 21600 20559 23933
24739 19800 24407 22338
18741 22996 23385 22360
23121 18717 23444 22026
21772 24057 23029 20603
22649 24002 23789 19124
22949 18422 19987 25005
25508 20030 20476 22033
21865 18299 21768 24458
21043 22424 25904 23164
21243 22568 24990 22149
26204 20656 22123 22440
23475 25319 22826 21170
23579 24851 22813 20227
19860 21650 25227 23449
21824 22583 24329 20484
23715 20632 22499 24366
19354 22002 23773 24016
23785 21367 21883 22301
25503 22980 21582 21454
24348 21463 21857 23545
22369 24462 22828 20559
24358 20065 21362 22617
22473 21357 22735 21296
19907 20873 20971 23747
22464 22278 19706 22676
23568 21329 24267 20126
21244 21435 23400 24076
22019 21694 24148 23194
25000 20118 21389 23959
22642 21265 24808 23693
20451 21416 25196 25080
23161 22583 25163 20263
24787 22961 23691 18873
19719 22150 24884 23516
23276 23815 20085 19583
21658 23397 23457 20706
20200 23283 23907 23820
23263 19735 23036 22050
22205 20701 22010 20732
24421 20485 22187 23130
23754 19323 24545 22770
21230 21939 25317 24183
26134 21159 21767 22716
19849 21375 24550 24868
19694 21265 24700 23329
20897 20634 24612 24206
21059 23303 25478 21730
25307 20087 21029 21695
20450 23725 23157 19951
22229 20945 25166 21358
23952 20072 24206 22166
22408 20018 20693 24508
20145 23582 22780 23590
22520 21386 22552 25499
23201 20027 21152 22462
24404 21641 20402 23483
24358 22750 22103 22323
25011 24918 22497 20772
18930 21642 21751 24384
19305 23032 23104 24272
22460 23807 23421 23357
21735 21423 24453 25903
22836 22430 20734 21943
21387 21986 21644 24817
22464 23992 26355 20608
22375 20322 23167 24273
24084 24393 21428 19827
22099 22751 25264 21296
23894 24584 23722 19853
23775 23716 23660 21085
23832 18634 22843 21716
23677 24132 24365 21671
20161 21363 22964 25091
24678 23643 24116 21047
21871 22779 26084 23494
22151 22423 24388 22406
20047 21387 24177 23177
23336 19299 22391 22846
22506 21041 23706 25095
20081 23189 22855 20980
22362 22602 22671 24200
23758 24995 21867 20874
21191 20649 23961 23513
22832 21052 24630 20781
24449 24104 22735 20689
20369 21560 21482 24711
25189 22546 20752 21321
24329 20093 22812 22983
25284 20785 21616 21927
20804 21689 26528 22584
17987 21935 22947 22130
20372 22882 24236 22384
20253 23736 24261 21570
21423 24228 24121 20897
22868 17916 23490 24459
24634 22480 23633 20012
22933 23342 24799 21392
24561 20528 21698 24697
24986 22662 20501 21296
21506 18528 21969 22974
22907 22359 23305 22018
22404 23437 23893 20746
20640 21169 23620 26072
25729 22295 20428 21826
20558 21517 23153 22444
22048 21819 22904 23056
22404 21600 22578 24041
21757 26178 22609 21609
19424 21412 21716 24403
21301 24980 22890 21194
23308 22477 21219 19624
