16132 840.819
26454 25654 25112
26524 25611 25158
26626 25376 25151
26156 25204 25543
26562 25568 25093
26111 25321 25478
26497 25469 25276
26093 25705 25288
26253 25710 25081
26430 25327 25336
26293 25542 25381
26243 25675 25228
26704 25176 24968
26532 25540 25229
26655 25401 24964
26619 25465 24905
26674 25350 24917
26657 25336 25023
26551 25459 25213
26088 25588 25385
26382 25604 25253
26335 25631 25242
26330 25361 25359
26211 25315 25404
26352 25461 25325
26009 25650 25375
26597 25270 25171
26205 25712 25061
26472 25633 24939
26694 25220 24755
26294 25453 25383
26573 25451 25105
26476 25527 25249
26223 25550 25361
26234 25566 25285
26589 25432 25030
26017 25390 25417
26420 25571 25240
26060 25714 24988
26568 25499 24958
26092 25404 25394
26028 25138 25581
26118 25685 25238
26402 25622 25188
26371 25505 25270
26422 25613 25195
26378 25143 25360
26578 25473 24910
26664 25358 24904
26358 25386 25328
26219 25307 25394
26258 25663 25018
26303 25491 25323
26131 25426 25386
26605 25424 24943
26514 25226 25236
26452 25560 25176
26383 25396 25293
26375 25402 25297
26556 25459 25115
26028 25138 25581
25979 25768 25130
26782 25109 24643
26007 25096 24604
25666 25084 24799
26260 25293 24947
26080 25193 24787
26215 25341 24982
25881 24848 24419
26123 25056 24832
25898 25070 24672
26121 25091 24688
25763 25059 24475
26156 25042 24950
26223 25217 24848
25826 24941 24576
25859 25026 24757
25479 24962 24851
25997 25185 24887
26185 25338 24920
26199 25140 24891
26066 25129 24655
26019 25323 24857
25965 25171 24889
25999 25051 24846
26147 25112 24862
26111 25272 24795
25930 25294 24935
26210 25004 24866
26068 25331 25084
26108 25344 24772
25868 25023 24819
25822 25037 24538
25992 25317 24945
26136 25234 24712
25706 24988 24910
26159 25306 24775
26267 25219 24825
26133 25291 24946
25892 25147 24798
26151 25220 24643
26065 25261 24814
26132 25205 24969
26133 25311 24587
26070 25290 25064
26085 25285 24978
26122 25181 24847
25849 25094 24774
25856 25057 24617
25638 24970 24346
25942 25240 24783
26043 25039 24607
25937 25232 24775
25982 25086 24771
26024 25223 24866
26174 25128 24782
26133 25078 24969
25729 25042 24685
25711 25071 24819
25681 24944 24589
26013 25317 25078
25994 25338 24835
26066 24958 24796
25977 24899 24623
26260 25179 24896
26160 25196 24888
25963 25293 24861
26037 25167 24644
25906 25297 24940
26048 25318 24804
25987 25207 24824
25864 24881 24500
25944 25313 24723
25939 25017 24771
25878 25171 24737
26159 25135 24625
25874 25138 24719
25906 25132 24793
25977 25214 24690
26027 25152 24612
25935 25123 24905
26360 25182 24767
25996 24959 24764
25851 25134 24772
26023 25090 24709
26187 25192 24760
25871 25068 24508
25747 25079 24553
26101 25295 24864
26128 25040 24565
25947 25154 24768
25641 25205 24740
25753 24834 24482
25918 25264 24869
26142 25280 24745
25888 25312 24697
25852 25116 24696
26462 25237 24797
26026 25017 24613
25890 24917 24880
26126 25195 24754
26045 25111 24731
25982 25195 24773
25951 25264 24800
25898 25209 24610
26058 25374 24973
25619 24843 24771
25945 24950 24600
25720 25142 24790
26022 25303 24844
26051 25031 24811
25942 25207 24847
26047 25152 24653
25962 25063 24677
26125 25019 24773
25946 25102 24705
25955 25180 24781
26046 25000 24422
25996 25064 24830
26010 25155 24635
25939 25235 24694
25940 25041 24691
26168 25077 24926
25714 25199 24695
25912 25037 24586
26025 25186 24828
26106 25249 24974
25887 25168 24907
26058 25331 24926
26004 25067 24700
25791 25050 24861
25882 25237 24797
25750 24753 24506
26191 25229 24745
25923 25092 24972
25722 25409 24824
26089 25207 24855
25987 25171 24658
26051 25235 24974
26088 25040 24775
25763 25115 24519
25996 25062 24713
25760 24970 24390
26046 25164 24850
25902 25113 24894
25808 25041 24739
25934 25245 24654
25930 25085 24652
26169 25189 24702
26326 25001 24775
26145 25132 24700
25953 25091 24743
26089 25148 24753
26021 25291 24879
25914 25011 24688
25914 24909 24391
26202 25036 24903
26168 25043 24642
26278 25119 24684
26044 24931 24778
26085 24971 24826
26104 24955 24748
26142 25126 24794
26133 25270 25013
25932 25068 24835
26215 25126 24896
25966 24873 24647
26236 25172 24886
25830 25045 24660
26038 24897 24722
25960 25034 24625
26180 25298 25060
25904 25217 24854
26023 25105 24793
25876 25236 24827
25510 25119 24678
26007 25151 24653
25782 25021 24780
25870 25177 25023
25976 25150 24740
26054 25049 24688
26091 25429 24904
26102 25073 25035
25751 25070 24717
26040 25040 24657
26083 25384 24976
25499 24858 24572
25986 24961 24796
26044 25116 24888
26212 25201 24772
25745 25149 24681
25999 25246 24938
25969 24932 24561
26011 25064 24619
25923 25127 24776
26112 25224 24909
25860 24996 24648
26026 25056 24600
26028 25198 24806
25880 25164 24652
26059 25171 24792
25958 25294 24957
25753 25129 24936
26004 25129 24789
25902 25157 24844
25765 25093 24829
25997 25219 24801
25970 25165 24788
26125 25268 24687
25939 25175 24809
26135 25122 24667
25987 25092 24894
25802 25097 24601
25697 25024 24772
26107 25297 24714
26019 25154 24788
26152 25238 24898
26204 25355 24870
26162 25292 25119
26131 25254 24705
26110 25243 24836
26057 25221 24686
26090 25091 24720
25960 24921 24646
25804 25070 24532
25878 24961 24832
25851 25045 24498
26229 25250 25010
25979 25200 24933
26096 25249 24746
26172 25402 24870
25788 24929 24416
25915 25044 24606
25860 25003 24700
25941 25162 24768
25949 25289 24794
26071 25066 24682
25832 25030 24625
25970 25128 24733
26052 25179 24914
