27171 1080.36
26743 25790
26789 25660
26724 25829
26835 25486
26676 25893
26811 25528
26770 25700
26643 25931
26524 25988
26549 25958
26435 26028
26626 25936
26499 25995
26796 25566
26346 26064
26775 25680
26319 26103
26277 26138
26451 26020
26461 26001
26680 25845
26367 26047
26209 26156
26453 26017
26526 25971
26555 25940
26212 26155
26677 25863
26692 25830
26653 25894
26644 25902
26726 25791
26176 26242
26884 25451
26213 26147
26360 26055
26334 26096
26334 26096
26360 26055
26389 26042
26278 26137
26309 26131
26389 26042
26213 26147
26309 26131
26278 26137
26782 25575
26634 25910
26577 25928
26699 25829
26526 25954
26750 25654
26658 25876
26736 25781
26731 25790
26743 25703
26671 25839
26739 25722
26661 25853
26702 25801
26645 25877
26500 25972
26791 25368
26050 25095
26341 25486
26129 25382
26303 25350
26418 25555
26420 25607
26368 25412
26377 25291
26222 25513
26424 25456
26126 25479
26228 25457
26248 25584
26297 25494
26364 25412
26317 25391
26553 25558
26305 25461
26486 25385
26200 25356
26258 25554
26059 25409
26182 25004
26359 25606
26463 25656
26232 25325
26208 25348
26218 25134
26391 25427
26207 25282
26310 25567
26262 25481
26284 25364
26202 25450
26572 25493
26201 25420
26300 25654
26547 25399
26367 25668
26303 25698
26228 25482
26267 25237
26256 25368
26414 25448
26430 25463
26141 25516
26166 25539
26423 25220
26438 25396
26079 25370
26362 25250
26291 25505
26492 25266
26335 25675
26544 25400
26220 25622
26135 25245
26397 25414
26322 25546
26321 25560
26141 25444
26354 25317
26222 25540
26248 25600
26326 25439
26364 25602
26146 25445
26418 25392
26161 25578
26655 25542
26483 25442
26322 25381
26377 25453
26209 25428
26197 25239
26254 25425
26001 25354
26236 25511
26439 25569
26128 25332
26237 25183
26427 25329
26359 25416
26433 25603
26370 25431
26378 25531
26234 25518
26297 25391
26612 25659
26393 25445
26247 25525
26440 25490
26241 25751
26368 25321
26466 25531
26238 25411
26354 25416
26164 25405
26240 25457
26304 25396
26421 25467
26428 25249
26357 25329
26437 25687
26486 25686
26306 25333
26213 25296
26371 25519
26349 25634
26154 25549
26366 25495
26308 25350
26120 25448
26365 25572
26337 25467
25927 25187
26487 25451
26506 25464
26219 25472
26152 25251
26172 25411
26262 25498
26240 25376
26448 25487
26343 25315
26433 25547
26209 25175
26165 25295
26396 25307
26577 25582
26293 25266
26378 25255
26338 25319
26434 25496
26349 25437
26157 25286
26498 25535
26213 25493
26232 25028
26297 25357
26203 25210
26149 25049
26376 25555
26120 24989
26504 25502
26504 25710
26353 25611
26228 25250
26221 25352
26400 25107
26300 25257
26264 25578
25999 25311
26349 25275
26374 25429
26386 25465
26314 25533
26343 25506
26069 25124
26234 25461
26330 25609
26092 25379
26132 25273
26104 25253
25951 25198
26278 25482
26178 25393
26336 25414
26408 25551
26267 25315
26396 25473
26414 25527
26370 25593
26242 25489
26218 25313
26208 25398
26523 25537
26446 25634
26537 25587
26189 25542
26239 25098
26260 25422
26193 25250
26338 25551
26385 25298
26232 25486
26435 25588
26177 25460
26401 25302
