6134 1623.81
28157 24479 25063 24364
28013 24808 25107 24040
27969 24675 24781 24479
27448 23605 26027 25180
26443 25876 26401 25128
26421 24475 26234 26155
26135 25043 27050 25580
25933 24894 26817 25739
26467 25759 26354 25177
27163 23716 25917 25560
27822 24948 25022 24126
26008 25287 26836 25445
26170 24974 27034 25534
28062 24513 25149 24260
26819 24039 26260 25790
27512 25169 25117 24163
26773 25370 26088 24753
27949 24635 24835 24475
26052 25198 26936 25453
26136 25182 26980 25418
27988 24742 25081 24213
27394 23742 26045 25321
27651 24887 25568 24058
26551 25676 26340 24867
26137 25306 26729 25510
26034 25145 26918 25625
28143 24577 24889 24327
28083 24592 25006 24294
27778 24322 25506 24609
26104 25046 26698 25928
27602 24645 25604 24467
26376 25730 26306 25198
27136 23773 26060 25594
27696 24807 25125 24443
26304 25590 26463 25419
26204 25465 26615 25260
28111 24624 24991 24341
26360 25656 26523 25219
26216 25347 26477 25549
26189 25146 26764 25700
26435 25565 26574 25251
26069 24944 26872 25601
26526 24360 26262 26086
26732 24272 26305 25984
27170 24265 25719 25156
27907 24417 25293 24427
28062 24618 24861 24420
27920 24818 24909 24231
27055 24003 26099 25569
27970 24862 25235 24206
27569 24610 25393 24820
26404 25627 26560 25188
27820 24726 25551 24515
26245 24911 26402 25835
26350 24487 26536 26053
27188 23834 25912 25390
27699 23893 25526 24850
26944 25092 26155 25159
27416 25127 25207 24670
26797 24122 26166 26018
28038 24498 24983 24371
27071 24213 25773 25231
27167 24151 25677 25186
26273 25433 26618 25268
26667 24561 26113 25648
26757 23803 26352 25732
26952 23918 26148 25626
26288 24821 26505 25903
27873 24539 25090 24548
26608 25000 26264 25193
27463 23861 25780 25055
27831 24336 25354 24496
26349 24701 26399 25885
26220 25542 26631 25226
27545 24790 25353 24690
27281 24311 25850 25081
27524 24680 25516 24647
26160 25237 26897 25439
26091 25247 26805 25641
27060 23940 26076 25465
27736 24566 25396 24610
27508 24148 25430 25211
26563 25492 26352 25145
26565 24446 26363 25966
26412 24446 26325 26118
27337 23893 25722 25238
26252 25319 26716 25434
26190 25525 26787 25335
26174 24352 26855 25491
26378 25118 26610 25690
26716 24343 26157 25766
26425 24903 26451 25669
27352 24882 25338 24933
27621 24140 25590 24748
27884 24531 25178 24659
26870 25409 25634 24843
27260 24586 25409 24990
27800 24716 25220 24565
26707 24849 26291 25314
27677 24774 25189 24568
27377 24247 25936 24893
26930 23959 26385 25442
26088 25190 26891 25475
27373 24102 25855 25009
26145 25137 26671 25745
26124 25334 26825 25433
26515 24703 26239 25375
26394 24580 26225 25810
26755 25154 26408 25135
27210 24649 25750 24592
27079 24064 26049 25386
27651 24299 25418 24704
27850 24552 24940 24684
26995 24067 26018 25695
26881 24184 26371 25273
27938 24403 25120 24379
27885 24502 25196 24405
27916 24383 24950 24394
26640 25215 26370 24958
27007 25511 25865 24742
26408 25024 26659 25353
26485 24923 26494 25308
26816 25063 26189 24996
26325 24635 26389 26023
27288 24194 25904 25085
27912 24485 25044 24337
27858 24769 25265 24277
27665 24828 25099 24350
26589 25039 26443 25110
26456 24521 26499 26049
27236 24677 25448 24923
26958 24457 26169 25499
27301 24761 25573 24910
27789 24894 25377 24306
27091 24236 26060 24890
27037 24697 25939 24980
27592 24118 25813 24722
27669 24868 25319 24317
26983 25031 25949 24791
27018 24720 25976 25357
27661 24280 25400 24716
27211 25005 25730 24590
27203 23977 25795 25219
26112 25612 26603 25273
27033 24423 25964 25298
26619 24823 26130 25401
28031 24675 24925 24374
27015 24024 26165 25370
27224 24445 25483 25026
26329 24369 26396 26144
26897 24964 26300 24970
26688 25201 26193 25067
26338 25405 26644 25408
27129 24382 25780 25097
27731 24593 25244 24527
27718 24465 25198 24777
26234 24670 26457 25975
27235 24964 25741 24876
26372 25294 26647 25058
27638 24358 25470 24710
27477 24925 25488 24761
26654 25055 26418 24801
27110 24096 25648 25320
27547 24529 25418 24583
27322 24846 25240 24973
26555 25047 26311 25294
26861 24716 26193 25340
26494 24434 26439 25718
26282 24468 26578 25819
26576 25209 26395 24999
26249 25260 26688 25598
27923 24607 25245 24312
27636 24522 25264 24638
27823 24572 25304 24391
27579 24523 25270 24759
27347 24361 25828 24887
26923 25273 25894 24731
26662 24963 26000 25425
26876 24517 26208 25334
26654 24117 26325 25572
27630 24428 25560 24842
26337 24942 26596 25748
26545 24355 26438 25725
26501 25042 26603 25275
27443 24370 25660 24741
27515 24468 25578 24946
27119 24641 25950 24681
27360 24668 25480 24860
26916 24575 26217 25212
27160 24663 25887 25068
27315 24394 25487 24951
27156 24066 26003 25271
26843 24561 26003 25392
27779 24617 25256 24523
26406 25426 26191 25366
27428 24347 25652 24971
27628 24458 25373 24737
26636 25184 26590 24949
27116 24924 25831 24491
26848 24391 26238 25408
27719 24190 25478 24767
27096 24546 26002 25048
27471 24755 25648 24766
26807 24820 26176 25336
26803 24726 26429 25031
27033 24927 25989 24762
27057 24344 25795 25170
27384 24764 25655 24736
27107 24583 26065 24796
27193 24578 25886 24790
27240 24630 25648 24799
27059 25052 25782 25113
27200 24857 25804 25034
26624 24884 26216 25228
27296 24567 25800 24759
27101 24771 25670 25309
26951 25191 25939 25037
27064 24909 25872 24745
26993 24854 25894 24949
27238 24541 25318 25029
27113 24466 25878 25125
26339 24909 26693 25598
26620 24698 26169 25536
27116 24427 25893 25121
26863 24614 26026 25274
26550 24933 26439 25321
27164 24526 25672 25131
26613 24676 26402 25691
27942 24621 24839 24318
27574 24843 25191 24233
26854 24138 26180 25021
26515 25258 26273 25035
26382 24280 26460 25666
26285 24797 26533 25583
26201 24665 26289 25631
26446 25101 26187 25125
27714 24646 24982 24541
26419 24755 26424 25358
27569 24253 25159 24733
26763 24198 26020 25379
26838 24989 25888 25069
26723 25172 25802 25010
26501 24645 26278 25387
27728 24294 25216 24534
26975 24983 25731 24859
26883 24883 25877 24758
26871 24904 26044 24892
26710 24793 25965 25308
27500 24340 25489 24821
27327 24742 25608 24462
26617 24827 26038 24961
27617 24545 25239 24268
26259 24867 26213 25095
27660 24471 25487 24422
26961 24650 25775 25199
26826 24712 26108 25322
27543 24522 25377 24636
27465 24596 25378 24687
26563 25121 26284 24875
27582 24712 25326 24405
27103 24389 25671 24825
27090 24694 25578 25230
26911 24356 25963 25217
27225 24459 25665 24730
27153 24454 25284 24913
27436 24576 25500 24566
26565 24458 26254 25613
27272 24255 25664 24911
27280 24548 25444 24655
27080 24800 25551 24591
27372 24703 25495 24362
27586 24629 25275 24297
27036 24561 25938 24921
27032 24427 25790 24984
27349 24859 25253 24424
27397 24643 25534 24500
27064 24816 25772 24954
27004 24299 25671 25008
27360 24789 25440 24636
27686 24438 25354 24535
27112 24446 25750 24512
27389 24669 25190 24549
27377 24664 25608 24640
27464 24785 25218 24511
26737 24463 26137 25312
27572 24444 25390 24578
26876 24451 26159 24929
27018 24556 25587 24989
27408 24467 25575 24862
26867 24382 26024 25219
26861 24445 26119 25097
27543 24373 25242 24485
27521 24474 25167 24278
27481 24426 25146 24619
27198 23999 25561 24850
26689 24260 26118 25304
26675 25171 25775 24859
26340 24563 26135 25241
26838 24985 25878 24765
26492 24762 25854 24888
27091 24574 25595 24636
26633 24693 26045 24911
27195 24043 25457 24674
26820 24357 26086 25102
26911 24169 25867 24903
27403 24546 25490 24465
26795 24365 25926 24829
27233 24426 25336 24613
26646 24501 25903 24991
27321 24663 25362 24421
27327 24469 25386 24571
27011 24741 25690 24827
26564 24720 25915 25258
27273 24710 25217 24388
27047 24670 25666 24742
27265 24470 25528 24349
27247 24103 25565 24496
27487 24104 25391 24623
26821 24758 25704 25058
26665 24528 26074 24694
27041 24669 25726 24743
27463 24403 24984 24268
26872 23862 25312 24737
26507 24699 25818 25115
26476 24710 25710 24759
26410 24633 25957 24743
27048 24180 25088 24453
27244 24129 25307 24514
26969 23881 25680 24599
27047 24159 25244 24302
26548 24192 25537 24930
27358 24438 25275 24291
27003 24554 25480 24492
26895 24506 25628 24678
26441 24657 25835 25007
26821 24587 25873 24712
26622 24654 25849 24840
26522 24517 25680 24900
27039 24309 25510 24498
26982 24679 25606 24569
26773 24281 25834 24768
26770 24434 25576 24762
26906 24603 25307 24797
26653 24309 25829 24796
26868 24423 25699 24719
26869 24303 25701 24729
26955 24231 25013 24242
26852 24617 25065 24524
26844 23949 25164 24415
26344 24200 25832 24768
26808 24495 25240 24542
26841 24548 25162 24410
