243 1.45593
13903 14641 14255 13911
13885 13923 13842 14530
14457 14193 13621 13764
14540 13804 14111 14195
13261 14321 14299 14026
13533 14045 14882 13916
14457 14193 13621 13764
13786 14627 14127 13970
13533 14045 14882 13916
14061 14295 14552 14262
14096 14493 14065 14288
13486 14030 14502 14453
14540 13804 14111 14195
14061 14295 14552 14262
13533 14045 14882 13916
13726 14497 14275 13986
13451 14092 13765 14336
14304 14166 14101 13908
14061 14295 14552 14262
13952 14465 14363 13831
13952 14465 14363 13831
14122 14166 14478 14314
14540 13804 14111 14195
13533 14045 14882 13916
13261 14321 14299 14026
13885 13923 13842 14530
14137 13812 14199 14088
13726 14497 14275 13986
14283 13844 14082 14033
13786 14627 14127 13970
14137 13812 14199 14088
13885 13923 13842 14530
14137 13812 14199 14088
13486 14030 14502 14453
13972 14399 14479 13841
13885 13923 13842 14530
14061 14295 14552 14262
13972 14399 14479 13841
14283 13844 14082 14033
14283 13844 14082 14033
13261 14321 14299 14026
13885 13923 13842 14530
13261 14321 14299 14026
13533 14045 14882 13916
13972 14399 14479 13841
14137 13812 14199 14088
14457 14193 13621 13764
13885 13923 13842 14530
13486 14030 14502 14453
13903 14641 14255 13911
14457 14193 13621 13764
13261 14321 14299 14026
14137 13812 14199 14088
13903 14641 14255 13911
13533 14045 14882 13916
14122 14166 14478 14314
13533 14045 14882 13916
14061 14295 14552 14262
14061 14295 14552 14262
13261 14321 14299 14026
13972 14399 14479 13841
14283 13844 14082 14033
13903 14641 14255 13911
13533 14045 14882 13916
13533 14045 14882 13916
13903 14641 14255 13911
13885 13923 13842 14530
13261 14321 14299 14026
14283 13844 14082 14033
14137 13812 14199 14088
13261 14321 14299 14026
14096 14493 14065 14288
13903 14641 14255 13911
13972 14399 14479 13841
14457 14193 13621 13764
13533 14045 14882 13916
13903 14641 14255 13911
14283 13844 14082 14033
14137 13812 14199 14088
13885 13923 13842 14530
13261 14321 14299 14026
14137 13812 14199 14088
14061 14295 14552 14262
13261 14321 14299 14026
14137 13812 14199 14088
14137 13812 14199 14088
14137 13812 14199 14088
14137 13812 14199 14088
14137 13812 14199 14088
14137 13812 14199 14088
14540 13804 14111 14195
13903 14641 14255 13911
13533 14045 14882 13916
14457 14193 13621 13764
13903 14641 14255 13911
14137 13812 14199 14088
14457 14193 13621 13764
14137 13812 14199 14088
14137 13812 14199 14088
13261 14321 14299 14026
14137 13812 14199 14088
14137 13812 14199 14088
14137 13812 14199 14088
13533 14045 14882 13916
14137 13812 14199 14088
14137 13812 14199 14088
13533 14045 14882 13916
14137 13812 14199 14088
13972 14399 14479 13841
13533 14045 14882 13916
14283 13844 14082 14033
13903 14641 14255 13911
14061 14295 14552 14262
13533 14045 14882 13916
13903 14641 14255 13911
13903 14641 14255 13911
13533 14045 14882 13916
14137 13812 14199 14088
14137 13812 14199 14088
14061 14295 14552 14262
14137 13812 14199 14088
14137 13812 14199 14088
14061 14295 14552 14262
13903 14641 14255 13911
14283 13844 14082 14033
14137 13812 14199 14088
14137 13812 14199 14088
14137 13812 14199 14088
13903 14641 14255 13911
13903 14641 14255 13911
14137 13812 14199 14088
13533 14045 14882 13916
14457 14193 13621 13764
13903 14641 14255 13911
13261 14321 14299 14026
13533 14045 14882 13916
13972 14399 14479 13841
14137 13812 14199 14088
13261 14321 14299 14026
14137 13812 14199 14088
14061 14295 14552 14262
13972 14399 14479 13841
13972 14399 14479 13841
14137 13812 14199 14088
13972 14399 14479 13841
14457 14193 13621 13764
14137 13812 14199 14088
14137 13812 14199 14088
13972 14399 14479 13841
14137 13812 14199 14088
14137 13812 14199 14088
13903 14641 14255 13911
14137 13812 14199 14088
13903 14641 14255 13911
13885 13923 13842 14530
13486 14030 14502 14453
13903 14641 14255 13911
14457 14193 13621 13764
13261 14321 14299 14026
14137 13812 14199 14088
13903 14641 14255 13911
13533 14045 14882 13916
14122 14166 14478 14314
13533 14045 14882 13916
14061 14295 14552 14262
14061 14295 14552 14262
13261 14321 14299 14026
13972 14399 14479 13841
14457 14193 13621 13764
14283 13844 14082 14033
13261 14321 14299 14026
14096 14493 14065 14288
13972 14399 14479 13841
14457 14193 13621 13764
13533 14045 14882 13916
13903 14641 14255 13911
14283 13844 14082 14033
14137 13812 14199 14088
13261 14321 14299 14026
14061 14295 14552 14262
13261 14321 14299 14026
14137 13812 14199 14088
14540 13804 14111 14195
13451 14092 13765 14336
14304 14166 14101 13908
14061 14295 14552 14262
13952 14465 14363 13831
14122 14166 14478 14314
14540 13804 14111 14195
13261 14321 14299 14026
13885 13923 13842 14530
13726 14497 14275 13986
14283 13844 14082 14033
13786 14627 14127 13970
13885 13923 13842 14530
13486 14030 14502 14453
13972 14399 14479 13841
14061 14295 14552 14262
13972 14399 14479 13841
14283 13844 14082 14033
14283 13844 14082 14033
13261 14321 14299 14026
13885 13923 13842 14530
13261 14321 14299 14026
13533 14045 14882 13916
13972 14399 14479 13841
14137 13812 14199 14088
14137 13812 14199 14088
14137 13812 14199 14088
14061 14295 14552 14262
13903 14641 14255 13911
14283 13844 14082 14033
14137 13812 14199 14088
13903 14641 14255 13911
14137 13812 14199 14088
13533 14045 14882 13916
14457 14193 13621 13764
13261 14321 14299 14026
13486 14030 14502 14453
14137 13812 14199 14088
13261 14321 14299 14026
13533 14045 14882 13916
13972 14399 14479 13841
13972 14399 14479 13841
14137 13812 14199 14088
13972 14399 14479 13841
14457 14193 13621 13764
14137 13812 14199 14088
14137 13812 14199 14088
13972 14399 14479 13841
14137 13812 14199 14088
14137 13812 14199 14088
13903 14641 14255 13911
13261 14321 14299 14026
14137 13812 14199 14088
14137 13812 14199 14088
14137 13812 14199 14088
14137 13812 14199 14088
14540 13804 14111 14195
13903 14641 14255 13911
13533 14045 14882 13916
13903 14641 14255 13911
14137 13812 14199 14088
14457 14193 13621 13764
14137 13812 14199 14088
14137 13812 14199 14088
14137 13812 14199 14088
14137 13812 14199 14088
14137 13812 14199 14088
13533 14045 14882 13916
14137 13812 14199 14088
14137 13812 14199 14088
13972 14399 14479 13841
14283 13844 14082 14033
14061 14295 14552 14262
13903 14641 14255 13911
13533 14045 14882 13916
14308 13887 13976 14529
13726 14497 14275 13986
13261 14321 14299 14026
13786 14627 14127 13970
13903 14641 14255 13911
14137 13812 14199 14088
14137 13812 14199 14088
13903 14641 14255 13911
14308 13887 13976 14529
13486 14030 14502 14453
13903 14641 14255 13911
14137 13812 14199 14088
13972 14399 14479 13841
14137 13812 14199 14088
14457 14193 13621 13764
13903 14641 14255 13911
13533 14045 14882 13916
14122 14166 14478 14314
14137 13812 14199 14088
14137 13812 14199 14088
13533 14045 14882 13916
14457 14193 13621 13764
13533 14045 14882 13916
13903 14641 14255 13911
14096 14493 14065 14288
13903 14641 14255 13911
14137 13812 14199 14088
14137 13812 14199 14088
14457 14193 13621 13764
13533 14045 14882 13916
14061 14295 14552 14262
13885 13923 13842 14530
14137 13812 14199 14088
13261 14321 14299 14026
13903 14641 14255 13911
14137 13812 14199 14088
13903 14641 14255 13911
13533 14045 14882 13916
13261 14321 14299 14026
13786 14627 14127 13970
14096 14493 14065 14288
13903 14641 14255 13911
14044 14478 14338 13660
