312008 1740.08
3776 3029
4079 3030
3495 3610
3078 3360
3130 3345
3552 3605
4023 3385
3613 3655
3124 3647
4172 3441
3954 3329
3942 3372
3669 3682
3382 3564
3758 3210
3749 3613
3972 3062
3245 3718
3700 3048
3830 3370
3743 3253
3493 3818
3630 3539
3555 3733
3939 3121
3928 2948
3026 3522
4141 3493
3502 3789
3415 4017
3333 3655
3601 3317
3774 3598
3074 2982
3072 3395
3655 3653
4029 3342
4211 3382
3228 3524
3729 3738
3741 3261
3837 3437
3945 3660
3674 3360
3813 3332
4029 3138
3702 3018
3922 3290
3378 3697
3281 3355
3907 3306
3971 3098
3781 2973
3696 3187
3734 3819
3414 3930
3664 3614
3882 3253
4200 3255
3520 3142
3241 3256
3919 3282
3010 3496
3765 3012
3532 3697
2739 3315
3189 3624
3980 3040
3893 3140
3578 3352
3413 3785
3929 3605
3885 3340
3743 3213
3521 3039
3755 3070
3540 3530
3684 2908
3134 3778
3783 3600
3168 3341
3705 3328
3816 3736
3324 3567
3710 3095
3746 3356
4068 3418
3939 3414
3782 3442
4158 3383
3688 3610
3278 3517
3431 2623
4093 3000
3598 3271
3829 3209
3648 3571
3389 3441
3833 3209
3155 3572
3937 3605
2914 3406
3869 3744
3513 3955
3868 3492
3600 3514
3544 3831
4026 3238
3899 3260
4048 3295
3299 3666
3541 3664
4169 3312
3868 3650
3508 3824
3831 3719
3399 3621
3336 3696
3352 3962
3729 3533
3978 3262
2717 3018
3351 3841
3230 3429
3779 3807
3763 3509
3496 2979
3996 3524
3319 3718
2637 3229
4230 3164
3195 3229
3708 3498
3761 3496
3394 3735
3257 3937
3900 3373
3505 3768
3880 3418
3507 3750
3886 3638
3517 3448
3819 2976
4014 3544
3836 2834
3159 3163
3571 3322
3268 3944
3844 3374
3116 3014
3795 3316
3809 3591
