40893 960.146
8698 8499 8622 7609
8473 8336 8796 7889
8595 8282 8870 7763
8685 8536 8568 7648
8728 8422 8575 7720
8518 8257 8505 7980
8504 8250 8943 7700
8715 8299 8832 7525
8452 8478 8857 7688
8610 8568 8618 7618
8414 8449 8918 7703
8507 8601 8553 7712
8430 8251 8758 7956
8445 8219 8998 7611
8772 8342 8512 7533
8593 8352 8879 7484
8594 8553 8663 7561
8513 8578 8638 7683
8400 8342 8957 7742
8412 8390 8663 7930
8630 8489 8537 7779
8484 8466 8751 7787
8726 8516 8572 7533
8817 8198 8466 7644
8730 8262 8732 7636
8416 8513 8858 7668
8745 8311 8636 7583
8510 8647 8511 7581
8678 8290 8661 7830
8382 8470 8877 7826
8641 8428 8694 7712
8424 8526 8738 7738
8724 8305 8795 7559
8679 8333 8721 7724
8475 8332 8919 7687
8659 8226 8807 7724
8538 8468 8640 7823
8524 8245 8780 7875
8585 8390 8621 7861
8553 8634 8528 7509
8515 8396 8808 7722
8617 8376 8697 7818
8621 8352 8651 7849
8449 8643 8637 7487
8649 8335 8767 7655
8528 8485 8741 7535
8400 8474 8746 7861
8496 8612 8674 7443
8553 8288 8880 7771
8526 8460 8516 7877
8526 8404 8605 7884
8637 8410 8713 7680
8486 8386 8843 7756
8520 8532 8522 7767
8582 8480 8629 7756
8693 8422 8555 7747
8664 8307 8696 7818
8734 8354 8587 7676
8440 8346 8885 7790
8363 8149 8545 8054
8351 8120 9067 7670
8398 8732 8490 7340
8826 8254 8395 7421
7515 7579 7257 6645
7162 6921 7754 7083
7731 7599 7899 7244
7589 7596 7810 7191
7487 7034 7525 6645
7573 7315 7857 7163
7797 7278 7839 7076
7603 7556 7559 7082
7357 7114 7757 6512
7326 7044 7556 6725
7293 6964 7300 6318
7698 7248 7736 6770
7712 7204 7657 6750
7722 7299 7716 6956
7258 6805 7741 6891
7230 6956 7698 6642
7244 6937 7686 6790
7931 7143 8043 7218
7134 7066 7457 6976
7344 7051 7664 6858
7373 7452 7801 6999
7579 6999 7460 6667
7418 7038 7351 6724
7520 7236 7841 6670
7556 7298 7827 7316
7603 7408 7522 7133
7760 7496 8000 6887
7568 6944 7296 6411
7195 7390 7527 6683
7453 7047 7645 7056
7653 7344 7911 7152
7630 7241 7730 6824
7318 7508 7936 6535
7469 7187 7375 6488
7206 6716 7448 6402
7062 6772 7252 6542
7498 7175 7718 6721
7398 7382 7465 6920
7496 7390 7360 6704
7281 7251 7815 6569
7670 7454 7945 6805
7602 7363 7901 6764
7499 7060 7739 6737
7390 6943 7562 6332
7626 6915 7386 6845
7531 7589 8213 6718
7392 7151 7750 6517
7520 7255 8025 6930
7352 7418 7568 6794
7457 7101 7533 6752
7538 7297 7547 6691
7817 7203 7862 6860
7362 7150 7720 6804
7733 7169 7867 7125
7629 7464 8018 7037
7566 7430 7656 6665
7030 6878 7251 6350
7610 7428 7668 6654
7172 6988 7596 6373
7721 7264 7667 6760
7608 7246 7652 7020
7759 7498 7564 6994
7116 7265 7724 6801
7598 7098 7308 6426
7436 7381 7892 6815
7230 7029 7133 6760
7828 7268 7445 6641
7164 7234 7783 6124
7559 7581 8192 6841
7223 7007 7502 6205
7678 7138 7887 6491
7603 7148 7609 6788
7850 7618 7937 6777
7732 7063 7900 6709
7587 7508 7588 6799
7460 7117 7711 6426
7186 6600 7707 6829
7303 7174 7228 6726
7447 7029 7785 6575
7450 7244 8122 6869
7620 7101 7788 6914
7051 7005 7588 6682
7137 7233 7640 6550
7521 7258 7601 6861
7475 7345 7809 6746
7500 6934 7510 6596
7481 7073 7554 6744
7383 7335 7768 6698
7894 7316 7418 6765
7386 7049 7522 6651
7820 7370 7845 6973
7201 6870 7155 6491
7422 7316 7553 6728
7430 7517 7948 6765
7455 7076 7507 6832
7504 6897 7729 6695
7269 7154 7716 6828
7501 7147 7672 6889
7557 7211 7675 6797
7257 7356 7431 6756
7544 7441 7748 6902
7227 6961 7682 6378
7426 7223 7303 6377
7658 7338 7513 6755
7754 7453 7754 6688
7437 6952 7495 6711
7707 6981 7847 6959
7398 7332 7505 6365
7347 7371 7343 6918
7607 7295 7529 6877
7479 7345 7713 6827
7338 7020 7668 6605
7577 7107 7575 6502
7675 6997 7698 6645
7694 7597 8030 6503
7597 7355 7663 6685
7513 7267 7739 6712
7458 7208 7541 6764
7751 7379 7509 6885
7592 7405 8185 7014
7610 7523 7909 7004
7437 7172 7364 6214
7415 7088 7726 6775
7499 7463 7488 6361
7437 7521 7930 6342
7513 7283 7954 6871
7764 7238 7714 6773
7596 7117 7664 6897
7664 7189 7394 6758
7705 7475 7838 7126
7513 7451 7660 6896
7836 7260 7604 7049
7735 7226 7747 6782
7443 7126 7753 6599
7537 7139 7830 6681
7585 7588 7618 7436
7592 7513 7845 6788
7609 7282 7624 6912
7408 6939 7260 6700
7382 7222 7729 7084
7639 7472 7669 6566
7720 7302 7587 7021
7632 7521 7546 6705
7470 7393 7727 6718
7668 7293 7753 6473
7271 7036 7396 6930
7324 7383 8003 6604
7429 7014 7389 6891
7693 7336 7561 6779
7280 7332 7636 6712
7287 6878 7130 6410
7663 7135 7758 6524
7529 7179 7546 6776
7272 7006 7910 6519
7510 7308 7780 6589
7441 7309 7405 6785
7691 7718 7591 6749
7387 6967 7532 6210
7689 7239 7885 6941
7695 7535 7885 6699
7509 7018 7464 6545
7700 7218 8064 6732
7274 7347 7744 6633
7743 7121 7694 6634
7415 7288 7694 6700
7502 7426 7908 6696
7322 6899 7734 6986
7662 7225 7582 6674
7281 7433 7459 6652
6793 6440 7089 6181
7736 7395 7964 7148
7453 6925 7731 6779
7679 7201 7697 6817
7141 7190 7213 6843
7360 7299 7537 6396
7393 6703 7301 6686
7426 6907 7684 6703
7568 7223 7775 6570
7442 6716 7748 6465
7613 7432 7662 6943
7122 6866 7627 6644
7162 6945 7561 6824
7688 7260 7768 6851
7136 7124 7733 6985
7608 7188 7701 6970
7445 7386 7720 7025
7567 7256 7777 6884
7694 7294 7825 6831
7464 7684 8157 7047
