51991 1650.86
16466 18368 15743
16754 15597 17405
15366 17074 17559
16923 14835 18232
15103 17026 18239
16016 15894 19562
17775 16137 17503
13722 16342 18103
16009 17930 17109
16186 17822 16793
15476 15729 18570
17632 15991 17887
16349 18784 15953
15094 17983 17451
17553 18303 15369
16586 16590 17837
16230 17454 16209
16535 18359 15211
17966 16774 15675
16273 18137 17128
15625 16621 16952
17034 16877 16966
16973 15141 16362
14670 17022 18557
16285 17026 18323
17861 17631 16613
15745 18332 15951
18051 16571 16503
15328 17225 16356
15185 17457 16633
16262 18263 16001
14339 17254 17442
16042 17874 16634
15847 14460 17670
15192 16077 19463
15809 16591 19152
17707 16614 16002
14559 16088 14254
16238 15016 17491
16246 18730 15322
17566 16402 16333
17376 15472 18166
13867 16828 15940
17226 17093 17382
17634 17859 15008
14962 15175 17036
14558 17211 15228
16271 14259 17779
17855 17674 15272
15455 18240 16272
17469 16489 16683
18416 16716 17040
14818 16153 18721
16950 16701 14771
17139 15564 17512
15527 15157 18073
15932 17023 14543
17013 17809 15650
15905 18532 16346
13717 15634 17068
14439 15481 18128
18160 17542 15699
14307 16644 14576
16228 16204 17740
17654 16685 16796
16585 15380 18867
15514 14867 17058
14802 16106 19204
16651 17229 14385
14673 16545 17809
15660 15488 19171
15205 15741 17848
15135 16233 18312
15905 16423 18623
17654 18388 15110
16229 18402 16097
16351 15699 19114
16057 17832 17229
15676 15943 17874
16833 18448 15739
14891 16623 17122
17416 15904 16740
15925 18268 15923
18226 16170 17151
15973 15682 19158
17771 16690 17166
17347 16974 16598
15946 17815 15528
14355 17004 16896
14141 17029 17512
15887 15278 19177
15972 17314 16673
14380 17553 17209
17461 16771 17604
16592 18210 17421
16204 16487 18626
17733 18224 15564
16727 18501 16165
14373 17131 15418
14952 17306 16369
13871 17008 16375
14421 16987 16250
16804 18202 15354
16350 16879 18015
17440 15662 18432
17217 16137 17522
16967 16101 17039
16719 17846 15513
14360 15792 18126
16803 17025 16422
16590 17840 15585
15417 17957 16965
17719 16728 18020
15052 16280 19288
16688 16333 16934
16252 15047 18618
15588 16976 16985
17697 16149 17956
14779 17787 16317
15733 15328 19462
16610 15980 16346
16580 14564 16028
15742 16462 15764
14334 17344 16874
16027 14769 16857
18062 17984 16058
16512 17213 18108
16032 16813 17216
16733 16172 16893
14773 17300 17933
14471 16373 16148
15694 16844 18665
17388 16236 17517
17468 16418 15764
16396 17243 16617
17090 17133 17533
17414 18759 15215
17538 16867 15450
16432 14862 18535
16612 17956 17603
17464 16179 16380
16724 18171 16624
15457 17527 15834
17534 15554 17768
15562 17698 18043
16018 17887 15498
16651 15542 18587
16509 17861 15286
17319 15080 16371
15800 18353 15128
17243 16509 16636
18580 16473 16347
16303 16628 15174
13924 17517 16962
16283 18020 16030
17669 17602 15575
16392 17131 16945
15413 17067 14883
15905 16068 16939
16264 15168 18592
16068 17971 14686
16729 15696 16358
15987 16279 18606
16264 18581 16725
15194 15572 19038
18216 17706 15838
16564 17601 16080
15712 16795 17876
14180 15751 18200
17009 18687 15013
15348 15784 16970
16663 17069 18155
15913 16970 16935
16609 18122 16619
15678 15047 17368
18349 16228 16343
16570 18433 16273
16344 15956 18970
16550 17726 15252
17707 18442 15235
17037 15410 16980
16343 18679 15933
15871 17102 14760
17157 17760 15092
17131 16283 18125
17176 17324 16042
16123 14585 18213
14321 16139 17351
15292 17231 17119
16900 14990 18437
17929 17011 16729
14940 15340 17833
17378 16666 16132
14988 15026 18101
17514 16186 15992
16940 16099 16252
17715 16835 16376
15678 17224 18934
17309 18807 15797
15991 16719 13821
14676 16662 17611
15326 15525 19465
15271 17377 18178
14645 16272 17093
17841 16240 16976
15521 16531 17803
17024 18399 16991
17177 17973 16403
16192 16219 18024
14831 17403 18001
16283 15830 17899
17882 16536 17549
16409 18655 15451
16954 16589 17003
17145 17978 15561
16273 18451 15059
17642 17673 14669
17061 15511 18724
14890 17679 15847
13968 15079 12843
14856 16286 18191
15317 17986 17403
16210 18260 15191
17852 17340 15304
16216 16850 16364
13906 15853 17359
16590 16615 16362
16548 17542 16565
16299 17407 18508
16070 16063 17604
16663 18167 14904
17558 18264 15386
15284 17890 16515
15636 18364 16269
14768 17537 18333
14668 13777 17347
15445 17935 16411
17703 16202 16761
15064 16467 18904
15802 17710 17274
16770 16913 16681
14925 16244 17582
15798 15479 16487
16785 16522 15221
16066 18516 17068
15956 17072 16678
17442 17954 15841
15292 15127 18639
16484 16649 18665
15704 17080 15700
13356 15593 17075
15155 17911 18229
