2327 66.8724
19180 18577
17801 19734
18967 18861
19113 18695
19101 18750
17858 19730
17801 19734
19154 18580
18873 18993
19101 18750
19061 18760
18962 18900
19113 18695
19122 18660
19142 18624
18277 19518
18995 18858
18996 18821
18113 19608
18149 19602
18589 19266
18077 19621
18026 19652
18310 19482
18416 19419
17891 19717
17913 19703
18069 19632
18368 19441
19152 18601
18202 19554
18008 19659
17865 19725
17891 19717
18049 19635
18844 18998
18803 19056
18104 19615
18358 19443
18572 19278
18606 19257
18769 19084
18810 19041
18625 19230
18909 18937
18775 19082
18786 19064
18995 18858
18934 18903
18249 19522
18962 18900
18422 19413
18463 19375
18480 19363
19011 18809
18199 19562
18152 19581
18933 18927
18934 18903
18649 19200
18278 19508
19044 18767
18047 19643
19006 18815
19026 18788
18618 19240
18296 19501
18150 19582
18426 19401
18440 19390
19152 18601
17979 19679
17994 19669
18174 19577
18231 19537
18786 19064
18680 19175
18291 19505
18351 19458
18878 18964
19180 18577
18001 19661
18395 19423
18699 19169
18702 19150
18384 19433
17928 19691
18551 19294
19050 18763
18228 19539
18729 19123
18717 19134
18648 19203
18668 19195
18816 19039
18762 19099
18762 19099
18755 19114
18353 19457
18149 19602
18329 19466
18195 19574
18174 19577
19029 18784
18220 19549
18463 19375
19134 18647
19136 18629
18844 18998
18835 19010
18898 18943
18335 19464
18504 19337
18514 19326
18384 19433
18395 19423
18451 19385
18612 19243
18327 19478
18490 19341
18485 19355
18914 18929
18933 18927
18238 19525
19025 18805
18571 19293
18072 19622
18875 18977
18643 19216
18643 19216
18631 19223
18717 19134
18710 19145
18673 19186
18741 19118
18220 19549
18699 19169
18684 19173
18889 18955
17913 19703
17923 19695
18514 19326
18526 19320
18828 19020
18835 19010
18548 19295
18571 19293
18526 19320
18504 19337
18755 19114
18540 19316
19025 18805
18490 19341
18305 19493
18876 18966
18581 19273
18426 19401
18544 19304
18195 19574
18540 19316
18898 18943
18823 19031
18828 19020
18305 19493
17967 19684
18451 19385
17979 19679
18729 19123
18035 19648
18104 19615
18113 19608
18996 18821
18440 19390
18741 19118
18606 19257
18823 19031
18803 19056
17994 19669
19036 18776
18582 19271
18327 19478
17952 19685
17967 19684
17939 19687
18249 19522
18673 19186
18668 19195
19128 18652
17939 19687
17952 19685
18544 19304
18238 19525
19061 18760
18480 19363
18485 19355
18914 18929
18631 19223
18889 18955
18875 18977
18710 19145
