84 2.28242
8374 8652 8730 6956
8906 8646 7959 7540
9102 8243 8230 7421
8598 7724 8630 8028
7879 8205 9023 7943
8314 8933 8230 7248
8332 8116 8641 8305
8146 7841 9342 7779
8206 8366 9020 7063
8374 8652 8730 6956
9010 8410 8144 7477
8645 7750 8741 7681
7879 8205 9023 7943
8879 8471 8103 7526
7951 7931 9000 8079
8147 8115 8869 8216
8423 8897 8064 7236
8378 8885 8373 7307
8830 8516 8042 7559
8970 8457 8333 7322
8951 8480 7989 7467
8184 8038 8737 8263
8898 8434 8046 7575
8561 8658 8434 7203
8322 7798 9202 7668
8339 8852 8390 7413
8907 8533 8094 7341
9060 8335 8144 7411
9016 8475 8270 7452
8849 8554 8005 7443
8356 7729 9168 7677
8765 8505 8359 7119
8048 8260 8759 8141
8694 8692 8224 7488
8406 8137 8567 8268
8252 8286 8994 7096
8386 7799 9121 7372
9102 8243 8230 7421
8550 8647 8557 7184
8782 8590 8243 7406
8258 8166 9190 7886
8934 8534 8200 7242
7977 8108 9006 8039
8270 8100 9048 7715
8926 7999 8412 7272
8007 8145 9233 7972
8864 8428 8312 7446
8393 8066 8609 8199
9041 8292 8403 7396
8525 8675 8532 7290
8569 7981 9036 7581
8589 8775 8469 7173
8024 8022 9328 7760
8781 8520 8161 7510
8545 8802 8335 7133
8807 8061 8584 7481
8332 8116 8641 8305
8304 8630 8743 7112
8617 8499 8829 7084
8217 8228 8822 8108
8327 8892 8288 7352
8875 7930 8535 7584
8156 7889 9293 7521
8628 8681 8178 7544
8111 8179 9135 7780
8327 8443 8708 7924
8163 8362 8865 8071
8545 8730 8410 7210
8132 8003 9312 7685
8520 8372 8486 7841
8058 7946 9161 7917
8496 8691 8385 7639
8605 8272 8814 7128
8179 7906 9268 7519
8087 7967 8980 7991
8744 7845 8675 7959
8381 8916 8258 7364
8825 8054 8462 7650
8485 7882 9041 7875
8360 8328 8662 8014
8085 8337 8937 8040
7982 8332 8717 8125
8841 8497 8527 7633
8746 8510 8347 7232
8429 8709 8615 7747
8288 8086 9184 7511
8609 8626 8594 7169
8462 8573 8233 7713
8016 8208 8981 8077
8180 7963 9285 7466
8357 7841 9135 7773
8707 8392 8549 7690
8165 7900 9217 7746
8197 8306 8860 8052
8480 8485 8283 7720
8823 8368 8322 7733
8534 8346 8541 8152
7951 7931 9000 8079
8152 7854 9080 7897
8515 8280 8875 7596
8443 8193 8712 8026
8388 8811 8414 7380
8299 8923 8367 7252
8857 8552 8060 7250
8730 8355 8570 7579
8026 7891 8919 8131
8452 8809 8477 7206
8174 8755 8437 7678
8010 8152 9201 7820
8525 8768 8496 7575
8913 8178 8204 7637
9041 8292 8403 7396
8032 8209 9004 7827
8404 7823 9103 7558
8529 8218 8789 7754
8674 8725 8353 7429
8290 8453 8772 7503
8580 8580 8370 7501
8116 7911 9309 7793
8127 7924 9266 7812
8432 8275 8933 7727
8578 8609 8611 7335
8455 8830 8244 7255
8533 8090 9029 7699
8441 7953 8812 8099
8814 8680 8152 7459
8166 8256 8832 8162
8105 8139 8848 8177
8139 8042 8957 8010
8199 7835 9259 7789
8038 8057 9199 7628
8419 8841 8394 7154
8239 7857 9258 7798
8931 8419 7996 7632
8178 8751 8401 7703
8397 8161 8818 7880
8718 8076 8549 7789
8450 8082 8601 8083
8595 8703 8423 7479
8303 7875 9075 7959
8283 8475 8842 7504
8650 8406 8567 7599
8063 8619 8686 7669
8794 7869 8689 7708
8359 8114 9154 7644
8860 8348 8255 7461
8295 8198 8724 8170
8397 8029 9106 7538
8703 8317 8679 7567
8664 8303 8733 7610
8215 8777 8546 7436
8108 7937 9214 7912
8954 8225 8271 7635
8193 8252 9013 7471
8364 8416 8521 7914
8320 7879 8782 8158
8192 8130 8923 7983
8272 8227 8894 8062
8405 8288 8808 7936
8459 8832 8241 7430
8654 8364 8782 7492
8507 7950 8699 8086
8376 8249 8817 8110
8243 8176 8901 7952
8679 8263 8447 7950
8680 8526 8768 7405
8618 7975 9007 7736
8914 8498 8191 7439
8126 8134 8742 8190
8168 8205 8826 8142
8318 8398 8885 7313
8728 8264 8416 7926
8522 8817 8230 7270
8759 8479 8095 7637
8148 8038 9333 7485
8226 8040 8945 8006
8460 8719 8492 7740
8419 8841 8394 7154
8509 8639 8229 7581
8683 8018 8662 7767
8965 8528 8188 7336
8367 8188 8972 7457
8119 8316 8991 7362
8749 8373 8326 7681
8444 8431 8564 7689
8183 8119 8849 8088
8965 8397 8378 7241
8531 8352 8643 7874
8575 8617 8650 7073
8426 8028 8747 8088
8586 8564 8404 7666
8723 8463 8442 7925
8315 8417 8930 7298
8166 8316 8654 8092
8065 7817 9066 8051
8854 8007 8603 7562
8559 8117 8764 7903
8850 8486 8463 7354
8236 8283 8979 7659
8661 8323 8611 7913
8607 8633 8157 7574
8802 8049 8623 7665
9060 8335 8144 7411
8689 7893 8787 7530
8206 8366 9020 7063
8807 8296 8425 7661
8412 8043 9026 7820
8360 7941 9090 7826
8301 7945 9115 7667
8733 8213 8340 7684
8079 8263 9196 7559
8296 8174 9080 7513
8216 8555 8607 7979
8556 8188 8708 7909
8558 8078 8909 7629
8391 8791 8621 7224
8774 8498 8331 7441
8279 8932 8342 7439
8551 8546 8447 7338
8452 8126 8919 7861
8332 8241 8965 7798
8737 8028 8421 7752
8262 7912 9087 7854
8628 8681 8178 7544
8473 7960 9059 7738
8423 8223 8745 8120
8349 8046 9103 7653
8546 8542 8501 7701
8230 7884 9244 7549
8719 8089 8501 7793
8402 7739 9062 7803
8623 8298 8688 7615
8397 8823 8356 7470
8439 8113 8969 7539
8844 8024 8440 7654
8156 8201 9009 7826
8275 8457 8653 7809
8100 8422 8963 7990
8675 8021 8622 7865
8065 7817 9066 8051
8721 8569 8150 7571
8271 7864 8848 8171
8260 8366 8992 7222
8263 8221 8628 8127
8349 7828 8935 7999
8752 8609 8513 7071
8690 8369 8529 7933
8595 8576 8688 7258
8499 8741 8605 7370
8391 8791 8621 7224
8610 8577 8383 7595
8007 8145 9233 7972
