125863 1860.23
9756 8457
8144 9971
9049 9542
9140 9477
8415 9900
9577 8907
9700 8669
9201 9403
9709 8617
9516 9016
9677 8712
8776 9728
8807 9727
8704 9783
8709 9770
8968 9618
9666 8743
8331 9938
8658 9799
9640 8785
8405 9914
9020 9565
9739 8513
9336 9240
8292 9949
8576 9834
9685 8689
9440 9118
9302 9303
9087 9519
8635 9810
9393 9190
8460 9897
9627 8831
9496 9053
9473 9076
9747 8480
9607 8874
9285 9315
8205 9961
9338 9234
9229 9386
8629 9819
9716 8594
8984 9591
9598 8885
9330 9276
9116 9496
8938 9631
9453 9116
9741 8487
8769 9748
8742 9763
8194 9963
9656 8747
9724 8574
9655 8772
8668 9788
8742 9763
8353 9923
9536 8997
9615 8832
9371 9193
9363 9222
8602 9822
9550 8974
9496 9053
9536 8997
9510 9030
8232 9955
9248 9360
9266 9341
8569 9840
8346 9925
9363 9222
9005 9586
9020 9565
9550 8974
9559 8948
8912 9641
8938 9631
9427 9140
9330 9276
9311 9292
8236 9954
9070 9525
8893 9656
8912 9641
9632 8803
9459 9095
9473 9076
9559 8948
9576 8932
8847 9695
9177 9432
9185 9408
9151 9456
9403 9176
9414 9155
8539 9862
8521 9876
9702 8640
8869 9685
9683 8702
9702 8640
8382 9921
8263 9951
9731 8556
9733 8529
8382 9921
9238 9366
9229 9386
8602 9822
8263 9951
8968 9618
8460 9897
9285 9315
8477 9885
8144 9971
8166 9964
9717 8582
8305 9941
8166 9964
9427 9140
9414 9155
8539 9862
8555 9850
9168 9445
9151 9456
9459 9095
8769 9748
8815 9708
8884 9673
8869 9685
8831 9706
9266 9341
9576 8932
8501 9883
8521 9876
9070 9525
9632 8803
8893 9656
8884 9673
9097 9503
8847 9695
9614 8856
9116 9496
9097 9503
9005 9586
8984 9591
9614 8856
9731 8556
