172995 1320.09
15337 17162 16957
16288 16995 15854
15874 16608 17601
16253 17194 16579
16877 16121 16813
16402 15999 17116
16069 16329 17517
16877 16121 16813
16760 16421 16016
15560 16884 17102
16303 16289 17248
16877 16121 16813
15337 17162 16957
16288 16995 15854
16332 16938 16222
16332 16938 16222
15988 16602 17348
15874 16608 17601
16226 16697 17219
16472 16913 16618
16760 16421 16016
16477 16877 16341
16760 16421 16016
15697 17055 16968
16291 16520 17106
16393 16038 17276
16296 16315 17410
16503 16869 16434
16760 16421 16016
16235 17138 16805
16450 16397 17112
16258 17026 16708
15697 17055 16968
16503 16869 16434
16590 16572 16605
15790 16829 17091
16633 16640 16501
16533 16762 16498
16258 17026 16708
16503 16869 16434
15874 16608 17601
16258 17026 16708
16253 17194 16579
16565 16555 16779
16332 16938 16222
16565 16555 16779
16477 16877 16341
15880 16761 17226
16697 16404 16547
16288 16995 15854
15953 16610 17313
16057 16666 17229
16697 16404 16547
16316 16915 16807
15880 16761 17226
16437 16719 16762
16281 16797 17178
16450 16397 17112
16589 16705 16545
16345 16292 17208
16291 16520 17106
16296 16315 17410
16437 16719 16762
16371 16837 16980
16590 16572 16605
16057 16666 17229
16740 16617 16500
16697 16404 16547
16590 16572 16605
16633 16640 16501
16371 16837 16980
16740 16617 16500
16760 16421 16016
16548 16677 16617
15790 16829 17091
16553 16611 17032
16258 17026 16708
16257 17035 17046
16565 16555 16779
15560 16884 17102
16371 16837 16980
15697 17055 16968
16437 16719 16762
16287 16699 17009
16633 16640 16501
16589 16705 16545
15953 16610 17313
16437 16719 16762
16503 16869 16434
16235 17138 16805
15880 16761 17226
16633 16640 16501
16548 16677 16617
16760 16421 16016
16503 16869 16434
16281 16797 17178
15697 17055 16968
16760 16421 16016
16285 16558 17237
16257 17035 17046
16345 16292 17208
15880 16761 17226
16282 16633 17246
16402 15999 17116
16235 17138 16805
16371 16837 16980
16877 16121 16813
16235 17138 16805
16437 16719 16762
16740 16617 16500
16533 16762 16498
16437 16719 16762
16553 16611 17032
16332 16938 16222
16450 16397 17112
16437 16719 16762
16303 16289 17248
16450 16397 17112
16472 16913 16618
16633 16640 16501
15697 17055 16968
16633 16640 16501
16633 16640 16501
16371 16837 16980
15790 16829 17091
15560 16884 17102
15697 17055 16968
16226 16697 17219
16303 16289 17248
16288 16995 15854
15880 16761 17226
16740 16617 16500
15560 16884 17102
16548 16677 16617
16477 16877 16341
15560 16884 17102
16437 16719 16762
16877 16121 16813
15560 16884 17102
16533 16762 16498
16437 16719 16762
16533 16762 16498
16288 16995 15854
16258 17026 16708
15953 16610 17313
16697 16404 16547
16281 16797 17178
16503 16869 16434
16477 16877 16341
16450 16397 17112
16760 16421 16016
16226 16697 17219
16303 16289 17248
16633 16640 16501
16226 16697 17219
16288 16995 15854
16235 17138 16805
16477 16877 16341
16291 16520 17106
16057 16666 17229
15790 16829 17091
16548 16677 16617
16257 17035 17046
15560 16884 17102
16332 16938 16222
15874 16608 17601
15337 17162 16957
16069 16329 17517
16253 17194 16579
15790 16829 17091
15790 16829 17091
16760 16421 16016
15880 16761 17226
16303 16289 17248
15560 16884 17102
16332 16938 16222
15790 16829 17091
15337 17162 16957
16402 15999 17116
16226 16697 17219
16697 16404 16547
16393 16038 17276
16288 16995 15854
16235 17138 16805
16503 16869 16434
16281 16797 17178
16760 16421 16016
16285 16558 17237
16253 17194 16579
16282 16633 17246
16371 16837 16980
16877 16121 16813
15953 16610 17313
16740 16617 16500
16437 16719 16762
16553 16611 17032
16450 16397 17112
16472 16913 16618
16258 17026 16708
16633 16640 16501
16371 16837 16980
16590 16572 16605
16057 16666 17229
16697 16404 16547
16316 16915 16807
16281 16797 17178
16450 16397 17112
16291 16520 17106
16057 16666 17229
16697 16404 16547
15790 16829 17091
16740 16617 16500
16477 16877 16341
16565 16555 16779
16257 17035 17046
16565 16555 16779
16332 16938 16222
16589 16705 16545
16235 17138 16805
16226 16697 17219
16288 16995 15854
16477 16877 16341
16291 16520 17106
16057 16666 17229
16548 16677 16617
15560 16884 17102
15874 16608 17601
16450 16397 17112
16253 17194 16579
16760 16421 16016
15790 16829 17091
16296 16315 17410
16303 16289 17248
15560 16884 17102
16332 16938 16222
15337 17162 16957
16533 16762 16498
15697 17055 16968
16226 16697 17219
16303 16289 17248
16288 16995 15854
16533 16762 16498
15560 16884 17102
16477 16877 16341
15560 16884 17102
15697 17055 16968
16437 16719 16762
16533 16762 16498
16288 16995 15854
15790 16829 17091
15953 16610 17313
16697 16404 16547
