89 6.34837
23804 22036 23020 21302
21713 23547 22721 22239
22948 22438 24100 21660
21705 19790 21568 23189
22234 22997 23446 21945
22433 23376 23203 22703
22740 21403 22389 22748
23436 22209 23674 22151
21905 23423 23462 21817
21810 23237 23333 21807
22575 22957 23321 22898
22905 22942 22815 22026
22239 21977 23505 22751
23570 22057 22572 22203
23339 22843 22740 21299
22333 22431 23857 21432
22122 23091 23377 22662
23295 22204 23412 21708
21977 22788 23638 22273
23185 22868 22464 21461
22434 21804 23818 22480
22959 22254 23441 22440
23234 21452 22010 22597
23739 22153 22658 21833
23030 22518 23999 21936
22515 23271 23077 22773
22960 22240 23871 21859
21812 22821 23556 22074
22830 21751 23179 22514
23690 21772 22550 22329
22376 21964 23541 22975
23038 22379 23780 20989
22234 22997 23446 21945
23049 22652 22751 22482
22927 22745 23196 21896
22238 23464 23252 22707
21770 21817 22898 22965
23140 21596 22787 22466
23000 22624 22537 22111
22457 23282 23078 22692
21934 22116 23519 22815
23208 22629 23229 21757
22857 22084 22825 22636
23570 22057 22572 22203
22466 23237 22625 21727
22264 21784 23760 22611
23219 21464 21965 22685
23636 22368 23186 21605
22662 22377 23772 22216
23344 22246 23481 21515
22764 22521 23744 21608
22975 21762 23914 22321
22443 23146 23166 22728
23464 22031 23315 21455
21847 22908 23520 21844
21850 22766 23673 21797
22170 22113 23611 22487
22567 23265 23119 22750
23140 21596 22787 22466
23690 21772 22550 22329
22349 22525 22914 22958
22959 22947 22843 22435
23438 22084 23721 22289
21665 23161 23435 21714
21850 22766 23673 21797
22493 23151 23296 22438
22857 21157 21511 22813
23452 21827 22976 22143
22513 23211 23163 22711
23034 23002 23396 21901
22488 22720 23079 22706
23085 22983 22875 21668
22411 21812 23730 22675
23604 21930 23027 22234
23085 22983 22875 21668
21913 22172 23746 21976
22694 21770 23774 22722
23394 22729 22870 21387
23197 21588 22783 22539
23728 22502 22784 21236
22005 21404 23828 22058
21799 22713 23420 22768
22907 22023 22395 22685
23690 21772 22550 22329
22478 22427 23894 22113
22141 23128 23306 22680
23175 22003 23653 22289
22585 22638 23550 21833
22513 23211 23163 22711
23446 22725 22918 21185
22195 21831 23368 22898
23182 22162 23775 22040
22724 22848 22748 22365
22530 23245 22981 22621
23182 22162 23775 22040
22503 23200 22617 21539
22567 22866 22807 22845
23424 21696 22445 22511
22916 23003 22575 21645
21905 23423 23462 21817
21934 22116 23519 22815
22808 22945 22708 22463
22575 22957 23321 22898
23376 21873 23247 22156
21848 23389 23004 22451
21987 22898 23605 22741
22959 22254 23441 22440
23293 22797 22406 21094
22147 22455 23831 22513
23205 22819 22664 21150
22291 23026 23244 22602
22877 22553 24128 21640
22192 23149 23108 22791
23634 22090 22544 22187
22975 21762 23914 22321
22493 23151 23296 22438
22948 22438 24100 21660
22457 23184 23068 22684
23149 22231 23575 22199
23545 22529 22644 21185
22424 22520 22864 22966
23197 21588 22783 22539
23208 22384 23169 21539
22916 23003 22575 21645
22373 22639 23421 21945
21692 23301 23256 21877
21934 22116 23519 22815
23182 22162 23775 22040
22001 23303 23179 22571
23023 22801 23406 22026
21987 22898 23605 22741
22738 22986 22569 21508
22552 22588 22983 22899
23542 21492 22473 22478
23004 22903 22186 21010
22428 22040 24002 21494
22450 22703 22927 22910
23424 21696 22445 22511
22342 22657 23503 22586
23293 22797 22406 21094
22430 21868 23944 22422
22951 22052 23567 22397
23302 21399 22010 22527
23520 22437 22814 21355
22434 21804 23818 22480
22728 22680 22806 22744
23176 22190 23730 22454
22474 22918 23313 22429
22585 23055 23330 22742
23728 22502 22784 21236
22565 22862 22769 22803
22731 22912 23355 22462
22407 22661 23711 22126
22567 23265 23119 22750
23175 22180 23588 22070
22238 23464 23252 22707
22672 22216 22587 22802
23303 21574 22800 22361
23437 22365 23187 21788
23039 23034 22411 20843
22330 21821 23777 22647
22887 22370 23513 21628
21878 22908 23386 22919
23001 22861 22755 22192
22433 23376 23203 22703
22330 21821 23777 22647
23115 21606 21963 22721
23446 22725 22918 21185
22147 22455 23831 22513
23326 22314 23385 20900
22803 22459 24012 21820
22244 22808 23868 21944
22743 22477 22896 22667
23566 21492 22287 22330
22187 22608 23614 21955
21655 23093 23502 21714
22662 22377 23772 22216
22907 22023 22395 22685
23049 22652 22751 22482
23690 22330 23060 21498
22133 21309 22600 23023
22863 22041 23416 22344
23149 22231 23575 22199
22441 23140 23145 21857
22198 23107 23450 21673
22202 23162 23331 22443
22857 21157 21511 22813
23468 21972 23211 22095
22508 23222 22983 21148
21897 23451 23346 21841
22791 22822 22904 22823
22969 22665 23023 22376
22239 21977 23505 22751
23288 21737 23097 22209
22919 23076 22508 21141
23024 22188 23761 22305
22443 23146 23166 22728
23425 21637 23267 21107
21812 22821 23556 22074
23291 22960 22549 21201
22113 21496 23766 22639
22550 21961 23461 22645
23046 21257 22108 22617
23582 22293 22481 21762
23182 22162 23775 22040
22057 23318 22926 22689
23038 22379 23780 20989
22191 22777 23613 21879
22585 23055 23330 22742
23454 22507 22570 21701
22484 22371 22746 22977
23092 22617 23535 22162
22191 22777 23613 21879
22968 22734 22613 22233
23435 22497 23143 21111
22457 23282 23078 22692
22489 21819 23318 22879
23043 22009 22884 22479
23088 22865 22637 22126
22442 23321 22611 21708
22489 21819 23318 22879
23088 22865 22637 22126
22728 22680 22806 22744
23437 22365 23187 21788
22003 23492 23043 22411
22411 21812 23730 22675
22740 21403 22389 22748
23112 22482 22813 21800
22340 21663 23726 22580
23635 22015 23061 22055
22191 22777 23613 21879
23027 22012 23970 22252
22245 23215 23155 22786
23666 22272 23479 21821
22764 22521 23744 21608
22244 22808 23868 21944
22995 21783 23690 22309
22670 22693 23217 22270
23407 21775 22816 22366
23804 22036 23020 21302
21834 21720 22956 22896
22953 22669 22608 22335
23038 22379 23780 20989
22238 23464 23252 22707
22803 22459 24012 21820
22705 23083 22934 22529
22348 22955 22961 22795
23344 22246 23481 21515
22419 23278 22992 22649
22799 22733 23235 21038
22454 23119 23096 22773
22466 23237 22625 21727
22219 22564 22938 22961
23123 22442 22765 22230
23524 22379 22429 21937
22005 21404 23828 22058
21862 22897 23367 22929
23293 21791 23386 22072
22694 21770 23774 22722
23490 22252 22254 21888
22428 22040 24002 21494
22034 22686 23503 22661
23402 21100 21569 22577
23635 22015 23061 22055
22078 22404 23899 22079
22459 23117 23095 22774
23182 22162 23775 22040
23038 22627 23386 21971
22639 23015 22966 22613
23545 22529 22644 21185
21878 22908 23386 22919
23182 22162 23775 22040
22321 23295 23202 22763
22486 23126 23253 22667
23038 22379 23780 20989
21931 23500 22967 22564
22450 22703 22927 22910
23289 21952 22784 22438
23670 22220 23204 21580
22238 23464 23252 22707
22195 21831 23368 22898
22959 22947 22843 22435
22572 22452 22708 22816
23396 22263 23106 21851
22686 23148 23011 22322
22467 22279 23666 22596
22943 22236 22346 22560
23255 22829 22512 21063
22434 21804 23818 22480
23183 21771 23592 22347
22405 22299 23856 22395
23024 22188 23761 22305
22567 23265 23119 22750
23635 22015 23061 22055
23182 22162 23775 22040
22441 23140 23145 21857
22407 22661 23711 22126
22119 23259 22950 22760
23149 22231 23575 22199
23690 22330 23060 21498
22250 22539 22838 23036
22683 22684 23309 22464
23436 22209 23674 22151
22700 22608 23214 21615
21952 23394 23317 22384
21655 23093 23502 21714
22219 22564 22938 22961
23175 22180 23588 22070
22588 23127 22861 22406
22546 23207 23010 22464
22348 22955 22961 22795
22966 23044 22399 20861
21991 22977 23198 22802
23474 21291 22261 22425
23039 23034 22411 20843
22478 22427 23894 22113
22857 21157 21511 22813
23634 22090 22544 22187
22670 22693 23217 22270
23255 22829 22512 21063
22817 22287 23952 21533
23075 21377 22880 22600
22996 22788 22499 22435
23529 22059 23154 21817
22434 21804 23818 22480
22075 22972 23368 22574
23176 22190 23730 22454
22047 22637 23588 22402
22459 23117 23095 22774
23524 22379 22429 21937
22290 22502 22825 22929
23023 22801 23406 22026
23015 22636 23546 22098
22057 23318 22926 22689
23438 22084 23721 22289
21952 23394 23317 22384
21827 21867 23086 23013
23302 21399 22010 22527
22901 22900 23050 22192
22966 23044 22399 20861
22278 21744 23579 22551
23034 23002 23396 21901
22459 23117 23095 22774
23250 22982 22766 21185
22410 23408 23215 22732
22623 22021 23628 22504
23046 21257 22108 22617
23406 22502 22576 21547
22995 21783 23690 22309
23440 21966 23218 21496
22031 22864 23517 21813
22333 22431 23857 21432
