88856 2880.78
15370 16635 15232 15165
15370 16635 15232 15165
15882 16026 14927 14996
16086 14862 15689 14912
16177 15722 15211 16109
14780 15929 15646 15625
15470 15723 16259 15365
16101 15668 15466 14520
15852 15166 15474 15623
15986 15708 15972 14784
16101 15668 15466 14520
16086 14862 15689 14912
15370 16635 15232 15165
15370 16635 15232 15165
15799 15878 15062 15468
15882 16026 14927 14996
14936 15911 15390 15712
16086 14862 15689 14912
16199 15426 15152 15246
16199 15426 15152 15246
14904 15913 15825 15830
15056 15747 16088 15154
15056 15747 16088 15154
15597 15669 16204 15470
16060 15549 15849 14910
15984 16114 15544 14992
15392 16444 15691 15567
15811 15503 15293 15806
15790 15903 15597 14837
16200 15191 15633 15238
15122 15292 16130 15480
15583 15348 15892 15572
15122 15292 16130 15480
15447 16356 15671 15074
16101 15668 15466 14520
15634 15942 16147 14995
16254 15467 15506 15170
15701 15539 15759 15665
16177 15722 15211 16109
15653 15713 15486 15976
15301 15719 15441 15913
15370 16635 15232 15165
15597 15669 16204 15470
15752 15459 15806 16037
15417 16291 15388 15111
16177 15722 15211 16109
15504 15547 15517 15832
15720 15778 16009 15449
15675 16062 15550 15277
15583 15348 15892 15572
15370 16635 15232 15165
16200 15191 15633 15238
15993 15647 15877 14961
15181 15771 15446 15858
15122 15292 16130 15480
15064 15504 15640 15759
15122 15292 16130 15480
16065 16284 15484 14957
15456 16172 15669 15409
15363 15808 15941 15701
15675 16062 15550 15277
15720 15778 16009 15449
15196 15485 15804 15938
15461 16065 15729 15396
15675 16062 15550 15277
15064 15504 15640 15759
15258 16225 15779 15253
15778 16282 15977 15193
15939 15607 15516 15095
15939 15607 15516 15095
15301 15719 15441 15913
15494 15850 15436 15677
15064 15504 15640 15759
15653 15713 15486 15976
15574 15320 15981 15567
15350 15779 15429 15875
15595 16011 15571 15213
15456 16172 15669 15409
15720 15778 16009 15449
15794 15328 16077 15143
15790 16211 15315 15859
15633 15715 15725 15531
15881 15493 15917 14804
15852 15632 15463 15640
15196 15485 15804 15938
15583 15348 15892 15572
15380 15741 16052 15714
15532 16252 15458 15259
15181 15771 15446 15858
16000 15576 15883 15041
15324 15849 16137 15101
15898 15846 15872 15467
15830 15717 15939 15126
15790 16211 15315 15859
14926 16016 15581 15792
15790 15903 15597 14837
15456 16172 15669 15409
15778 16282 15977 15193
16189 15547 15637 15206
15727 15587 15875 15220
15898 15846 15872 15467
15854 15869 15712 15172
14904 15913 15825 15830
15881 15493 15917 14804
15881 15493 15917 14804
15790 15903 15597 14837
15655 15588 16033 15187
16025 15975 15341 15015
15655 15588 16033 15187
15196 15485 15804 15938
15930 15837 15625 15018
15478 15656 16104 15632
14926 16016 15581 15792
15448 15897 15409 15557
15470 15723 16259 15365
15217 15952 15576 15615
15495 15931 15420 15491
15985 15732 15623 15066
15258 16225 15779 15253
15984 16114 15544 14992
16055 15587 15450 15245
16025 15975 15341 15015
15671 15644 15717 15593
15381 16036 15403 15625
15560 15766 15665 15491
15532 16252 15458 15259
15794 15328 16077 15143
15380 15741 16052 15714
15375 16247 15559 15674
15665 15634 15354 15816
15447 16356 15671 15074
15512 15914 16022 15358
15512 15914 16022 15358
15560 15766 15665 15491
15852 15632 15463 15640
15235 15740 15587 15766
15720 15778 16009 15449
15701 15539 15759 15665
15909 15670 15817 15330
15563 15838 15388 15742
15738 16065 15374 15469
15669 15800 15699 15484
15984 16114 15544 14992
15524 16083 16016 14793
16200 15191 15633 15238
15301 15719 15441 15913
16060 15549 15849 14910
15478 15656 16104 15632
15671 15644 15717 15593
15532 16252 15458 15259
15642 15563 16142 15021
15350 15779 15429 15875
15985 15732 15623 15066
15407 15843 15827 15695
15811 15503 15293 15806
15858 15314 15889 15303
16031 15848 15329 15055
15991 16025 15387 15409
15447 16356 15671 15074
16006 15553 15777 15252
15432 15763 15423 15699
15752 15684 15431 15622
15738 16065 15374 15469
15858 15314 15889 15303
15664 15959 15909 15483
16189 15547 15637 15206
15196 15485 15804 15938
15345 16034 16083 15317
15253 15821 15970 15662
15237 15885 15724 15510
14936 15911 15390 15712
15665 15634 15354 15816
15909 15670 15817 15330
15301 15719 15441 15913
15841 15935 15411 15134
15710 15967 16012 15322
14780 15929 15646 15625
16200 15191 15633 15238
15830 15717 15939 15126
15217 15952 15576 15615
15830 15717 15939 15126
15671 15644 15717 15593
15701 15539 15759 15665
15363 15808 15941 15701
15909 15670 15817 15330
15440 15832 15569 15549
15858 15314 15889 15303
15345 16034 16083 15317
15370 16635 15232 15165
15447 16356 15671 15074
15524 16083 16016 14793
16084 15952 15398 15048
16065 16284 15484 14957
16055 15587 15450 15245
15258 16225 15779 15253
15512 15914 16022 15358
15642 15563 16142 15021
15524 16083 16016 14793
15560 15766 15665 15491
15056 15747 16088 15154
16025 15975 15341 15015
15056 15747 16088 15154
16025 15975 15341 15015
15576 16237 15334 15631
15893 15657 15214 15522
15253 15821 15970 15662
15752 15684 15431 15622
15240 15964 15783 15380
15240 15964 15783 15380
15478 15656 16104 15632
15494 15850 15436 15677
15407 15843 15827 15695
15424 15830 15781 15621
15440 15832 15569 15549
15381 16036 15403 15625
15830 15717 15939 15126
15563 15838 15388 15742
15830 15717 15939 15126
15858 15314 15889 15303
15701 15539 15759 15665
15930 15837 15625 15018
16084 15952 15398 15048
15738 16065 15374 15469
14936 15911 15390 15712
16101 15668 15466 14520
15407 15843 15827 15695
15524 16083 16016 14793
15653 15713 15486 15976
15790 16211 15315 15859
15701 15539 15759 15665
15195 15883 16046 15545
15235 15740 15587 15766
15752 15459 15806 16037
15738 16065 15374 15469
15181 15771 15446 15858
15221 15899 15795 15569
15253 15821 15970 15662
15655 15588 16033 15187
15447 16356 15671 15074
15375 16247 15559 15674
15448 15897 15409 15557
15375 16247 15559 15674
15560 15766 15665 15491
15637 15469 15794 15547
15235 15740 15587 15766
16014 15659 15498 15151
15432 15763 15423 15699
15790 16211 15315 15859
15196 15485 15804 15938
15350 15779 15429 15875
15195 15883 16046 15545
15181 15771 15446 15858
14926 16016 15581 15792
16060 15549 15849 14910
15380 15741 16052 15714
15424 15830 15781 15621
15893 15657 15214 15522
16000 15576 15883 15041
14780 15929 15646 15625
15985 15732 15623 15066
15634 15942 16147 14995
15301 15719 15441 15913
15655 15588 16033 15187
15909 15670 15817 15330
15637 15469 15794 15547
15181 15771 15446 15858
16031 15848 15329 15055
15633 15715 15725 15531
15456 16172 15669 15409
15778 16282 15977 15193
15595 16011 15571 15213
16177 15722 15211 16109
15221 15899 15795 15569
15195 15883 16046 15545
15664 15959 15909 15483
14904 15913 15825 15830
15909 15670 15817 15330
15790 16211 15315 15859
16014 15659 15498 15151
15574 15320 15981 15567
15512 15966 15406 15389
15237 15885 15724 15510
15064 15504 15640 15759
15235 15740 15587 15766
16254 15467 15506 15170
15882 16026 14927 14996
15563 15838 15388 15742
15984 16114 15544 14992
15574 15320 15981 15567
15407 15843 15827 15695
15701 15539 15759 15665
16177 15722 15211 16109
15461 16065 15729 15396
15642 15563 16142 15021
14780 15929 15646 15625
15984 16114 15544 14992
15253 15821 15970 15662
15363 15808 15941 15701
15524 16083 16016 14793
15370 16635 15232 15165
15345 16034 16083 15317
15512 15966 15406 15389
14926 16016 15581 15792
14926 16016 15581 15792
15842 15791 15330 15484
15407 15843 15827 15695
16199 15426 15152 15246
15237 15885 15724 15510
15842 15791 15330 15484
15841 15935 15411 15134
15710 15967 16012 15322
15495 15931 15420 15491
16014 15659 15498 15151
15852 15632 15463 15640
15597 15669 16204 15470
15597 15669 16204 15470
15778 16282 15977 15193
15830 15717 15939 15126
15495 15931 15420 15491
15470 15723 16259 15365
15664 15959 15909 15483
15881 15493 15917 14804
15842 15791 15330 15484
15991 16025 15387 15409
15985 15732 15623 15066
15240 15964 15783 15380
15986 15708 15972 14784
15512 15966 15406 15389
16060 15549 15849 14910
15056 15747 16088 15154
15642 15563 16142 15021
16006 15553 15777 15252
16006 15553 15777 15252
15456 16172 15669 15409
15064 15504 15640 15759
15196 15485 15804 15938
16006 15553 15777 15252
15524 16083 16016 14793
15324 15849 16137 15101
15122 15292 16130 15480
15237 15885 15724 15510
15985 15732 15623 15066
16084 15952 15398 15048
14926 16016 15581 15792
16025 15975 15341 15015
15518 15635 15576 15810
15350 15779 15429 15875
15597 15669 16204 15470
15056 15747 16088 15154
16014 15659 15498 15151
15375 16247 15559 15674
15461 16065 15729 15396
15898 15846 15872 15467
16084 15952 15398 15048
15368 15847 15336 15697
15727 15587 15875 15220
15417 16291 15388 15111
15576 16237 15334 15631
15991 16025 15387 15409
15841 15935 15411 15134
16060 15549 15849 14910
15701 15539 15759 15665
16177 15722 15211 16109
15478 15656 16104 15632
15752 15459 15806 16037
15240 15964 15783 15380
15524 16083 16016 14793
15518 15635 15576 15810
15790 15903 15597 14837
15671 15644 15717 15593
16055 15587 15450 15245
16084 15952 15398 15048
15842 15791 15330 15484
15064 15504 15640 15759
15727 15587 15875 15220
15258 16225 15779 15253
15595 16011 15571 15213
15574 15320 15981 15567
15407 15843 15827 15695
15595 16011 15571 15213
16031 15848 15329 15055
15447 16356 15671 15074
15518 15635 15576 15810
15852 15632 15463 15640
16065 16284 15484 14957
15417 16291 15388 15111
16025 15975 15341 15015
15738 16065 15374 15469
15217 15952 15576 15615
15778 16282 15977 15193
15375 16247 15559 15674
14926 16016 15581 15792
15665 15634 15354 15816
15217 15952 15576 15615
15407 15843 15827 15695
15518 15635 15576 15810
15424 15830 15781 15621
15738 16065 15374 15469
15181 15771 15446 15858
15301 15719 15441 15913
15217 15952 15576 15615
15852 15632 15463 15640
15790 15903 15597 14837
15842 15791 15330 15484
15368 15847 15336 15697
15642 15563 16142 15021
15370 16635 15232 15165
15595 16011 15571 15213
15665 15634 15354 15816
15637 15469 15794 15547
15518 15635 15576 15810
16025 15975 15341 15015
15881 15493 15917 14804
15368 15847 15336 15697
15858 15314 15889 15303
15056 15747 16088 15154
15790 15903 15597 14837
15710 15967 16012 15322
15576 16237 15334 15631
15790 16211 15315 15859
15237 15885 15724 15510
15790 15903 15597 14837
15563 15838 15388 15742
15986 15708 15972 14784
15986 15708 15972 14784
15794 15328 16077 15143
15217 15952 15576 15615
15221 15899 15795 15569
15858 15314 15889 15303
15665 15634 15354 15816
15811 15503 15293 15806
15518 15635 15576 15810
15407 15843 15827 15695
15196 15485 15804 15938
15235 15740 15587 15766
15858 15314 15889 15303
15495 15931 15420 15491
15064 15504 15640 15759
15858 15314 15889 15303
15710 15967 16012 15322
15986 15708 15972 14784
15440 15832 15569 15549
15637 15469 15794 15547
15240 15964 15783 15380
15504 15547 15517 15832
15930 15837 15625 15018
15221 15899 15795 15569
15583 15348 15892 15572
15984 16114 15544 14992
15794 15328 16077 15143
15122 15292 16130 15480
16101 15668 15466 14520
15253 15821 15970 15662
15432 15763 15423 15699
14926 16016 15581 15792
15576 16237 15334 15631
15370 16635 15232 15165
15440 15832 15569 15549
15240 15964 15783 15380
16014 15659 15498 15151
15669 15800 15699 15484
15653 15713 15486 15976
15370 16635 15232 15165
15637 15469 15794 15547
15235 15740 15587 15766
15675 16062 15550 15277
15368 15847 15336 15697
15195 15883 16046 15545
15407 15843 15827 15695
16060 15549 15849 14910
15563 15838 15388 15742
15494 15850 15436 15677
15665 15634 15354 15816
15195 15883 16046 15545
16055 15587 15450 15245
15633 15715 15725 15531
15221 15899 15795 15569
16025 15975 15341 15015
16006 15553 15777 15252
15778 16282 15977 15193
15637 15469 15794 15547
15637 15469 15794 15547
15495 15931 15420 15491
15237 15885 15724 15510
15424 15830 15781 15621
15665 15634 15354 15816
15196 15485 15804 15938
15370 16635 15232 15165
15752 15684 15431 15622
15370 16635 15232 15165
15637 15469 15794 15547
15461 16065 15729 15396
15563 15838 15388 15742
16254 15467 15506 15170
15563 15838 15388 15742
15898 15846 15872 15467
15512 15914 16022 15358
15852 15632 15463 15640
15370 16635 15232 15165
15368 15847 15336 15697
15235 15740 15587 15766
15642 15563 16142 15021
15181 15771 15446 15858
15181 15771 15446 15858
15056 15747 16088 15154
15985 15732 15623 15066
16055 15587 15450 15245
15494 15850 15436 15677
15930 15837 15625 15018
15633 15715 15725 15531
15595 16011 15571 15213
15752 15459 15806 16037
15375 16247 15559 15674
15122 15292 16130 15480
15524 16083 16016 14793
15407 15843 15827 15695
15790 16211 15315 15859
15518 15635 15576 15810
15504 15547 15517 15832
15494 15850 15436 15677
14904 15913 15825 15830
15665 15634 15354 15816
15738 16065 15374 15469
15595 16011 15571 15213
15122 15292 16130 15480
15701 15539 15759 15665
15799 15878 15062 15468
15447 16356 15671 15074
15122 15292 16130 15480
16101 15668 15466 14520
15056 15747 16088 15154
15991 16025 15387 15409
14904 15913 15825 15830
15064 15504 15640 15759
15633 15715 15725 15531
16254 15467 15506 15170
15634 15942 16147 14995
16065 16284 15484 14957
15122 15292 16130 15480
15653 15713 15486 15976
16014 15659 15498 15151
15790 16211 15315 15859
16200 15191 15633 15238
16254 15467 15506 15170
15370 16635 15232 15165
15664 15959 15909 15483
16065 16284 15484 14957
15495 15931 15420 15491
15701 15539 15759 15665
14926 16016 15581 15792
15375 16247 15559 15674
15653 15713 15486 15976
15350 15779 15429 15875
15637 15469 15794 15547
15665 15634 15354 15816
16060 15549 15849 14910
15882 16026 14927 14996
15633 15715 15725 15531
15470 15723 16259 15365
15653 15713 15486 15976
15637 15469 15794 15547
15909 15670 15817 15330
15882 16026 14927 14996
15237 15885 15724 15510
16084 15952 15398 15048
15790 15903 15597 14837
15752 15459 15806 16037
15407 15843 15827 15695
15560 15766 15665 15491
16189 15547 15637 15206
15738 16065 15374 15469
16060 15549 15849 14910
15637 15469 15794 15547
15456 16172 15669 15409
15701 15539 15759 15665
15984 16114 15544 14992
15350 15779 15429 15875
15701 15539 15759 15665
15461 16065 15729 15396
15720 15778 16009 15449
15181 15771 15446 15858
16055 15587 15450 15245
15701 15539 15759 15665
15701 15539 15759 15665
15392 16444 15691 15567
15664 15959 15909 15483
15882 16026 14927 14996
15064 15504 15640 15759
14780 15929 15646 15625
15122 15292 16130 15480
15642 15563 16142 15021
15664 15959 15909 15483
15930 15837 15625 15018
16060 15549 15849 14910
15637 15469 15794 15547
15664 15959 15909 15483
15720 15778 16009 15449
15852 15632 15463 15640
15495 15931 15420 15491
15495 15931 15420 15491
15752 15684 15431 15622
15363 15808 15941 15701
15380 15741 16052 15714
15494 15850 15436 15677
15370 16635 15232 15165
15701 15539 15759 15665
15655 15588 16033 15187
15752 15459 15806 16037
15842 15791 15330 15484
15368 15847 15336 15697
15258 16225 15779 15253
15494 15850 15436 15677
15324 15849 16137 15101
15799 15878 15062 15468
16006 15553 15777 15252
15858 15314 15889 15303
16060 15549 15849 14910
14904 15913 15825 15830
15056 15747 16088 15154
15235 15740 15587 15766
15893 15657 15214 15522
16086 14862 15689 14912
15738 16065 15374 15469
16086 14862 15689 14912
16200 15191 15633 15238
15655 15588 16033 15187
15532 16252 15458 15259
16086 14862 15689 14912
15258 16225 15779 15253
16060 15549 15849 14910
15909 15670 15817 15330
15253 15821 15970 15662
15447 16356 15671 15074
15881 15493 15917 14804
15064 15504 15640 15759
15380 15741 16052 15714
15235 15740 15587 15766
15985 15732 15623 15066
15986 15708 15972 14784
15842 15791 15330 15484
15752 15459 15806 16037
14926 16016 15581 15792
15301 15719 15441 15913
15909 15670 15817 15330
16065 16284 15484 14957
15811 15503 15293 15806
15407 15843 15827 15695
15799 15878 15062 15468
15235 15740 15587 15766
15752 15459 15806 16037
15324 15849 16137 15101
14904 15913 15825 15830
16060 15549 15849 14910
15301 15719 15441 15913
15882 16026 14927 14996
15375 16247 15559 15674
15576 16237 15334 15631
15799 15878 15062 15468
15056 15747 16088 15154
15258 16225 15779 15253
14936 15911 15390 15712
16086 14862 15689 14912
15930 15837 15625 15018
15122 15292 16130 15480
15794 15328 16077 15143
15512 15966 15406 15389
16199 15426 15152 15246
16199 15426 15152 15246
15790 15903 15597 14837
15447 16356 15671 15074
16199 15426 15152 15246
15597 15669 16204 15470
16014 15659 15498 15151
15909 15670 15817 15330
15637 15469 15794 15547
16031 15848 15329 15055
15456 16172 15669 15409
15778 16282 15977 15193
15221 15899 15795 15569
15195 15883 16046 15545
15664 15959 15909 15483
14904 15913 15825 15830
15909 15670 15817 15330
15655 15588 16033 15187
15512 15966 15406 15389
15237 15885 15724 15510
15235 15740 15587 15766
15984 16114 15544 14992
15701 15539 15759 15665
16177 15722 15211 16109
14780 15929 15646 15625
15363 15808 15941 15701
15345 16034 16083 15317
16014 15659 15498 15151
15653 15713 15486 15976
15701 15539 15759 15665
15195 15883 16046 15545
15738 16065 15374 15469
15181 15771 15446 15858
15221 15899 15795 15569
15655 15588 16033 15187
15448 15897 15409 15557
15560 15766 15665 15491
15637 15469 15794 15547
15512 15966 15406 15389
15720 15778 16009 15449
15350 15779 15429 15875
16060 15549 15849 14910
15380 15741 16052 15714
15424 15830 15781 15621
15893 15657 15214 15522
16000 15576 15883 15041
15985 15732 15623 15066
15301 15719 15441 15913
16177 15722 15211 16109
16006 15553 15777 15252
15524 16083 16016 14793
15324 15849 16137 15101
15122 15292 16130 15480
16025 15975 15341 15015
15350 15779 15429 15875
15597 15669 16204 15470
15368 15847 15336 15697
15727 15587 15875 15220
15841 15935 15411 15134
15196 15485 15804 15938
15752 15459 15806 16037
15524 16083 16016 14793
15064 15504 15640 15759
15727 15587 15875 15220
15574 15320 15981 15567
15447 16356 15671 15074
15518 15635 15576 15810
16065 16284 15484 14957
15417 16291 15388 15111
15830 15717 15939 15126
14926 16016 15581 15792
14926 16016 15581 15792
16199 15426 15152 15246
15237 15885 15724 15510
15842 15791 15330 15484
15841 15935 15411 15134
15495 15931 15420 15491
16014 15659 15498 15151
15778 16282 15977 15193
16101 15668 15466 14520
15470 15723 16259 15365
15664 15959 15909 15483
15842 15791 15330 15484
15991 16025 15387 15409
15985 15732 15623 15066
15240 15964 15783 15380
15504 15547 15517 15832
16060 15549 15849 14910
15642 15563 16142 15021
15532 16252 15458 15259
15727 15587 15875 15220
15854 15869 15712 15172
15993 15647 15877 14961
15655 15588 16033 15187
15470 15723 16259 15365
15217 15952 15576 15615
15495 15931 15420 15491
15984 16114 15544 14992
16055 15587 15450 15245
15381 16036 15403 15625
16189 15547 15637 15206
15794 15328 16077 15143
15380 15741 16052 15714
15512 15914 16022 15358
16200 15191 15633 15238
15720 15778 16009 15449
15909 15670 15817 15330
15669 15800 15699 15484
15524 16083 16016 14793
15478 15656 16104 15632
15350 15779 15429 15875
15122 15292 16130 15480
16065 16284 15484 14957
15456 16172 15669 15409
15363 15808 15941 15701
15675 16062 15550 15277
15939 15607 15516 15095
15939 15607 15516 15095
15494 15850 15436 15677
15653 15713 15486 15976
15671 15644 15717 15593
15456 16172 15669 15409
15794 15328 16077 15143
15633 15715 15725 15531
15583 15348 15892 15572
16000 15576 15883 15041
15324 15849 16137 15101
15898 15846 15872 15467
14926 16016 15581 15792
15456 16172 15669 15409
15056 15747 16088 15154
15363 15808 15941 15701
15909 15670 15817 15330
15440 15832 15569 15549
15858 15314 15889 15303
15345 16034 16083 15317
15370 16635 15232 15165
16084 15952 15398 15048
16065 16284 15484 14957
15642 15563 16142 15021
15560 15766 15665 15491
15671 15644 15717 15593
16025 15975 15341 15015
15576 16237 15334 15631
15893 15657 15214 15522
15752 15684 15431 15622
15478 15656 16104 15632
15381 16036 15403 15625
15830 15717 15939 15126
15858 15314 15889 15303
14936 15911 15390 15712
15664 15959 15909 15483
15532 16252 15458 15259
15642 15563 16142 15021
15370 16635 15232 15165
15811 15503 15293 15806
16031 15848 15329 15055
16006 15553 15777 15252
15432 15763 15423 15699
15752 15684 15431 15622
15738 16065 15374 15469
16025 15975 15341 15015
16189 15547 15637 15206
15345 16034 16083 15317
15665 15634 15354 15816
15583 15348 15892 15572
15301 15719 15441 15913
15841 15935 15411 15134
16200 15191 15633 15238
15217 15952 15576 15615
15830 15717 15939 15126
15642 15563 16142 15021
15701 15539 15759 15665
15701 15539 15759 15665
15461 16065 15729 15396
16055 15587 15450 15245
15701 15539 15759 15665
15701 15539 15759 15665
15392 16444 15691 15567
15664 15959 15909 15483
15064 15504 15640 15759
14780 15929 15646 15625
15456 16172 15669 15409
16060 15549 15849 14910
15637 15469 15794 15547
15720 15778 16009 15449
15852 15632 15463 15640
15752 15684 15431 15622
15380 15741 16052 15714
15494 15850 15436 15677
15370 16635 15232 15165
15701 15539 15759 15665
15882 16026 14927 14996
16065 16284 15484 14957
15790 16211 15315 15859
15664 15959 15909 15483
16065 16284 15484 14957
15701 15539 15759 15665
15122 15292 16130 15480
15375 16247 15559 15674
15350 15779 15429 15875
16060 15549 15849 14910
15655 15588 16033 15187
15633 15715 15725 15531
15653 15713 15486 15976
15909 15670 15817 15330
15882 16026 14927 14996
15237 15885 15724 15510
16189 15547 15637 15206
15738 16065 15374 15469
16060 15549 15849 14910
15637 15469 15794 15547
15576 16237 15334 15631
15752 15459 15806 16037
14926 16016 15581 15792
15301 15719 15441 15913
16065 16284 15484 14957
15811 15503 15293 15806
15407 15843 15827 15695
15752 15459 15806 16037
16060 15549 15849 14910
15882 16026 14927 14996
15375 16247 15559 15674
15842 15791 15330 15484
15799 15878 15062 15468
15392 16444 15691 15567
14936 15911 15390 15712
15930 15837 15625 15018
15794 15328 16077 15143
16199 15426 15152 15246
15790 15903 15597 14837
15447 16356 15671 15074
15597 15669 16204 15470
16086 14862 15689 14912
15752 15459 15806 16037
15368 15847 15336 15697
15258 16225 15779 15253
15494 15850 15436 15677
15324 15849 16137 15101
16006 15553 15777 15252
15738 16065 15374 15469
16086 14862 15689 14912
15532 16252 15458 15259
15634 15942 16147 14995
15258 16225 15779 15253
16060 15549 15849 14910
15909 15670 15817 15330
15253 15821 15970 15662
15447 16356 15671 15074
15881 15493 15917 14804
15380 15741 16052 15714
15235 15740 15587 15766
15985 15732 15623 15066
15794 15328 16077 15143
15665 15634 15354 15816
15518 15635 15576 15810
16177 15722 15211 16109
15858 15314 15889 15303
15495 15931 15420 15491
15986 15708 15972 14784
15504 15547 15517 15832
15930 15837 15625 15018
15701 15539 15759 15665
15984 16114 15544 14992
15217 15952 15576 15615
15122 15292 16130 15480
16101 15668 15466 14520
15253 15821 15970 15662
14926 16016 15581 15792
15576 16237 15334 15631
15440 15832 15569 15549
15240 15964 15783 15380
15669 15800 15699 15484
15637 15469 15794 15547
15595 16011 15571 15213
15738 16065 15374 15469
15217 15952 15576 15615
14926 16016 15581 15792
15665 15634 15354 15816
15407 15843 15827 15695
15424 15830 15781 15621
15738 16065 15374 15469
15301 15719 15441 15913
15842 15791 15330 15484
15235 15740 15587 15766
15665 15634 15354 15816
15368 15847 15336 15697
15790 15903 15597 14837
15710 15967 16012 15322
15576 16237 15334 15631
15237 15885 15724 15510
15790 15903 15597 14837
15986 15708 15972 14784
15417 16291 15388 15111
15524 16083 16016 14793
15235 15740 15587 15766
15642 15563 16142 15021
15181 15771 15446 15858
15181 15771 15446 15858
15056 15747 16088 15154
16055 15587 15450 15245
15930 15837 15625 15018
15595 16011 15571 15213
15752 15459 15806 16037
15375 16247 15559 15674
15368 15847 15336 15697
15494 15850 15436 15677
14904 15913 15825 15830
15595 16011 15571 15213
15122 15292 16130 15480
15799 15878 15062 15468
15447 16356 15671 15074
15056 15747 16088 15154
15991 16025 15387 15409
16254 15467 15506 15170
16006 15553 15777 15252
15195 15883 16046 15545
16254 15467 15506 15170
15563 15838 15388 15742
15634 15942 16147 14995
15195 15883 16046 15545
16055 15587 15450 15245
15633 15715 15725 15531
15221 15899 15795 15569
16025 15975 15341 15015
16014 15659 15498 15151
15637 15469 15794 15547
15495 15931 15420 15491
15237 15885 15724 15510
15665 15634 15354 15816
15196 15485 15804 15938
15370 16635 15232 15165
15563 15838 15388 15742
16254 15467 15506 15170
