777 211.192
29818 25815 25780
29664 25570 26415
29593 26237 25677
28937 26796 26139
28669 26068 27199
28492 26494 27042
28522 26487 26920
28668 26086 27143
28563 26334 27131
28875 26356 26885
29780 25957 25694
28621 26570 26918
28707 26598 26825
29789 25733 26050
29765 25667 26074
28982 26717 26261
29641 26209 25727
29705 25611 26213
28784 26143 27072
29746 25639 26104
29731 25646 26085
28647 26284 27122
29690 25581 26300
29030 26461 26503
29393 25861 26460
29742 25985 25934
29210 26674 25771
29418 26446 25853
28733 26269 27085
28851 26662 26614
29711 26002 25753
29113 26373 26711
29606 25896 26127
28604 26418 26957
29597 25726 26323
29276 26529 25991
28897 26765 26185
28767 26333 26965
28693 26754 26564
28566 26679 26714
29812 25841 25793
28930 26624 26582
28857 26789 26360
28921 26546 26664
29617 25754 26279
29245 25969 26689
29478 26099 26305
28798 26238 27054
29664 25786 26094
29555 26241 25909
29194 26639 26086
28818 26423 26944
28752 26194 27108
28903 26027 27028
28749 26517 26764
29094 26475 26405
28988 26703 26282
29176 26061 26676
29540 25936 26174
29524 26303 25869
29680 25876 26070
29632 25700 26231
29608 26199 25810
28639 26413 27063
29774 25857 25828
29687 25877 25955
29801 25833 25965
29429 26243 26016
28840 26681 26526
28875 26275 26989
29267 26313 26249
29347 26163 26378
29560 25743 26399
29527 25685 26491
28917 26323 26813
29456 25941 26345
28753 26575 26693
28822 26497 26720
29122 26435 26384
29611 25619 26358
29368 25825 26574
29039 26615 26366
29290 26390 25986
28684 26493 26853
29767 25886 25741
29586 26107 26010
28684 26402 26998
29492 26039 26226
29043 26183 26781
29077 26404 26472
29508 25806 26388
28951 25946 27014
29700 26018 25824
28698 26350 26995
29443 26433 25863
29053 26412 26594
28910 26290 26859
29084 26109 26748
28959 26736 26206
29335 26051 26446
29188 26045 26672
29544 25771 26347
29020 26185 26770
29571 25984 26110
28939 26173 26801
28993 26361 26736
28856 26602 26629
28971 26581 26477
29104 26141 26743
29006 26073 26962
28871 26114 27038
29000 26394 26724
29226 26128 26517
29068 26562 26347
29506 26156 26111
29514 25942 26151
28963 26107 26938
29025 26650 26236
29557 25914 26186
29305 26017 26487
28721 26741 26597
29411 26156 26284
29426 26223 26055
29553 26238 25919
29528 25912 26277
28719 26519 26796
29637 25692 26254
29342 26368 26135
29408 26116 26296
29360 26010 26452
29570 25711 26390
28989 26264 26791
29252 26135 26424
29322 26302 26199
28893 26332 26774
29135 26325 26601
29440 25775 26430
29430 26034 26331
29171 26090 26630
29381 26220 26274
28910 26507 26691
29668 26001 25867
29224 26230 26438
29142 26297 26549
29028 26537 26393
29301 26132 26420
29379 26235 26147
29357 26250 26369
28991 26483 26651
28839 26310 26951
29331 25947 26648
29368 25833 26555
29163 26117 26590
29652 25850 26150
29155 26392 26432
29431 25931 26367
29467 26218 25986
28606 26486 26951
29194 26294 26536
29216 26559 26200
29272 26092 26479
29659 25845 26205
29216 26081 26544
29268 26124 26527
29238 26013 26606
29290 26291 26208
29225 26252 26408
29432 25936 26355
28730 26352 26952
29507 25950 26198
29523 26078 26051
29569 25852 26227
29523 26250 25973
29470 26103 26278
29140 26211 26606
29251 26445 26081
29672 25948 26012
29165 26172 26553
29166 26330 26435
29512 26040 26077
29250 26332 26236
28972 26109 26855
29543 25886 26201
28949 26598 26431
29234 26222 26407
29331 26038 26477
29609 25884 25690
29448 25572 26471
28702 26641 26564
28469 26232 26903
29476 26136 25899
28954 26493 26451
28832 26307 26765
29536 25640 26331
29569 26027 26000
28891 26181 26812
29076 26094 26685
29402 25992 26120
29553 25821 26193
29517 25697 26259
29604 25972 25918
29068 26437 26062
28848 26265 26802
29191 25924 26628
29510 25936 26130
29304 25995 26373
29161 26207 26491
29352 25737 26494
29109 26353 26233
29046 26252 26504
28942 26472 26487
29494 25814 26219
29083 26369 26443
29436 26116 25913
28901 26320 26707
29589 25790 26184
29266 25912 26428
29220 25978 26413
28999 26146 26569
28967 26250 26736
28932 26071 26755
29446 25783 26287
29051 26161 26551
28991 26353 26592
28931 26170 26786
29379 26028 26285
29376 26188 26168
29108 26120 26522
29476 25962 26263
29187 26288 26365
28917 26276 26704
29331 25901 26417
29274 26214 26290
28972 26444 26555
29322 26059 26353
29188 26152 26402
29090 25960 26584
29210 26404 26068
28897 26416 26615
29327 26250 26072
29215 26237 26312
29205 25915 26599
29325 26048 26360
29477 25713 26232
29171 26125 26425
29347 26188 26346
29512 26013 26070
29515 25714 26205
28977 26409 26572
29357 26227 26065
29282 26234 26172
28905 26409 26611
29369 26123 26173
29219 26274 26206
29214 26230 26322
29093 26234 26427
29441 25607 26073
29383 26063 25832
28860 26159 26797
28546 26544 26481
29327 25805 26334
29295 25665 26398
29188 25864 26445
29414 25960 26189
29024 26092 26675
28994 26331 26351
28904 26398 26548
28941 26426 26215
29204 26203 26134
29264 26180 26087
29084 26259 26278
28921 26151 26632
29323 26000 26291
29097 26049 26425
28966 26417 26523
29062 26088 26605
29006 26112 26541
29134 26247 26196
28954 26249 26597
29122 26164 26373
29188 26229 26247
29280 26159 26323
29203 26216 26251
29310 26166 26205
29398 25833 25986
29274 25833 26298
29012 26081 26557
28854 26354 26524
28872 26210 26239
29268 26097 26157
29035 25974 26522
29367 25953 26115
29136 26077 26160
29338 25918 26177
29059 26030 26256
29291 25979 26246
29302 25691 25973
28974 26080 26549
29207 25923 26104
28861 25997 26434
