6604 656.985
25834 23604 25212 24267
24254 25111 25554 24534
24343 24022 26466 24566
24204 23543 25113 25895
24435 24568 26101 24984
24331 24855 25612 25233
25126 23234 25449 25643
25437 24102 25949 24445
24150 24884 25933 25007
24128 24839 25977 25047
24485 24567 25274 25692
25282 24769 25210 25063
24689 23550 25932 25607
25458 24199 24716 25248
25492 24745 25062 24645
24769 24302 26293 24074
23978 24432 25748 25430
25550 23981 26069 24183
24196 24300 26124 25290
25478 24715 25562 24280
24784 24050 26289 25280
24813 24022 25843 25319
25412 23583 24480 25470
25691 23886 24982 24649
24563 24523 26309 24573
24618 24849 25231 25423
24978 24169 26185 24057
24374 24769 26105 24927
25012 23727 25808 25408
25732 23479 25017 25186
24260 23675 26110 25683
25128 24319 26136 24060
24188 24775 26037 25091
25096 24483 25249 25356
25242 24544 25781 24605
24466 24962 25588 24704
24153 24050 25762 25760
25350 23550 25315 25436
25357 24480 24995 25224
25102 24956 24903 24825
24306 23529 26161 25657
25259 24401 25711 24841
25148 23111 25556 25530
25597 24401 24953 24941
25321 24981 25043 24585
24354 23592 26245 25503
25420 23197 24807 25615
25601 24278 25669 24346
24567 24165 26262 25279
25550 23981 26069 24183
24256 24592 26209 24843
25054 23665 26133 25063
24752 24549 25639 25354
25610 23980 25989 24089
24085 24736 26066 25005
24452 24687 26253 24588
24510 24214 26114 25374
24688 24606 25497 25476
25304 23593 25441 25360
25732 23479 25017 25186
24748 24408 25119 25739
25199 24602 25280 25189
25550 23981 26069 24183
24150 24884 25933 25007
24384 24732 26177 24635
24629 24607 25649 25200
25227 23459 24780 25685
25520 23720 25530 25045
24953 24908 25288 25145
25202 24603 25880 24355
24752 24549 25639 25354
25537 24945 25038 24267
24018 23656 26204 25620
25398 23751 25655 25059
25351 24750 25702 24284
24296 24526 26233 25032
24854 23549 25904 25465
25482 24642 25568 24456
25262 23599 25517 25372
25653 24452 25458 23925
24699 23836 26425 24213
23994 24339 25736 25462
25287 23278 25258 25603
25605 23358 25061 25246
24839 23684 26300 25101
24318 24688 25673 25360
25216 23729 25947 25012
24966 24429 26024 24176
24667 24841 25395 25358
25604 24734 24979 24475
24101 24015 25981 25709
25355 23580 26093 24647
25034 24630 25367 25293
24805 24838 25276 25307
25550 23981 26069 24183
25347 24873 25519 24347
24485 24567 25274 25692
25569 23113 24582 25468
25347 24873 25519 24347
24301 24934 25892 24653
24101 24015 25981 25709
25149 24729 25194 25264
24849 24337 24938 25628
25522 24001 25937 24291
24726 24995 25238 25217
24016 24312 25853 25505
25099 23813 25894 25364
25518 24753 25386 24402
24593 24235 26084 25390
25376 24656 25461 24593
24396 24674 25680 25343
24854 24367 26258 24074
24580 24717 25220 25563
25549 24338 24769 25083
25357 23531 26202 24461
24662 24735 25769 25014
24976 24201 26189 24128
24680 24795 25296 25403
25308 23936 25873 25126
25719 24637 24858 24064
25137 23093 24897 25825
25399 23493 25025 25456
25328 24250 25670 24764
25320 24854 24841 24791
25086 24694 25959 24277
24324 24949 25831 24675
24303 23889 26027 25688
25379 23548 26187 24456
24331 24855 25612 25233
24855 24496 25821 25076
24016 24312 25853 25505
25224 24836 25203 24970
24658 24285 25253 25635
25657 23206 24627 25445
25497 24793 25587 24238
24562 23759 26420 25255
24484 24555 25173 25720
25477 23174 25266 25411
24656 24198 26111 25363
25518 24747 25016 24604
24784 24050 26289 25280
25158 23752 25971 25303
25490 23307 24678 25529
25696 24574 24892 24120
24562 23759 26420 25255
24761 24420 25181 25563
25150 23681 25944 25235
24902 24729 25698 25102
24882 24621 25725 25126
25653 24452 25458 23925
24485 24567 25274 25692
25050 24712 25939 24277
24461 24685 26223 24615
24607 24786 25240 25485
25286 23562 26042 24805
24691 24971 25310 25259
25212 23132 24911 25717
25439 23481 25417 25300
25489 24162 25737 24408
25396 24888 25377 24196
24305 23653 26240 25504
25173 24312 26071 24064
24289 24396 25614 25530
25331 24667 25211 25134
24817 24841 25763 24400
24578 23653 26172 25468
25420 23197 24807 25615
25634 24567 25159 24652
24563 24185 26161 25353
25571 23907 26010 24185
24852 24367 26190 24241
24238 24691 26167 25045
24870 24048 25433 25420
25677 23202 24622 25353
24710 24546 26171 24377
24304 24789 26146 24532
24452 24259 26277 25150
25165 24018 24996 25493
25222 24530 25102 25338
25681 23670 25425 24383
24267 23701 25722 25800
25103 23868 25770 25283
25356 23541 25780 25048
24986 24766 25863 24221
24451 24732 26008 24819
24351 24834 25878 25041
25402 23191 25001 25700
25489 23806 25849 24597
25154 24757 25849 24323
24299 25054 25772 24931
24709 24480 25249 25579
25264 24596 25854 24469
24332 23985 26131 25572
25418 23455 25508 25075
25347 24873 25519 24347
24909 23720 26141 25216
24634 24617 25537 25447
25571 23907 26010 24185
24073 24595 26027 25148
25528 24887 25250 24241
24215 23573 26309 25456
24817 23571 25982 25488
25358 23489 24680 25644
25597 24401 24953 24941
25032 23671 26164 24931
24617 24879 25144 25406
25171 24196 26095 24066
24424 24736 26200 24459
24396 24674 25680 25343
25560 24509 25043 24876
24748 24408 25119 25739
25245 24496 25739 24924
24840 24590 26010 24490
25260 24632 25078 25236
25396 24513 25769 24201
25354 25001 25161 24031
24179 23791 26061 25720
25371 24159 24711 25367
25329 24623 25134 25164
25232 24968 25345 24010
24962 23258 25779 25590
25417 24680 24969 25032
25094 24440 24986 25410
25601 24278 25669 24346
24456 25049 25728 24496
24018 23656 26204 25620
25122 22927 25183 25632
25429 24532 25024 25086
24758 23680 26102 25451
25528 24053 25478 24830
24238 24691 26167 25045
25357 23531 26202 24461
24569 24730 25436 25458
25610 23980 25989 24089
24451 24492 26233 24892
24356 24598 26132 24863
25034 23754 26135 25105
24939 24480 25551 25248
25439 23481 25417 25300
25768 23819 25306 24152
24203 24056 25882 25742
25370 24190 24749 25313
25194 24329 26060 24063
24691 24971 25310 25259
24976 24201 26189 24128
24956 24749 25037 25351
24516 24565 25150 25632
25540 24023 25992 24122
24823 24941 25276 25261
25086 24694 25959 24277
24688 24606 25497 25476
25144 24910 24949 24651
24298 24376 25498 25677
25331 24667 25211 25134
25557 24369 24939 25056
24524 24395 26388 24567
24027 24376 25724 25510
25380 23665 25834 24827
25032 23674 25985 25332
25597 24401 24953 24941
24836 23411 26359 24671
23854 24275 25955 25385
25420 23197 24807 25615
25628 23546 25387 24891
24373 24198 26313 24938
24580 24717 25220 25563
25293 23555 26119 24658
25169 24221 25743 24951
24956 24749 25037 25351
25719 24637 24858 24064
24020 24101 25908 25654
25379 23548 26187 24456
24618 24849 25231 25423
24640 24685 25729 25144
25171 24196 26095 24066
24691 24971 25310 25259
25199 23151 25082 25740
25372 23965 24693 25351
25414 24201 25853 24094
24206 25012 25693 24957
24152 23615 26088 25696
25177 24621 25264 25284
24849 24287 25008 25613
25470 23960 25606 24763
25255 24872 25086 25014
24510 24214 26114 25374
25165 24018 24996 25493
25622 24886 25086 24199
24239 23563 26258 25475
25521 23868 26043 24266
24784 24050 26289 25280
24970 23868 26061 25189
24608 24684 25291 25579
25628 23546 25387 24891
25357 23531 26202 24461
25182 24790 25829 24405
24315 24675 26306 24446
24607 24786 25240 25485
25240 23709 26012 24953
25691 24287 25518 23923
24642 24404 25145 25757
24921 24445 25804 25256
25342 23621 25870 24790
25126 24666 25924 24405
24225 24843 25877 25115
24266 24849 26068 24818
24442 24557 25103 25739
25334 23716 25895 25019
24888 24836 25139 25311
24922 24789 25543 24910
24515 24653 25225 25595
25456 24907 25053 24418
24256 24064 25926 25656
25657 23206 24627 25445
25537 24953 24981 24144
24761 23667 26316 25088
25227 23459 24780 25685
25516 24258 24709 25139
24926 24429 25729 25159
25622 24886 25086 24199
24235 24479 26294 24853
25343 23253 25152 25615
25142 24537 24985 25350
25644 23913 25975 24085
24489 24509 26362 24602
24026 24459 25837 25337
25040 23904 25930 25327
24539 24720 26159 24573
24640 24658 25505 25426
25557 24369 24939 25056
24354 24391 25368 25735
25114 24444 25728 24808
24965 24446 26092 24237
24617 24879 25144 25406
25358 23627 26101 24565
24437 24859 25905 24581
24182 24099 25768 25740
25506 23199 24710 25578
25319 24770 25137 25034
25363 24858 25505 24413
24690 23619 26103 25514
25360 24571 25788 24336
24538 24701 25308 25557
25490 24691 25607 24163
24487 24917 25769 24377
24841 23769 26040 25418
25337 23332 25252 25521
25572 24620 25034 24871
25068 23740 26114 25070
25644 23913 25975 24085
24245 24760 26172 24483
24379 24542 26303 24666
