1844 33.3008
3308 3247 2783 3078
2820 3735 3135 3014
2866 3192 3587 3019
2844 3239 2909 3594
2778 3478 3397 3211
2853 3615 3089 3258
3001 3211 3075 3498
3139 3246 3364 3058
2798 3640 3288 3057
2842 3576 3303 3117
2642 3509 2949 3520
3059 3581 2975 3213
2823 3217 3324 3446
3147 3331 3037 3305
3171 3559 3045 3050
2866 3326 3511 3007
2682 3416 3260 3410
3139 3246 3364 3058
2617 3334 3404 3373
3181 3562 3124 2949
2821 3032 3467 3318
2901 3234 3311 3356
3132 3153 3012 3427
3276 3246 2929 3121
2936 3390 3496 2968
2782 3593 2985 3433
2975 3219 3479 2964
2810 3493 3391 3144
2985 3297 3283 3395
3229 3163 2961 3301
2755 3024 3369 3465
2989 3381 3434 2959
2816 3569 3330 3175
3011 3453 2993 3385
3053 3500 3300 3081
2728 3652 3181 3139
2706 3285 3246 3535
3111 3126 3185 3382
3087 3519 2915 3300
3012 3690 3042 3135
2689 3122 3378 3441
3128 3441 3264 3134
3059 3050 3162 3419
3210 3301 2969 3233
3096 3685 3002 3013
2652 3123 3457 3372
3098 3205 2850 3457
3199 3391 3260 3099
2697 3269 3488 3299
3139 3246 3364 3058
2788 3442 3448 3115
2940 3001 3456 3203
2858 3459 3235 3393
3182 3296 3340 3082
2782 3508 3357 3135
2742 3446 3434 3142
2644 3245 3437 3350
2771 3511 3186 3403
3111 3126 3185 3382
3262 3101 2799 3292
2809 3407 2890 3545
3059 3449 3071 3306
3120 3302 3386 3015
2798 3640 3288 3057
2783 3485 3429 3125
2823 3530 3230 3302
2984 3153 2964 3507
3146 3209 3249 3295
2860 3662 3027 3261
3031 3512 3303 3006
2858 3459 3235 3393
3130 3632 3099 2976
2726 3033 3412 3397
3146 3209 3249 3295
3071 3582 3214 2885
2626 3360 3477 3191
2909 3050 3338 3406
3164 3477 3198 3095
3111 3126 3185 3382
3263 3452 3169 3009
2892 3246 3572 2904
2676 3397 3279 3415
3039 3150 2987 3457
3225 3161 3070 3252
2816 3091 3508 3204
2776 3507 3202 3379
3041 3073 3363 3256
2965 3477 3403 2953
2863 3582 3047 3332
3202 3522 3082 2963
2712 3260 3312 3508
3051 3295 3444 3014
2974 3504 3097 3317
2857 3630 2910 3286
3120 3302 3386 3015
3001 3636 3183 2930
2793 3451 3076 3519
3190 3057 2771 3412
3073 3621 3165 2974
2798 3640 3288 3057
2702 3208 3343 3500
2982 3566 2999 3318
2963 3390 2820 3499
3182 3296 3340 3082
2860 3662 3027 3261
2687 3379 3286 3419
3004 3115 3302 3375
3181 3562 3124 2949
2617 3334 3404 3373
3118 3564 3188 3045
2781 3496 3209 3334
2936 3390 3496 2968
2681 3572 2999 3457
3184 3298 3048 3243
3002 3115 3532 3044
2842 3550 3256 3258
2936 3390 3496 2968
2782 3593 2985 3433
3077 3166 3309 3296
3236 3519 3138 2924
2961 3188 2960 3542
3132 3153 3012 3427
3138 3406 3263 3153
3097 3618 3014 3116
2937 3520 3375 2933
2798 3640 3288 3057
2686 3159 3362 3484
3051 3295 3444 3014
2829 3636 3086 3264
2920 3509 3320 3203
2594 3351 3294 3443
3061 3619 3085 3115
2823 3419 3109 3484
3201 3014 2732 3393
3130 3632 3099 2976
2799 3048 3527 3198
2642 3509 2949 3520
3181 3113 3062 3368
2771 3323 3373 3350
3171 3559 3045 3050
2850 2941 3481 3262
3032 3128 3361 3310
3153 3010 2800 3425
3236 3519 3138 2924
2787 3010 3549 3043
2856 3478 3079 3451
3032 3128 3361 3310
2843 3550 3244 3279
2808 3503 3285 3272
3263 3452 3169 3009
2512 3479 3017 3497
2945 3554 3337 2949
2783 3485 3429 3125
2782 3593 2985 3433
3066 3043 3365 3168
2860 3662 3027 3261
3026 3158 2769 3512
3146 3209 3157 3382
3179 3428 3307 3060
3130 3632 3099 2976
2652 3123 3457 3372
3030 3404 3429 2991
2758 3446 3215 3443
3087 3519 2915 3300
2856 3600 3253 3067
2652 3123 3457 3372
3087 3099 2752 3469
3226 3516 3059 3025
2644 3245 3437 3350
3164 3374 3346 3042
2936 3390 3496 2968
2783 3485 3429 3125
2925 3294 3201 3457
3217 2979 2808 3342
2783 3485 3429 3125
2841 3551 3367 3012
2626 3360 3477 3191
3052 3286 3039 3432
3015 3433 2970 3361
3263 3452 3169 3009
2751 3185 3226 3565
2985 3297 3283 3395
3106 3194 3291 3251
2909 3567 3291 3032
2841 3551 3367 3012
2766 3593 3285 3162
3079 3065 2739 3480
3190 3302 3297 3106
2951 3544 3274 3064
2728 3652 3181 3139
2823 3419 3109 3484
3053 3500 3300 3081
2705 3224 3399 3430
3146 3209 3249 3295
3073 3621 3165 2974
2892 3006 3440 3289
2758 3446 3215 3443
3182 3296 3340 3082
2778 3478 3397 3211
3130 3632 3099 2976
2821 3032 3467 3318
2834 2976 3400 3406
3098 3205 2850 3457
3189 3366 3194 3121
2940 3001 3456 3203
2782 3593 2985 3433
3030 3404 3429 2991
2783 3485 3429 3125
2781 3496 3209 3334
3195 3423 2939 3068
2914 3295 3080 3547
3047 3389 3289 3222
2842 3499 3375 3027
3043 3542 2903 3354
3179 3428 3307 3060
3096 3685 3002 3013
2707 3123 3348 3503
3110 3320 2995 3413
3087 3519 2915 3300
2989 3685 3103 3052
2915 3146 3291 3462
3116 3555 2871 3194
3008 3414 2908 3463
3199 3391 3260 3099
2820 3735 3135 3014
2681 3107 3409 3413
3016 3104 3066 3478
3206 3502 3064 3226
2793 3179 3404 3377
3169 3312 3287 3178
2783 3485 3429 3125
3007 3260 3456 3038
2552 3542 3123 3391
3182 3296 3340 3082
2788 3442 3448 3115
2810 3493 3391 3144
2936 2954 3420 3298
2910 3485 3181 3296
3146 3209 3157 3382
3276 3246 2929 3121
2713 3239 3299 3517
3092 3378 2869 3375
3030 3404 3429 2991
2805 3653 2976 3265
2959 3318 3479 2951
2863 3582 3047 3332
2712 3521 2983 3483
3139 3246 3364 3058
2901 3639 3004 3283
2937 3520 3375 2933
2610 3522 3148 3415
3050 3666 3000 3106
