114578 2700.6
19044 18098
17666 19460
18319 19222
18813 18760
18152 19334
18703 18885
18472 19109
18918 18596
18051 19391
18645 18957
18408 19167
18863 18676
18249 19282
18759 18824
18523 19058
18973 18394
17938 19424
18619 18980
18361 19191
18834 18708
18193 19313
18731 18855
18491 19088
18937 18421
18108 19371
18673 18923
18417 19143
18915 18615
18282 19253
18784 18794
18572 19040
19018 18250
17692 19440
18602 18993
18338 19211
18832 18729
18168 19321
18712 18870
18477 19098
18925 18443
18074 19376
18660 18933
18413 19154
18879 18662
18263 19267
18768 18808
18545 19053
18993 18344
17981 19421
18636 18959
18384 19181
18851 18688
18228 19291
18746 18836
18512 19077
18973 18394
18140 19357
18684 18908
18443 19121
18915 18615
18304 19242
18797 18774
18575 19018
19023 18178
17674 19454
18602 18993
18329 19213
18818 18754
18152 19334
18704 18879
18472 19109
18918 18596
18051 19391
18650 18942
18408 19167
18870 18672
18249 19282
18762 18822
18545 19053
18980 18355
17981 19421
18626 18977
18370 19184
18851 18688
18199 19301
18738 18845
18512 19077
18973 18394
18140 19357
18684 18908
18428 19126
18915 18615
18304 19242
18790 18777
18572 19040
19018 18250
17744 19429
18612 18987
18346 19197
18832 18729
18193 19313
18723 18862
18483 19089
18928 18430
18108 19371
18668 18930
18417 19143
18886 18658
18282 19253
18776 18802
18554 19045
18995 18266
17982 19407
18645 18957
18384 19181
18863 18676
18249 19282
18747 18830
18522 19066
18973 18394
18140 19357
18694 18896
18443 19121
18915 18615
18305 19225
18802 18768
18578 19014
19038 18129
17666 19460
18590 19002
18324 19216
18818 18754
18152 19334
18703 18884
18472 19109
18918 18596
18051 19391
18650 18942
18408 19167
18867 18674
18249 19282
18762 18822
18545 19053
18980 18355
17981 19421
18626 18977
18363 19190
18834 18708
18199 19301
18731 18855
18494 19079
18943 18396
18108 19371
18673 18923
18424 19131
18915 18615
18304 19242
18786 18794
18572 19040
19018 18250
17701 19438
18612 18987
18338 19211
18832 18729
18187 19314
18723 18862
18477 19098
18925 18443
18074 19376
18668 18930
18413 19154
18886 18658
18263 19267
18772 18803
18554 19045
18993 18344
17982 19407
18636 18959
18384 19181
18851 18688
18228 19291
18746 18836
18522 19066
18973 18394
18140 19357
18694 18896
18443 19121
18915 18615
18304 19242
18802 18768
18578 19014
19038 18129
17688 19444
18602 18993
18338 19211
18818 18754
18168 19321
18710 18874
18472 19109
18918 18596
