9163 2948.09
9091 7528 7868 7008
8362 8939 8182 7265
8114 7677 9141 7494
7829 7702 8048 8263
8593 8588 8716 7903
8593 8588 8716 7903
8593 8588 8716 7903
8593 8588 8716 7903
8593 8588 8716 7903
8593 8588 8716 7903
8593 8588 8716 7903
8593 8588 8716 7903
8593 8588 8716 7903
8593 8588 8716 7903
8593 8588 8716 7903
8593 8588 8716 7903
8593 8588 8716 7903
8593 8588 8716 7903
8593 8588 8716 7903
8593 8588 8716 7903
8593 8588 8716 7903
8593 8588 8716 7903
8593 8588 8716 7903
8593 8588 8716 7903
8593 8588 8716 7903
8593 8588 8716 7903
8593 8588 8716 7903
8593 8588 8716 7903
8593 8588 8716 7903
8593 8588 8716 7903
8593 8588 8716 7903
8593 8588 8716 7903
8593 8588 8716 7903
8593 8588 8716 7903
8593 8588 8716 7903
8593 8588 8716 7903
8593 8588 8716 7903
8593 8588 8716 7903
8593 8588 8716 7903
8593 8588 8716 7903
8593 8588 8716 7903
8593 8588 8716 7903
8593 8588 8716 7903
8593 8588 8716 7903
8593 8588 8716 7903
8593 8588 8716 7903
8593 8588 8716 7903
8593 8588 8716 7903
8593 8588 8716 7903
8593 8588 8716 7903
8593 8588 8716 7903
8593 8588 8716 7903
8593 8588 8716 7903
8593 8588 8716 7903
8593 8588 8716 7903
8593 8588 8716 7903
8606 8488 8714 7828
8593 8588 8716 7903
8593 8588 8716 7903
8593 8588 8716 7903
8593 8588 8716 7903
8593 8588 8716 7903
8593 8588 8716 7903
8593 8588 8716 7903
8593 8588 8716 7903
8593 8588 8716 7903
8593 8588 8716 7903
8593 8588 8716 7903
8593 8588 8716 7903
8593 8588 8716 7903
8593 8588 8716 7903
8593 8588 8716 7903
8593 8588 8716 7903
8593 8588 8716 7903
8593 8588 8716 7903
8593 8588 8716 7903
8593 8588 8716 7903
8593 8588 8716 7903
8593 8588 8716 7903
8593 8588 8716 7903
8593 8588 8716 7903
8593 8588 8716 7903
8593 8588 8716 7903
8593 8588 8716 7903
8593 8588 8716 7903
8593 8588 8716 7903
8593 8588 8716 7903
8593 8588 8716 7903
8593 8588 8716 7903
8593 8588 8716 7903
8593 8588 8716 7903
8593 8588 8716 7903
8593 8588 8716 7903
8593 8588 8716 7903
8593 8588 8716 7903
7763 7420 7961 7997
8593 8588 8716 7903
8593 8588 8716 7903
8593 8588 8716 7903
8593 8588 8716 7903
8593 8588 8716 7903
8593 8588 8716 7903
8593 8588 8716 7903
8593 8588 8716 7903
8593 8588 8716 7903
8593 8588 8716 7903
8593 8588 8716 7903
8593 8588 8716 7903
8593 8588 8716 7903
8593 8588 8716 7903
8593 8588 8716 7903
8593 8588 8716 7903
8593 8588 8716 7903
8593 8588 8716 7903
8593 8588 8716 7903
8593 8588 8716 7903
8593 8588 8716 7903
8593 8588 8716 7903
8593 8588 8716 7903
8593 8588 8716 7903
8593 8588 8716 7903
8593 8588 8716 7903
8593 8588 8716 7903
8593 8588 8716 7903
8593 8588 8716 7903
8593 8588 8716 7903
8593 8588 8716 7903
8593 8588 8716 7903
8593 8588 8716 7903
8593 8588 8716 7903
8593 8588 8716 7903
8593 8588 8716 7903
8593 8588 8716 7903
8593 8588 8716 7903
8593 8588 8716 7903
8593 8588 8716 7903
8593 8588 8716 7903
8593 8588 8716 7903
8593 8588 8716 7903
8431 8401 8783 7708
8593 8588 8716 7903
8593 8588 8716 7903
8593 8588 8716 7903
8593 8588 8716 7903
8574 8488 8717 7882
8593 8588 8716 7903
8593 8588 8716 7903
8593 8588 8716 7903
8593 8588 8716 7903
8593 8588 8716 7903
8593 8588 8716 7903
8593 8588 8716 7903
8593 8588 8716 7903
8611 8140 8332 7661
8593 8588 8716 7903
8593 8588 8716 7903
8593 8588 8716 7903
8593 8588 8716 7903
8593 8588 8716 7903
8593 8588 8716 7903
8593 8588 8716 7903
8593 8588 8716 7903
8593 8588 8716 7903
8593 8588 8716 7903
8593 8588 8716 7903
8593 8588 8716 7903
8593 8588 8716 7903
8593 8588 8716 7903
8593 8588 8716 7903
8593 8588 8716 7903
8593 8588 8716 7903
8593 8588 8716 7903
8593 8588 8716 7903
8593 8588 8716 7903
8593 8588 8716 7903
8593 8588 8716 7903
8593 8588 8716 7903
8593 8588 8716 7903
8593 8588 8716 7903
8593 8588 8716 7903
8593 8588 8716 7903
8593 8588 8716 7903
8593 8588 8716 7903
8593 8588 8716 7903
8593 8588 8716 7903
8593 8588 8716 7903
8593 8588 8716 7903
8593 8588 8716 7903
8593 8588 8716 7903
8593 8588 8716 7903
8593 8588 8716 7903
8593 8588 8716 7903
8593 8588 8716 7903
8593 8588 8716 7903
8593 8588 8716 7903
8593 8588 8716 7903
8593 8588 8716 7903
8593 8588 8716 7903
8593 8588 8716 7903
8608 8531 8705 7889
8593 8588 8716 7903
8593 8588 8716 7903
8593 8588 8716 7903
8593 8588 8716 7903
8593 8588 8716 7903
8593 8588 8716 7903
8593 8588 8716 7903
8593 8588 8716 7903
8593 8588 8716 7903
8593 8588 8716 7903
8593 8588 8716 7903
8593 8588 8716 7903
8593 8588 8716 7903
8593 8588 8716 7903
8593 8588 8716 7903
8593 8588 8716 7903
8593 8588 8716 7903
8593 8588 8716 7903
8593 8588 8716 7903
8593 8588 8716 7903
8593 8588 8716 7903
8593 8588 8716 7903
8593 8588 8716 7903
8593 8588 8716 7903
8593 8588 8716 7903
8593 8588 8716 7903
8593 8588 8716 7903
8593 8588 8716 7903
8593 8588 8716 7903
8593 8588 8716 7903
8593 8588 8716 7903
8593 8588 8716 7903
8593 8588 8716 7903
8593 8588 8716 7903
8593 8588 8716 7903
8593 8588 8716 7903
8593 8588 8716 7903
8593 8588 8716 7903
8593 8588 8716 7903
8593 8588 8716 7903
8593 8588 8716 7903
8593 8588 8716 7903
8593 8588 8716 7903
8593 8588 8716 7903
8593 8588 8716 7903
8593 8588 8716 7903
8593 8588 8716 7903
8593 8588 8716 7903
8593 8588 8716 7903
8593 8588 8716 7903
8593 8588 8716 7903
8593 8588 8716 7903
8593 8588 8716 7903
8593 8588 8716 7903
8593 8588 8716 7903
8577 8506 8724 7789
8593 8588 8716 7903
8593 8588 8716 7903
8593 8588 8716 7903
8593 8588 8716 7903
8611 8140 8332 7661
8593 8588 8716 7903
8593 8588 8716 7903
8593 8588 8716 7903
8593 8588 8716 7903
8593 8588 8716 7903
8593 8588 8716 7903
8593 8588 8716 7903
8593 8588 8716 7903
8593 8588 8716 7903
8593 8588 8716 7903
8593 8588 8716 7903
8593 8588 8716 7903
8593 8588 8716 7903
8593 8588 8716 7903
8593 8588 8716 7903
8593 8588 8716 7903
8593 8588 8716 7903
8593 8588 8716 7903
8593 8588 8716 7903
8593 8588 8716 7903
8593 8588 8716 7903
8593 8588 8716 7903
8593 8588 8716 7903
8593 8588 8716 7903
8593 8588 8716 7903
8593 8588 8716 7903
8593 8588 8716 7903
8593 8588 8716 7903
8706 7295 7744 6868
8593 8588 8716 7903
8593 8588 8716 7903
8593 8588 8716 7903
8593 8588 8716 7903
8593 8588 8716 7903
8593 8588 8716 7903
8593 8588 8716 7903
8593 8588 8716 7903
8593 8588 8716 7903
8593 8588 8716 7903
8593 8588 8716 7903
8593 8588 8716 7903
8593 8588 8716 7903
8593 8588 8716 7903
8593 8588 8716 7903
8593 8588 8716 7903
8593 8588 8716 7903
8593 8588 8716 7903
8593 8588 8716 7903
8593 8588 8716 7903
8593 8588 8716 7903
8593 8588 8716 7903
8593 8588 8716 7903
8593 8588 8716 7903
8593 8588 8716 7903
8593 8588 8716 7903
8593 8588 8716 7903
8593 8588 8716 7903
8593 8588 8716 7903
8593 8588 8716 7903
8593 8588 8716 7903
8593 8588 8716 7903
8593 8588 8716 7903
8593 8588 8716 7903
8593 8588 8716 7903
8593 8588 8716 7903
8593 8588 8716 7903
8593 8588 8716 7903
8593 8588 8716 7903
8593 8588 8716 7903
8593 8588 8716 7903
8593 8588 8716 7903
8593 8588 8716 7903
8593 8588 8716 7903
8593 8588 8716 7903
8593 8588 8716 7903
8593 8588 8716 7903
8593 8588 8716 7903
8593 8588 8716 7903
8593 8588 8716 7903
8593 8588 8716 7903
8593 8588 8716 7903
8593 8588 8716 7903
8593 8588 8716 7903
8593 8588 8716 7903
8593 8588 8716 7903
8593 8588 8716 7903
8593 8588 8716 7903
8593 8588 8716 7903
8593 8588 8716 7903
8593 8588 8716 7903
8593 8588 8716 7903
8593 8588 8716 7903
8593 8588 8716 7903
8593 8588 8716 7903
8593 8588 8716 7903
8593 8588 8716 7903
8593 8588 8716 7903
8593 8588 8716 7903
8593 8588 8716 7903
8593 8588 8716 7903
8121 7657 8867 7510
8593 8588 8716 7903
8593 8588 8716 7903
8593 8588 8716 7903
8593 8588 8716 7903
8593 8588 8716 7903
8593 8588 8716 7903
8593 8588 8716 7903
8593 8588 8716 7903
8602 8552 8615 7836
8593 8588 8716 7903
8593 8588 8716 7903
8593 8588 8716 7903
8593 8588 8716 7903
8593 8588 8716 7903
8593 8588 8716 7903
8593 8588 8716 7903
8593 8588 8716 7903
8593 8588 8716 7903
8593 8588 8716 7903
8593 8588 8716 7903
8593 8588 8716 7903
8593 8588 8716 7903
8593 8588 8716 7903
8593 8588 8716 7903
8593 8588 8716 7903
8593 8588 8716 7903
8593 8588 8716 7903
8593 8588 8716 7903
8593 8588 8716 7903
8593 8588 8716 7903
8593 8588 8716 7903
8593 8588 8716 7903
8593 8588 8716 7903
8593 8588 8716 7903
8593 8588 8716 7903
8593 8588 8716 7903
8593 8588 8716 7903
8593 8588 8716 7903
8593 8588 8716 7903
8593 8588 8716 7903
8593 8588 8716 7903
8593 8588 8716 7903
8593 8588 8716 7903
8593 8588 8716 7903
8593 8588 8716 7903
8593 8588 8716 7903
8593 8588 8716 7903
8593 8588 8716 7903
8593 8588 8716 7903
8593 8588 8716 7903
8593 8588 8716 7903
8593 8588 8716 7903
8593 8588 8716 7903
8593 8588 8716 7903
8593 8588 8716 7903
8593 8588 8716 7903
8593 8588 8716 7903
8593 8588 8716 7903
8593 8588 8716 7903
8593 8588 8716 7903
8593 8588 8716 7903
8593 8588 8716 7903
8593 8588 8716 7903
8593 8588 8716 7903
8593 8588 8716 7903
8593 8588 8716 7903
8593 8588 8716 7903
8593 8588 8716 7903
8593 8588 8716 7903
8593 8588 8716 7903
8593 8588 8716 7903
8593 8588 8716 7903
8593 8588 8716 7903
8593 8588 8716 7903
8593 8588 8716 7903
8593 8588 8716 7903
8593 8588 8716 7903
8593 8588 8716 7903
8593 8588 8716 7903
8593 8588 8716 7903
8593 8588 8716 7903
8593 8588 8716 7903
8593 8588 8716 7903
8593 8588 8716 7903
8593 8588 8716 7903
8593 8588 8716 7903
8593 8588 8716 7903
8593 8588 8716 7903
8593 8588 8716 7903
8593 8588 8716 7903
8593 8588 8716 7903
8919 7421 7740 6971
8593 8588 8716 7903
8593 8588 8716 7903
8593 8588 8716 7903
8593 8588 8716 7903
8593 8588 8716 7903
8593 8588 8716 7903
8593 8588 8716 7903
8593 8588 8716 7903
8593 8588 8716 7903
8593 8588 8716 7903
8593 8588 8716 7903
8593 8588 8716 7903
8593 8588 8716 7903
8593 8588 8716 7903
8593 8588 8716 7903
8593 8588 8716 7903
8593 8588 8716 7903
8593 8588 8716 7903
8593 8588 8716 7903
8593 8588 8716 7903
8593 8588 8716 7903
8593 8588 8716 7903
8593 8588 8716 7903
8593 8588 8716 7903
8593 8588 8716 7903
8593 8588 8716 7903
8593 8588 8716 7903
8593 8588 8716 7903
8593 8588 8716 7903
8593 8588 8716 7903
8593 8588 8716 7903
8593 8588 8716 7903
8593 8588 8716 7903
8593 8588 8716 7903
8593 8588 8716 7903
8593 8588 8716 7903
8593 8588 8716 7903
8593 8588 8716 7903
8593 8588 8716 7903
8593 8588 8716 7903
8593 8588 8716 7903
8593 8588 8716 7903
8593 8588 8716 7903
8593 8588 8716 7903
8593 8588 8716 7903
8593 8588 8716 7903
8593 8588 8716 7903
8593 8588 8716 7903
8593 8588 8716 7903
8593 8588 8716 7903
8593 8588 8716 7903
8593 8588 8716 7903
8593 8588 8716 7903
8593 8588 8716 7903
8593 8588 8716 7903
8593 8588 8716 7903
8593 8588 8716 7903
8593 8588 8716 7903
8593 8588 8716 7903
8593 8588 8716 7903
8593 8588 8716 7903
8593 8588 8716 7903
8593 8588 8716 7903
8593 8588 8716 7903
8593 8588 8716 7903
8593 8588 8716 7903
8593 8588 8716 7903
8593 8588 8716 7903
8593 8588 8716 7903
8593 8588 8716 7903
8593 8588 8716 7903
8593 8588 8716 7903
8593 8588 8716 7903
8593 8588 8716 7903
8593 8588 8716 7903
8593 8588 8716 7903
8593 8588 8716 7903
8593 8588 8716 7903
8593 8588 8716 7903
8593 8588 8716 7903
8593 8588 8716 7903
8593 8588 8716 7903
8593 8588 8716 7903
8593 8588 8716 7903
8593 8588 8716 7903
8593 8588 8716 7903
8593 8588 8716 7903
8593 8588 8716 7903
8593 8588 8716 7903
8593 8588 8716 7903
8593 8588 8716 7903
8593 8588 8716 7903
8593 8588 8716 7903
8593 8588 8716 7903
8593 8588 8716 7903
8593 8588 8716 7903
8593 8588 8716 7903
8593 8588 8716 7903
8593 8588 8716 7903
8593 8588 8716 7903
8593 8588 8716 7903
8593 8588 8716 7903
8593 8588 8716 7903
8593 8588 8716 7903
8593 8588 8716 7903
8593 8588 8716 7903
8593 8588 8716 7903
8593 8588 8716 7903
8593 8588 8716 7903
8593 8588 8716 7903
8593 8588 8716 7903
8593 8588 8716 7903
8593 8588 8716 7903
8593 8588 8716 7903
8593 8588 8716 7903
8593 8588 8716 7903
8593 8588 8716 7903
8593 8588 8716 7903
8593 8588 8716 7903
8612 8618 8566 7720
8593 8588 8716 7903
8593 8588 8716 7903
8593 8588 8716 7903
8593 8588 8716 7903
8593 8588 8716 7903
8593 8588 8716 7903
8593 8588 8716 7903
8593 8588 8716 7903
8593 8588 8716 7903
8593 8588 8716 7903
8593 8588 8716 7903
8593 8588 8716 7903
8593 8588 8716 7903
8593 8588 8716 7903
8593 8588 8716 7903
8593 8588 8716 7903
8593 8588 8716 7903
8593 8588 8716 7903
8593 8588 8716 7903
8593 8588 8716 7903
8593 8588 8716 7903
8593 8588 8716 7903
8593 8588 8716 7903
8593 8588 8716 7903
8593 8588 8716 7903
8593 8588 8716 7903
8593 8588 8716 7903
8593 8588 8716 7903
8593 8588 8716 7903
8593 8588 8716 7903
8593 8588 8716 7903
8593 8588 8716 7903
8593 8588 8716 7903
8593 8588 8716 7903
8593 8588 8716 7903
8593 8588 8716 7903
8593 8588 8716 7903
8593 8588 8716 7903
8593 8588 8716 7903
8593 8588 8716 7903
8593 8588 8716 7903
8593 8588 8716 7903
8593 8588 8716 7903
8593 8588 8716 7903
8593 8588 8716 7903
8593 8588 8716 7903
8593 8588 8716 7903
8593 8588 8716 7903
8593 8588 8716 7903
8593 8588 8716 7903
8593 8588 8716 7903
8593 8588 8716 7903
8593 8588 8716 7903
8593 8588 8716 7903
8612 8618 8566 7720
8593 8588 8716 7903
8919 7421 7740 6971
8593 8588 8716 7903
8593 8588 8716 7903
8593 8588 8716 7903
8719 8208 8399 7661
8593 8588 8716 7903
8593 8588 8716 7903
8593 8588 8716 7903
8593 8588 8716 7903
8593 8588 8716 7903
8593 8588 8716 7903
8593 8588 8716 7903
8593 8588 8716 7903
8593 8588 8716 7903
8593 8588 8716 7903
8121 7657 8867 7510
8593 8588 8716 7903
8593 8588 8716 7903
8593 8588 8716 7903
8593 8588 8716 7903
8593 8588 8716 7903
8593 8588 8716 7903
8593 8588 8716 7903
8593 8588 8716 7903
8593 8588 8716 7903
8593 8588 8716 7903
8593 8588 8716 7903
8593 8588 8716 7903
8593 8588 8716 7903
8593 8588 8716 7903
8593 8588 8716 7903
8593 8588 8716 7903
8593 8588 8716 7903
8593 8588 8716 7903
8593 8588 8716 7903
8593 8588 8716 7903
8593 8588 8716 7903
8593 8588 8716 7903
8593 8588 8716 7903
8593 8588 8716 7903
8593 8588 8716 7903
8593 8588 8716 7903
8111 7800 8975 7547
8593 8588 8716 7903
8593 8588 8716 7903
8593 8588 8716 7903
8593 8588 8716 7903
8593 8588 8716 7903
8593 8588 8716 7903
8593 8588 8716 7903
8593 8588 8716 7903
8593 8588 8716 7903
8593 8588 8716 7903
8593 8588 8716 7903
8593 8588 8716 7903
8593 8588 8716 7903
8593 8588 8716 7903
8593 8588 8716 7903
8606 8488 8714 7828
8593 8588 8716 7903
8593 8588 8716 7903
8593 8588 8716 7903
8829 7575 7830 7028
8593 8588 8716 7903
8593 8588 8716 7903
8593 8588 8716 7903
8593 8588 8716 7903
8593 8588 8716 7903
8593 8588 8716 7903
8593 8588 8716 7903
8593 8588 8716 7903
8593 8588 8716 7903
8593 8588 8716 7903
8574 8488 8717 7882
8593 8588 8716 7903
8593 8588 8716 7903
8593 8588 8716 7903
8593 8588 8716 7903
8593 8588 8716 7903
8593 8588 8716 7903
8593 8588 8716 7903
8593 8588 8716 7903
8593 8588 8716 7903
8593 8588 8716 7903
8593 8588 8716 7903
8593 8588 8716 7903
8593 8588 8716 7903
8593 8588 8716 7903
8593 8588 8716 7903
8593 8588 8716 7903
8593 8588 8716 7903
8593 8588 8716 7903
8593 8588 8716 7903
8593 8588 8716 7903
8593 8588 8716 7903
8593 8588 8716 7903
8593 8588 8716 7903
8593 8588 8716 7903
8593 8588 8716 7903
8593 8588 8716 7903
8593 8588 8716 7903
8593 8588 8716 7903
8593 8588 8716 7903
8593 8588 8716 7903
8593 8588 8716 7903
8593 8588 8716 7903
8593 8588 8716 7903
8593 8588 8716 7903
8593 8588 8716 7903
8593 8588 8716 7903
8593 8588 8716 7903
8593 8588 8716 7903
8593 8588 8716 7903
8593 8588 8716 7903
8593 8588 8716 7903
8593 8588 8716 7903
8593 8588 8716 7903
8593 8588 8716 7903
8593 8588 8716 7903
8593 8588 8716 7903
8593 8588 8716 7903
8593 8588 8716 7903
8593 8588 8716 7903
8593 8588 8716 7903
8593 8588 8716 7903
8593 8588 8716 7903
8593 8588 8716 7903
8593 8588 8716 7903
8593 8588 8716 7903
8111 7800 8975 7547
8593 8588 8716 7903
8593 8588 8716 7903
8593 8588 8716 7903
8593 8588 8716 7903
8593 8588 8716 7903
8593 8588 8716 7903
8593 8588 8716 7903
8593 8588 8716 7903
8593 8588 8716 7903
8593 8588 8716 7903
8593 8588 8716 7903
8593 8588 8716 7903
8593 8588 8716 7903
8593 8588 8716 7903
8593 8588 8716 7903
8593 8588 8716 7903
8593 8588 8716 7903
8593 8588 8716 7903
8593 8588 8716 7903
8593 8588 8716 7903
8593 8588 8716 7903
8593 8588 8716 7903
8593 8588 8716 7903
8593 8588 8716 7903
8593 8588 8716 7903
8593 8588 8716 7903
8593 8588 8716 7903
8593 8588 8716 7903
8593 8588 8716 7903
8593 8588 8716 7903
8593 8588 8716 7903
8593 8588 8716 7903
8593 8588 8716 7903
8593 8588 8716 7903
8593 8588 8716 7903
8593 8588 8716 7903
8593 8588 8716 7903
8593 8588 8716 7903
8593 8588 8716 7903
8593 8588 8716 7903
8593 8588 8716 7903
8593 8588 8716 7903
8593 8588 8716 7903
8593 8588 8716 7903
8593 8588 8716 7903
8593 8588 8716 7903
8593 8588 8716 7903
8593 8588 8716 7903
8593 8588 8716 7903
8593 8588 8716 7903
8593 8588 8716 7903
8593 8588 8716 7903
8593 8588 8716 7903
8593 8588 8716 7903
8593 8588 8716 7903
8593 8588 8716 7903
8593 8588 8716 7903
8593 8588 8716 7903
8593 8588 8716 7903
8593 8588 8716 7903
8593 8588 8716 7903
8593 8588 8716 7903
8593 8588 8716 7903
8477 8485 8629 7915
8593 8588 8716 7903
8593 8588 8716 7903
8593 8588 8716 7903
8593 8588 8716 7903
8593 8588 8716 7903
8593 8588 8716 7903
8593 8588 8716 7903
8593 8588 8716 7903
8593 8588 8716 7903
8593 8588 8716 7903
8593 8588 8716 7903
8593 8588 8716 7903
8593 8588 8716 7903
8593 8588 8716 7903
8593 8588 8716 7903
8593 8588 8716 7903
8593 8588 8716 7903
8593 8588 8716 7903
8593 8588 8716 7903
8593 8588 8716 7903
8593 8588 8716 7903
8593 8588 8716 7903
8593 8588 8716 7903
8593 8588 8716 7903
8593 8588 8716 7903
8593 8588 8716 7903
8593 8588 8716 7903
8593 8588 8716 7903
8593 8588 8716 7903
8593 8588 8716 7903
8593 8588 8716 7903
8593 8588 8716 7903
8593 8588 8716 7903
8593 8588 8716 7903
8593 8588 8716 7903
8593 8588 8716 7903
8593 8588 8716 7903
8593 8588 8716 7903
8593 8588 8716 7903
8593 8588 8716 7903
8593 8588 8716 7903
8593 8588 8716 7903
8593 8588 8716 7903
8593 8588 8716 7903
8593 8588 8716 7903
8593 8588 8716 7903
8593 8588 8716 7903
8593 8588 8716 7903
8593 8588 8716 7903
8612 8618 8566 7720
8593 8588 8716 7903
8593 8588 8716 7903
8593 8588 8716 7903
8577 8506 8724 7789
8593 8588 8716 7903
8593 8588 8716 7903
8593 8588 8716 7903
8593 8588 8716 7903
8593 8588 8716 7903
8593 8588 8716 7903
8593 8588 8716 7903
8593 8588 8716 7903
8593 8588 8716 7903
8593 8588 8716 7903
8593 8588 8716 7903
8593 8588 8716 7903
8593 8588 8716 7903
8706 7295 7744 6868
8593 8588 8716 7903
8593 8588 8716 7903
8593 8588 8716 7903
8593 8588 8716 7903
8593 8588 8716 7903
8593 8588 8716 7903
7763 7420 7961 7997
8593 8588 8716 7903
8593 8588 8716 7903
8593 8588 8716 7903
8593 8588 8716 7903
8593 8588 8716 7903
8593 8588 8716 7903
8593 8588 8716 7903
8593 8588 8716 7903
8593 8588 8716 7903
8593 8588 8716 7903
8593 8588 8716 7903
8593 8588 8716 7903
8593 8588 8716 7903
8593 8588 8716 7903
8593 8588 8716 7903
8593 8588 8716 7903
8593 8588 8716 7903
8593 8588 8716 7903
8593 8588 8716 7903
8593 8588 8716 7903
8593 8588 8716 7903
8593 8588 8716 7903
8608 8531 8705 7889
8593 8588 8716 7903
8593 8588 8716 7903
8593 8588 8716 7903
8593 8588 8716 7903
8593 8588 8716 7903
8593 8588 8716 7903
8593 8588 8716 7903
8593 8588 8716 7903
8593 8588 8716 7903
8593 8588 8716 7903
8593 8588 8716 7903
8593 8588 8716 7903
8593 8588 8716 7903
8593 8588 8716 7903
8593 8588 8716 7903
8593 8588 8716 7903
8593 8588 8716 7903
8593 8588 8716 7903
8593 8588 8716 7903
8593 8588 8716 7903
8593 8588 8716 7903
8593 8588 8716 7903
8593 8588 8716 7903
8593 8588 8716 7903
8593 8588 8716 7903
8593 8588 8716 7903
8593 8588 8716 7903
8593 8588 8716 7903
8593 8588 8716 7903
8593 8588 8716 7903
8593 8588 8716 7903
8593 8588 8716 7903
8593 8588 8716 7903
8593 8588 8716 7903
8593 8588 8716 7903
8593 8588 8716 7903
8593 8588 8716 7903
8593 8588 8716 7903
8593 8588 8716 7903
8593 8588 8716 7903
8593 8588 8716 7903
8593 8588 8716 7903
8593 8588 8716 7903
8593 8588 8716 7903
8593 8588 8716 7903
8593 8588 8716 7903
8593 8588 8716 7903
8593 8588 8716 7903
8602 8552 8615 7836
8593 8588 8716 7903
8593 8588 8716 7903
8593 8588 8716 7903
8593 8588 8716 7903
8593 8588 8716 7903
8593 8588 8716 7903
8593 8588 8716 7903
8593 8588 8716 7903
8593 8588 8716 7903
8593 8588 8716 7903
8593 8588 8716 7903
8593 8588 8716 7903
8593 8588 8716 7903
8593 8588 8716 7903
8593 8588 8716 7903
8593 8588 8716 7903
8593 8588 8716 7903
8593 8588 8716 7903
8593 8588 8716 7903
8593 8588 8716 7903
8593 8588 8716 7903
8593 8588 8716 7903
8593 8588 8716 7903
8593 8588 8716 7903
8593 8588 8716 7903
8593 8588 8716 7903
8593 8588 8716 7903
8593 8588 8716 7903
8593 8588 8716 7903
