8533 540.405
27812 25209 25866
26498 26544 25767
26108 25490 27296
26278 26295 26649
26172 25905 27001
27553 25377 26538
26929 25566 26986
27493 25974 25864
26165 26405 26457
26200 26214 26836
27251 24892 27060
27619 25159 26487
27086 24868 27164
27353 25513 26586
27320 25991 26103
27223 26315 25426
26200 26214 26836
27515 26107 25538
25940 25879 27101
27279 25974 26262
26640 26236 26586
26638 26084 26633
27317 24885 26877
27718 25397 26327
26147 25823 27136
27420 25101 26669
27328 26260 25396
26088 26401 26520
27058 25169 27080
27537 25301 26573
26143 25948 26935
27408 26201 25530
25971 26351 26556
26890 25757 26879
26904 25742 26784
27674 25564 25987
26131 25665 27215
27184 25648 26652
27199 25867 26425
26893 26351 25939
26122 26099 26919
27488 25750 26157
27251 24892 27060
27513 25707 26188
27104 26362 25498
26182 26261 26720
27312 24807 26916
27676 25700 25925
25779 25806 27179
27353 25103 26793
27165 26216 25963
27110 26104 26252
26566 26086 26706
27542 25991 25723
26056 26004 26948
27338 26240 25452
26245 26250 26738
26339 26210 26782
27310 24814 26948
27657 25108 26384
27184 24831 27122
27503 25311 26581
27447 26158 25523
26754 26472 25693
26056 26004 26948
27388 25508 26450
27099 25035 27124
27410 25613 26325
26665 26332 26322
26974 25868 26653
27213 25584 26689
27747 25566 25943
27015 24878 27227
27353 25103 26793
27135 26031 26323
26964 26253 26244
26685 25915 26859
27583 25680 26183
27244 24959 26972
27550 25946 25737
26646 26516 25581
26137 26149 26871
27251 24892 27060
27619 25159 26487
27052 24810 27205
27305 25515 26644
27279 25974 26262
27207 26340 25538
26137 26149 26871
27542 25991 25723
26172 25905 27001
27278 26133 25935
26831 26077 26587
26557 26235 26610
27318 24861 26844
27676 25700 25925
25940 25879 27101
27412 25012 26722
27231 26304 25545
26019 26329 26624
26594 25796 26990
27537 25301 26573
26797 25656 26998
27477 26088 25705
26242 26367 26411
27002 25706 26711
27078 25748 26630
27676 25700 25925
25910 25872 27119
27129 25974 26448
27353 25513 26586
26882 26409 25619
26122 26099 26919
27466 25726 26267
27191 24940 27094
27466 25726 26267
27005 26340 25758
26245 26250 26738
27310 24814 26948
27581 25929 25761
27052 24810 27205
27412 25012 26722
27246 26132 26070
27157 26231 25906
26840 25913 26727
27676 25700 25925
26122 26099 26919
27401 26224 25532
26019 26329 26624
26707 25847 26876
26890 25757 26879
27642 25442 26345
26597 25719 27051
27442 25068 26643
27338 26240 25452
26165 26405 26457
26172 25905 27001
27460 25261 26622
26597 25719 27051
27373 25958 26142
26843 26304 26392
26872 26052 26514
27353 25103 26793
27764 25191 26086
26269 25544 27253
27289 24989 26875
27004 26027 26474
26731 26246 26436
26685 25915 26859
27583 25680 26183
27172 25055 27056
27542 25991 25723
26794 26435 25732
26200 26214 26836
27265 24925 26973
27642 25102 26432
27184 24831 27122
27470 25398 26584
27431 26125 25748
27284 26283 25560
26229 26247 26756
27447 26158 25523
25940 25879 27101
27137 26014 26329
26456 26174 26696
26339 26210 26782
27310 24814 26948
27702 25508 26265
26290 25662 27136
27412 25012 26722
27291 26240 25644
26088 26401 26520
26929 25566 26986
27537 25301 26573
26457 25827 26918
27447 26158 25523
26065 26368 26533
26953 25717 26787
27052 25736 26700
27676 25700 25925
26352 25509 27195
27232 25623 26626
27247 25836 26368
27104 26362 25498
26273 26094 26908
27514 25909 25999
27251 24892 27060
27548 25907 25973
27207 26340 25538
25991 26311 26637
27241 25061 26891
27550 25946 25737
25884 25750 27224
27318 24861 26844
27018 26178 26268
26946 26154 26413
26333 26128 26842
27550 25946 25737
26030 25968 26967
27440 26176 25683
26141 26281 26678
26593 26020 26789
27113 25299 26834
27642 25102 26432
27174 24976 27128
27494 25045 26613
27408 26201 25530
26794 26435 25732
26056 26004 26948
27420 25549 26417
27174 24976 27128
27466 25726 26267
26863 26356 26035
27009 25913 26556
27259 25568 26635
27747 25566 25943
25991 25679 27236
27174 25581 26696
27129 25974 26448
26750 26355 26308
26890 25757 26879
27619 25159 26487
26933 25608 26939
27515 26107 25538
26424 26462 26201
26033 26110 26894
27159 25080 27014
27578 25087 26512
27086 24868 27164
27412 25012 26722
27317 26116 25986
27265 26269 25571
26200 26214 26836
27515 26107 25538
26247 25824 27056
27372 26027 25999
26845 26192 26437
26783 26129 26514
27353 25103 26793
27728 25569 25835
26006 25894 27042
27441 25071 26656
27264 26300 25549
26065 26368 26533
26846 25373 27047
27494 25045 26613
26094 25970 26955
27440 26176 25683
26479 26300 26542
26770 25950 26700
27191 25272 26777
27691 25405 26338
25910 25872 27119
27179 25955 26380
27378 25499 26546
26895 26386 25776
26033 26110 26894
27413 25918 26164
27191 24940 27094
27496 25376 26574
26882 26409 25619
26200 26214 26836
27283 24855 26955
27702 25508 26265
26149 25682 27177
27353 25103 26793
27192 26187 25992
27131 26150 26159
26672 26056 26706
27581 25929 25761
26122 26099 26919
27328 26260 25396
26182 26261 26720
26273 26094 26908
27051 25246 26907
27619 25159 26487
27115 25010 27149
27441 25071 26656
27404 26213 25564
26513 26446 26203
26172 25905 27001
27494 25045 26613
26749 25596 27046
27410 25970 26013
26964 26253 26244
27004 26027 26474
27353 25103 26793
27782 25340 26070
25781 25734 27293
27317 24885 26877
26988 26113 26383
26845 26192 26437
26333 26128 26842
27548 25907 25973
27251 24892 27060
27567 25929 25830
26770 26459 25561
26200 26214 26836
27251 24892 27060
27618 25427 26353
