516 4.63618
4187 3405
4187 3405
3595 3909
3595 3909
4174 3499
3825 3851
3742 3871
4122 3548
3698 3891
4106 3586
3879 3811
4068 3626
3625 3903
4039 3686
3925 3764
4044 3640
3966 3746
3908 3786
4000 3707
3983 3729
3880 3787
4000 3707
3977 3738
3880 3787
4000 3707
4000 3707
4097 3572
4097 3572
3899 3779
3899 3779
4054 3618
3963 3741
3911 3742
4037 3640
4017 3672
3975 3687
4001 3684
4001 3684
3975 3687
3963 3741
4097 3572
4097 3572
4063 3526
3861 3777
4052 3583
3907 3732
3890 3754
3953 3727
4047 3618
4014 3660
3961 3697
4001 3663
3977 3665
4030 3640
4030 3640
3965 3684
3974 3678
4036 3575
3892 3728
3952 3718
4028 3620
4005 3659
3971 3672
3957 3676
4010 3634
4033 3563
3906 3716
3946 3710
3956 3675
4006 3605
4001 3635
3997 3656
4024 3573
4022 3598
3970 3672
3976 3658
4022 3598
3976 3658
4003 3594
4003 3594
3920 3704
3996 3617
3934 3668
3985 3652
3932 3697
3961 3666
3961 3666
4002 3596
3985 3652
4003 3594
4000 3595
4000 3595
3865 3702
3928 3673
3968 3619
3938 3655
3912 3696
3907 3700
3961 3648
3991 3605
3991 3605
3963 3637
3963 3637
3961 3648
3907 3700
3963 3637
3963 3637
3961 3648
3961 3648
3907 3700
3990 3546
3895 3694
3979 3589
3903 3689
3959 3613
3947 3643
3914 3660
3944 3646
3915 3653
3964 3607
3928 3651
3964 3607
3928 3651
3964 3607
3928 3651
3928 3651
3979 3576
3886 3694
3947 3637
3918 3644
3974 3585
3900 3652
3951 3606
3901 3651
3951 3606
3971 3584
3873 3694
3927 3620
3937 3595
3960 3584
3859 3688
3926 3610
3954 3569
3856 3590
3874 3588
3945 3561
3925 3541
3905 3515
3879 3482
3861 3495
3871 3443
3850 3451
4187 3405
4187 3405
3595 3909
3595 3909
4174 3499
3698 3891
3825 3851
3625 3903
3742 3871
4134 3539
3787 3870
4135 3515
3907 3806
3849 3814
4106 3586
4039 3686
4071 3649
4071 3649
3921 3783
4106 3586
4039 3686
3994 3716
4086 3618
4014 3705
3952 3769
4014 3705
3977 3738
3879 3811
4092 3609
3879 3811
3921 3783
3994 3716
3966 3746
3963 3761
3849 3814
3952 3769
3977 3738
4086 3618
4092 3609
3966 3746
3963 3761
4092 3609
4086 3618
4086 3618
4086 3618
4086 3618
4086 3618
4086 3618
4086 3618
4086 3618
4086 3618
4086 3618
4086 3618
4086 3618
4086 3618
4086 3618
4086 3618
4086 3618
4086 3618
4086 3618
4086 3618
4071 3649
4071 3649
4071 3649
4071 3649
4071 3649
4071 3649
4071 3649
4071 3649
4071 3649
4071 3649
4071 3649
4071 3649
4071 3649
4071 3649
4071 3649
4071 3649
4071 3649
4071 3649
4039 3686
4039 3686
4039 3686
4039 3686
4039 3686
4039 3686
4014 3705
3994 3716
3994 3716
3994 3716
3994 3716
3994 3716
3994 3716
3994 3716
3994 3716
3994 3716
3994 3716
3994 3716
3994 3716
3994 3716
3977 3738
3977 3738
3977 3738
3977 3738
3977 3738
3977 3738
3977 3738
3966 3746
3966 3746
3966 3746
3952 3769
3921 3783
4089 3586
3893 3788
3954 3738
4051 3643
3977 3718
3981 3695
4024 3675
4010 3683
4033 3663
4033 3663
4010 3683
4033 3663
4033 3663
4045 3607
3964 3717
4010 3672
3972 3691
4032 3642
4031 3649
4045 3604
3962 3705
4008 3669
3995 3672
3972 3681
4031 3643
3965 3690
4024 3649
4024 3649
4031 3643
4024 3649
4024 3649
4024 3649
4024 3649
4040 3571
4001 3669
4001 3669
4011 3596
4035 3529
3976 3662
3995 3615
3990 3635
4187 3405
4187 3405
3595 3909
3595 3909
4174 3499
4122 3548
3742 3871
3825 3851
3698 3891
3849 3814
3625 3903
4092 3609
3907 3806
4039 3686
3908 3766
3963 3761
4002 3688
3977 3738
4071 3649
4071 3649
3994 3716
3987 3719
4086 3618
4086 3618
3963 3761
3908 3766
4086 3618
3963 3761
3963 3761
3963 3761
4112 3515
3911 3745
3911 3745
4077 3604
3977 3718
3994 3696
4069 3634
3963 3741
3926 3742
4019 3686
4051 3643
4033 3663
4030 3683
4051 3643
4033 3663
3963 3741
4030 3683
4051 3643
4051 3643
4051 3643
4030 3683
4069 3593
4069 3593
3958 3736
4068 3626
4031 3659
3987 3686
3972 3691
4010 3683
3964 3717
3964 3717
4017 3672
4017 3672
3972 3691
4010 3683
4017 3672
4010 3683
3964 3717
3964 3717
3964 3717
3964 3717
4060 3579
4060 3579
3933 3736
3933 3736
4042 3605
4034 3618
4031 3649
3978 3683
3958 3726
3988 3675
4010 3672
3962 3697
3949 3733
4010 3672
4031 3649
3962 3697
4060 3579
4031 3649
4031 3649
4031 3649
4010 3672
4010 3672
4060 3539
3909 3731
3958 3714
4036 3584
3982 3673
4046 3562
4031 3643
3921 3719
4001 3669
4024 3649
4001 3669
4024 3649
3921 3719
4031 3643
4031 3643
4031 3643
4031 3643
4031 3643
4024 3649
4024 3649
4024 3649
4024 3649
4054 3526
3891 3720
4030 3640
3972 3659
4046 3550
3958 3704
3919 3715
4053 3519
3919 3709
3919 3709
4022 3617
3969 3642
4002 3636
3924 3688
3955 3675
3955 3675
3955 3675
4013 3608
3900 3700
3955 3665
3999 3631
3935 3675
3916 3691
4000 3613
4006 3599
3927 3671
3973 3630
3950 3660
3979 3621
4000 3607
3950 3660
3998 3603
3925 3664
3953 3615
3947 3633
3915 3627
3903 3660
