23134 3304.54
25538 26199
25712 26102
25634 26131
25745 26013
25826 25828
25846 25772
25796 25888
25873 25707
25892 25679
25441 26240
25428 26241
25679 26104
25751 25941
25753 25928
25777 25889
25805 25832
25848 25715
25801 25844
25800 25845
25258 26261
25895 25644
25531 26182
25744 26007
25666 26080
25782 25884
25429 26205
25701 26040
25881 25644
25792 25859
25857 25702
25598 26124
25751 25936
25828 25765
25870 25669
25632 26090
25401 26208
25817 25796
25840 25720
25685 26045
25610 26112
25819 25789
25442 26185
25832 25728
25533 26139
25793 25812
25606 26114
25601 26117
25794 25801
25843 25703
25335 26221
25885 25598
25698 26035
25655 26079
25569 26119
25586 26105
25591 26097
25604 26087
25676 26036
25664 26037
25606 26085
25608 26081
25739 25936
25526 26120
25176 25451
25057 25642
25248 25704
25150 25493
24715 25351
25364 25542
25353 25675
25260 25835
25388 25566
25494 25618
25275 25585
25188 25691
25312 25554
25434 25760
25433 25554
25294 25522
25182 25865
25162 25394
25162 25458
25041 25523
24823 25499
24997 25646
25279 25665
25195 25606
25460 25659
25321 25672
25147 25640
25222 25774
24997 25656
25525 25847
25147 25512
25263 25929
25445 25644
25199 25605
25145 25679
25019 25409
25187 25739
24882 25646
25236 25611
25353 25589
25143 25612
25347 25743
24975 25550
25214 25843
25433 25685
25241 25625
25159 25627
25272 25609
25424 25748
25283 25661
25145 25471
25272 25686
25266 25820
25101 25440
25190 25609
25003 25242
25084 25371
24873 25516
25138 25448
25213 25630
25256 25530
25332 25831
25349 25662
25114 25592
25141 25697
25151 25653
25246 25659
25333 25598
25414 25685
25012 25637
24924 25551
25315 25537
25340 25762
25124 25704
25514 25564
25260 25534
25370 25663
25342 25542
25283 25739
25126 25724
24942 25576
25341 25730
25069 25730
25344 25587
25196 25600
25080 25644
25067 25719
25283 25900
25463 25632
25271 25644
25323 25600
25001 25556
25263 25737
25234 25755
25029 25488
25343 25669
24940 25506
25141 25547
25252 25554
25276 25838
25310 25648
25202 25531
25108 25622
25235 25602
25202 25477
25284 25374
25240 25536
25201 25707
25185 25581
25036 25510
25212 25669
25249 25426
25283 25501
25059 25547
25088 25643
25368 25703
25169 25835
25249 25624
25013 25459
25405 25693
25269 25903
25279 25581
25114 25263
25221 25523
25221 25747
25291 25639
25407 25711
25356 25622
25393 25753
25249 25479
25466 25680
24969 25243
25358 25536
25262 25881
25382 25710
25401 25693
25340 25753
25194 25525
25196 25786
25121 25616
25072 25544
25276 25498
25019 25644
25074 25508
25078 25466
25096 25866
25408 25844
25306 25527
25275 25833
25189 25873
25131 25745
24809 25593
25020 25581
25387 25613
25264 25552
25090 25329
25230 25614
25016 25618
25500 25671
25473 25443
25439 25372
24731 25381
25267 25565
25357 25517
25199 25566
25146 25571
25007 25644
25266 25460
25307 25588
25070 25544
25114 25538
25029 25435
25142 25711
25128 25558
25078 25328
25225 25712
25167 25698
25426 25696
25210 25859
25160 25519
25003 25656
25323 25537
25258 25497
25438 25714
25044 25507
25145 25538
25236 25613
25259 25946
25345 25729
25076 25383
25444 25728
25168 25545
25195 25590
25456 25676
25126 25731
25211 25673
25353 25739
25251 25811
25369 25792
25108 25514
25373 25479
25272 25526
25156 25441
25166 25618
25344 25842
24992 25698
24797 25659
25358 25644
24788 25319
25007 25703
25389 25604
25334 25825
25097 25462
25429 25757
25411 25450
25069 25505
25490 25591
25321 25597
25210 25671
25283 25624
24813 25630
25288 25694
25146 25665
25273 25436
25187 25746
25235 25762
25197 25545
25369 25721
25098 25548
25381 25383
25043 25363
24919 25386
25156 25499
25169 25591
25199 25493
25413 25611
25230 25759
25052 25609
25179 25559
24977 25421
25191 25806
25536 25549
25230 25509
25354 25735
25167 25668
25192 25402
25154 25497
24954 25427
24971 25407
25002 25805
25298 25683
25192 25433
25442 25713
25341 25793
24982 25464
25242 25589
25055 25536
25437 25414
25340 25712
25194 25585
25194 25451
25339 25770
25056 25439
25263 25690
25388 25882
25205 25632
25318 25724
25234 25532
25221 25910
25234 25771
25519 25758
25363 25614
25183 25734
25110 25630
25276 25579
25324 25773
25247 25718
25467 25240
25309 25586
25328 25771
25376 25721
25253 25592
25179 25759
25167 25901
25217 25628
25533 25689
25241 25908
25053 25790
25347 25730
25217 25650
25337 25868
25476 25927
25149 25388
25385 25781
25180 25549
24968 25748
24690 25519
25239 25460
25069 25389
25080 25685
25445 25575
25336 25789
25279 25692
25196 25483
25080 25725
25180 25651
25279 25426
25372 25690
25282 25773
25189 25366
25205 25677
25228 25697
25131 25591
25103 25490
25139 25389
25200 25398
25175 25786
25225 25526
25168 25359
25248 25650
25299 25641
25210 25678
25305 25672
25405 25878
25206 25694
25228 25739
25276 25699
25358 25606
25088 25448
25016 25638
25326 25846
25241 25620
25162 25554
25069 25444
24947 25449
25465 25772
25208 25678
25167 25580
25407 25501
25371 25844
25312 25547
25266 25361
25351 25638
25360 25631
25289 25744
25330 25467
25137 25430
25154 25659
25293 25677
25271 25906
25155 25713
25178 25794
25180 25776
25206 25628
24920 25879
25320 25926
25291 25472
25201 25449
25579 25693
25064 25636
25039 25469
25279 25526
24933 25418
25160 25627
25043 25625
25161 25646
25267 25628
25144 25759
25144 25342
25324 25683
25426 25713
25341 25810
25127 25576
25334 25672
25509 25814
25279 25617
25041 25606
25349 25681
25237 25540
25363 25752
25339 25632
25234 25623
25399 25953
25440 25690
25409 25795
25064 25738
25470 25744
25112 25239
25056 25485
25466 25635
25193 25677
25357 25805
25098 25680
25218 25559
25382 25780
25082 25595
25330 25528
25155 25159
25121 25687
25150 25367
25110 25640
25371 25752
25020 25565
25224 25718
25084 25737
25203 25465
25349 25786
25181 25737
25183 25732
25277 25712
25115 25579
25072 25522
25211 25526
25345 25802
25311 25808
25477 25806
25184 25836
25068 25423
25440 25531
25281 25752
25413 25472
25089 25509
25347 25804
25257 25579
25194 25710
25266 25645
25209 25797
25383 25645
25135 25821
25290 25480
25193 25825
25047 25742
25354 25836
25197 25967
25165 25512
25234 25597
25140 25808
24999 25597
25435 25702
25143 25753
25213 25540
25135 25434
25183 25393
25278 25799
25248 25651
25444 25647
25101 25415
24974 25765
25365 25667
25326 25738
25238 25490
25267 25739
25116 25691
25031 25683
25171 25699
25124 25521
25533 25611
24988 25598
25136 25497
25379 25776
25390 25782
25219 25604
25280 25611
25390 25725
25248 25550
25448 25604
25043 25542
25253 25865
25401 25687
25314 25677
24977 25668
25207 25701
25041 25327
25321 25492
25467 25725
25317 25582
25058 25721
25378 25678
25245 25355
25065 25669
25174 25735
25191 25428
25162 25499
25164 25380
25341 25498
25367 25644
25488 25780
25165 25759
25155 25632
25094 25715
25079 25548
25381 25857
25302 25420
25386 25584
25236 25757
25502 25793
25417 25668
25107 25592
25247 25593
25424 25657
25185 25668
25151 25484
25315 25566
25580 25719
25289 25786
25339 25606
25401 25780
25126 25474
25127 25598
24861 25504
25101 25669
25131 25594
25277 25435
25412 25703
25112 25618
25190 25674
25170 25732
24930 25790
25227 25660
25242 25527
25073 25269
25373 25500
25249 25679
25452 25627
25247 25680
25144 25566
25371 25590
25374 25528
25005 25360
25360 25596
25167 25725
24967 25670
25138 25779
25005 25535
25037 25765
25378 25772
25250 25585
25304 25425
25311 25569
25179 25446
25537 25584
25319 25604
25296 25773
25256 25525
25320 25596
25133 25668
25167 25669
25077 25778
25178 25439
25360 25656
25470 25585
25142 25241
25178 25576
24963 25370
25065 25292
25308 25660
25078 25664
25264 25817
25090 25651
25375 25774
24986 25740
25172 25676
25436 25538
25158 25672
25094 25598
25173 25658
25190 25862
25390 25336
25154 25588
25091 25750
25268 25545
25145 25655
25074 25848
25298 25396
25251 25651
25159 25835
25097 25655
25261 25865
25195 25765
25162 25613
25252 25547
25212 25725
25215 25613
25127 25325
25359 25468
25179 25654
25217 25662
25193 25681
25368 25797
25058 25524
25247 25547
25087 25851
25319 25574
25274 25636
25470 25605
25254 25621
25409 25594
25287 25457
25391 25356
25261 25712
25316 25666
25050 25489
25092 25639
25409 25498
25150 25581
25213 26028
25140 25718
25229 25357
25305 25811
25152 25657
24980 25823
25203 25478
25204 25590
25140 25437
25498 25749
25169 25511
25232 25691
25282 25667
25146 25422
25227 25789
25176 25396
25267 25849
24878 25214
25100 25789
25313 25615
25322 25553
25487 25558
25308 25779
24841 25779
25221 25657
25200 25682
25213 25514
25229 25642
25262 25900
25322 25468
25254 25492
25092 25655
25030 25672
25073 25554
25253 25690
25228 25573
25470 25836
25256 25822
25248 25468
25403 25664
25158 25621
25006 25679
24842 25344
25307 25514
25305 25592
25173 25481
25038 25673
25215 25720
25077 25903
25178 25627
25221 25834
25185 25462
25655 25749
24925 25603
24985 25763
25143 25764
25475 25646
25371 25760
25320 25830
25161 25439
25047 25539
25101 25521
24858 25312
25002 25284
25430 25582
25175 25593
25340 25715
25141 25862
25225 25639
25264 25660
25138 25296
25305 25961
25398 25841
25190 25856
24971 25632
25042 25584
25308 25699
25110 25727
25346 25831
25058 25540
25282 25751
25049 25649
25263 25781
25162 25591
25283 25705
25049 25519
25253 25589
25186 25548
25273 25489
25229 25531
25418 25776
25193 25431
25184 25484
25335 25527
25266 25823
25226 25749
25159 25766
25433 25620
25327 25619
25393 25578
25136 25774
25381 25613
25276 25782
25396 25432
25191 25411
25274 25411
25027 25490
25306 25715
25548 25859
25222 25557
25275 25638
24939 25464
25292 25644
25197 25649
25453 25585
25173 25590
25491 25700
25282 25743
25209 25547
25194 25546
25400 25778
25182 25514
25016 25598
25122 25402
25439 25718
25273 25470
25611 25643
25174 25529
25346 25487
25240 25911
25245 25744
25344 25674
25423 25655
25168 25536
25230 25841
25011 25643
25318 25509
25307 25725
25370 25765
25213 25583
25435 25810
25148 25463
24898 25590
25208 25585
25223 25772
25233 25636
25078 25780
25300 25319
25349 25576
25192 25627
25259 25765
25231 25403
25506 25757
24897 25677
25049 25521
25168 25753
25497 25540
25403 25745
25306 25481
25097 25766
25196 25627
25324 25835
25182 25478
24882 25393
25199 25344
25230 25734
25286 25682
25131 25219
25111 25603
25279 25656
25325 25774
25234 25745
25205 25522
24895 25426
25110 25568
24956 25586
25138 25706
25158 25360
25151 25519
25249 25423
25165 25575
25269 25834
25167 25605
25003 25621
25123 25813
24941 25594
25010 25525
25279 25774
25326 25682
25205 25563
25251 25760
25124 25786
25133 25639
25317 25541
25274 25679
25324 25771
25309 25651
25251 25914
24901 25404
24870 25116
25376 25556
25239 25541
25295 25517
25371 25766
25318 25707
25182 25765
25217 25687
24982 25390
25089 25698
25150 25552
25085 25549
25182 25379
25286 25396
25205 25446
25183 25447
25145 25528
25256 25958
25231 25622
25159 25782
25253 25719
25146 25607
24908 25413
25127 25601
25223 25682
25286 25637
25404 25634
25255 25659
25363 25771
25225 25555
25285 25733
25325 25586
25216 25680
25260 25731
25099 25502
25288 25589
25336 25631
24969 25336
25143 25538
25036 25636
25397 25788
25339 25624
25178 25577
25360 25498
25023 25458
25363 25556
25508 25722
25194 25497
25360 25694
25346 25554
25385 25452
25287 25581
25309 25600
25331 25515
25270 25557
25463 25682
25103 25670
25065 25526
25316 25778
25178 25683
25136 25732
25243 25686
25238 25736
25257 25588
25511 25465
25063 25598
25268 25792
25022 25723
25043 25515
25000 25601
25257 25752
25355 25372
25144 25566
25372 25590
25366 25680
25152 25415
25239 25892
25439 25932
25239 25688
25233 25654
25163 25508
25018 25466
25108 25526
25420 25879
25172 25497
25361 25622
25247 25581
25202 25786
25237 25532
25028 25611
25170 25615
25063 25615
25341 25797
25371 25820
25052 25571
25154 25459
25257 25285
25230 25747
25211 25638
25339 25843
25220 25730
25151 25765
25142 25448
25315 25838
25147 25676
25116 25721
25193 25436
25302 25548
25403 25576
25309 25597
25211 25862
25014 25690
25259 25601
25252 25878
25108 25599
25112 25331
25133 25479
24896 25729
25218 25508
25218 25573
25204 25386
25043 25446
24970 25501
24939 25479
25421 25615
25213 25650
25340 25541
25428 25573
25238 25395
25168 25531
25413 25529
25119 25680
25275 25564
