4331 420.331
16374 15422 16263 16010
15120 16318 16056 15110
15626 15516 16747 15651
15468 15308 16180 16652
15501 15975 16504 16082
15401 16097 16353 16113
16040 15618 16028 16519
16139 15391 16427 16002
15530 16156 16405 15824
15483 16099 16374 16018
15453 15775 16268 16486
15906 15982 16338 15911
15668 15208 16387 16479
16098 15669 16165 16374
16132 16009 15947 15628
15847 15926 16694 15629
15444 15958 16314 16353
16284 15212 16575 15720
15561 15727 16481 16265
16174 16012 15995 15557
15829 15274 16569 16235
15839 15634 16330 16297
16099 15514 16027 16414
16315 15472 16278 16001
15974 16013 16701 15455
15338 16051 16271 16271
16064 15966 16650 15445
15601 16033 16489 15887
15937 15484 16303 16354
16234 15527 16096 16251
15612 15217 16423 16440
16064 15966 16650 15445
15321 16053 16376 16087
15803 15872 16102 16296
15907 15907 16384 15803
15681 16186 16251 15740
15302 15727 16278 16577
16124 15595 16127 16384
16005 15825 16041 16172
15722 16169 16359 15705
15918 15060 16425 16423
16022 15852 16285 15961
16033 15266 16415 16394
16234 15527 16096 16251
15848 16170 16398 15391
15492 15518 16604 16337
16088 15573 16083 16450
16242 15798 16328 15240
15631 15601 16613 16272
16252 15270 16604 15558
15512 15968 16555 15913
15884 15167 16560 16124
15649 15875 16183 16285
16290 15230 16561 15704
15524 16028 16435 16044
15746 16044 16595 15533
15411 15622 16499 16297
15449 15963 16201 16332
16098 15669 16165 16374
16278 15434 16206 16095
15504 15695 16196 16546
15969 15865 16015 16211
16277 15210 16568 15730
15772 16198 16556 15448
15669 16079 16581 15680
15534 16021 16317 16188
16040 15618 16028 16519
16169 15173 16286 16286
15556 16194 15715 16023
16055 16070 16580 15373
15699 15726 16197 16318
16055 16070 16580 15373
15375 15644 16491 16386
16165 15601 16218 16175
16055 16070 16580 15373
15370 15926 16592 15996
15918 15060 16425 16423
16127 15935 16381 15621
16098 15669 16165 16374
16274 15874 16064 15522
15626 15516 16747 15651
15431 15863 16357 16379
16040 15618 16028 16519
16234 15527 16096 16251
15762 15245 16640 16126
15368 15991 16234 16326
16106 15282 16441 16142
16003 16010 16541 15570
15338 16051 16271 16271
16212 15938 16049 15582
15357 15600 16322 16552
16078 15228 16542 15985
15775 15887 15958 16219
15525 16074 15622 16126
16252 15270 16604 15558
15848 16170 16398 15391
15453 15775 16268 16486
16138 15610 16074 16346
16003 16098 16500 15433
15630 16214 16474 15611
15361 15450 16374 16478
15729 15957 16082 16208
15790 15668 16107 16459
16224 15485 16401 15711
15333 16200 15707 16063
15431 15863 16357 16379
16033 15266 16415 16394
16174 16012 15995 15557
15561 15727 16481 16265
16038 15988 16025 15630
15407 16002 16218 16291
15974 16013 16701 15455
15444 15958 16314 16353
16193 15643 16177 16119
16036 15481 16619 15758
15639 16029 16280 16031
15861 15886 16606 15687
15338 16051 16271 16271
16134 15146 16462 16231
16248 15883 16041 15487
15843 15063 15972 16589
16124 15595 16127 16384
16081 15812 16272 15947
15940 16066 16267 15695
16055 16070 16580 15373
15630 16214 16474 15611
15780 15365 16386 16445
16212 15238 16619 15707
15401 16097 16353 16113
15744 15988 16343 15984
15445 15792 16402 16396
15843 16116 16253 15708
15542 15757 16195 16456
16184 15168 16232 16309
16055 16070 16580 15373
15713 15276 16683 16101
15453 15775 16268 16486
16167 15583 16078 16345
15575 15686 16459 16301
16132 16009 15947 15628
15631 15601 16613 16272
16032 15231 16463 16304
16124 15595 16127 16384
16274 15874 16064 15522
15713 15276 16683 16101
15585 15788 16186 16397
16032 15231 16463 16304
15671 16018 16171 16042
15587 16018 16370 16112
16274 15874 16064 15522
15417 15870 16147 16410
15917 16084 16417 15659
15989 16093 16616 15451
15296 16051 16133 16308
16114 15173 16517 16201
15333 16200 15707 16063
16040 15618 16028 16519
16163 15548 16184 16333
16126 15745 16386 15654
16003 16098 16500 15433
15492 15518 16604 16337
16117 16024 16628 15477
15432 15806 16231 16400
15957 15895 16042 16121
15754 16134 16294 15784
15492 15518 16604 16337
16040 15618 16028 16519
16198 15927 16027 15616
15631 15601 16613 16272
16277 15210 16568 15730
15851 15907 16579 15760
15501 15975 16504 16082
16098 15669 16165 16374
16234 15527 16096 16251
16044 16050 16620 15383
15891 16162 16614 15460
15628 15667 16579 16040
16040 15618 16028 16519
16007 15795 16094 16254
16309 15450 16317 16045
15489 15329 16223 16646
15927 15560 16266 16300
16134 15146 16462 16231
15897 16130 16449 15498
15581 16067 16454 15893
15579 16111 16386 15909
16040 15618 16028 16519
16193 15524 16347 15864
16003 16098 16500 15433
15681 16186 16251 15740
15495 15761 16142 16434
16075 16033 16393 15172
15375 15644 16491 16386
16169 15173 16286 16286
15941 16113 16382 15401
15829 15274 16569 16235
15445 15792 16402 16396
16250 15267 16491 15821
15327 15938 16527 16094
16055 16070 16580 15373
15492 15518 16604 16337
15757 15154 16430 16392
16088 15573 16083 16450
16236 15779 15995 15859
15884 15167 16560 16124
15400 16082 16287 16229
16135 15949 16597 15427
15622 16118 16569 15557
15310 16007 16279 16316
16236 15779 15995 15859
15557 15453 16062 16573
15985 15745 16250 16086
15728 16051 16456 15849
15924 15898 16047 16157
16127 15935 16381 15621
15763 16201 16480 15575
15699 15198 16366 16522
16098 15669 16165 16374
15957 15895 16042 16121
15787 16198 16283 15649
15874 15110 16315 16454
16019 15888 16056 16063
15925 15736 16120 16414
16242 15798 16328 15240
15120 16318 16056 15110
15375 15644 16491 16386
16040 15618 16028 16519
16103 15865 15941 16052
15895 15107 16501 16344
16193 15643 16177 16119
15422 15976 16504 15915
16140 15206 16610 15818
15368 15991 16234 16326
16259 15606 16516 15431
15491 15895 16559 15914
15491 16005 16478 15991
16114 15173 16517 16201
15803 15872 16102 16296
16163 15548 16184 16333
16374 15422 16263 16010
15357 15600 16322 16552
16042 15710 16123 16349
16135 15949 16597 15427
15333 16200 15707 16063
16043 15881 16646 15384
15534 16021 16317 16188
15417 15870 16147 16410
16180 15900 16518 15387
15361 16135 15744 16083
15989 16093 16616 15451
15444 15958 16314 16353
15787 16198 16283 15649
15453 15775 16268 16486
16057 15739 16100 16181
16131 15700 16113 16138
15678 16003 16699 15607
15529 15779 16286 16408
16179 15157 16499 16175
15933 15120 16432 16374
16196 15649 16050 16038
15713 15276 16683 16101
15445 15792 16402 16396
16088 15573 16083 16450
16324 15381 16281 16085
15515 15688 16663 15963
15449 15963 16201 16332
16093 15218 16581 15927
16020 15745 16302 16028
15595 16002 15617 16107
16248 15883 16041 15487
15390 15677 16382 16475
16212 15238 16619 15707
15400 16082 16287 16229
15534 16021 16317 16188
16117 16024 16628 15477
15333 16200 15707 16063
15843 15063 15972 16589
16138 15610 16074 16346
16125 15806 16382 15568
15394 16222 15801 15659
15657 15200 16394 16480
15884 15926 15981 16141
15790 15668 16107 16459
16193 15643 16177 16119
15775 16116 15473 15837
15443 15676 16503 16247
16015 15702 16044 16400
16174 16012 15995 15557
15492 15518 16604 16337
16163 15339 16520 16037
15631 15601 16613 16272
15909 15421 16485 16145
15444 15958 16314 16353
16278 15434 16206 16095
16135 15949 16597 15427
15805 16183 16483 15660
16044 16050 16620 15383
15296 16051 16133 16308
16070 15165 16506 16243
16242 15798 16328 15240
