25040 900.03
36831 37740
36929 37624
37164 37406
35986 38024
37276 36319
35237 38451
37220 37449
35935 38055
36924 36000
36752 37018
37220 36370
37125 37309
35441 38024
37011 37134
35781 38492
36679 37734
36909 37601
36947 35759
35924 37827
37431 36759
35671 38357
37533 36610
36071 38284
37172 37165
37162 36453
36409 37268
36272 37944
36064 38083
36014 38103
37435 36439
37008 36025
36314 37296
36667 37441
35867 37813
35991 37239
36654 37260
35926 37857
35883 37905
37379 36118
36194 38130
35915 37732
37072 36585
36055 37618
35903 38318
36003 38256
35279 33273
36327 38174
36600 37920
37372 36317
37643 36605
37155 36690
37603 36023
37259 37087
36626 37915
37111 37010
37717 36319
35986 38373
37276 35490
35469 38211
36463 37184
36675 37610
37418 36797
37227 36959
36495 37792
36455 37769
36861 37235
37613 36534
37137 37588
36037 38315
36666 37741
35639 38218
36768 37752
35815 38360
36858 37007
36697 37389
36376 37400
37661 36738
37678 36702
36345 38171
36543 37934
36617 37783
36248 37733
36322 37132
37344 36783
37092 37478
35913 37878
34774 38072
37140 36269
37040 37290
36545 37239
37252 37130
37042 36456
35723 38206
36724 36997
37270 37024
35923 38208
37640 36699
36406 37762
36585 37688
36776 37467
35649 38585
36636 37786
35826 36959
36353 35652
36557 37967
37516 36653
37295 36806
36193 37833
36927 37335
36304 38148
35753 38225
36001 37519
36030 38060
37289 36269
36171 38083
37275 37295
37342 37060
37068 36872
37509 36658
37170 37226
37001 37655
35836 37670
35801 38448
36086 38113
36203 37410
36979 37099
36429 37837
37632 36779
36016 38235
34860 37188
37381 36186
37008 37449
36952 37195
37402 36956
36041 38231
36335 38085
37175 37325
37744 36656
36364 37419
37335 37241
36738 37779
35790 38157
35346 38081
35698 38233
35809 38504
36981 37216
37262 37333
36453 37775
36385 38180
36917 36955
35798 38228
37057 37600
37373 37073
36188 38265
36687 37400
36843 37130
35778 38181
36098 38118
37493 36967
37550 36301
37497 36688
36790 36974
35598 37607
35861 38173
37356 36912
36466 37727
36777 37857
37207 36950
36654 37584
36805 36835
35128 37946
36234 37637
36467 37445
37482 36494
35308 38448
37600 36799
36032 38061
36544 37754
36840 37624
35839 38378
35370 37301
35826 38285
36422 37864
36043 38237
35936 38447
37308 37176
35561 38142
36090 38051
36605 36454
37270 37227
35679 38001
37255 37000
37349 36991
36034 38416
35965 38353
35753 38303
36331 37516
37073 37065
36593 37807
35622 38548
37295 37243
37124 36723
34902 37868
35097 38212
35731 38199
36341 38094
36845 37708
36843 37733
36996 37609
37056 36572
36606 37451
36248 37808
36145 38166
37241 36945
36406 38081
36155 36966
36250 38273
35896 38387
36050 38040
36769 37602
35833 38222
35289 37915
36787 37560
36625 37642
36462 38037
37212 36349
37808 36507
36760 37713
36454 37867
35738 37491
35905 37941
36722 37503
36274 38215
35988 38107
37125 37032
35494 37727
35962 37759
37035 37664
36398 37847
35929 38022
36743 37569
36131 38353
36866 37584
36440 37943
36533 38050
37087 37599
35808 38319
36835 37614
36643 37915
37490 36854
37091 37204
36769 37517
36377 37909
36701 37958
36631 37366
35749 38368
36900 37385
36819 37598
36518 37497
36377 38154
37504 36526
37029 36083
36731 37384
36905 36790
35822 38519
36664 37100
36521 38076
37041 36770
36177 37905
37120 37128
36913 37290
35619 38516
37084 36902
36771 37383
36300 38228
37462 36269
36443 37176
37172 36546
36225 38255
35342 38373
37209 37022
37399 36453
36685 37760
37254 37374
36117 38332
35851 38213
35531 38160
36522 38032
36255 37634
35565 37996
36737 37516
36746 36211
37400 37163
35602 38412
36046 37909
37291 37008
35656 38278
36631 37008
37128 36499
37821 36319
