236655 2400.22
9077 9272
9262 9080
9181 9173
8888 9368
9283 9044
9213 9137
9397 8854
9433 8769
9152 9196
9304 9014
8969 9330
9007 9311
9324 8975
8821 9378
9235 9100
9040 9289
8789 9391
9364 8908
8913 9356
9338 8938
9097 9244
9403 8844
9333 8955
8842 9373
9117 9230
9018 9303
8933 9346
8957 9334
8986 9316
9141 9224
9418 8815
9414 8822
9422 8794
9375 8869
9315 8988
9244 9087
9310 8998
8777 9392
9293 9021
9443 8748
9028 9294
8925 9350
9200 9142
9370 8883
9366 8902
9223 9105
9217 9112
9157 9178
9046 9276
9187 9149
9134 9225
9191 9146
9142 9212
9087 9245
9079 9249
9423 8775
9326 8957
9285 9023
9367 8886
8718 9403
9456 8743
8718 9403
9456 8743
8753 9119
8500 8956
8715 8870
8808 8907
8887 9061
8735 8764
8725 8891
8708 9070
8866 8871
8756 8904
8641 8994
8764 9094
8598 8961
8743 9084
8579 8914
8646 8787
8807 8856
8595 8788
8725 8783
9095 8791
8983 8936
9045 8858
9203 8750
8713 8937
8968 8889
8959 9095
8895 8919
8776 9020
8692 8993
8785 8861
8690 9064
8514 9018
8631 9171
9051 8698
8870 9002
8903 8931
8576 8933
8671 9011
8557 9033
8684 8944
9169 8880
8709 8986
8758 9151
9134 8777
8657 8992
8744 9055
8767 8793
8693 8936
8834 8993
9162 8870
8590 8871
8729 9134
9105 8833
8869 9026
8966 8917
8598 8743
8913 8820
8848 8786
8603 8785
9062 8903
8928 8746
8882 9128
8748 8886
9037 8715
8799 9074
8958 9080
8709 9012
8687 9091
8618 9014
8667 9122
9061 8948
8860 9000
8692 9126
8810 8919
8837 8922
8595 8901
8772 8796
8826 9015
8695 8806
9061 8694
8695 8881
8685 8916
8551 8824
8843 8930
8705 8860
9123 8942
8677 9232
8826 8855
8833 9208
