30339 1140.39
2737 3367 2960 3428
3127 3403 2993 2849
2722 3574 2960 3086
2644 2931 2967 3402
2838 3093 3316 2971
3267 2982 2899 2945
3031 3416 2712 3212
3047 2916 3058 3252
3031 3416 2712 3212
3036 3231 2768 3229
2644 2931 2967 3402
2966 3081 3269 3054
2760 3404 2835 3292
2644 2931 2967 3402
3001 3335 3229 2914
2863 3263 3258 2876
2966 3304 2796 3265
3037 2972 2963 3208
3041 3045 2995 3190
3036 3231 2768 3229
2736 3016 3279 3128
2722 3574 2960 3086
2949 3435 3054 2976
3055 3003 2924 3341
2935 3492 3102 2959
2737 3367 2960 3428
2693 3481 2789 3175
2985 3040 3083 3335
3099 3543 3043 3125
2905 3257 2913 3406
2819 3314 2989 3372
2958 3354 3106 3002
3153 3148 2927 3159
3003 3356 2840 3204
2774 3138 3283 3074
2882 3514 3144 3085
2695 3326 3005 3395
3043 3249 2887 3219
2894 3463 2864 3170
2805 3213 2935 3381
2784 3171 3301 3044
2863 3263 3258 2876
3097 3328 2863 3220
3082 3194 3210 2930
2990 3275 3261 2857
2965 3352 3036 3358
3105 3347 3015 2954
2970 3105 3171 3153
3118 3176 2943 3169
2891 3428 3243 3011
2803 2985 3281 3114
2970 3105 3171 3153
2717 3528 3093 3052
2970 3249 3235 2917
2710 3243 3285 3094
3074 3129 3009 3169
3173 3295 3127 3141
2792 3520 2931 3141
3082 3194 3210 2930
2710 3243 3285 3094
3047 2916 3058 3252
2865 3135 3241 3109
3055 3214 2998 3156
2784 3171 3301 3044
3055 3214 2998 3156
3037 2972 2963 3208
2778 3195 3272 3023
2914 3446 3166 3033
2750 3539 3156 2959
3024 3117 3025 3251
2898 3191 3130 3307
2760 3404 2835 3292
2985 3040 3083 3335
2965 3352 3036 3358
2717 3528 3093 3052
3004 3443 2939 3126
2771 3122 3254 3095
2839 3014 3247 3101
2871 3413 3163 3172
2653 3145 3312 3116
2681 3188 3137 3321
2695 3326 3005 3395
2988 3379 3074 3168
3097 3328 2863 3220
2653 3145 3312 3116
2668 3472 3075 3138
3042 3327 3155 2963
2787 2981 3227 3144
2810 3327 3223 3195
2829 3420 2966 3156
2653 3145 3312 3116
3047 2916 3058 3252
3039 3185 3069 3165
3024 3117 3025 3251
2822 3219 3252 3065
3023 3344 2961 3203
2998 3412 3054 3077
2915 3158 3178 3279
3105 3347 3015 2954
2970 3105 3171 3153
2911 3174 3108 3253
2945 3298 3221 3242
2970 3105 3171 3153
3130 3248 3196 3022
3143 3382 2920 3042
2681 3188 3137 3321
2668 3472 3075 3138
2862 3294 3138 3256
3082 3194 3210 2930
2992 3288 3184 3017
2970 3105 3171 3153
2737 3367 2960 3428
3153 3148 2927 3159
2905 3393 2901 3272
3034 3247 2913 3239
3036 3231 2768 3229
2693 3481 2789 3175
2915 3158 3178 3279
2838 3101 3076 3310
3003 3356 2840 3204
2882 3514 3144 3085
3001 3289 3038 3226
3082 3194 3210 2930
2693 3481 2789 3175
2829 3420 2966 3156
3013 3319 3116 3043
2822 3219 3252 3065
2998 3412 3054 3077
2894 3310 3157 3181
2760 3404 2835 3292
2919 3420 3118 3092
3028 3300 2949 3315
2977 3372 3084 3245
3039 3185 3069 3165
3043 3212 3157 3125
3024 3117 3025 3251
2787 2981 3227 3144
2886 3458 3105 3016
3041 3045 2995 3190
2998 3412 3054 3077
2925 3299 3218 2942
2889 3437 2958 3148
2968 3394 3046 3227
3004 3443 2939 3126
2966 3322 3191 3092
2756 3340 3115 3280
2760 3404 2835 3292
2803 2985 3281 3114
2792 3520 2931 3141
3143 3382 2920 3042
3055 3214 2998 3156
2853 3185 3261 3092
3034 3247 2913 3239
2914 3446 3166 3033
3055 3003 2924 3341
3074 3129 3009 3169
2977 3372 3084 3245
3013 3319 3116 3043
2968 3394 3046 3227
2717 3528 3093 3052
2748 3188 3264 3034
3003 3356 2840 3204
2949 3435 3054 2976
2890 3387 3024 3271
2898 3191 3130 3307
2731 3468 3150 3133
2695 3326 3005 3395
2829 3420 2966 3156
2882 3514 3144 3085
2693 3481 2789 3175
3153 3148 2927 3159
3173 3295 3127 3141
2911 3415 3164 3039
2822 3219 3252 3065
3099 3543 3043 3125
2771 3122 3254 3095
2731 3468 3150 3133
3017 3252 3096 3242
2975 3275 3205 3033
3041 3045 2995 3190
3049 3242 3220 3002
3043 3212 3157 3125
2949 3435 3054 2976
3079 3282 2967 3156
2977 3372 3084 3245
2889 3247 3078 3285
3035 3483 3131 2949
2863 3263 3258 2876
2999 3273 3201 3110
2986 3308 2954 3257
2863 3263 3258 2876
2975 3275 3205 3033
2818 3471 2890 3179
2986 3308 2954 3257
3028 3352 3063 3049
3055 3003 2924 3341
2931 3261 3080 3249
2970 3249 3235 2917
2693 3481 2789 3175
2973 3238 3146 3130
2945 3298 3221 3242
3000 3181 2969 3268
2904 3332 3207 3176
2905 3393 2901 3272
2955 3201 3077 3246
2886 3429 3124 3041
2990 3275 3261 2857
2838 3093 3316 2971
3037 2972 2963 3208
3127 3403 2993 2849
3003 3356 2840 3204
3118 3176 2943 3169
2905 3393 2901 3272
2871 3413 3163 3172
2886 3458 3105 3016
2760 3404 2835 3292
2983 3311 3033 3210
2992 3288 3184 3017
2983 3311 3033 3210
2714 3383 3195 3104
2845 3347 3077 3267
3267 2982 2899 2945
2845 3347 3077 3267
2973 3238 3146 3130
2964 3349 3197 3170
3023 3344 2961 3203
2973 3238 3146 3130
2914 3446 3166 3033
3022 3141 2973 3177
2993 3461 2956 3241
2868 3245 3223 3067
2915 3158 3178 3279
3043 3249 2887 3219
2914 3041 2992 3378
2889 3437 2958 3148
2792 3520 2931 3141
2966 3304 2796 3265
2915 3158 3178 3279
2983 3311 3033 3210
2778 3195 3272 3023
3143 3382 2920 3042
3014 3302 3096 3224
2931 3261 3080 3249
2760 3404 2835 3292
2965 3352 3036 3358
3081 3350 3102 3021
3028 3300 2949 3315
2986 3308 2954 3257
2949 3435 3054 2976
2756 3340 3115 3280
2999 3273 3201 3110
2886 3458 3105 3016
2822 3219 3252 3065
2724 3241 3259 3087
3022 3141 2973 3177
2644 2931 2967 3402
2822 3219 3252 3065
3074 3129 3009 3169
3099 3543 3043 3125
2681 3188 3137 3321
3055 3214 2998 3156
3013 3319 3116 3043
3130 3248 3196 3022
2771 3122 3254 3095
2867 3010 3242 3116
3028 3300 2949 3315
3055 3003 2924 3341
2771 3122 3254 3095
2750 3539 3156 2959
2838 3101 3076 3310
2668 3472 3075 3138
2905 3393 2901 3272
3003 3356 2840 3204
3035 3483 3131 2949
3001 3335 3229 2914
2915 3158 3178 3279
2915 3158 3178 3279
2894 3463 2864 3170
2886 3429 3124 3041
3118 3176 2943 3169
2949 3435 3054 2976
2717 3528 3093 3052
2925 3299 3218 2942
3001 3289 3038 3226
2891 3428 3243 3011
2822 3219 3252 3065
2778 3195 3272 3023
2931 3261 3080 3249
3049 3242 3220 3002
2949 3435 3054 2976
2838 3101 3076 3310
2958 3354 3106 3002
3000 3181 2969 3268
2792 3520 2931 3141
2898 3191 3130 3307
2890 3387 3024 3271
2904 3332 3207 3176
2886 3458 3105 3016
3041 3045 2995 3190
2756 3340 3115 3280
2905 3257 2913 3406
2784 3171 3301 3044
3041 3045 2995 3190
2998 3412 3054 3077
3022 3141 2973 3177
3043 3212 3157 3125
3028 3352 3063 3049
3001 3289 3038 3226
2911 3415 3164 3039
2966 3081 3269 3054
2992 3288 3184 3017
3022 3141 2973 3177
2724 3241 3259 3087
2681 3188 3137 3321
3099 3543 3043 3125
2731 3468 3150 3133
2760 3404 2835 3292
3034 3247 2913 3239
3043 3249 2887 3219
3041 3045 2995 3190
3041 3045 2995 3190
3074 3129 3009 3169
2983 3311 3033 3210
3043 3212 3157 3125
3014 3302 3096 3224
2867 3010 3242 3116
2714 3383 3195 3104
2838 3101 3076 3310
2986 3308 2954 3257
3024 3117 3025 3251
2894 3463 2864 3170
2819 3314 2989 3372
3034 3247 2913 3239
3000 3196 3202 3095
3047 2916 3058 3252
3035 3483 3131 2949
2970 3097 3013 3261
2970 3097 3013 3261
2985 3040 3083 3335
2905 3393 2901 3272
2894 3463 2864 3170
2695 3326 3005 3395
2724 3241 3259 3087
2890 3387 3024 3271
2724 3241 3259 3087
2838 3101 3076 3310
3042 3327 3155 2963
2905 3257 2913 3406
2886 3458 3105 3016
3082 3194 3210 2930
3004 3443 2939 3126
2886 3458 3105 3016
3153 3148 2927 3159
3004 3443 2939 3126
3143 3382 2920 3042
2839 3014 3247 3101
2714 3383 3195 3104
2771 3122 3254 3095
2970 3097 3013 3261
2966 3322 3191 3092
2818 3471 2890 3179
2990 3275 3261 2857
2966 3304 2796 3265
3173 3295 3127 3141
2882 3514 3144 3085
2931 3261 3080 3249
2935 3492 3102 2959
2886 3458 3105 3016
2710 3243 3285 3094
3037 2972 2963 3208
2975 3275 3205 3033
2863 3263 3258 2876
2845 3347 3077 3267
2886 3429 3124 3041
3001 3335 3229 2914
3031 3416 2712 3212
2853 3185 3261 3092
2966 3304 2796 3265
2931 3261 3080 3249
2838 3101 3076 3310
2863 3263 3258 2876
2695 3326 3005 3395
2853 3185 3261 3092
2970 3105 3171 3153
2695 3326 3005 3395
3079 3282 2967 3156
2973 3238 3146 3130
2668 3472 3075 3138
3028 3352 3063 3049
2717 3528 3093 3052
2945 3298 3221 3242
3153 3148 2927 3159
3074 3129 3009 3169
2644 2931 2967 3402
2983 3311 3033 3210
2818 3471 2890 3179
2822 3219 3252 3065
2853 3185 3261 3092
2968 3394 3046 3227
3000 3196 3202 3095
3017 3252 3096 3242
2988 3379 3074 3168
3130 3248 3196 3022
3130 3248 3196 3022
2896 3353 3092 3194
2771 3122 3254 3095
2724 3241 3259 3087
2970 3097 3013 3261
3028 3352 3063 3049
3127 3403 2993 2849
2787 2981 3227 3144
2992 3288 3184 3017
2993 3461 2956 3241
2882 3514 3144 3085
3031 3416 2712 3212
2889 3437 2958 3148
3003 3356 2840 3204
3130 3248 3196 3022
2822 3219 3252 3065
3001 3335 3229 2914
2668 3472 3075 3138
3031 3416 2712 3212
3049 3242 3220 3002
2914 3446 3166 3033
2966 3304 2796 3265
3035 3483 3131 2949
2838 3101 3076 3310
2724 3241 3259 3087
3143 3382 2920 3042
2970 3249 3235 2917
3017 3252 3096 3242
2845 3347 3077 3267
2970 3105 3171 3153
3039 3185 3069 3165
2886 3458 3105 3016
2818 3471 2890 3179
2693 3481 2789 3175
2915 3158 3178 3279
2911 3415 3164 3039
3041 3045 2995 3190
2736 3016 3279 3128
2894 3463 2864 3170
2966 3322 3191 3092
2695 3326 3005 3395
2653 3145 3312 3116
2644 2931 2967 3402
2999 3273 3201 3110
3000 3181 2969 3268
2915 3158 3178 3279
2958 3354 3106 3002
3013 3319 3116 3043
3035 3483 3131 2949
2919 3420 3118 3092
3031 3416 2712 3212
2898 3191 3130 3307
2803 2985 3281 3114
2822 3219 3252 3065
2771 3122 3254 3095
2803 2985 3281 3114
2965 3352 3036 3358
2958 3354 3106 3002
2736 3016 3279 3128
3000 3181 2969 3268
2966 3304 2796 3265
2988 3379 3074 3168
3097 3328 2863 3220
2894 3310 3157 3181
2867 3010 3242 3116
2985 3040 3083 3335
2760 3404 2835 3292
3028 3352 3063 3049
2896 3353 3092 3194
3049 3242 3220 3002
2778 3195 3272 3023
2644 2931 2967 3402
2966 3304 2796 3265
2958 3354 3106 3002
2819 3314 2989 3372
3042 3327 3155 2963
2882 3514 3144 3085
2985 3040 3083 3335
2966 3304 2796 3265
2993 3461 2956 3241
2787 2981 3227 3144
2668 3472 3075 3138
2898 3191 3130 3307
2681 3188 3137 3321
2966 3081 3269 3054
3028 3352 3063 3049
2736 3016 3279 3128
2838 3093 3316 2971
2905 3393 2901 3272
2904 3332 3207 3176
2986 3308 2954 3257
3143 3382 2920 3042
2722 3574 2960 3086
2845 3347 3077 3267
3081 3350 3102 3021
3082 3194 3210 2930
3143 3382 2920 3042
2681 3188 3137 3321
2968 3394 3046 3227
3074 3129 3009 3169
2748 3188 3264 3034
2886 3458 3105 3016
3022 3141 2973 3177
2914 3446 3166 3033
3028 3352 3063 3049
3024 3117 3025 3251
2867 3010 3242 3116
3055 3214 2998 3156
2863 3263 3258 2876
2970 3097 3013 3261
2988 3379 3074 3168
2838 3093 3316 2971
3097 3328 2863 3220
3023 3344 2961 3203
3153 3148 2927 3159
2681 3188 3137 3321
3143 3382 2920 3042
3035 3483 3131 2949
2736 3016 3279 3128
2992 3288 3184 3017
2737 3367 2960 3428
3041 3045 2995 3190
3034 3247 2913 3239
3153 3148 2927 3159
2717 3528 3093 3052
2695 3326 3005 3395
3000 3196 3202 3095
3023 3344 2961 3203
2839 3014 3247 3101
2886 3429 3124 3041
3043 3212 3157 3125
2891 3428 3243 3011
2717 3528 3093 3052
2778 3195 3272 3023
2965 3352 3036 3358
2970 3097 3013 3261
2970 3105 3171 3153
3097 3328 2863 3220
2990 3275 3261 2857
2845 3347 3077 3267
2925 3299 3218 2942
2862 3294 3138 3256
2871 3413 3163 3172
3097 3328 2863 3220
3000 3196 3202 3095
3023 3344 2961 3203
2819 3314 2989 3372
2710 3243 3285 3094
2966 3322 3191 3092
2737 3367 2960 3428
2681 3188 3137 3321
2915 3158 3178 3279
3000 3196 3202 3095
2756 3340 3115 3280
3127 3403 2993 2849
2914 3446 3166 3033
3031 3416 2712 3212
2894 3463 2864 3170
2966 3081 3269 3054
2668 3472 3075 3138
3028 3300 2949 3315
2736 3016 3279 3128
2865 3135 3241 3109
2839 3014 3247 3101
2853 3185 3261 3092
3074 3129 3009 3169
3022 3141 2973 3177
3041 3045 2995 3190
3017 3252 3096 3242
2985 3040 3083 3335
2750 3539 3156 2959
3081 3350 3102 3021
2905 3257 2913 3406
3035 3483 3131 2949
2710 3243 3285 3094
3074 3129 3009 3169
2898 3191 3130 3307
2760 3404 2835 3292
2695 3326 3005 3395
2949 3435 3054 2976
3143 3382 2920 3042
2966 3322 3191 3092
2653 3145 3312 3116
3001 3335 3229 2914
3143 3382 2920 3042
2810 3327 3223 3195
2731 3468 3150 3133
2863 3263 3258 2876
2867 3010 3242 3116
2778 3195 3272 3023
2966 3304 2796 3265
2863 3263 3258 2876
2681 3188 3137 3321
2882 3514 3144 3085
2853 3185 3261 3092
3036 3231 2768 3229
3127 3403 2993 2849
2736 3016 3279 3128
2722 3574 2960 3086
2863 3263 3258 2876
2949 3435 3054 2976
2958 3354 3106 3002
3055 3003 2924 3341
3055 3003 2924 3341
2970 3249 3235 2917
3130 3248 3196 3022
3001 3335 3229 2914
2819 3314 2989 3372
2737 3367 2960 3428
3118 3176 2943 3169
3036 3231 2768 3229
2737 3367 2960 3428
2722 3574 2960 3086
2838 3101 3076 3310
2966 3322 3191 3092
3153 3148 2927 3159
3267 2982 2899 2945
3031 3416 2712 3212
2898 3191 3130 3307
3130 3248 3196 3022
2748 3188 3264 3034
2886 3429 3124 3041
3031 3416 2712 3212
3004 3443 2939 3126
2970 3097 3013 3261
2792 3520 2931 3141
2867 3010 3242 3116
3039 3185 3069 3165
3031 3416 2712 3212
3003 3356 2840 3204
3118 3176 2943 3169
2778 3195 3272 3023
3082 3194 3210 2930
3028 3352 3063 3049
2771 3122 3254 3095
3153 3148 2927 3159
2756 3340 3115 3280
2845 3347 3077 3267
2822 3219 3252 3065
3097 3328 2863 3220
2681 3188 3137 3321
2911 3415 3164 3039
2784 3171 3301 3044
2966 3081 3269 3054
3097 3328 2863 3220
3097 3328 2863 3220
2894 3310 3157 3181
3028 3300 2949 3315
2999 3273 3201 3110
3082 3194 3210 2930
2999 3273 3201 3110
2966 3304 2796 3265
2911 3174 3108 3253
3000 3181 2969 3268
2681 3188 3137 3321
2653 3145 3312 3116
2822 3219 3252 3065
2778 3195 3272 3023
2871 3413 3163 3172
2965 3352 3036 3358
3105 3347 3015 2954
2845 3347 3077 3267
2871 3413 3163 3172
3143 3382 2920 3042
2889 3437 2958 3148
2803 2985 3281 3114
2760 3404 2835 3292
3127 3403 2993 2849
2914 3041 2992 3378
2805 3213 2935 3381
2985 3040 3083 3335
3099 3543 3043 3125
3153 3148 2927 3159
2992 3288 3184 3017
3036 3231 2768 3229
2774 3138 3283 3074
2863 3263 3258 2876
3028 3352 3063 3049
2949 3435 3054 2976
2737 3367 2960 3428
3043 3249 2887 3219
2911 3415 3164 3039
2760 3404 2835 3292
3036 3231 2768 3229
2778 3195 3272 3023
2839 3014 3247 3101
2863 3263 3258 2876
2737 3367 2960 3428
2966 3304 2796 3265
3097 3328 2863 3220
2966 3304 2796 3265
3143 3382 2920 3042
2935 3492 3102 2959
2724 3241 3259 3087
2784 3171 3301 3044
2949 3435 3054 2976
3143 3382 2920 3042
2993 3461 2956 3241
2935 3492 3102 2959
2890 3387 3024 3271
2931 3261 3080 3249
2853 3185 3261 3092
2970 3105 3171 3153
2731 3468 3150 3133
2973 3238 3146 3130
2717 3528 3093 3052
2983 3311 3033 3210
2818 3471 2890 3179
2829 3420 2966 3156
2968 3394 3046 3227
3000 3196 3202 3095
3017 3252 3096 3242
2949 3435 3054 2976
3130 3248 3196 3022
2896 3353 3092 3194
3003 3356 2840 3204
2724 3241 3259 3087
2710 3243 3285 3094
2886 3458 3105 3016
3143 3382 2920 3042
2839 3014 3247 3101
2771 3122 3254 3095
2990 3275 3261 2857
2911 3415 3164 3039
3173 3295 3127 3141
2935 3492 3102 2959
2970 3097 3013 3261
3037 2972 2963 3208
2975 3275 3205 3033
2863 3263 3258 2876
2845 3347 3077 3267
2886 3429 3124 3041
2693 3481 2789 3175
2853 3185 3261 3092
2771 3122 3254 3095
3143 3382 2920 3042
2653 3145 3312 3116
2999 3273 3201 3110
2915 3158 3178 3279
2792 3520 2931 3141
2803 2985 3281 3114
3031 3416 2712 3212
2822 3219 3252 3065
2894 3463 2864 3170
2965 3352 3036 3358
2958 3354 3106 3002
2736 3016 3279 3128
2756 3340 3115 3280
3097 3328 2863 3220
2894 3310 3157 3181
2867 3010 3242 3116
2985 3040 3083 3335
2724 3241 3259 3087
2992 3288 3184 3017
2968 3394 3046 3227
2889 3437 2958 3148
3003 3356 2840 3204
2822 3219 3252 3065
2668 3472 3075 3138
2977 3372 3084 3245
3055 3003 2924 3341
2905 3257 2913 3406
3143 3382 2920 3042
2845 3347 3077 3267
3039 3185 3069 3165
2853 3185 3261 3092
2693 3481 2789 3175
3055 3214 2998 3156
3041 3045 2995 3190
3013 3319 3116 3043
2904 3332 3207 3176
3028 3300 2949 3315
2756 3340 3115 3280
2999 3273 3201 3110
2724 3241 3259 3087
3022 3141 2973 3177
2822 3219 3252 3065
3099 3543 3043 3125
2760 3404 2835 3292
2867 3010 3242 3116
2970 3249 3235 2917
2931 3261 3080 3249
2771 3122 3254 3095
2750 3539 3156 2959
2838 3101 3076 3310
2668 3472 3075 3138
3001 3335 3229 2914
2914 3446 3166 3033
3118 3176 2943 3169
3037 2972 2963 3208
2714 3383 3195 3104
3267 2982 2899 2945
2973 3238 3146 3130
2990 3275 3261 2857
2973 3238 3146 3130
2915 3158 3178 3279
2868 3245 3223 3067
2792 3520 2931 3141
2915 3158 3178 3279
2983 3311 3033 3210
2778 3195 3272 3023
3143 3382 2920 3042
3014 3302 3096 3224
3024 3117 3025 3251
2731 3468 3150 3133
2760 3404 2835 3292
3034 3247 2913 3239
3014 3302 3096 3224
2867 3010 3242 3116
2714 3383 3195 3104
2986 3308 2954 3257
3022 3141 2973 3177
3000 3196 3202 3095
3047 2916 3058 3252
3035 3483 3131 2949
2905 3393 2901 3272
2890 3387 3024 3271
2724 3241 3259 3087
3042 3327 3155 2963
2890 3387 3024 3271
2894 3463 2864 3170
3055 3003 2924 3341
2949 3435 3054 2976
2931 3261 3080 3249
2975 3275 3205 3033
2958 3354 3106 3002
3000 3181 2969 3268
2792 3520 2931 3141
2760 3404 2835 3292
2999 3273 3201 3110
2998 3412 3054 3077
3043 3212 3157 3125
3028 3352 3063 3049
3035 3483 3131 2949
2977 3372 3084 3245
2966 3081 3269 3054
2748 3188 3264 3034
3130 3248 3196 3022
2819 3314 2989 3372
3118 3176 2943 3169
2992 3288 3184 3017
3153 3148 2927 3159
3267 2982 2899 2945
2681 3188 3137 3321
3130 3248 3196 3022
2737 3367 2960 3428
3031 3416 2712 3212
2970 3097 3013 3261
2911 3174 3108 3253
2867 3010 3242 3116
3039 3185 3069 3165
3031 3416 2712 3212
3003 3356 2840 3204
3118 3176 2943 3169
2863 3263 3258 2876
2966 3322 3191 3092
3001 3335 3229 2914
3143 3382 2920 3042
2810 3327 3223 3195
2905 3393 2901 3272
2863 3263 3258 2876
3003 3356 2840 3204
2966 3304 2796 3265
2778 3195 3272 3023
2681 3188 3137 3321
3153 3148 2927 3159
3036 3231 2768 3229
2736 3016 3279 3128
2863 3263 3258 2876
2958 3354 3106 3002
3055 3003 2924 3341
2839 3014 3247 3101
2760 3404 2835 3292
2653 3145 3312 3116
3153 3148 2927 3159
2992 3288 3184 3017
2988 3379 3074 3168
2760 3404 2835 3292
2695 3326 3005 3395
2778 3195 3272 3023
3105 3347 3015 2954
2863 3263 3258 2876
2966 3304 2796 3265
3143 3382 2920 3042
2935 3492 3102 2959
2653 3145 3312 3116
2949 3435 3054 2976
2784 3171 3301 3044
3082 3194 3210 2930
2771 3122 3254 3095
2970 3105 3171 3153
2756 3340 3115 3280
2845 3347 3077 3267
3105 3347 3015 2954
2911 3415 3164 3039
3143 3382 2920 3042
2894 3310 3157 3181
3028 3300 2949 3315
3082 3194 3210 2930
2999 3273 3201 3110
2966 3304 2796 3265
2778 3195 3272 3023
2965 3352 3036 3358
3035 3483 3131 2949
3028 3352 3063 3049
2970 3097 3013 3261
2988 3379 3074 3168
2838 3093 3316 2971
3153 3148 2927 3159
2681 3188 3137 3321
3039 3185 3069 3165
2914 3446 3166 3033
2736 3016 3279 3128
2977 3372 3084 3245
2737 3367 2960 3428
3041 3045 2995 3190
3153 3148 2927 3159
2717 3528 3093 3052
2919 3420 3118 3092
2760 3404 2835 3292
2898 3191 3130 3307
3004 3443 2939 3126
3049 3242 3220 3002
2778 3195 3272 3023
2968 3394 3046 3227
2819 3314 2989 3372
2882 3514 3144 3085
2966 3304 2796 3265
2993 3461 2956 3241
2839 3014 3247 3101
2681 3188 3137 3321
2966 3081 3269 3054
2889 3437 2958 3148
2905 3393 2901 3272
2986 3308 2954 3257
2722 3574 2960 3086
3024 3117 3025 3251
2750 3539 3156 2959
2894 3463 2864 3170
2966 3081 3269 3054
2865 3135 3241 3109
3074 3129 3009 3169
3022 3141 2973 3177
2693 3481 2789 3175
2985 3040 3083 3335
2905 3257 2913 3406
2710 3243 3285 3094
3074 3129 3009 3169
2898 3191 3130 3307
2760 3404 2835 3292
3036 3231 2768 3229
2871 3413 3163 3172
2886 3429 3124 3041
2894 3310 3157 3181
2891 3428 3243 3011
2717 3528 3093 3052
2965 3352 3036 3358
2829 3420 2966 3156
2925 3299 3218 2942
2862 3294 3138 3256
2871 3413 3163 3172
3097 3328 2863 3220
3000 3196 3202 3095
3023 3344 2961 3203
2737 3367 2960 3428
3000 3196 3202 3095
3239 3260 3100 3092
2644 2931 2967 3402
3082 3194 3210 2930
2644 2931 2967 3402
2986 3308 2954 3257
2998 3412 3054 3077
3127 3403 2993 2849
3074 3129 3009 3169
2839 3014 3247 3101
2717 3528 3093 3052
2778 3195 3272 3023
2853 3185 3261 3092
2863 3263 3258 2876
2914 3446 3166 3033
2966 3304 2796 3265
2966 3322 3191 3092
3017 3252 3096 3242
2966 3304 2796 3265
3074 3129 3009 3169
2695 3326 3005 3395
2919 3420 3118 3092
2838 3093 3316 2971
3013 3319 3116 3043
3022 3141 2973 3177
2889 3437 2958 3148
2965 3352 3036 3358
2760 3404 2835 3292
3001 3335 3229 2914
3034 3247 2913 3239
2985 3040 3083 3335
2890 3290 3056 3113
