10829 99.487
3955 3276 3357
3222 4029 3262
3298 3356 3787
3442 3921 3519
3287 3764 3635
3837 3551 3459
3649 3527 3665
3826 3799 3274
3239 3975 3391
3210 3877 3590
3687 3351 3667
3874 3509 3457
3553 3325 3716
3778 3600 3516
3761 3792 3380
3666 3940 3157
3210 3877 3590
3807 3821 3148
3100 3709 3694
3761 3792 3380
3464 3907 3487
3462 3840 3519
3777 3448 3612
3918 3403 3409
3317 3704 3693
3827 3369 3552
3728 3899 3221
3272 3963 3433
3606 3423 3674
3845 3406 3525
3276 3795 3632
3777 3862 3195
3183 3951 3489
3558 3693 3600
3600 3727 3567
3890 3634 3257
3285 3590 3753
3722 3671 3522
3718 3731 3478
3590 3946 3231
3163 3825 3624
3819 3715 3322
3687 3351 3667
3830 3681 3341
3666 3940 3157
3248 3908 3534
3738 3398 3623
3868 3700 3147
3272 3683 3726
3792 3389 3581
3728 3899 3221
3660 3855 3359
3437 3846 3552
3850 3754 3171
3198 3803 3636
3728 3899 3221
3381 3899 3545
3361 3889 3564
3716 3264 3625
3927 3373 3471
3647 3351 3698
3833 3528 3493
3777 3862 3195
3477 4010 3212
3159 3797 3652
3795 3623 3470
3647 3351 3698
3783 3688 3426
3471 3950 3382
3626 3747 3536
3729 3635 3548
3918 3545 3306
3437 3272 3751
3777 3448 3612
3687 3830 3425
3578 3905 3366
3492 3769 3587
3870 3671 3293
3687 3351 3667
3850 3754 3171
3477 4010 3212
3288 3861 3601
3687 3351 3667
3862 3472 3468
3503 3164 3729
3754 3617 3517
3761 3792 3380
3666 3940 3157
3288 3861 3601
3828 3776 3160
3237 3792 3663
3739 3861 3234
3553 3839 3518
3442 3921 3519
3777 3448 3612
3882 3654 3219
3187 3720 3686
3792 3389 3581
3666 3940 3157
3122 3932 3505
3453 3745 3649
3868 3402 3516
3535 3617 3647
3807 3821 3148
3321 3965 3409
3630 3693 3567
3662 3693 3515
3890 3634 3257
3260 3691 3715
3680 3761 3443
3762 3635 3508
3584 3971 3119
3186 3819 3629
3817 3688 3375
3647 3351 3698
3817 3688 3375
3628 3955 3140
2974 3905 3538
3716 3264 3625
3868 3700 3147
3527 3216 3724
3799 3376 3575
3718 3842 3257
3728 3899 3221
3563 3767 3539
3868 3700 3147
3163 3825 3624
3738 3867 3220
3183 3951 3489
3534 3728 3618
3587 3700 3585
3888 3540 3384
3400 3630 3708
3827 3369 3552
3728 3899 3221
3045 3991 3418
3237 3792 3663
3827 3481 3533
3433 3622 3709
3780 3778 3314
3555 3915 3406
3610 3815 3500
3777 3448 3612
3948 3336 3401
3418 3506 3769
3777 3448 3612
3643 3821 3437
3532 3906 3433
3384 3788 3603
3861 3642 3357
3670 3362 3652
3828 3761 3141
3545 3993 3092
3210 3877 3590
3699 3327 3629
3889 3457 3476
3647 3351 3698
3808 3571 3490
3795 3828 3183
3728 3899 3221
3381 3899 3545
3777 3862 3195
3216 3742 3685
3687 3830 3425
3390 3879 3545
3361 3889 3564
3733 3256 3624
3898 3559 3315
3279 3653 3718
3799 3376 3575
3728 3899 3221
3183 3957 3457
3582 3598 3662
3845 3406 3525
3410 3745 3631
3777 3862 3195
3183 3957 3457
3599 3694 3588
3626 3747 3536
3890 3634 3257
3394 3535 3733
3751 3674 3510
3750 3733 3406
3628 3955 3140
3298 3827 3612
3837 3728 3261
3687 3351 3667
3841 3708 3260
3666 3940 3157
3280 3928 3522
3722 3398 3624
3850 3754 3171
3316 3626 3730
3777 3448 3612
3637 3875 3390
3589 3883 3422
3318 3844 3584
3850 3754 3171
3237 3792 3663
3777 3862 3195
