341906 2460.13
2781 3217 3276 3115
2636 3109 2883 3347
2636 3109 2883 3347
3241 3139 2988 3062
3025 3040 3175 3133
2814 3565 2880 3084
3148 3459 2895 2933
3053 3154 2704 3261
2814 3565 2880 3084
2636 3109 2883 3347
2892 3434 2987 3215
3029 3289 2771 3209
3048 3220 2705 3168
2828 3486 3003 3113
2636 3109 2883 3347
2729 3312 3036 3277
2873 3489 3060 3094
2688 3257 2954 3291
2893 3537 2953 3035
2910 3262 3141 3156
2954 3242 3245 2984
2994 3218 2991 3314
3000 3131 3154 3027
2976 3067 3161 3142
2688 3257 2954 3291
3100 3162 2917 3187
2873 3489 3060 3094
2805 3490 2885 3196
2893 3537 2953 3035
2826 3362 3245 2988
3060 3198 2807 3235
3127 3132 3073 3289
3002 3324 2926 3240
2970 3232 3065 3184
2766 3300 3168 3197
3000 3131 3154 3027
2994 3218 2991 3314
3055 3394 3062 3060
3127 3132 3073 3289
3125 3331 3021 3164
3159 3314 3072 3091
2949 3214 3228 2989
2976 3067 3161 3142
2994 3218 2991 3314
3152 3160 3160 2953
2636 3109 2883 3347
3093 3456 3015 3166
2951 3224 3211 3134
2774 3293 3246 3034
2949 3214 3228 2989
3093 3456 3015 3166
3125 3331 3021 3164
3193 3369 3030 3134
2729 3312 3036 3277
3029 3289 2771 3209
2826 3362 3245 2988
2958 3276 3125 3122
3193 3369 3030 3134
3060 3198 2807 3235
3017 3189 3097 3006
2986 3302 3122 2953
3000 3131 3154 3027
2945 3404 3032 3113
3060 3198 2807 3235
2909 3286 3150 3111
3203 3151 3060 2934
3060 3198 2807 3235
3226 3254 2833 3051
3002 3324 2926 3240
3226 3254 2833 3051
3148 3459 2895 2933
2954 3242 3245 2984
3051 3235 3079 2942
3053 3154 2704 3261
3044 3173 3083 3241
2729 3312 3036 3277
2949 3214 3228 2989
2952 3282 3033 3171
3010 3142 3149 3208
3017 3189 3097 3006
3055 3394 3062 3060
2986 3302 3122 2953
2958 3276 3125 3122
3100 3162 2917 3187
2802 3158 3173 3141
2636 3109 2883 3347
2892 3434 2987 3215
2754 3303 3224 3102
3053 3154 2704 3261
2805 3490 2885 3196
3241 3139 2988 3062
2954 3242 3245 2984
2754 3303 3224 3102
3044 3173 3083 3241
3002 3324 2926 3240
3226 3254 2833 3051
3226 3254 2833 3051
3241 3139 2988 3062
2968 3475 3214 3047
2976 3067 3161 3142
3093 3456 3015 3166
2754 3303 3224 3102
2893 3537 2953 3035
2768 3170 3131 3223
3044 3173 3083 3241
2968 3475 3214 3047
3060 3198 2807 3235
2729 3312 3036 3277
2958 3276 3125 3122
2951 3224 3211 3134
2905 3296 3065 3113
2774 3293 3246 3034
3241 3139 2988 3062
3226 3254 2833 3051
2951 3224 3211 3134
3017 3189 3097 3006
2826 3362 3245 2988
2954 3242 3245 2984
2968 3475 3214 3047
3203 3151 3060 2934
3100 3162 2917 3187
3044 3173 3083 3241
2910 3262 3141 3156
2893 3537 2953 3035
2636 3109 2883 3347
2805 3490 2885 3196
2893 3537 2953 3035
3044 3173 3083 3241
2802 3158 3173 3141
2951 3224 3211 3134
2970 3232 3065 3184
3152 3160 3160 2953
3193 3369 3030 3134
2905 3296 3065 3113
3193 3369 3030 3134
3044 3173 3083 3241
3152 3160 3160 2953
3100 3162 2917 3187
2814 3565 2880 3084
3053 3154 2704 3261
3152 3160 3160 2953
2951 3224 3211 3134
2893 3537 2953 3035
3152 3160 3160 2953
2688 3257 2954 3291
3159 3314 3072 3091
2986 3302 3122 2953
3127 3132 3073 3289
2951 3224 3211 3134
3060 3198 2807 3235
3060 3198 2807 3235
2805 3490 2885 3196
2805 3490 2885 3196
3029 3289 2771 3209
3093 3456 3015 3166
2909 3286 3150 3111
2954 3242 3245 2984
2893 3537 2953 3035
3025 3040 3175 3133
3193 3369 3030 3134
3203 3151 3060 2934
2893 3537 2953 3035
3002 3324 2926 3240
2805 3490 2885 3196
3203 3151 3060 2934
2688 3257 2954 3291
2892 3434 2987 3215
3055 3394 3062 3060
3029 3289 2771 3209
3051 3235 3079 2942
3226 3254 2833 3051
2729 3312 3036 3277
3010 3142 3149 3208
2781 3217 3276 3115
3025 3040 3175 3133
3017 3189 3097 3006
2768 3170 3131 3223
3226 3254 2833 3051
3025 3040 3175 3133
2958 3276 3125 3122
2994 3218 2991 3314
2951 3224 3211 3134
2892 3434 2987 3215
3053 3154 2704 3261
2805 3490 2885 3196
2688 3257 2954 3291
2781 3217 3276 3115
2986 3302 3122 2953
2814 3565 2880 3084
3060 3198 2807 3235
3000 3131 3154 3027
3125 3331 3021 3164
2905 3296 3065 3113
2805 3490 2885 3196
3203 3151 3060 2934
3053 3154 2704 3261
2688 3257 2954 3291
2636 3109 2883 3347
3125 3331 3021 3164
3127 3132 3073 3289
3193 3369 3030 3134
3148 3459 2895 2933
2805 3490 2885 3196
2976 3067 3161 3142
2688 3257 2954 3291
2976 3067 3161 3142
2954 3242 3245 2984
3226 3254 2833 3051
2814 3565 2880 3084
2893 3537 2953 3035
2768 3170 3131 3223
2636 3109 2883 3347
2802 3158 3173 3141
3152 3160 3160 2953
3193 3369 3030 3134
3226 3254 2833 3051
3051 3235 3079 2942
2905 3296 3065 3113
2892 3434 2987 3215
3100 3162 2917 3187
2826 3362 3245 2988
2805 3490 2885 3196
3152 3160 3160 2953
2873 3489 3060 3094
2986 3302 3122 2953
2893 3537 2953 3035
2951 3224 3211 3134
3100 3162 2917 3187
3093 3456 3015 3166
3029 3289 2771 3209
2636 3109 2883 3347
3053 3154 2704 3261
2954 3242 3245 2984
2814 3565 2880 3084
3002 3324 2926 3240
3226 3254 2833 3051
2768 3170 3131 3223
3193 3369 3030 3134
3127 3132 3073 3289
3125 3331 3021 3164
3048 3220 2705 3168
2958 3276 3125 3122
3226 3254 2833 3051
3203 3151 3060 2934
2805 3490 2885 3196
2905 3296 3065 3113
2828 3486 3003 3113
3241 3139 2988 3062
3226 3254 2833 3051
2951 3224 3211 3134
2986 3302 3122 2953
2729 3312 3036 3277
