25052 2041.42
28961 26363
26660 28876
26859 28762
28853 26632
28949 26377
26806 28803
26846 28780
27026 28666
27634 28167
28152 27628
26660 28876
26704 28862
28726 26878
27037 28657
28683 26938
28946 26417
28350 27395
27168 28549
27192 28543
27670 28136
27796 28016
26717 28840
27675 28125
28100 27687
28165 27606
27239 28497
28793 26743
27196 28522
27738 28048
26950 28705
27760 28036
28419 27317
28397 27345
27271 28480
28914 26475
28665 26968
27709 28097
28881 26575
28889 26535
27521 28263
28092 27694
28126 27646
28870 26579
28000 27800
28729 26860
27594 28206
27614 28181
28802 26732
28934 26420
28174 27598
28333 27401
28081 27714
28473 27237
28765 26816
28325 27414
27002 28685
28200 27572
27823 27969
28454 27256
28386 27357
27216 28516
26976 28696
27864 27939
27846 27963
28290 27462
27132 28574
28371 27361
28768 26791
28787 26769
28577 27105
28521 27187
27958 27845
27461 28319
28057 27729
28430 27301
27071 28635
28908 26484
28930 26446
28626 27031
28665 26968
28648 26990
28709 26900
28643 27009
28750 26825
27645 28149
28022 27763
27329 28432
27308 28449
26889 28755
27056 28638
28465 27243
26981 28695
28542 27156
28113 27662
28865 26605
27726 28074
26947 28717
26925 28732
28486 27220
27692 28105
27159 28565
28057 27729
28043 27752
26925 28732
26904 28747
28010 27790
27910 27890
27893 27909
28895 26532
28501 27193
27482 28300
27969 27829
27986 27811
28561 27124
26704 28862
28926 26452
27745 28042
27864 27939
27875 27915
27614 28181
27809 27981
27929 27878
27392 28377
27101 28596
28248 27510
28236 27532
28283 27464
28687 26932
27124 28593
28363 27375
26764 28823
26786 28813
28043 27752
28311 27451
28022 27763
28596 27065
28616 27053
27559 28228
28834 26676
28840 26649
27392 28377
27376 28393
27409 28360
28434 27272
28823 26696
27002 28685
27440 28329
27461 28319
28626 27031
28616 27053
27910 27890
28787 26769
27440 28329
27424 28344
28865 26605
27424 28344
26846 28780
28738 26844
28834 26676
28823 26696
27339 28411
27329 28432
26786 28813
26806 28803
28267 27499
28248 27510
27090 28615
28583 27080
28709 26900
28693 26914
28840 26649
27846 27963
27572 28212
28113 27662
27559 28228
27376 28393
27594 28206
27354 28399
27572 28212
27645 28149
27780 28028
28811 26716
27780 28028
26722 28826
28223 27542
28591 27075
27503 28270
27491 28286
28811 26716
28130 27633
28208 27556
28319 27431
28311 27451
28181 27577
27308 28449
27291 28459
27354 28399
27339 28411
26747 28824
28768 26791
28419 27317
27969 27829
28552 27139
28521 27187
27216 28516
27125 28588
28903 26513
27812 27971
27540 28241
28267 27499
28279 27485
28498 27199
28490 27217
27503 28270
27803 27997
27274 28467
27291 28459
27692 28105
27986 27811
27939 27863
28738 26844
27159 28565
28184 27575
27879 27910
28577 27105
28753 26820
28279 27485
28211 27555
28906 26507
27239 28497
28537 27162
28561 27124
28552 27139
27947 27847
27939 27863
28693 26914
28643 27009
28648 26990
26889 28755
26904 28747
28236 27532
28397 27345
27092 28604
27491 28286
28319 27431
28537 27162
28010 27790
27929 27878
28363 27375
27803 27997
27090 28615
27718 28084
