897 271.574
26729 24830 25759 25281
26477 24988 25489 25644
26443 24475 25940 25720
25995 25167 26780 25281
25915 25393 26407 24842
25814 25729 26043 25239
25737 24891 26020 26156
25136 25282 26234 25828
25273 25583 26044 25613
25399 25336 26015 25826
25721 25550 26238 24898
25779 25257 26462 25350
25830 25547 26502 24930
25471 24962 26305 26113
26355 24655 25558 25841
26671 24819 25791 25455
25849 25075 26669 25454
25717 24957 26734 25420
26337 24563 26216 25653
25665 25677 26125 24987
25634 25211 26645 25573
26325 24600 25845 25729
25858 24705 26224 26129
26645 24958 25663 25340
26391 24992 25508 25684
25706 25116 26613 25473
26498 24519 25797 25726
26452 24683 25617 25720
25774 25247 26606 25449
25865 24863 26375 25913
26096 25215 26552 25043
25818 25600 26053 25316
25494 24744 26481 25887
25415 25461 26327 25659
25834 25595 26227 25024
25893 25039 26659 25335
26429 24910 25582 25600
26124 24506 26037 26101
25814 25729 26043 25239
26469 24842 25677 25536
25594 25389 26108 25810
25622 25111 26587 25616
25580 25616 26119 25560
25694 24881 26221 26072
25953 25359 26571 25149
26220 24517 25712 25952
25432 25171 26225 25971
25752 25475 26510 25384
26470 24639 25691 25712
25795 25533 26051 25563
26252 24738 25976 25929
26406 25160 26230 25095
25521 25192 26074 25958
26276 25314 25632 25591
26203 25377 26433 25192
26001 24577 26179 26030
26068 25482 26276 25156
26377 25402 25979 25122
26621 25091 25892 24967
25665 25677 26125 24987
26598 24676 25768 25462
26188 25218 26310 25399
26352 25177 25810 25229
26547 24939 25913 25073
26289 25295 26133 25497
26483 24623 25770 25618
25799 24721 26008 26102
26439 24477 25836 25767
25582 25560 26021 25678
25995 25167 26780 25281
26073 25496 25877 25646
26514 25174 25927 25108
25541 25057 26424 25976
26590 25066 25784 25251
26232 24760 25965 25890
25942 24769 26206 26022
26380 25342 26078 25174
26535 25112 26115 25004
25565 25174 26488 25618
25933 25347 26563 25241
26554 25118 25829 25287
26570 25077 26085 25068
25717 24957 26734 25420
25698 25002 26445 25804
26284 25510 26148 25278
26062 24645 26198 25923
25699 24900 26085 26082
25992 24874 25926 25996
26295 24793 26032 25734
26260 25051 25862 25637
26448 25103 25573 25582
26036 25449 26276 25217
26040 24993 25992 25748
25809 24927 26281 26007
26617 24980 25820 25283
25963 25423 26146 25506
25738 25642 26232 25205
25993 25671 25981 25376
25744 25164 25771 26039
26729 24830 25759 25281
26621 25091 25892 24967
25506 25170 26086 26053
26316 24967 26183 25388
25548 24975 26380 25831
26387 25352 26147 25136
26193 24869 26340 25510
26357 25338 26257 24996
25874 25024 26354 25715
26454 24933 25914 25439
26168 24672 26061 26016
25929 24937 26333 25775
26400 25236 25779 25299
26217 24905 26516 25424
26075 25009 25818 25689
26149 25233 25741 25640
26022 24915 26295 25864
26013 25543 26387 25421
25738 25642 26232 25205
26368 25123 25840 25605
25881 24817 26414 25788
26024 25368 26431 25524
25947 24914 26139 25906
26304 24693 25900 25855
26174 25038 26360 25526
26007 25437 26057 25553
26488 25147 26075 25184
25547 25441 26392 25544
26432 25059 26102 25271
26150 25506 26197 25495
26148 25016 26537 25545
26002 25410 26170 25692
26117 25319 25931 25621
25972 25132 26322 25655
26384 25242 25730 25713
26263 24810 26092 25696
26261 25213 26211 25486
26529 25014 25992 25257
26290 24827 25870 25758
26103 24942 26269 25669
26211 25073 26161 25504
26265 25109 26289 25396
26477 24779 26073 25438
26306 24728 25750 25907
26302 24784 25898 25799
25998 24969 25801 26053
26186 24873 25718 25824
26226 25069 25965 25623
26242 25313 25895 25381
26093 25079 26172 25586
26302 24796 25978 25783
26161 24999 26279 25611
26393 24991 25560 25674
26175 25075 26246 25516
26029 24936 26540 25373
26053 24956 25759 25802
26109 25205 26006 25649
26576 24885 25763 25381
25984 25030 25950 25851
26521 24831 25832 25573
26166 24745 25655 26032
26099 24730 25981 25980
26122 25327 26101 25597
26151 25150 25723 25726
26429 25121 26026 25367
26151 25199 26028 25543
25984 25030 25950 25851
26242 24842 26085 25873
26236 25130 25779 25548
26234 24973 26063 25633
26127 25157 26108 25546
26198 24832 26114 25603
26170 24921 26176 25689
26322 24730 25873 25697
25885 24948 26314 25854
26309 24782 26000 25708
26050 25171 25714 25846
26166 24745 25655 26032
26306 24904 26265 25532
26403 24752 26230 25645
26224 24888 26095 25558
26227 24909 26025 25768
26136 25016 26150 25682
26275 25019 26165 25550
25985 24992 26229 25706
26037 25139 26259 25426
26032 25088 25799 25862
25851 25196 26070 25709
26235 25140 25865 25640
26273 25108 26275 25495
26179 24896 26173 25588
26207 24819 26104 25876
26119 24948 26021 25762
26046 25144 26237 25583
25961 25107 26099 25728
26179 24877 26136 25718
26124 25181 26239 25530
26197 25144 26135 25569
26321 24730 25905 25711
26179 24928 26065 25715
26047 24829 26319 25718
26136 25016 26150 25682
26181 25097 26243 25567
26202 25042 26069 25670
26275 24946 25905 25717
26126 25040 26415 25281
26125 25058 26203 25597
26006 25096 26085 25650
26248 25111 26094 25616
26275 25159 25994 25508
26274 25194 26241 25254
26275 25078 25805 25622
26322 25201 26114 25368
26120 25116 25998 25654
26037 25139 26259 25426
26261 25194 25764 25658
26400 25073 26007 25524
26032 25088 25799 25862
26202 25042 26069 25670
26207 24819 26104 25876
26124 25181 26239 25530
26181 25097 26243 25567
26099 24730 25981 25980
25961 25107 26099 25728
26119 24948 26021 25762
26322 25201 26114 25368
26446 24642 25643 25473
26418 24713 25734 25032
26263 24573 25893 25772
26185 24971 26251 25407
26179 24608 26035 25847
26177 24815 25630 25676
26032 25342 26062 25444
25638 25177 25966 25529
26379 24893 26038 25177
25828 24844 25916 25756
26124 24927 25870 25709
26351 25004 25887 25285
26287 25281 25985 25363
26231 24782 25729 25808
25936 24983 26136 25483
25952 24917 25721 25710
25832 24934 26169 25677
26058 24714 26152 25652
26098 25202 26075 25305
26154 25231 26068 25382
25981 24676 25934 25779
26074 25120 25897 25596
26163 24817 26188 25496
26157 25158 26137 25362
26367 24602 26219 25534
25991 24955 26049 25678
26091 25174 26008 25575
26022 25218 26220 25428
26049 25028 26079 25551
26147 24865 26112 25603
26214 25084 25911 25530
26090 24665 25926 25619
26102 25138 25946 25589
26187 25031 25963 25538
25974 24854 26035 25679
25946 24849 26151 25720
25953 25028 26042 25705
26113 25006 25989 25616
26167 25020 25883 25644
26028 25143 26111 25492
26118 25144 26232 25420
26265 25015 25983 25547
26176 25060 25914 25409
26212 24995 26072 25479
26264 25048 26182 25466
26139 24894 26148 25533
26147 25174 26165 25407
26168 25144 26027 25547
26164 24812 25922 25677
26137 25145 26036 25441
26224 24992 26038 25584
26264 25048 26182 25466
26269 25100 25932 25347
26259 24804 25610 25401
26138 24687 25618 25766
26120 25276 25884 25302
26029 24562 26048 25479
25976 24870 26184 25197
25886 25063 26069 25420
26065 24571 25890 25725
26132 24716 25808 25596
26065 25038 25742 25585
26261 24788 26182 25331
26210 24936 26006 25547
26055 25165 26033 25275
26199 25127 25915 25247
25889 24997 26035 25512
25953 24895 26033 25638
26102 25087 26117 25419
26123 24922 25712 25559
25977 25159 25869 25487
26035 25020 26145 25439
26055 24805 25874 25670
26111 24661 25812 25607
26178 24982 26027 25474
26082 24828 26034 25573
26065 24643 26037 25421
26037 24921 25828 25643
26147 24820 25978 25594
26161 25075 25836 25455
26159 25013 25999 25372
26153 24973 26030 25301
26126 24868 25853 25599
26165 24811 25997 25549
25975 25146 25982 25575
25956 24945 26000 25580
26199 24876 25979 25561
25964 24902 25870 25576
26203 24900 25857 25565
26125 25000 25979 25505
26256 24907 25765 25307
26182 24568 25961 25291
26080 25028 25796 25221
26056 24857 25650 25593
26045 24987 26028 25334
26040 25103 25619 25251
25805 24776 25945 25544
25885 24866 25881 25486
25982 24949 25660 25395
26179 24691 25735 25555
26143 24941 25992 25464
26056 24844 25847 25508
26146 24803 25919 25580
26164 24912 26021 25400
25989 24913 25756 25568
26054 24748 25968 25465
26138 24673 25811 25448
26027 24834 25443 25564
26026 24881 25674 25253
25979 24818 25981 25334
25947 24936 25833 25313
25924 24771 25875 25573
25801 24847 25829 25412
26120 24704 25546 25476
25908 24839 25640 25551
26050 24751 25899 25398
26100 24719 25856 25430
26039 24814 25775 25269
25977 24740 25958 25428
26041 24778 25745 25262
26017 24845 25876 25260
25997 24624 25790 25372
25921 24739 25628 25316
25919 24749 25771 25203
25895 24506 25920 25333
25880 24622 25799 25537
25589 24738 25785 25257
