913 34.4737
8554 7826 7970 7203
7766 8429 7916 7182
7768 7104 8488 7290
7901 7193 7867 7793
8144 8251 8275 7417
7901 8315 7971 7487
8207 7392 7921 7676
8376 7839 8258 7421
7917 8329 8247 7354
8075 8299 8249 7367
7767 8059 7815 7662
8171 8199 8066 7225
7980 7626 8207 7664
8307 7852 8177 7524
8466 8190 7977 7020
8131 8054 8409 7207
7772 8127 8300 7573
8389 7349 8293 7431
7845 8187 8328 7501
8401 8214 7920 6970
8167 7456 8433 7563
8140 7930 8195 7546
8342 7475 7833 7548
8554 7826 7970 7203
8175 8084 8406 7227
7888 8346 7816 7583
8224 8024 8402 7235
7688 8257 8365 7400
8196 7828 8249 7578
8436 7405 8264 7406
7845 7845 8238 7638
8255 8148 8354 7294
7758 8262 8292 7503
8090 8080 8298 7507
8255 8148 8354 7294
7858 8351 8129 7286
7575 7659 8008 7708
8307 7852 8177 7524
8264 8071 8101 7376
8116 8334 7999 7217
7719 6963 8313 7640
8255 8148 8354 7294
8302 7264 8264 7595
8462 7909 8160 7329
8158 8320 7972 7227
8211 7505 8375 7536
8258 7409 7872 7643
8449 8029 8191 7056
7816 8163 8365 7476
8389 7349 8293 7431
7762 8238 8386 7426
8199 7738 8350 7476
7984 8104 8132 7525
8485 7721 8256 7308
7839 8273 8324 7401
7762 8238 8386 7426
7772 8127 8300 7573
7880 8259 7903 7564
8307 7852 8177 7524
8482 7811 7845 7280
7916 7842 7983 7685
8185 8129 7890 7420
8389 7349 8293 7431
7917 8329 8247 7354
7845 8260 8360 7337
7935 8211 8185 7487
8113 7471 7881 7671
8395 7807 8183 7462
8011 8308 7815 7423
8220 8168 8289 7206
8109 7985 8116 7567
8269 8216 8042 7192
7649 6937 8358 7626
8376 7839 8258 7421
8269 8216 8042 7192
7762 8238 8386 7426
8161 7323 8357 7608
8442 8181 8001 7093
8307 7852 8177 7524
8465 8104 8003 7097
7797 7120 8470 7179
7771 7989 8086 7552
8258 7409 7872 7643
8436 7405 8264 7406
8300 7501 8426 7474
7759 8204 8281 7524
8223 7555 8289 7431
8255 8148 8354 7294
7835 8299 7942 7523
8442 8181 8001 7093
7980 7626 8207 7664
8344 7496 8345 7427
8132 8137 8200 7451
7973 8279 7908 7461
8384 7373 8305 7419
8116 8334 7999 7217
7767 8059 7815 7662
8342 7475 7833 7548
8190 8280 7811 7060
7777 8369 8217 7340
7845 7845 8238 7638
8117 8185 8117 7426
7925 7992 7960 7605
8432 7837 8233 7256
7938 8358 7790 7434
7772 8127 8300 7573
8302 7264 8264 7595
8401 8214 7920 6970
7772 8127 8300 7573
8442 8181 8001 7093
7897 8207 8255 7519
8175 8084 8406 7227
7794 8245 7827 7600
8420 7869 8171 7412
8300 7501 8426 7474
8144 8251 8275 7417
8175 8084 8406 7227
7897 8371 7851 7574
8386 7405 8269 7472
8466 8190 7977 7020
8079 7322 7813 7716
8342 7475 7833 7548
8286 8099 8089 7254
8190 8280 7811 7060
8174 8214 8263 7250
7777 8369 8217 7340
7845 7845 8238 7638
8344 7496 8345 7427
7901 8315 7971 7487
8144 8251 8275 7417
7821 7963 8150 7593
8158 8320 7972 7227
7855 7953 7961 7639
8404 7406 7812 7497
8401 8214 7920 6970
8300 7501 8426 7474
7767 8059 7815 7662
8404 7406 7812 7497
7879 7977 8301 7506
8442 8181 8001 7093
8300 7501 8426 7474
8261 7466 8332 7562
8340 7443 7851 7562
8466 8190 7977 7020
8142 7470 8446 7589
7925 7992 7960 7605
8265 7496 8414 7532
8144 8251 8275 7417
8075 8243 8136 7445
8465 8160 8001 7026
7723 8125 7713 7626
8144 8240 8262 7350
7919 8211 8363 7356
7888 8346 7816 7583
8344 7496 8345 7427
7897 8371 7851 7574
8156 7409 7942 7693
8395 7807 8183 7462
8384 8026 8149 7138
8231 8231 7940 7020
8142 7470 8446 7589
8255 8148 8354 7294
7767 8008 7982 7595
8255 8148 8354 7294
8075 8299 8249 7367
8161 7323 8357 7608
8258 7409 7872 7643
8442 8181 8001 7093
7845 8187 8328 7501
8436 7405 8264 7406
8175 8084 8406 7227
7762 8238 8386 7426
8152 7932 8080 7589
8428 7402 7836 7446
8255 8148 8354 7294
7715 8299 8326 7354
7762 8238 8386 7426
8196 7828 8249 7578
8140 8001 8061 7471
8505 7711 8094 7177
7699 7228 7980 7749
8307 7852 8177 7524
8386 7405 8269 7472
8137 8279 8227 7341
7963 8274 8292 7341
7917 8329 8247 7354
8258 7409 7872 7643
8416 7896 8158 7315
8144 8223 8249 7301
7777 8369 8217 7340
7859 7997 7848 7605
8255 8148 8354 7294
8196 7828 8249 7578
8386 7405 8269 7472
8190 8280 7811 7060
8211 7505 8375 7536
7950 8022 8029 7563
8485 7721 8256 7308
7786 8226 8328 7468
8401 8214 7920 6970
8142 7470 8446 7589
8161 7323 8357 7608
8276 7469 7916 7592
8438 7979 8062 7236
8211 7505 8375 7536
7888 8346 7816 7583
8255 8148 8354 7294
7845 8260 8360 7337
7759 8204 8281 7524
8399 8077 8033 7190
7916 7842 7983 7685
8255 8148 8354 7294
8109 8253 8281 7335
8185 8129 7890 7420
8385 8081 8157 7070
8145 8369 7911 7118
7640 7559 8181 7672
8307 7852 8177 7524
8208 8097 7973 7313
8145 8369 7911 7118
8122 7861 8143 7630
8317 8132 8041 7232
8123 7937 8137 7564
8449 8029 8191 7056
7788 8403 8007 7202
7649 6937 8358 7626
8207 7392 7921 7676
8293 8063 8179 7337
8161 7323 8357 7608
8420 7869 8171 7412
7762 8238 8386 7426
8300 7501 8426 7474
7880 8259 7903 7564
8485 7721 8256 7308
7919 8211 8363 7356
7919 8211 8363 7356
8199 7738 8350 7476
8132 8137 8200 7451
8357 7427 8164 7514
8551 7759 8009 7095
7613 7628 8057 7679
8307 7852 8177 7524
8255 8148 8354 7294
7890 8383 7765 7570
8224 8024 8402 7235
7991 8294 7815 7442
7723 8125 7713 7626
8432 7837 8233 7256
7947 8354 7811 7457
8174 8214 8263 7250
7795 8169 7920 7566
8158 8320 7972 7227
