132443 2580.51
7592 7801 6839 5532
6874 6876 7493 8167
7177 6886 8186 8266
8809 7329 8332 6401
8272 7798 7515 5858
6947 8389 6889 7982
8678 7169 8501 6099
7843 7538 8159 7122
7001 6739 8184 8447
7385 7285 6957 5980
6610 7996 6060 7479
7599 7079 7597 7382
6111 6608 6856 7400
8075 6496 8516 6461
7016 6564 7049 7228
7570 7031 7388 8245
6788 7375 8009 7831
7124 6862 7120 6549
8189 8978 7147 6152
7572 7778 6879 5917
8201 8323 8548 7158
6970 6640 8363 7730
7858 7262 7639 5599
6900 7281 7764 8053
7854 7938 7324 5965
7213 6905 8689 7228
8501 8280 7698 6580
6800 7403 6081 7153
6543 6815 7722 7261
7496 7331 7374 5775
7258 6787 8592 5887
7591 7435 8886 7584
7100 8049 7385 7349
7093 7373 7317 7750
7400 6841 6991 6232
6161 6409 7142 7638
8234 8888 7489 5901
8175 6978 8168 6173
6935 8199 6881 6567
7158 8028 6862 7608
7222 7040 8852 7540
8704 8343 7486 6054
6958 7824 6004 6871
6970 7666 7222 7544
6561 6813 7609 8439
7495 8260 8017 7178
7848 8106 7113 5629
7652 6484 9057 6164
8130 7972 6935 6081
8370 7232 7827 6099
7883 6674 9112 6345
6291 6438 6885 6914
6805 7161 6993 6523
6815 6853 7734 8445
7883 6992 7854 5936
7761 7133 7659 6518
7984 6986 8355 5658
7274 8081 6598 5550
6299 6817 6763 6432
7321 6825 8850 7452
8320 7355 8196 6115
7051 8271 6553 6419
8798 8023 7664 5895
6551 6597 7356 8111
7935 8745 8200 6840
7325 6378 9254 6546
8512 7385 7513 6213
6544 7440 6564 8455
7292 6485 8504 6541
7042 7372 7623 8286
7007 6112 8144 6956
7602 6746 8893 6102
8228 6929 8763 6322
6570 6109 7624 7715
6943 7861 6094 6085
6471 7283 7213 6517
8532 8077 8490 6678
7749 7784 7684 6834
8304 6954 8384 6605
7201 8411 6952 7428
6433 6230 7152 7231
6582 5786 8213 6913
7008 7951 6501 7692
8357 8844 7655 6489
6586 7048 7475 6167
8223 7968 7786 7264
8244 8869 7585 6990
6305 6506 6074 5848
6748 6509 8235 7400
7130 7805 8417 7559
7093 6838 7897 7701
8113 8840 7080 5953
8676 7809 7893 6123
7777 7880 6775 5291
6696 8293 6023 7539
8613 8570 7718 5994
6659 8160 6821 7878
6807 6176 8083 7115
6989 6747 6983 5676
7969 6105 8177 6064
6572 6813 7775 8617
6635 7667 6258 7427
7101 6481 8648 6991
8362 8173 7008 5687
7202 6403 8720 6858
7010 6544 8532 7026
7924 6643 8300 5748
8149 8089 7596 5915
6578 6794 7678 8463
7188 8053 6761 6671
7726 7707 7629 6350
6486 7671 6144 7097
7217 8518 6249 7323
6475 7448 7370 7944
7987 8395 7416 6147
7659 7074 6627 5363
7872 7151 8580 7319
7415 7718 7318 7619
7262 7472 8696 7185
7503 6695 7329 5667
6730 7866 5639 6627
7685 7888 6973 7309
6930 7879 6495 7231
7189 7732 7858 7885
8941 8120 8394 6449
6604 7537 7170 8494
7395 8439 7280 6982
7858 7793 7799 7014
9178 7952 8240 6202
7785 6835 8040 6082
8727 8335 7930 6037
6821 6528 7300 6098
6955 7849 6506 7143
6671 6010 7698 6080
7750 7510 7590 7035
6962 6010 8279 7749
8131 7454 7072 5713
7997 6947 8623 6735
8068 8261 7570 6654
7878 8975 7294 6512
6668 6230 7229 6054
7653 7619 6996 6154
8427 8466 7716 6165
7597 9207 7421 6670
8291 7399 8345 6008
6957 6425 7837 8093
6258 7122 6610 5683
7628 7359 8688 7804
7212 6419 8429 7411
6205 6251 7648 6923
7106 6658 7833 5586
7565 7151 7931 6615
6634 6989 6600 7159
8633 7895 7930 6339
7682 7048 7580 6087
6423 7146 6913 7727
6689 6861 7760 8507
8600 7608 8445 5878
7733 7184 8463 7032
7533 6753 8015 5972
8759 7887 8062 6234
7687 6890 9072 7405
8478 8037 7586 6375
8354 7560 8918 7387
8164 7971 7525 6356
7677 6929 7938 6465
7327 7574 7179 7533
7317 6594 8621 7128
7328 7906 7133 6842
7591 7779 6910 5932
8419 7245 8516 6136
8613 7798 7633 5738
6534 6688 7532 8241
6967 8120 6875 6966
7500 7923 7266 6086
7889 8005 6764 6143
7141 6490 7636 6761
6814 7788 6910 6488
8895 8069 7960 6505
7960 8272 8094 6481
7018 8265 6789 7391
8447 8454 7193 6281
7529 7371 8011 7506
7837 7903 8355 7058
7508 7271 6773 6617
8169 6565 8261 6284
8245 7832 8944 6993
7071 7800 7311 6797
7821 7288 8927 7504
8219 7245 8525 6429
7692 7028 7718 7229
8141 7360 7218 6847
8081 7897 8077 6887
6688 7818 6418 6526
6532 6855 7578 7882
6515 7565 6328 6916
6998 6808 6616 6294
8370 7642 7651 5826
7127 6662 7841 7260
8804 7935 8649 6319
7936 8235 6769 5769
6152 6266 7064 7135
6965 7287 8251 7822
6681 6715 7768 8462
8001 6785 9127 6993
8072 7608 8355 6243
6803 8566 6492 7652
7847 8013 7078 6669
7991 7728 7325 6644
7816 8633 7367 6818
7139 6698 6861 5716
7625 7472 7705 6497
7925 7717 8021 6250
7396 6976 7513 5766
8311 7582 7852 6283
6916 7620 7049 8301
7529 6851 8148 7161
7679 6746 8892 6330
7217 6994 7703 6956
8630 7757 8574 6650
8152 7829 7509 5892
8105 7511 7223 6437
8039 7096 7796 5946
7807 9054 7550 6873
7087 7763 6620 5689
6499 6801 7161 6974
7193 7068 7548 5884
7343 7612 8410 7669
7426 6757 8953 7365
8748 8439 7643 5990
7395 6912 7641 6321
7029 7735 6472 7744
6844 6902 7667 8639
6922 7679 7301 6950
7259 7332 8259 7993
7538 7954 7283 6101
7416 7520 7455 7867
6922 6833 8173 6989
7220 8559 6708 7693
7770 9047 7404 6383
7825 8546 7100 6646
7043 7004 7473 7491
6581 6822 6258 5470
7943 6654 7900 5684
7496 7570 7821 7063
8228 7364 8206 5874
6466 7756 6871 8086
7558 6503 8003 6183
8377 8179 7885 6700
7937 8751 7356 6943
7804 7824 6840 5461
8904 7777 7792 6525
