123608 2880.65
18876 18461
16841 19883
17924 19564
18589 18974
17624 19712
18425 19133
18099 19418
18734 18800
17360 19786
18345 19195
18028 19497
18649 18902
17803 19642
18499 19054
18185 19349
18804 18675
17208 19834
18301 19232
17983 19531
18626 18933
17727 19677
18474 19094
18147 19383
18761 18744
17558 19745
18388 19166
18070 19459
18687 18852
17882 19603
18552 19017
18223 19310
18844 18594
17149 19868
18286 19251
17962 19546
18591 18952
17707 19688
18441 19119
18125 19401
18741 18771
17447 19764
18366 19176
18041 19476
18670 18883
17842 19620
18521 19047
18209 19324
18817 18643
17312 19805
18320 19213
18000 19515
18634 18922
17790 19658
18481 19084
18157 19359
18779 18714
17558 19745
18405 19143
18083 19447
18707 18832
17890 19586
18557 19003
18242 19297
18855 18535
17014 19870
18271 19261
17940 19556
18589 18974
17655 19698
18434 19122
18108 19408
18734 18800
17391 19778
18354 19187
18031 19485
18658 18888
17822 19631
18521 19047
18188 19338
18811 18663
17259 19817
18309 19216
17989 19520
18626 18933
17744 19665
18474 19094
18147 19383
18768 18729
17558 19745
18392 19164
18080 19451
18703 18834
17884 19592
18552 19017
18235 19298
18848 18590
17194 19849
18297 19238
17962 19546
18609 18939
17707 19688
18457 19106
18131 19391
18750 18751
17532 19751
18374 19170
18053 19471
18679 18858
17847 19614
18532 19037
18217 19319
18832 18637
17355 19794
18330 19209
18021 19505
18643 18906
17790 19658
18489 19062
18172 19358
18787 18693
17624 19712
18425 19133
18090 19431
18711 18802
17919 19572
18569 18994
18257 19278
18874 18477
16953 19879
18271 19261
17924 19564
18589 18974
17630 19700
18429 19131
18101 19415
18734 18800
17391 19778
18345 19195
18028 19497
18653 18898
17822 19631
18521 19047
18188 19338
18804 18675
17237 19826
18305 19229
17983 19531
18626 18933
17740 19667
18474 19094
18147 19383
18765 18729
17558 19745
18392 19164
18070 19459
18703 18834
17882 19603
18552 19017
18235 19298
18844 18594
17193 19849
18286 19251
17962 19546
18596 18951
17707 19688
18457 19106
18128 19398
18745 18768
17461 19756
18370 19174
18048 19475
18674 18881
17847 19614
18528 19039
18209 19324
18832 18637
17319 19805
18330 19209
18000 19515
18634 18922
17790 19658
18487 19068
18172 19358
18783 18705
17565 19719
18405 19143
18085 19432
18707 18832
17897 19576
18565 18998
18250 19282
18874 18477
17149 19868
18275 19255
17944 19554
18591 18969
17655 19698
18441 19119
18125 19401
18734 18800
