24251 1560.79
9291 8895
9226 9029
8789 9463
9130 9149
8809 9447
9175 9088
9054 9258
9015 9297
8600 9525
9107 9185
9208 9045
9242 8984
8921 9361
8614 9514
8937 9350
8997 9304
9189 9072
9302 8841
9274 8944
8970 9316
8957 9329
8865 9408
9101 9208
8770 9478
9329 8785
9297 8869
8698 9484
9257 8958
9152 9106
9328 8790
8814 9434
8875 9398
9133 9137
8728 9482
9277 8923
9229 9011
9195 9058
9158 9100
9248 8969
8851 9412
8943 9340
9039 9281
9037 9283
9095 9209
8904 9380
8638 9486
8761 9479
9055 9241
8616 9501
8902 9382
8838 9413
8878 9388
9299 8848
8889 9383
9267 8945
8946 9332
9306 8792
8975 9305
8620 9487
9178 9073
8580 9534
8580 9534
9335 8652
8638 8599
8566 8317
8905 8403
8721 8600
8382 8254
8680 8410
8655 8603
8385 8484
8645 8518
8632 8400
8507 8324
8464 8757
8515 8286
8641 8435
8634 8369
8795 8385
8469 8524
9041 8475
8285 8264
8684 8475
8621 8454
8455 8440
8667 8482
8918 8482
8746 8499
8432 8213
8631 8395
8358 8390
8586 8518
8880 8464
8745 8554
8972 8496
8898 8531
8753 8482
8624 8309
8414 8262
8530 8560
8617 8275
8705 8417
9023 8541
8616 8542
8939 8617
8522 8473
8917 8400
8632 8433
8420 8066
8763 8499
8743 8351
8726 8702
8545 8325
8838 8467
8504 8458
8622 8226
8426 8410
8646 8344
8765 8404
8750 8545
8485 8207
8520 8437
8460 8197
8612 8261
8522 8203
8761 8294
8625 8595
8792 8564
8711 8360
8633 8560
8709 8563
8763 8314
8633 8574
8570 8579
8479 8330
8456 8055
8738 8484
9029 8499
8640 8224
8696 8647
8467 8529
8605 8300
8622 8190
8606 8326
8608 8398
8495 8309
8563 8487
8794 8497
8704 8635
8516 8132
8274 8097
8589 8385
8638 8432
8557 8626
8497 8262
8804 8501
8263 8288
8674 8553
8350 8064
8605 8759
8631 8295
8693 8667
8595 8621
9041 8479
8811 8618
8563 8393
8888 8418
8692 8445
8542 8469
8708 8381
8643 8866
8500 8380
8667 8431
8463 8388
8902 8264
8678 8449
8486 8375
8825 8599
8643 8263
8329 8140
8967 8427
8530 8575
8699 8437
8099 8302
8560 8640
8782 8339
8620 8586
8705 8232
8752 8425
8404 7987
8713 8360
8522 8216
8536 8658
8741 8373
8748 8197
8777 8388
8578 8585
8578 8297
8335 8148
8676 8588
8563 8687
8405 8507
8211 8018
8452 8410
8507 8412
8217 8320
8512 8418
8867 8728
8831 8830
8587 8543
8848 8614
8802 8471
8642 8651
8896 8655
8668 8593
8550 8652
8469 8558
8416 8333
8777 8505
8518 8229
8989 8669
8836 8483
8498 8608
8566 8481
8614 8608
8884 8453
8610 8498
8522 8364
8857 8588
8480 8707
8946 8426
8442 8544
8873 8284
8568 8269
8706 8448
8451 8365
8753 8915
8503 8729
8645 8619
8715 8500
8701 8702
8780 8568
8692 8170
8511 8498
8570 8385
8506 8407
8414 8655
8439 8392
8657 8613
8446 8480
8348 8393
8628 8364
8836 8465
8529 8466
8763 8323
8481 8025
8747 8281
8783 8620
8495 8313
8657 8127
8547 8275
8631 8348
8475 8281
8302 8431
8507 8430
8742 8440
8562 8601
8802 8301
8863 8576
8709 8651
8497 8353
9000 8708
8945 8630
8816 8387
8747 8366
8600 8544
8652 8471
8755 8182
8557 8177
8690 8515
8603 8662
8557 8399
8666 8464
8775 8841
8758 8893
8315 8071
8445 8406
8513 8435
8673 8090
8384 8827
8916 8429
8642 8188
8670 8686
8283 8292
8827 8413
8483 8116
8405 8274
8484 8585
8536 8584
8615 8578
8813 8511
8757 8500
8430 8374
8693 8421
8427 8629
8152 8214
8877 8351
8675 8406
8629 8450
8569 8352
8397 8955
8663 8321
8601 8530
8673 8410
8665 8713
8591 8216
8666 8738
8731 8472
8505 8400
8703 8148
8788 8547
8490 8604
8362 8360
8620 8542
8538 8335
8723 8363
8629 8540
8568 8296
8463 8710
8488 8404
8435 8300
8395 8346
8793 8575
8578 8631
8445 8152
8600 8539
8048 8083
8590 8341
9073 8636
8605 8374
8572 8355
8703 8475
8671 8445
8814 8693
8365 8406
8662 7971
8494 8257
8657 8280
8819 8589
8381 8450
8535 8659
8799 8485
8750 8530
8577 8451
8691 8294
8743 8390
8462 7820
8521 8448
8901 8306
8551 8620
8629 8577
8442 8552
8765 8490
8614 8605
8695 8589
8474 8473
8565 8571
8775 8619
8674 8423
8635 8400
8552 8519
8301 8086
8947 8475
8797 8473
8459 8562
8794 8376
8546 7899
8183 8466
8485 8432
8650 8241
8439 8412
8626 8219
8709 8333
8514 8189
8611 8604
8287 8235
8848 8419
8770 8374
8514 8409
8716 8600
8412 8628
8772 8520
8806 8371
8903 8752
8465 8370
8406 8558
8899 8951
8265 8207
8666 8317
8533 8411
8419 8235
8456 8294
8670 8079
8739 8595
8710 8403
8610 8548
8245 8003
8715 8469
8312 8396
8519 8529
8756 8347
8624 8343
8303 8653
8338 8443
8693 8603
8738 8407
8466 8365
8405 8160
8596 8294
8460 8553
8708 8371
8419 8649
8654 8623
8619 8503
8595 8540
8571 8152
8691 8602
8909 8575
8103 7838
8661 8540
8654 8380
8457 8326
8406 8210
8337 8597
8779 8488
8529 8561
8675 8381
8661 8417
8772 8392
8739 8267
8647 8290
8683 8337
8632 8485
8490 8421
8660 8700
8344 8250
8683 8361
8554 8364
8831 8403
8573 8516
8372 8512
8903 8406
8760 8317
8667 8240
8855 8739
8626 8534
8654 8386
8618 8290
8638 8452
8484 8287
8559 8446
8714 8571
8400 8281
8628 8569
8663 8590
8594 8343
8871 8422
8337 8158
8562 8403
8613 8580
8811 8228
8657 8645
8495 8409
8450 8360
8586 8281
8292 8421
8781 8514
8668 8526
8764 8596
8454 8360
8581 8494
8781 8426
8613 8481
8759 8553
8890 8635
8554 8474
9016 8230
8542 8286
8792 8694
8575 8329
8345 8507
8661 8207
8819 8454
8284 8363
8230 8547
8649 8509
8694 8491
8415 8598
8608 8320
8417 8259
8634 8567
8754 8804
8624 8587
8792 8239
8708 8488
8719 8543
8605 8429
8642 8394
8681 8488
8608 8252
8706 8375
8482 8115
8529 8616
8330 8131
8330 8337
8654 8644
8876 8523
8888 8580
8251 8153
8245 8426
8622 8603
8731 8180
8474 8476
9065 8629
8769 8519
8367 8431
8132 8103
8550 8184
8513 8366
8655 8452
8849 8580
8629 8346
8708 8658
8311 8258
8760 8551
8566 8416
8894 8458
8753 8435
8708 8670
8784 8205
8500 8447
8668 8254
8804 8548
8528 8391
8718 8390
8631 8409
8862 8352
8585 8397
8639 8295
8487 8378
8512 8364
8725 8636
8563 8348
8827 8878
8547 8379
8738 8599
8693 8237
8352 8572
8534 8231
9033 8656
8794 8376
8557 8475
8746 8327
8714 8249
8435 8286
8577 8275
8497 8389
8676 8286
8513 8471
8613 8372
8535 8307
8366 8500
8509 8370
8599 8380
8618 8324
8612 8117
8830 8309
8788 8426
8940 8390
8484 8322
8634 8647
8891 8675
8829 8632
8565 8534
8626 8601
8859 8419
8681 8311
8699 8566
8733 8400
8851 8388
8619 8567
8595 8597
8535 8092
8791 8569
8961 8314
8897 8701
8940 8728
8513 8455
8386 8168
8783 8684
8769 8532
8676 8636
8962 8322
8426 8637
8266 8351
8194 8514
8753 8369
9013 8478
8605 8315
8475 8583
8836 8591
8230 8383
8681 8447
8586 8533
8748 8317
8585 8244
8562 8357
8682 8585
8573 8159
8678 8247
8556 8598
8494 8449
8610 8313
8588 8429
8680 8130
8902 8565
8268 8567
8699 8447
8747 8540
8643 8342
8661 8452
8724 8647
8572 8424
8752 8402
8423 8522
8824 8379
8796 8363
8789 8560
8524 8696
8605 8273
8493 8245
8677 8461
8402 8291
8685 8549
8933 8326
8487 8581
8758 8597
8400 8470
8893 8370
8823 8398
8750 8614
8673 8407
8871 8700
8606 8423
8425 8237
8658 8359
8322 8264
8580 8443
8630 8659
8790 8287
8672 8228
8350 8466
8649 8473
8781 8392
8543 8389
8557 8424
8719 8571
8685 8493
8272 8220
8732 8831
8596 8370
8775 8266
8435 8461
8541 8174
8584 8593
8727 8413
8439 8642
8776 8621
8658 8327
8522 8515
8803 8299
8828 8637
8504 8167
8586 8427
8891 8553
8981 8607
8784 8525
8892 8538
8389 8148
8588 8367
8373 8314
8970 8498
8922 8369
8233 8201
8684 8496
8428 8289
8448 8522
8535 8512
8573 8515
8571 8693
8455 8318
8590 8541
8571 8508
8736 8152
8500 8457
8788 8559
8550 8538
8407 8144
8589 8290
8410 8358
8852 8626
8469 8206
8295 8466
8764 8605
8801 8378
8644 8234
8480 8542
8301 8193
8771 8284
8672 8297
8501 8443
8545 8273
8702 8439
8385 8012
8675 8481
8792 8381
8568 8434
8983 8493
9010 8482
8849 8670
8676 8625
8709 8441
8590 8353
8402 8479
8758 8331
8558 8473
8574 8558
8783 8478
8434 8294
8778 8345
8687 8521
8454 8136
8436 8502
8539 8150
8689 8482
8804 8476
8655 8438
8673 8654
8502 8008
8683 8757
8209 8266
8230 8589
8474 8565
8634 8480
8569 8410
8417 8558
8535 8155
8930 8378
8633 8630
8970 8671
8837 8782
8417 8270
8566 8455
8827 8545
8584 8157
8493 8496
8580 8444
8736 8492
8513 8397
8843 8542
8610 8609
8581 8596
8762 8289
8697 8416
8860 8498
8638 8382
8682 8710
8502 8477
8481 8484
8687 8411
8739 8498
8611 8416
8612 8517
8571 8545
8365 8182
8810 8557
8733 8612
8768 8620
8488 8292
8658 8536
8710 8763
8467 8247
8693 8346
8654 8650
8960 8389
9091 8504
8788 8414
8784 8279
8628 8693
8407 8180
8557 8160
8307 8557
8832 8315
8573 8229
8351 8288
8785 8354
8703 8511
8051 8344
8399 8107
8630 8650
8541 8227
8810 8622
8782 8435
8773 8590
8501 8533
8579 8628
8571 8510
8602 8444
8411 8425
8538 8613
8591 8107
8281 8188
8902 8789
8497 8057
8371 8369
8384 8487
8858 8718
8531 8317
8324 8443
8785 8183
8691 8652
8709 8339
8446 8597
8740 8650
8684 8631
8611 8440
8870 8470
8696 8479
8438 8387
8471 8605
8670 8569
8419 8360
8889 8630
8892 8664
8529 8618
8317 8280
8925 8567
8714 8419
8160 8018
8245 8552
8737 8151
8604 8169
8735 8437
8830 8717
8506 8677
8619 8579
8566 8411
8577 8519
8309 8094
8390 8711
8770 8415
8347 8146
8760 8599
8660 8688
8694 8474
8667 8454
8678 8525
8691 8201
8390 8375
8596 8423
8698 8373
8509 8286
8598 8263
8553 8509
8840 8521
8696 8457
8417 8496
8642 8679
8833 8456
8679 8352
8559 8598
8792 8564
8420 8375
8464 8354
8456 8606
8726 8452
8522 8680
8610 7994
8922 8657
8455 8237
8775 8591
8879 8373
8838 8264
8664 8255
8514 8267
8640 8443
8545 8700
8506 8307
8628 8503
8582 8386
8515 8295
8882 8681
8307 8497
8332 8448
7968 8292
8494 8183
8870 8417
8401 8443
8756 8721
8285 8249
8558 8759
8830 8869
8587 8800
8481 8218
8468 8436
8580 8485
9040 8718
8610 8429
8419 8551
8463 8310
8767 8689
8701 8386
8626 8190
8522 8674
8414 8074
8265 8377
8948 8297
8249 8152
8360 8410
8473 8332
8593 8338
8454 8265
8582 8535
8721 8454
8398 8239
8592 8490
8424 7859
8508 8208
8809 8439
8709 8402
8476 8514
8623 8362
8819 8694
8592 8173
8466 8223
8736 8273
8791 8698
8774 8489
8747 8545
8433 8391
8702 8664
8829 8060
8639 8499
8527 8231
8590 8616
8603 8527
8445 8241
8276 8467
8880 8490
8452 8340
8919 8294
8771 8458
8609 8671
8446 8345
8619 8670
8539 8459
8621 8497
8587 8198
8468 8557
8771 8810
8776 8540
8522 8330
8691 8269
8710 8474
8800 8403
8744 8609
8839 8456
8260 8444
8510 8572
8587 8318
8664 8365
9061 8629
8708 8654
8563 8230
8722 8684
8732 8329
8516 8193
8465 8820
8884 8621
8464 8185
8617 8182
8545 8331
8642 8577
8881 8332
8537 8382
8668 8594
8761 8334
8604 8520
8809 8281
8449 8378
