333 16.9977
31872 31728 32020 32445
31740 31804 31876 32520
31860 31971 31941 32288
31602 31716 31878 32579
32008 31933 31922 32259
32041 31768 31850 32315
31864 31677 32183 32245
32012 31986 31833 32094
31745 32038 31825 32080
31660 31963 31690 32427
31407 32106 31845 32281
31669 31961 32054 32262
32028 31830 31982 32210
32100 31551 31837 32167
31792 31919 32129 32032
31677 31767 32193 32092
31886 31798 32194 31865
31687 31631 32146 32396
31861 31856 32072 32276
31699 31777 32149 32304
31839 31722 32124 32344
31751 31841 32103 32341
31539 32070 31795 32041
31733 31878 31584 32492
31843 31853 31960 32351
31474 32058 31801 32215
31770 31832 31919 32413
31800 31906 32069 32245
32013 31938 31954 32070
31815 31774 31742 32474
32021 31599 32050 32082
32052 31851 31940 31950
31709 31896 31854 32371
31910 31693 32075 32137
31948 31774 32075 31888
31735 31806 32004 32398
32057 31833 31940 31912
31596 32020 31801 32133
31553 31875 32026 32360
31908 31870 31755 32307
31573 31905 32099 32267
31477 32025 32004 31840
31830 32002 31777 31945
31634 31861 32129 32156
31977 31889 31970 32144
31814 31666 31668 32500
31528 31943 32102 32061
31568 31991 31925 31955
31970 31592 32035 32207
31478 31617 31920 32518
31784 31614 32196 31998
31618 31881 31819 32399
32047 31597 31591 32325
31702 31903 32020 32293
31894 31529 32046 32348
31839 31566 32055 32406
31544 31805 32167 31981
31832 31845 32094 32094
31769 31835 32109 32226
31344 31517 31888 32589
31802 31486 32221 32285
31751 32293 31758 31762
32252 31764 31470 31977
30837 30456 30582 30946
31431 31068 31059 31347
31496 31191 30843 31171
30950 30821 30936 31098
30611 30682 30202 30633
30663 30391 30815 30905
31183 30922 30901 31328
31337 30899 30851 30983
31308 31032 31178 31539
31155 31258 31219 31071
31213 31004 31142 31701
31144 30737 30817 31098
31236 31259 30524 31060
31098 31225 30957 31351
30868 30956 30836 31567
31426 31182 31304 31402
30890 31226 30954 31339
30887 30761 30630 31294
30871 31249 30580 31097
31426 31305 31459 31153
30889 30673 30730 31095
31013 30861 30967 31812
31022 31266 30927 31462
30581 31207 30855 31118
31248 31143 31120 31351
31287 31193 30492 30948
31298 30935 30746 31318
31204 31486 31144 31542
31040 31225 30722 31128
31057 30886 30959 31018
31043 31168 30887 31061
30724 30768 30829 31100
31082 31209 30837 31250
30774 30957 30853 31464
30879 31146 31547 31586
30717 30883 31040 30732
30643 30918 31032 31341
30590 30730 30763 31174
31174 31071 30845 31097
31153 31227 30958 31440
31180 30795 31077 31478
30913 31120 30780 31305
31063 31397 31282 31502
31043 31131 31349 30966
31535 31118 31053 31356
30942 30981 31062 31949
30972 30821 30583 31222
30866 30831 30891 31131
31035 31189 31118 31515
31097 30721 31380 31263
30833 30938 30857 31151
31366 31058 31199 31064
31110 31324 31130 31059
30716 30960 30744 31122
31025 30808 30759 31426
30815 31023 31038 31081
30920 31139 30909 31280
31126 30819 30863 31405
30413 30767 30680 31189
31203 30832 30966 31175
31040 31175 30742 31360
30752 31094 30692 30781
30986 30790 30769 31184
30983 30506 31302 31124
31278 31137 31312 30697
31042 30832 30966 31340
31548 31396 31273 31482
31302 31313 31335 31286
30760 30870 31025 31219
31020 30596 30990 31236
31133 30890 30855 31697
31011 30426 30761 31266
30966 30905 31253 31326
31389 30976 30867 31263
31012 31086 30545 31120
31154 31010 30896 31103
30999 31149 31044 31109
30889 31427 30750 30969
31066 31087 31182 31692
30767 30785 30742 31412
30816 30726 31028 31259
30949 31039 30720 31343
31008 31111 30949 30544
31195 30952 31091 31719
31260 31128 30955 31695
31347 31342 31440 31293
31045 31205 30813 31411
31131 31413 31459 31236
31082 30723 30684 30770
30992 31198 31135 31820
30806 30907 30566 31045
31266 31358 31033 31516
31043 30817 30426 30754
31091 31220 30911 30736
31273 31436 31338 31745
30833 31118 30954 31740
31349 31068 30984 31125
30993 30886 31175 31381
31353 31754 30994 31506
31096 31244 31187 31535
30845 30656 30568 30769
31215 31074 31217 31198
31173 30986 30569 31425
30959 31289 31072 31649
31160 31309 31169 31458
30803 30874 30509 31140
30739 31075 30522 31115
31205 31074 30955 30997
30954 30942 30983 31314
31134 31223 30892 31487
30913 31181 30638 31046
30985 31121 30996 31356
31064 30890 30793 31200
31124 31117 30897 30959
31411 31359 31218 31385
31028 31472 31380 31606
31146 31191 30381 31313
31071 31117 30894 31557
31322 31093 30458 31001
31090 31209 31124 31338
30644 31008 30797 31142
31574 31326 31480 31383
30657 30715 31376 31547
31012 31138 30795 31160
30694 30870 31209 31526
30976 31321 31195 31300
30723 31302 30838 31155
31273 30595 30682 30986
30929 30734 30491 30652
31418 31166 31171 31528
31008 30798 30854 31209
31431 31205 31017 31580
31144 31131 31054 31375
31210 31328 30949 30874
30812 31103 31088 31348
30993 30812 30840 31385
30090 30618 30450 30580
31197 31059 30503 31624
31136 31662 30984 31693
30376 30776 30793 31488
31019 30988 30954 31127
31004 30952 30917 31118
31201 30639 30829 31180
31292 30927 30892 31296
30655 30710 30877 31364
31194 31114 30910 31405
31214 30901 31039 31081
31251 31277 30923 31053
31109 30522 30676 31266
30797 30972 30794 31278
30978 31253 30876 31370
30838 31119 31171 31042
30934 31102 30875 31108
31078 30981 30978 31607
30563 30686 30596 30618
31113 31047 30576 31312
31338 31402 31167 31194
31001 30955 31074 31093
31013 31288 30845 31191
31156 31052 30945 31335
30966 31403 30859 31147
30909 31031 30934 31093
31490 31233 30968 31432
30495 30738 30219 30782
30964 31018 31007 30871
31203 31321 30907 31164
30832 30979 30442 30944
30581 30430 30804 31178
30808 30877 30497 30930
30915 30986 30840 31533
30893 31258 31252 31703
31230 30616 30824 31251
30647 30627 30601 31063
30973 30948 31025 31301
30767 31021 31026 31262
31003 31014 30993 31353
31372 30881 30990 31121
31445 31328 30913 31310
30800 31060 31106 31125
31369 31211 31470 31429
30829 31049 30733 31020
30601 31173 31063 30776
31132 30983 31076 31548
31013 31160 30970 31362
31045 30957 30806 31058
30973 31194 30989 31145
30981 31090 30718 31328
31097 31390 31308 31511
30974 31236 30999 31191
31046 31173 30836 31720
31274 31211 31305 31454
31409 31434 30787 31276
31025 31157 30831 31388
30921 31241 30880 31470
31031 31134 31046 31531
31399 30995 30715 30844
31063 31643 31042 31585
30470 30985 30873 30816
31260 30763 31078 31507
30760 31043 30927 31644
30886 30948 30661 31163
31161 31321 31068 31471
30728 30733 31134 31374
31343 31487 31106 31434
30896 30712 30750 30905
31299 31257 31333 31600
30926 31129 31187 31097
31294 30930 31212 31334
30938 30844 30619 30507
30942 31218 30895 31052
30555 30792 31072 30714
30614 31107 30615 30862
31080 31193 31036 31255
31279 31285 30999 31387
31163 30923 31034 31565
30453 30863 30397 30969
31472 30645 30845 31235
31077 30882 30736 31532
30908 30819 31012 31292
31204 30770 30725 30833
31009 30932 30995 31061
31046 31161 30906 31551
30992 30864 30861 31219
30806 30921 30591 31199
30768 31334 31111 31503
30736 31117 30815 31576
31043 31274 31058 31211
31073 30771 30501 31037
31022 31173 30884 31652
30577 31051 30866 31379
31224 30981 30527 31284
31091 31164 31283 31533
30598 30490 30472 31284
31534 31230 31533 31306
30961 30846 31120 31430
30812 30399 31110 30789
31006 31077 31202 31664
