119658 3240.83
3426 3319 2962 3093
3350 3229 3193 2847
3167 3252 2817 3362
3045 3224 3540 3031
3040 3656 3079 3120
2921 3010 3004 3445
2870 3147 3206 3494
2864 3393 3434 3210
3133 3070 3473 2896
3105 3150 2897 3431
3113 3568 2837 3239
3216 3118 2825 3375
3000 3204 2956 3462
2902 3202 3496 3258
3102 3105 3488 2921
2926 3570 2933 3335
2938 3558 3207 3279
2888 3197 3054 3447
3134 3485 2916 3311
3367 3183 3105 2944
3414 3314 2997 3047
3404 3387 3018 3009
3009 3078 2921 3437
3082 3628 3074 3114
3064 3309 2984 3413
3360 3156 3197 2868
3150 3643 3043 3108
3201 3614 2994 3070
3207 3546 3037 3163
3348 3139 3192 2878
3313 3292 3128 3062
2974 3445 3284 3301
3109 3234 3143 3389
3377 3366 2951 3097
2870 3147 3206 3494
2950 3441 3179 3327
3105 3492 3050 3224
3182 3152 3399 2933
3399 3192 3107 2908
3266 3397 3063 3059
2989 3258 3521 3139
2893 3274 3461 3239
3394 3359 3100 3069
3177 3222 2927 3427
3334 3095 3171 2964
3272 3175 3308 2915
3125 3532 3220 3110
2966 3215 3452 3285
3020 3603 3182 3164
3343 3285 2968 3070
3382 3368 3093 2994
3301 3250 3224 3021
3052 3289 3441 3035
3188 3234 3328 2968
3338 3163 3215 2878
3002 3293 3414 3234
3156 3261 3335 2950
3021 3331 3229 3404
3026 3509 3200 3291
2993 3319 3279 3349
2982 3498 3232 3103
3123 3584 3163 3102
3100 3473 3299 3094
2964 3353 3271 3321
3066 3220 3507 3037
3067 3296 3351 3200
2935 3408 3235 3392
3235 3389 3219 2998
3253 3338 3283 3103
3232 3195 3356 2857
2987 3210 3383 3318
3141 3520 3151 3186
2954 3247 3292 3286
3356 3276 3127 2947
3291 3349 3177 2956
3326 3263 3174 2991
3382 3271 3166 2848
2997 3339 3409 3184
3156 3303 3115 3263
3014 3219 3246 3304
3268 3320 3251 2979
3171 3593 3159 3124
3214 3516 3014 3034
3073 3435 3287 3193
3096 3325 3381 3086
3079 3240 3240 3252
3062 3382 3323 3147
3128 3455 3192 3187
3189 3417 3153 3063
3337 3382 3036 3130
3114 3214 3431 3004
3024 3309 3374 3156
3255 3407 3116 3064
3183 3311 3243 3160
3117 3244 3362 3082
3328 3210 3202 2901
3037 3285 3259 3244
3287 3283 3182 3027
3073 3242 3082 3339
3012 3241 3311 3358
3263 3335 3224 2964
3158 3402 3217 3171
3049 3363 3391 3136
3151 3424 3226 3179
2965 3506 3254 3156
3213 3394 3174 3041
3107 3275 3399 3207
3220 3347 3190 3040
3137 3409 3240 3065
3121 3384 3302 3102
3290 3374 3113 3026
3258 3266 3201 3081
3280 3386 3171 3106
3331 3281 3156 2955
3033 3276 3236 3250
3046 3364 3316 3243
3040 3461 3258 3145
3138 3141 3277 3131
3235 3375 3159 3150
3174 3255 3212 3172
3094 3348 3297 3139
3032 3375 3355 3121
3171 3304 3312 3075
3130 3324 3290 3124
3217 3356 3208 3116
3099 3336 3274 3182
3271 3386 3189 3002
3275 3315 3185 3112
3160 3356 3306 3105
3101 3428 3272 3175
3008 3366 3361 3173
3228 3400 3084 3078
3075 3281 3305 3179
3231 3364 3255 2988
3153 3328 3310 3020
3115 3298 3419 3128
3108 3300 3321 3133
3063 3316 3390 3078
3040 3461 3258 3145
3086 3225 3235 3214
3195 3390 3251 3074
3277 3344 3200 3006
3070 3246 3370 3212
3228 3400 3084 3078
3129 3430 3154 3129
3086 3346 3296 3200
3141 3291 3255 3190
3196 3289 3271 3135
3167 3329 3307 3076
3090 3366 3358 3151
3214 3297 3324 2995
3261 3242 3152 3115
3159 3382 3265 2984
3145 3275 3321 3074
3115 3298 3419 3128
3159 3382 3265 2984
3216 3279 3323 3032
3070 3246 3370 3212
3145 3372 3249 3137
3174 3372 3203 3131
3189 3327 3215 3131
3145 3372 3249 3137
3086 3225 3235 3214
3090 3366 3358 3151
3141 3343 3255 3113
3153 3328 3310 3020
3086 3346 3296 3200
3297 3199 3174 3001
3262 3158 3234 2902
3253 3299 3066 3032
3101 3412 3270 3061
3077 3251 3378 3111
3065 3372 3236 3186
3017 3244 3252 3140
3276 3187 3146 3045
3259 3270 3182 2968
3048 3402 3220 3162
3075 3287 3129 3181
3108 3223 3324 3011
3058 3284 3337 3122
3196 3327 3281 3001
3152 3312 3293 3088
3023 3248 3300 3132
3209 3328 3132 3081
3124 3339 3209 3098
3136 3372 3221 3076
3085 3309 3373 3071
3116 3279 3192 3180
3186 3268 3243 3113
3082 3213 3271 3123
3178 3234 3255 3081
3238 3310 3197 3036
3203 3332 3249 3056
3114 3343 3254 3025
3233 3326 3178 3068
3147 3350 3258 3004
3088 3355 3307 3060
3089 3301 3245 3155
3141 3233 3236 3138
3249 3305 3229 3079
3073 3319 3267 3120
3121 3363 3195 3133
3095 3317 3272 3113
3129 3303 3294 3090
3128 3324 3193 3133
3144 3326 3275 3090
3144 3306 3220 3108
3180 3307 3273 3064
3067 3354 3247 3132
3071 3372 3223 3132
3181 3325 3235 3070
3278 3145 3152 2999
3241 3210 3131 2917
3227 3196 3061 3035
3155 3117 3095 3087
3149 3294 3285 3088
3135 3350 3158 2970
3030 3157 3220 3122
3079 3220 3229 3102
3133 3322 3224 3079
3086 3312 3270 3040
3217 3252 3207 3002
3165 3175 3253 3056
3211 3258 3188 3062
3186 3288 3258 2931
3223 3199 3185 2962
3191 3310 3220 3032
3187 3306 3231 2987
3186 3270 3227 3048
3083 3350 3218 3052
3221 3190 3206 3049
3222 3296 3167 3045
3138 3302 3255 3056
3137 3297 3258 2994
3202 3215 3147 3041
3186 3229 3087 3009
3141 3180 3261 3080
3141 3126 3271 2926
3107 3230 3283 3011
3076 3297 3169 3018
3052 3274 3276 3020
3153 3278 3211 2978
3149 3253 3253 3065
3066 3185 3193 3079
3173 3277 3135 3045
3128 3292 3202 3050
3201 3216 3153 3042
3149 3251 3223 2991
3147 3246 3156 2994
3137 3154 3261 2922
3047 3256 3175 3033
3073 3211 3169 2976
