1153221 3000.07
4262 3274
4262 3274
4010 3682
4010 3682
4205 3386
4197 3462
4050 3680
4230 3367
4246 3319
4066 3636
4089 3635
4235 3327
4175 3491
4175 3491
4064 3660
4158 3507
4145 3532
4124 3539
4197 3462
4246 3319
4094 3612
4205 3386
4158 3507
4230 3367
4151 3523
4117 3556
4104 3588
4100 3603
4050 3680
4064 3660
4110 3580
4151 3523
4123 3547
4094 3612
4112 3568
4145 3532
4235 3327
4100 3603
4104 3588
4115 3559
4112 3568
4110 3580
4123 3547
4089 3635
4124 3539
4115 3559
4066 3636
4262 3274
4262 3274
4262 3274
4262 3274
4262 3274
4262 3274
4262 3274
4262 3274
4262 3274
4262 3274
4262 3274
4262 3274
4262 3274
4262 3274
4262 3274
4262 3274
4262 3274
4262 3274
4262 3274
4262 3274
4262 3274
4262 3274
4262 3274
4262 3274
4262 3274
4262 3274
4262 3274
4262 3274
4262 3274
4262 3274
4262 3274
4262 3274
4262 3274
4262 3274
4262 3274
4262 3274
4262 3274
4262 3274
4262 3274
4262 3274
4262 3274
4262 3274
4262 3274
4262 3274
4262 3274
4262 3274
4262 3274
4262 3274
4262 3274
4262 3274
4262 3274
4262 3274
4262 3274
4262 3274
4262 3274
4262 3274
4262 3274
4262 3274
4262 3274
4262 3274
4262 3274
4262 3274
4262 3274
4235 3327
4235 3327
4230 3367
4205 3386
4197 3462
4197 3462
4158 3507
4151 3523
4145 3532
4124 3539
4104 3588
4104 3588
4100 3603
4094 3612
4094 3612
4094 3612
4089 3635
4066 3636
4244 3307
4244 3307
4072 3584
4196 3372
4224 3348
4115 3527
4153 3488
4181 3450
4106 3577
4145 3511
4109 3568
4175 3459
4175 3459
4208 3364
4208 3364
4181 3450
4145 3511
4109 3568
4244 3307
4175 3459
4205 3352
4093 3530
4150 3476
4179 3448
