159623 2580.43
7713 8114 9523
8979 9286 7801
8110 9743 7936
9654 8501 7894
7713 8114 9523
8189 7779 9412
8505 7862 9151
8034 7878 9454
9331 8939 7891
9263 8855 8171
8189 7779 9412
7790 8385 9402
7963 8314 9300
8481 8466 8911
8819 9155 8291
8206 9594 8086
7921 8357 9298
8440 9420 8256
8618 8144 8953
9099 8607 8579
8128 8956 8737
8352 9317 8426
9072 8974 8241
7898 8420 9250
8346 8240 9221
8687 9246 8278
8431 9008 8660
9039 8472 8648
7862 8075 9365
7813 8154 9478
8600 9039 8601
9043 8664 8528
9174 9124 7864
9219 9094 7822
8149 8632 9041
9282 8971 7918
8110 9743 7936
8461 9566 7912
8280 9587 8116
8092 8197 9276
8416 8549 9007
7964 7981 9447
8670 9464 8192
9388 8582 8319
9613 8609 7983
8184 7950 9428
8525 9264 8230
9621 8513 7961
8891 8875 8506
8644 8530 8830
7832 8181 9366
8218 8814 8958
8452 8522 8976
9110 8943 8350
8836 8907 8446
9458 8654 8265
8242 9702 8018
8524 7930 9099
8793 9354 8151
8428 9534 8006
8093 8096 9316
8559 9045 8490
8858 9166 8072
8419 8008 9200
8376 8128 9125
8774 8508 8724
8608 8462 8848
8292 9632 8043
7739 8167 9496
8419 8008 9200
8915 8496 8625
8897 9127 8222
7913 8408 9267
8471 8353 9008
8867 9015 8358
8759 9232 8200
8387 9182 8459
8828 9302 8049
8536 8539 8805
8546 9505 8152
8227 8034 9346
9201 8428 8613
9540 8718 8204
8953 8741 8531
8315 8398 9085
8076 8602 9157
9381 8867 8065
8327 9537 7992
8005 8942 8894
9141 9181 7954
9574 8660 8138
9155 8780 8385
8011 8406 9173
8489 9292 8414
8264 9647 7968
9504 8721 7962
8203 8825 8758
8444 8266 9097
8633 9105 8330
7760 8176 9434
9288 9009 7903
8959 9069 8122
8998 9037 8230
8979 9286 7801
8242 9702 8018
7719 8758 8987
9421 8781 8175
8002 8239 9334
8159 9111 8550
8679 8762 8747
8663 9078 8309
9214 8735 8367
8605 9488 8146
9456 8776 8099
9443 8707 8315
8726 8222 8876
7983 8118 9357
8400 8059 9145
8061 9078 8630
9233 8782 8339
8550 9514 7934
8917 8766 8597
8788 8913 8385
8177 8611 9011
8744 9392 8128
8733 8889 8541
9492 8571 8327
9183 9099 8073
7796 8650 9116
9008 8442 8769
8765 9213 8180
7916 8250 9351
8744 8624 8712
8486 7975 9134
8941 8899 8472
9177 8681 8399
9196 8529 8514
7823 8130 9415
8336 8789 8791
9219 9094 7822
9126 8792 8463
9354 8819 8216
9072 8974 8241
8027 7961 9413
9307 8923 8097
8387 8451 9024
8249 8795 8869
9540 8718 8204
8559 9045 8490
7975 8714 9107
8261 8526 9031
8701 8692 8703
7754 8407 9303
8701 9417 8118
8895 9334 8033
8146 9123 8595
8306 9644 7968
8057 8288 9277
8246 9681 7995
8538 8428 8862
9574 8660 8138
8227 8034 9346
7739 8167 9496
8512 8691 8811
8605 9057 8406
8726 8222 8876
8271 9474 8312
8766 9070 8371
9654 8501 7894
8042 8400 9290
8707 8843 8674
9138 8437 8583
8666 9466 7944
8246 9681 7995
7898 8420 9250
8839 9044 8326
8792 9374 8039
8907 8504 8789
8020 8679 9109
8732 9377 8134
8269 8659 8992
8322 8778 8822
7855 8059 9467
9492 8571 8327
9174 9124 7864
7845 8646 9171
7769 8141 9487
8167 8899 8673
9032 8395 8680
8343 8403 9064
8613 8103 9021
8499 9514 7974
9132 8833 8405
9406 8803 7986
8325 9569 8034
8099 7976 9383
8941 8899 8472
8311 8080 9298
8343 8403 9064
8053 8231 9291
