2327 1516.33
18951 17096 17067
18825 16918 17646
18794 17561 16951
18043 17310 18343
18022 18100 17484
17775 17388 18337
17910 18032 17514
18209 18092 17365
17853 18027 17589
17822 17932 18108
18634 17690 16993
18737 17561 17035
18895 17261 17004
18140 17431 18328
18092 17465 18277
18708 16960 17759
18856 17360 17063
18181 17442 18302
18769 17505 17022
18752 16977 17748
18884 16994 17357
18902 17250 17132
17851 17853 18125
17935 17886 18028
17917 17791 18187
17973 17652 18245
17997 17832 18056
18745 17438 17083
18186 17333 18301
17987 17876 17936
18697 16923 17845
18253 17365 18264
17839 18013 17712
18938 17014 17225
18622 17727 17100
18148 17992 17509
17928 17931 17958
18887 16981 17461
18675 17653 17077
18017 17809 18012
18084 17899 17867
18475 16934 18099
17831 17699 18190
17944 17909 17945
18229 17968 17433
18415 17121 18115
18045 17768 18052
18888 17285 17102
18055 17960 17765
18370 17824 17472
18052 17785 17995
17956 17815 18168
18934 17076 17272
17951 17884 18004
18356 17660 17737
18034 17691 18148
18060 18020 17515
18609 17768 17119
18731 17526 17150
17963 17683 18242
18134 18003 17466
18075 17772 17979
17992 17914 17927
18638 17166 17750
18007 17982 17763
18248 17804 17778
18182 17954 17609
18838 17231 17270
18024 17919 17862
18857 16952 17470
18155 17465 18251
18898 17171 17158
18910 17082 17291
18655 17330 17560
18843 17207 17316
18724 17041 17720
17913 17987 17743
18200 17451 18220
18810 17488 17029
18697 17563 17121
18924 17124 17164
18160 17536 18235
18601 17569 17382
18614 17113 17866
18740 17304 17440
18682 17025 17769
18464 17338 17896
18011 17873 17930
18858 16940 17500
18649 17215 17721
18919 17188 17136
18754 17434 17244
18632 17642 17176
18189 17851 17760
18793 17194 17421
18775 17012 17666
18316 17796 17547
18135 17948 17746
18861 17088 17368
18394 17621 17674
18812 17058 17568
18429 17461 17850
18240 17567 18074
18234 17788 17795
18107 18007 17650
18116 17975 17520
18927 17105 17145
18795 17325 17260
18580 17347 17670
18506 17747 17366
18233 17478 18159
18800 17095 17528
18521 17322 17881
18063 17580 18253
18401 17711 17574
18194 17504 18146
18512 17081 18026
18729 17008 17716
18583 17648 17232
18391 17146 18173
18831 17106 17484
18717 17431 17285
18590 17270 17754
18324 17309 18192
18566 17513 17576
18311 17474 17981
18760 17427 17159
18439 17533 17709
18041 17878 17874
18578 17576 17430
18878 17067 17465
18342 17556 17900
18172 17481 18208
18334 17284 18152
18130 17494 18243
18004 17921 17868
17956 17986 17820
18202 17923 17572
18166 17868 17803
18692 17588 17071
18090 17668 18175
18492 17688 17396
18772 16944 17753
18380 17761 17591
18436 17269 17937
18099 17453 18255
18597 17075 17956
18498 17597 17545
18178 17742 17892
18420 17735 17496
18118 17927 17773
18629 17280 17625
18360 17758 17632
18850 17286 17235
18845 17294 17192
18432 17777 17453
18652 17553 17333
18218 17828 17841
18787 17052 17602
18388 17842 17391
18091 17563 18275
18672 17311 17605
18538 17665 17435
18364 17398 18009
18841 17152 17386
18501 17769 17280
18619 17497 17379
18499 17541 17661
18890 17190 17172
18901 16945 17409
18627 16997 17922
18163 17555 18229
18703 17157 17644
18786 17016 17640
18361 17896 17374
18242 17693 17865
18668 17200 17693
18539 17603 17470
18525 17118 17928
18705 17021 17727
18593 17586 17286
18097 18008 17702
18337 17584 17887
18251 17856 17619
18747 17034 17689
18454 17031 18133
18059 17717 18142
18530 17528 17493
18865 17223 17313
18517 17228 17953
18089 17783 17970
18749 17394 17306
18526 17547 17531
18469 17469 17774
18417 17679 17651
18271 17151 18217
18137 17682 18017
18603 17252 17804
18280 17751 17833
18260 17698 17838
18259 17458 18131
18184 17505 18183
18724 17543 17182
18766 17162 17489
18871 17277 17198
18570 17447 17542
18212 17241 18338
18347 17423 17966
18145 17678 18085
18445 17364 17909
18466 17355 17879
18273 17357 18213
18036 17739 18062
18704 17376 17411
18263 17148 18236
17967 17834 18039
18803 17224 17416
18814 17334 17255
18099 17845 17961
18523 17753 17224
18246 17943 17423
18621 17663 17211
18066 17631 18200
18807 17419 17142
18661 17417 17400
18072 18010 17588
18302 17836 17550
18197 17892 17640
18398 17764 17505
18382 17801 17424
18456 17739 17399
18874 17090 17336
18757 17258 17467
18607 17038 17872
18515 17440 17729
18472 17671 17506
18268 17508 18083
18669 17379 17490
18279 17391 18138
18237 17520 18139
18806 17141 17447
18186 17978 17476
18320 17563 17924
18215 17587 18004
18625 17429 17562
18828 17235 17324
18426 17341 17942
18359 17476 17964
18873 17092 17351
18809 17256 17328
18782 17155 17539
18611 17403 17586
18434 17795 17289
18352 17709 17723
18266 17626 17947
18225 17945 17503
18734 17342 17406
18711 17486 17278
18604 17549 17372
18568 17301 17731
18509 17382 17808
18488 17261 17931
18665 17062 17810
18375 17205 18163
18791 17361 17265
18453 17374 17855
18021 17719 18077
18238 17721 17917
18147 17630 18111
18690 17467 17309
18898 17135 17217
18533 17102 17891
18328 17137 18205
18305 17173 18196
18274 17485 18070
18890 17062 17304
18684 17449 17361
18350 17359 18046
18927 17072 17273
18264 17418 18090
18366 17775 17522
18124 17722 18066
18373 17609 17713
18291 17545 18011
18557 17132 17883
18544 17599 17335
18477 17510 17679
18442 17700 17476
18069 17910 17784
18005 18016 17524
18151 17674 18038
18111 17595 18215
18641 17102 17801
18822 17004 17500
18560 17332 17686
18120 17907 17861
18893 17293 17066
18552 17384 17726
18687 17530 17189
18460 17502 17703
18886 17047 17321
18645 17086 17799
18283 17704 17797
18265 17847 17634
18881 17188 17329
18293 17845 17583
18285 17384 18135
18616 17104 17836
18480 17299 17904
18405 17389 18023
18300 17641 17940
18296 17674 17790
18206 17615 18021
18839 17225 17292
18826 17164 17348
18706 17369 17443
18759 17044 17621
18427 17444 17851
18347 17645 17790
18408 17395 17914
17988 17598 18245
18402 17687 17534
18353 17257 18128
18327 17595 17858
18915 17053 17296
18479 17421 17814
18170 17590 18035
18140 17733 17989
18398 17294 18044
18830 17348 17188
18165 17574 18103
18392 17220 18094
18586 17516 17466
18309 17607 17866
18229 18014 17298
18764 17353 17314
18503 17235 17951
18463 17572 17590
18677 17176 17657
18221 17937 17554
18885 17190 17238
18411 17550 17688
18255 17829 17696
18630 17455 17465
18421 17372 17915
18276 17863 17529
18176 17724 17959
18221 17636 17993
18699 17220 17643
18680 17244 17637
18548 17521 17626
18314 17430 18066
18644 17046 17826
18572 17437 17553
18490 17493 17684
18058 17731 18063
18011 17774 18143
18778 17037 17649
18486 17327 17828
18348 17524 17951
18162 17594 18151
18727 17319 17512
18725 17217 17555
18297 17471 17986
18795 17099 17525
18283 17617 17992
18186 17903 17665
18715 17416 17375
18230 17422 18170
17965 17879 17999
18855 17228 17206
18853 17122 17389
18852 17247 17248
18820 17127 17395
18733 17349 17339
18690 17315 17537
18677 17245 17612
18474 17399 17816
18443 17673 17580
18336 17381 18039
18282 17935 17482
18068 17934 17831
18895 17161 17274
18759 17298 17319
18428 17499 17785
18276 17819 17655
18917 17096 17252
18744 17309 17426
18219 17537 18081
18612 17559 17215
18211 17435 18229
18181 17929 17706
18423 17628 17650
18169 17880 17785
18123 17865 17887
18708 17290 17514
18467 17185 18017
18223 17890 17712
18288 17374 18100
18780 17239 17446
18833 17055 17471
18794 17002 17620
18377 17719 17611
18142 17884 17715
18553 17306 17698
18460 17362 17884
18447 17074 18101
18307 17515 17961
18257 18012 17341
18804 17005 17616
18556 17287 17822
18406 17317 17971
18815 17181 17408
18663 17406 17495
18305 17744 17682
18066 17860 17977
18807 17027 17581
18834 17368 17166
18384 17558 17819
18789 17239 17346
18646 17314 17599
18109 17852 17907
18544 17413 17692
18449 17483 17782
18206 17779 17844
18562 17408 17616
18438 17140 18031
18437 17538 17780
18184 17858 17735
18725 17065 17699
18612 17491 17462
18450 17202 17976
18428 17623 17594
18226 17632 17973
18897 17128 17263
18262 17557 18000
18894 17173 17228
18845 17125 17457
18752 17243 17519
18486 17686 17419
18350 17415 17985
18486 17611 17558
18713 17276 17565
18577 17396 17629
18727 17479 17195
18712 17396 17402
18650 17480 17353
18760 17221 17450
18198 17958 17484
18744 17452 17222
18483 17783 17205
18912 17130 17224
18783 17272 17423
18175 17818 17905
18693 17247 17595
18869 17302 17100
18867 17187 17346
18018 17976 17827
18510 17591 17513
18387 17401 17905
18298 17916 17521
18037 17652 18188
18344 17528 17863
18330 17772 17550
18818 17137 17445
18393 17582 17695
18210 17906 17636
18388 17639 17681
18124 17706 18125
18563 17395 17658
18549 17306 17741
18816 17305 17230
18411 17313 18032
18332 17312 18162
18778 17368 17249
18584 17522 17456
18375 17506 17891
18333 17669 17739
18276 17432 18018
18245 17839 17676
18556 17677 17201
18541 17632 17342
18382 17448 17922
18663 17598 17168
18562 17543 17479
18132 17839 17862
18819 17410 17206
18814 17180 17409
18209 17663 17946
18575 17614 17315
18222 17730 17870
18687 17488 17323
18684 17574 17204
18450 17562 17596
18244 17665 17886
18298 17780 17571
18148 17633 18097
18574 17276 17735
18915 17129 17202
18585 17352 17598
18387 17484 17823
18651 17344 17520
18618 17272 17735
18541 17189 17870
18343 17326 18097
18435 17558 17678
18609 17413 17571
18575 17351 17665
18618 17344 17656
18666 17261 17616
18538 17686 17205
18914 17117 17178
18704 17008 17642
18081 17143 18108
18025 17899 17449
18761 17266 17210
18240 17383 18051
18190 17782 17376
18621 17038 17728
18149 17752 17798
18211 17545 17960
18660 17104 17563
18187 17847 17510
18546 17487 17432
18247 17737 17452
18286 17287 17995
18746 17166 17322
18651 17341 17302
18539 17579 17295
18394 17622 17525
18295 17470 17939
18362 17439 17828
18483 17315 17666
18593 17254 17732
18311 17290 17893
18594 17209 17581
18200 17700 17627
18670 17489 17202
18521 17143 17807
18282 17570 17699
18416 17510 17520
18413 17557 17595
18509 17301 17621
18436 17430 17593
18451 17570 17478
18441 17132 17876
18188 17647 17855
18387 17669 17346
18642 17447 17234
18561 17282 17658
18479 17457 17469
18183 17751 17649
18700 17274 17497
18344 17465 17761
18708 17396 17256
18597 17405 17566
18444 17309 17697
18648 17275 17532
18727 17255 17275
18244 17772 17507
18326 17665 17635
18185 17674 17740
18337 17447 17785
18301 17684 17564
18615 17196 17654
18597 17469 17270
18320 17195 17848
18616 17455 17340
18339 17501 17773
18724 17305 17244
18648 17297 17323
18718 17267 17511
18481 17304 17842
18720 17264 17499
18319 17545 17768
18393 17257 17847
18388 17503 17662
18319 17300 17851
18326 17507 17698
18754 17075 17200
18747 16790 17207
18688 17357 16977
18240 17308 17987
18071 17687 17695
17977 17607 17713
18598 16998 17657
18594 17404 17178
18178 17492 17875
18273 17367 17936
18114 17490 17921
18650 17273 17302
18221 17463 17913
18316 17191 17839
18219 17629 17630
18506 17058 17732
18185 17686 17574
18334 17477 17768
18308 17616 17606
18673 17260 17362
18724 17287 17229
18085 17375 17986
18400 17548 17552
18691 17236 17240
18642 17072 17541
18609 17316 17319
18708 17124 17423
18195 17510 17871
18456 17162 17754
18509 17441 17363
18266 17382 17817
18383 17576 17497
18470 17438 17401
18204 17505 17820
18234 17538 17694
18459 17127 17796
18489 17092 17787
18564 17348 17329
18376 17219 17748
18355 17494 17620
18236 17428 17849
18423 17341 17566
18462 17401 17488
18582 17238 17473
18385 17484 17598
18094 17569 17729
18360 17414 17777
18527 17273 17585
18579 17284 17414
18427 17157 17790
18427 17433 17449
18559 17227 17511
18101 17628 17640
18550 17083 17724
18253 17438 17781
18608 17178 17636
18489 17184 17614
18220 17536 17737
18544 17372 17206
18502 17307 17507
18569 17272 17430
18555 17301 17449
18369 17325 17633
18519 17406 17429
18475 17292 17726
18411 17324 17576
18561 17354 17187
18556 17236 17538
18700 17232 17475
18407 17258 17743
18558 17341 17446
18408 17247 17731
18461 17311 17642
18373 17267 17784
18698 17297 17206
18710 16919 17130
18641 16811 17443
18475 17407 17030
18104 17076 17968
18076 17674 17378
17764 17603 17652
18049 17341 17913
18145 16878 17863
18697 17158 17165
18580 16933 17629
18678 17297 17038
18234 17329 17813
18627 17026 17516
18126 17653 17539
18272 17454 17711
18519 17334 17266
18590 17219 17442
18128 17238 17924
18649 17259 17218
18196 17549 17630
18177 17498 17792
18052 17508 17825
18515 17365 17209
18068 17370 17844
18370 17122 17776
18087 17470 17816
18464 17250 17655
18536 17041 17603
18400 17446 17298
18297 17533 17530
18292 17395 17757
18407 17341 17556
18308 17396 17728
18448 17424 17383
18111 17597 17550
18325 17539 17399
18626 17031 17515
18634 17203 17361
18384 17453 17323
18342 17465 17466
18479 17338 17309
18362 17279 17611
18461 17075 17727
18513 17196 17574
18508 17167 17599
18479 17302 17451
18577 17087 17467
18639 17183 17305
18429 17400 17409
18673 17109 17424
18163 17577 17592
18553 17112 17560
18458 17271 17716
18466 17381 17392
18571 17092 17487
18436 17107 17762
18167 17567 17595
18376 17461 17513
18565 17257 17372
18582 17245 17346
18385 17445 17388
18184 17396 17804
18330 17401 17517
18517 17169 17583
18280 17554 17606
18551 17329 17412
18472 17431 17350
18667 17160 17351
18277 17581 17550
18518 17247 17494
18682 17241 17211
18534 17101 17604
18465 17280 17454
18366 17292 17592
18295 17243 17774
18375 17552 17353
18568 17095 17452
18461 17274 17597
18662 16864 17199
18624 17203 17043
18497 16848 17593
18263 17540 17525
17933 17325 17907
18171 17440 17767
18030 17233 17806
18647 17168 17155
18066 17478 17568
18251 17389 17735
18502 16998 17592
17959 17492 17724
18539 17048 17471
17992 17292 17784
18050 17463 17691
18543 16928 17571
18307 17454 17251
18346 17410 17461
18364 17270 17627
18555 16912 17590
18293 17529 17486
18561 17141 17431
18594 17157 17359
18457 17329 17212
18618 17106 17375
18636 17158 17320
18417 17249 17609
18396 17334 17508
18516 17085 17443
18413 17365 17275
18579 17218 17305
18283 17352 17520
18494 17190 17401
18435 17225 17713
18570 17153 17389
18371 17377 17406
18297 17419 17379
18476 17213 17424
18509 17076 17524
18291 17341 17755
18451 17092 17706
18302 17272 17553
18508 17261 17275
18386 17287 17528
18479 17312 17366
18369 17311 17540
18445 17284 17414
18629 17102 17374
18585 17209 17368
18445 17256 17545
18513 17177 17523
18290 17171 17763
18454 17259 17534
18657 16743 16986
18124 17292 17762
18103 17510 17429
17845 17447 17529
18629 17006 17373
18413 17344 17223
18501 17020 17492
18219 17377 17668
18349 17253 17544
18190 17459 17402
18620 17095 17246
18458 17156 17473
18385 17076 17701
18539 17182 17320
18591 17126 17318
18563 17051 17360
18311 17403 17302
18368 17130 17713
18418 17219 17589
18255 17318 17613
18488 17052 17461
18179 17488 17272
18559 17110 17332
18172 17157 17760
18246 17227 17685
18314 17261 17500
18138 17251 17740
18289 17296 17655
18317 17340 17375
18570 17208 17285
18116 17438 17734
18448 17172 17325
18392 17363 17254
18265 17333 17599
18413 17100 17678
18299 17294 17429
18283 17341 17455
18352 17239 17524
18546 17209 17287
18391 17313 17408
18427 17209 17662
18275 17474 17258
18290 17415 17402
18267 17427 17468
18125 17477 17422
18276 17346 17420
18272 17314 17522
18373 17221 17610
18277 17249 17666
18268 17316 17609
18623 16809 17147
18485 17126 16955
18027 17162 17742
17608 17409 17733
17903 17407 17677
18612 17010 16989
18619 16925 17170
18495 16848 17423
18134 17363 17552
17954 17395 17262
18183 17318 17588
18204 17360 17466
18576 16979 17336
18265 17283 17305
18434 17024 17388
18240 17393 17427
18334 17267 17186
18424 17077 17659
18495 17011 17348
18478 17205 17218
18543 17108 17247
18289 17241 17513
18279 17261 17404
18245 17309 17531
18141 17231 17655
18413 17174 17640
18408 17210 17480
18547 17106 17324
18390 17248 17152
18579 17095 17172
18351 17090 17662
18415 17190 17545
18292 17270 17228
18416 17165 17388
18451 17120 17343
18364 17208 17603
18249 17403 17235
18427 17163 17613
18363 17219 17227
18264 17119 17649
18397 17312 17151
18584 16887 17158
18567 16772 17202
18529 17072 17062
18126 16929 17655
17842 17384 17627
17894 17356 17464
18093 17291 17443
18024 17317 17476
18434 17156 17086
18017 17264 17497
18259 17198 17559
18570 16826 17200
18474 17042 17266
18325 17188 17515
18474 16947 17336
18394 17226 17151
18494 17106 17195
18534 16955 17285
18441 17003 17303
18384 17073 17630
18412 17173 17599
18416 17135 17293
18225 17219 17391
18191 17190 17575
18513 17014 17232
18166 17255 17569
18461 17097 17233
18335 17175 17513
18238 17286 17313
18155 17280 17464
18522 17095 17210
18253 17269 17277
18160 17285 17424
18395 17182 17488
18227 17213 17412
18214 17223 17492
18164 17376 17408
18334 17213 17218
18222 17268 17404
18576 16778 17134
18523 16976 16807
18297 17039 17604
18051 17359 17223
17781 17334 17554
17871 17281 17327
18537 16824 16901
18316 17178 17016
18229 17221 17122
18518 16873 17177
18470 16941 17285
18198 17264 17356
18432 16999 17238
18182 17195 17549
18109 17145 17599
18386 17133 17419
18255 17068 17598
18360 17161 17476
18388 17117 17211
18494 17041 17135
18406 17082 17564
18360 17139 17508
18344 17133 17568
18472 16943 17233
18312 17167 17334
18438 16990 17061
18399 16901 17504
18291 16922 17557
18112 17259 17195
18016 17214 17231
18228 17092 17511
18148 17249 17082
18309 17023 17463
18360 17102 17359
18051 17132 17534
18436 16915 17258
18256 17161 17401
18170 17172 17448
18417 16986 17139
18375 17113 17137
18181 17214 17227
18316 17153 17424
18430 16953 17209
18356 16960 17472
18352 17130 17449
18389 16987 17419
18358 17136 17223
18418 16643 16908
18082 17180 17066
17874 16887 17557
18380 16854 17482
18204 17055 17478
18159 17154 17289
17950 17110 17474
18028 17063 17438
18364 16963 17196
18333 17125 17187
18072 17137 17427
18311 17101 17190
18171 16954 17494
18384 16957 17233
18318 16922 17456
18347 16943 17331
18330 17090 17211
18332 16951 17366
18346 17063 17347
18374 16867 17143
18357 16722 17247
18310 17013 17094
18281 16778 17478
18021 17043 17241
18280 16995 17315
18035 17034 17313
18313 16921 17261
18320 16746 17163
18293 16804 17138
18277 16932 17134
18178 16750 17278
17931 16995 17167
18281 16838 17181
18207 16885 17071
18190 16897 17002
18199 16880 16865
18190 16758 16930
18173 16805 17042
