53073 1920.62
27505 25764
25732 27816
26545 27497
27182 26830
26317 27647
27018 27007
26711 27347
27332 26578
26201 27732
26950 27094
26624 27419
27260 26711
26463 27576
27100 26931
26789 27260
27407 26257
25877 27764
26907 27133
26585 27465
27215 26767
26405 27622
27063 26963
26755 27300
27379 26427
26243 27728
26991 27047
26671 27386
27298 26651
26502 27537
27139 26882
26828 27218
27452 26107
25800 27791
26884 27156
26578 27479
27199 26788
26378 27630
27042 26987
26732 27328
27346 26531
26243 27728
26964 27080
26648 27399
27267 26677
26478 27557
27115 26892
26809 27252
27428 26199
26176 27756
26919 27117
26612 27445
27238 26736
26442 27595
27075 26939
26778 27284
27379 26427
26266 27665
27001 27034
26700 27363
27309 26602
26538 27517
27161 26842
26847 27199
27477 26091
25781 27809
26880 27166
26553 27486
27182 26830
26344 27641
27037 27001
26725 27333
27339 26541
26243 27728
26964 27080
26636 27408
27260 26711
26463 27576
27112 26906
26809 27252
27413 26218
26176 27756
26914 27122
26606 27452
27221 26763
26410 27606
27069 26957
26759 27294
27379 26427
26243 27728
26991 27047
26681 27370
27298 26651
26520 27527
27145 26855
26841 27209
27470 26107
25828 27777
26898 27153
26582 27470
27199 26782
26399 27629
27045 26982
26738 27320
27360 26497
26243 27728
26969 27059
26665 27393
27298 26651
26501 27544
27139 26882
26826 27231
27438 26186
26176 27756
26935 27101
26619 27427
27245 26719
26442 27595
27100 26931
26785 27279
27394 26299
26309 27660
27015 27020
26707 27351
27332 26578
26541 27514
27164 26837
26853 27184
27490 25857
25732 27816
26872 27178
26548 27492
27182 26830
26338 27643
27037 27001
26725 27333
27332 26578
26243 27728
26950 27094
26630 27412
27260 26711
26463 27576
27100 26931
26792 27255
27411 26250
25877 27764
26907 27133
26606 27452
27221 26763
26405 27622
27063 26963
26757 27295
27379 26427
26243 27728
26991 27047
26678 27375
27298 26651
26502 27537
27139 26882
26837 27214
27470 26107
25818 27785
26898 27153
26578 27479
27199 26788
26399 27629
27045 26982
26738 27320
27360 26497
26243 27728
26967 27064
26660 27393
27270 26654
26483 27550
27120 26886
26819 27234
27438 26186
26176 27756
26929 27108
26613 27434
27238 26736
26442 27595
27100 26931
26785 27279
27394 26299
26309 27660
27015 27020
26700 27363
27310 26596
26541 27514
27161 26842
26850 27194
27486 25863
25781 27809
26880 27166
26564 27484
27185 26797
26344 27641
27037 26997
26732 27328
27346 26531
26243 27728
26964 27080
26640 27404
27267 26677
26465 27559
27112 26906
26809 27252
27428 26199
26176 27756
26917 27120
26612 27445
27238 26736
26432 27598
27072 26944
26768 27285
27379 26427
26264 27673
27001 27034
26686 27368
27309 26602
26520 27527
27147 26847
26841 27209
27477 26091
25828 27777
26898 27153
26585 27465
27206 26771
26405 27622
27051 26963
26747 27303
27360 26497
26243 27728
26974 27054
26671 27386
27298 26651
26501 27544
27139 26882
26826 27231
27446 26124
26176 27756
26935 27101
26619 27427
27245 26719
26447 27579
27100 26931
26785 27279
27396 26262
26309 27660
27016 27015
26711 27347
27332 26578
