611581 2220.08
17712 16974
17712 16974
17236 17714
17647 17401
17113 18006
17697 17172
17147 17784
17697 17172
17147 17784
17169 17716
17169 17716
17169 17716
17147 17784
17147 17784
17169 17716
17147 17784
17697 17172
17147 17784
17147 17784
17147 17784
17697 17172
17147 17784
17697 17172
17169 17716
17169 17716
17147 17784
17697 17172
17697 17172
17147 17784
17113 18006
17147 17784
17697 17172
17697 17172
17697 17172
17147 17784
17147 17784
17147 17784
17169 17716
17147 17784
17147 17784
17169 17716
17697 17172
17697 17172
17697 17172
17697 17172
17147 17784
17697 17172
17147 17784
17147 17784
17147 17784
17147 17784
17697 17172
17147 17784
17697 17172
17169 17716
17169 17716
17147 17784
17697 17172
17147 17784
17113 18006
17712 16974
17236 17714
17647 17401
17113 18006
17697 17172
17697 17172
17147 17784
17169 17716
17169 17716
17147 17784
17169 17716
17147 17784
17697 17172
17697 17172
17147 17784
17147 17784
17169 17716
17697 17172
17697 17172
17697 17172
17697 17172
17147 17784
17147 17784
17147 17784
17147 17784
17697 17172
17697 17172
17697 17172
17147 17784
17147 17784
17169 17716
17597 17709
17147 17784
17169 17716
17169 17716
17147 17784
17697 17172
17113 18006
17169 17716
17113 18006
17147 17784
17147 17784
17697 17172
17147 17784
17147 17784
17697 17172
17147 17784
17697 17172
17697 17172
17697 17172
17147 17784
17236 17714
17697 17172
17697 17172
17147 17784
17113 18006
17147 17784
17169 17716
17147 17784
17147 17784
17169 17716
17147 17784
17169 17716
17147 17784
17147 17784
17147 17784
17597 17709
17169 17716
17147 17784
17147 17784
17697 17172
17147 17784
17147 17784
17697 17172
17697 17172
17697 17172
17697 17172
17147 17784
17147 17784
17697 17172
17697 17172
17169 17716
17147 17784
17169 17716
17113 18006
17113 18006
17147 17784
17147 17784
17697 17172
17147 17784
17147 17784
17697 17172
17147 17784
17697 17172
17697 17172
17697 17172
17147 17784
17236 17714
17697 17172
17697 17172
17147 17784
17113 18006
17147 17784
17169 17716
17147 17784
17147 17784
17169 17716
17147 17784
17169 17716
17147 17784
17147 17784
17597 17709
17169 17716
17147 17784
17147 17784
17697 17172
17147 17784
17147 17784
17697 17172
17697 17172
17697 17172
17697 17172
17147 17784
17147 17784
17697 17172
17697 17172
17169 17716
17147 17784
17169 17716
17113 18006
17113 18006
17147 17784
17147 17784
17697 17172
17147 17784
17147 17784
17697 17172
17697 17172
17697 17172
17113 18006
