52876 1800.57
28583 26222
25705 28859
27079 28364
28073 27328
26727 28610
27838 27614
27353 28122
28316 26985
26446 28717
27712 27750
27227 28236
28191 27137
26934 28476
27956 27480
27499 28010
28446 26796
26291 28791
27655 27804
27151 28299
28132 27245
26836 28538
27897 27540
27416 28067
28384 26896
26566 28650
27774 27684
27276 28177
28254 27075
26998 28415
28013 27406
27549 27947
28506 26646
26190 28822
27623 27833
27120 28326
28100 27280
26801 28576
27865 27588
27400 28101
28349 26961
26496 28693
27747 27708
27237 28207
28219 27100
26972 28448
27987 27445
27517 27981
28480 26753
26369 28753
27679 27770
27175 28277
28168 27185
26881 28508
27925 27514
27459 28038
28414 26839
26654 28623
27804 27655
27333 28165
28296 27036
27041 28387
28049 27373
27590 27911
28545 26404
25705 28859
27615 27861
27095 28343
28085 27307
26768 28580
27853 27597
27396 28110
28334 26969
26471 28702
27728 27726
27228 28232
28213 27124
26943 28469
27974 27463
27499 28010
28464 26771
26336 28768
27673 27790
27168 28279
28139 27228
26866 28532
27910 27526
27438 28047
28400 26876
26615 28646
27789 27662
27333 28165
28278 27045
27019 28404
28032 27384
27561 27932
28532 26419
26213 28810
27643 27821
27122 28320
28117 27267
26815 28553
27892 27570
27412 28085
28379 26947
26532 28671
27763 27697
27262 28190
28236 27091
26984 28433
28005 27420
27532 27964
28500 26712
26413 28746
27705 27754
27197 28253
28180 27160
26909 28492
27940 27492
27483 28021
28434 26833
26727 28610
27821 27630
27344 28140
28303 26999
27062 28373
28063 27358
27590 27911
28574 26343
25705 28859
27615 27861
27088 28348
28079 27311
26747 28587
27844 27607
27362 28114
28328 26975
26454 28710
27720 27737
27228 28232
28197 27130
26943 28469
27964 27464
27499 28010
28454 26786
26308 28777
27665 27802
27151 28299
28139 27228
26866 28532
27900 27535
27432 28057
28390 26882
26615 28646
27780 27670
27281 28167
28265 27075
27013 28411
28022 27395
27553 27938
28519 26462
26195 28817
27632 27829
27122 28320
28107 27271
26801 28576
27882 27569
27405 28092
28379 26947
26511 28677
27752 27706
27258 28200
28227 27091
26978 28441
27990 27439
27521 27972
28488 26714
26413 28746
27689 27767
27190 28263
28168 27185
26901 28504
27935 27503
27467 28032
28422 26834
26678 28618
27811 27636
27342 28157
28296 27036
27051 28380
28052 27362
27590 27911
28555 26396
26160 28828
27615 27861
27104 28338
28093 27297
26801 28576
27860 27589
27396 28110
28349 26961
26496 28693
27737 27718
27236 28210
28213 27124
26963 28455
27976 27449
27517 27981
28480 26753
26343 28766
27673 27790
27175 28277
28154 27191
26878 28513
27922 27520
27444 28042
28404 26864
26627 28633
27804 27655
27333 28165
28278 27045
27034 28399
28040 27383
27571 27922
28545 26404
26251 28799
27645 27812
27145 28305
28122 27247
26829 28549
27892 27570
27412 28085
28379 26947
26543 28657
27774 27684
27268 28180
28254 27075
26988 28423
28007 27418
27544 27947
28503 26647
26436 28727
27712 27750
27201 28241
28180 27160
26913 28485
27947 27483
27483 28021
28438 26814
26727 28610
27829 27617
27344 28140
28308 26992
