7607 1565.98
25017 22834 26151 27267
24239 24215 28220 25380
26016 27040 25387 23170
24427 23298 25946 27704
23616 23996 27218 26576
27704 24960 24242 24451
27388 25153 23681 24727
25723 27228 25243 23501
24824 23039 26005 27493
25988 26971 25409 23293
23794 24337 27289 26318
27242 25355 23968 24438
26980 25672 24217 24257
24737 23161 26590 26801
25140 23363 26118 26887
25184 23591 25516 26845
25348 24439 25533 25812
24362 24021 26619 26726
26554 26017 24511 24036
25716 26146 25222 24355
24162 24152 28124 25529
27095 25275 23952 24893
24275 24121 28183 25517
26383 26313 25070 23919
24972 22987 26195 27214
26955 24694 23907 25164
26279 26747 25456 23549
23982 24147 27729 26015
24392 23845 27556 25997
25070 25894 26015 24391
26376 26582 25174 23631
23751 24120 27030 26537
26069 26691 24997 23755
25505 26374 25905 24317
26199 26681 25108 23599
24138 24243 28014 25595
24377 23734 27583 25916
25237 25073 27044 24430
24097 23861 27470 26141
26107 26884 25293 23375
25941 27108 25261 23551
25843 26708 25462 23836
24767 23114 26177 27366
26294 26644 25337 23420
24497 23262 26070 27644
26863 25769 24476 24370
27356 25036 24019 24950
23866 23670 26998 26595
26659 25906 24962 24289
26008 25863 25636 24272
24402 23519 26975 26577
25591 26422 25280 24012
24420 23429 26472 27116
27612 24916 24261 24514
27423 24980 24275 24629
23616 23996 27218 26576
24286 24175 27608 25783
25823 26245 25196 24159
24452 23895 27608 25647
25479 25939 25716 24619
25100 22931 25901 27151
23964 24139 27764 26030
24008 23470 26723 26949
24983 22901 26147 27306
25318 25628 26534 24435
24046 24303 27540 26059
26806 25812 24685 24321
25090 24337 26277 26094
25745 27189 25257 23338
24242 23982 27699 25749
24310 24282 27932 25589
25497 25135 25817 25166
24875 22835 26249 27318
25436 23257 25537 26680
27578 25002 24175 24594
24744 23220 26083 27416
24576 23139 26045 27586
23687 23976 27341 26298
25372 23884 25436 26466
24699 24758 27724 24764
24654 23193 25917 27531
24490 24291 27962 25371
26894 25486 24634 24551
27127 25205 23863 24769
24440 23784 27528 25881
24517 23391 26383 27062
27078 24865 24352 24969
25922 26605 25623 23906
26834 24866 24209 25243
24427 23298 25946 27704
23947 23780 26566 26915
24577 23296 26157 27436
27011 25586 24063 24760
27348 25206 23709 24768
26439 24678 25173 25101
26935 25754 24539 24241
26297 25690 24896 24539
24175 23706 26545 26986
26331 26507 24952 23648
25771 24116 25185 25723
23907 23686 26910 26766
26011 27008 25326 23225
24342 24778 27270 25291
26072 26934 25274 23209
24575 23081 26328 27157
26234 26898 25316 23264
25723 27228 25243 23501
26946 24567 24095 25035
24763 23383 26096 27010
24830 22982 26070 27506
26515 25983 24832 24200
27354 25190 23795 24794
25762 26827 25180 23709
26426 24641 24900 25183
25045 23672 25805 26773
25531 25402 26037 24566
25111 24619 27154 25262
26120 26449 24874 24122
24671 24223 27355 25454
24432 24239 28085 25583
27365 25325 24076 24707
24551 24389 26656 25560
25974 26434 25446 23677
25555 25992 26105 24054
24132 23618 26961 26606
24853 23581 25749 26822
24077 23869 27130 26462
27397 25001 24606 24833
24900 22874 26300 27279
24517 24515 27687 25535
25983 26296 25504 23609
25967 26474 25583 23454
25670 26077 25659 24471
27480 25042 23820 24747
27435 25116 24225 24392
26499 26098 24758 24302
24385 24165 27880 25660
24252 23939 27804 25840
26049 26198 24854 24297
26780 24726 24712 25226
24487 23602 26416 26461
24301 25007 26627 25404
23674 24065 27371 26387
26721 25149 24386 24981
26213 24994 24413 25202
26260 26778 25225 23555
26566 25968 24743 23955
24549 23330 26369 27251
25797 24929 25640 24868
24958 23106 25962 27190
25704 23631 25425 26359
26315 25019 24811 25048
25358 25554 25557 24872
26408 26534 24956 23352
27413 25099 23740 24722
25986 26824 25289 23722
24627 23450 26338 27013
24558 23316 26376 27114
25745 27189 25257 23338
26132 24232 25009 25484
23832 23972 27125 26527
24410 24035 26733 26556
25907 25955 25689 24248
27135 25317 24632 24244
27507 24889 24258 24787
24199 24252 27841 25635
25281 23363 25987 27033
25276 23471 25855 26504
24666 23146 26137 27525
26174 26063 25615 24239
26531 25796 25183 24340
25879 26703 25082 23793
27419 24981 23891 24653
24646 24123 27228 25852
24328 24072 27296 26181
24174 24182 27651 25944
25594 25709 25391 24739
25807 24059 25121 25606
26337 25426 25427 24416
24973 23797 25658 26639
25303 23641 26335 26115
26745 25850 24637 24342
24381 23696 27430 26090
26476 25289 24497 24978
26045 27017 25271 23478
25604 26922 25409 23516
23817 23778 27170 26631
27665 24962 24121 24603
24111 23678 27113 26394
27553 25064 23954 24527
27704 24960 24242 24451
24509 23137 26050 27649
25855 26192 25880 23830
24638 24473 27502 25493
24548 23561 26510 26962
26074 26987 25056 23261
27212 25072 24670 24800
27467 25133 23742 24691
26379 26305 24982 23924
27125 25459 24046 24710
26086 25063 25011 25025
26895 25722 24440 24493
24791 23211 26515 26928
25250 26028 25740 24685
27665 24962 24121 24603
25365 25965 25930 24202
24713 23549 26446 26837
24332 23162 26499 27158
24596 23586 26651 26467
24595 23423 26532 27051
24748 24654 26321 25546
24402 23759 27061 26079
25126 23734 25595 26558
27101 24918 24164 24921
23914 23892 26880 26696
27537 24944 24326 24613
26647 26002 24580 24178
25751 27135 25313 23568
24319 23863 27384 26237
27277 25025 24510 24645
24281 24165 27822 25686
25606 24895 25402 25736
27269 25365 24431 24152
25153 24579 25453 25769
23960 23918 26861 26514
24264 24098 28102 25529
26355 26463 25146 23804
25653 25441 25548 24853
26733 25618 24582 24438
24561 24419 27629 25357
27200 25083 24678 24812
24754 23408 26450 26831
24930 25169 26214 24954
25698 24125 25286 25840
25543 26024 25669 24494
24476 24048 27876 25502
27039 25268 24476 24489
27596 25054 24265 24476
26591 25317 24781 24648
25631 26259 25379 24099
24993 24372 26800 25511
26251 26876 25275 23432
24436 24202 28031 25589
23943 23939 26866 26671
24871 24590 26720 25322
25871 24809 25437 25343
24212 23716 26934 26583
24909 23250 26181 27168
24657 23232 26214 27361
25035 23606 26348 26584
26262 26770 25107 23506
25751 27135 25313 23568
24184 24127 27494 25895
24252 23887 27749 25888
24537 24189 27251 25651
26378 26502 25090 23690
24722 24733 27448 24753
24959 22863 26290 27250
24544 23227 26205 27459
26757 25856 24456 24236
25516 25531 25301 24810
27321 25235 23817 24802
25982 27068 25321 23193
25872 26391 25690 23949
24965 22853 26329 27187
24517 24607 27022 25606
25268 24966 25710 25425
27026 25264 24656 24815
25441 25316 26386 24604
25172 24562 26937 24954
26310 25344 24872 24934
27126 25617 24382 24128
26192 26704 24763 23614
24028 24132 27245 26274
25890 24301 25060 26204
25366 25565 26159 24076
24955 24489 25785 26109
26739 24843 24782 24847
25655 25787 25589 24584
26666 24698 24621 25274
25029 23316 26437 26511
27173 24733 24133 24977
26794 25254 24346 24928
25705 23462 25310 26543
25967 26621 25269 24126
24846 23594 26522 26274
24384 23882 27492 25670
26318 26483 25277 23862
26460 26471 25161 23713
25982 27068 25321 23193
25988 26180 25695 23474
25735 26224 25527 24147
26246 25369 25026 24495
26176 26087 25363 24144
25351 24970 26008 25144
26220 26522 25275 23974
24938 23201 26065 27309
24582 24357 26829 25623
25750 26228 25397 24072
26102 24846 24928 25385
23725 24107 27330 26509
26058 25335 25631 24924
26302 26464 25227 23969
24769 24217 26891 25980
25472 26648 25533 23885
27069 25440 24048 24601
25060 23776 25535 26700
25273 23612 26130 26432
24349 23863 27310 26067
23844 24316 27330 26140
26769 25226 24166 24944
27388 25153 23681 24727
25678 25971 25542 24575
25948 24764 25386 24989
26460 25190 24611 24823
27307 25017 24483 24777
25166 25574 25737 25220
25638 23574 25508 26204
27334 25002 24249 24868
26257 24672 24494 25373
25259 25650 25860 25071
25621 25511 25695 24754
26466 26216 25298 23895
26120 24685 24840 25463
26641 24887 25046 24711
24146 23552 26794 26827
27030 25524 24560 24181
24381 24405 26768 26069
26843 25575 24555 24241
26026 24212 25487 25332
26706 24654 25118 24668
24956 24822 26147 25764
24539 24456 27509 25207
27058 25398 24196 24331
25756 23648 25475 26302
24414 24270 26810 25939
24805 24372 26670 25963
25180 25302 26056 24764
25973 26249 25575 23883
26409 26503 24993 23224
27537 24944 24326 24613
25247 24091 26123 26056
24938 24549 26280 25271
26944 24594 24424 25178
26627 24608 24703 25279
27298 25212 24436 24530
26758 25066 24549 25017
24477 24077 26690 26455
24497 23408 26338 27338
24148 24259 28049 25434
26922 25410 24343 24585
27062 25518 24145 24577
