60842 900.205
8252 8736 8731
8380 8836 8672
8737 8781 8380
8584 8662 8591
8548 9064 8452
8408 8933 8628
8502 8655 8680
8819 8595 8221
8140 9225 8332
8796 8731 8262
8619 9087 8409
8646 8965 8463
8685 9105 8314
8146 9095 8501
8611 8886 8530
8582 8986 8514
8375 9013 8564
8526 9153 8336
8495 9184 8239
8384 8591 8696
8631 8946 8498
8454 9132 8367
8059 8684 8756
8614 9141 8280
8560 8957 8543
8489 8926 8609
8482 8841 8646
8519 8666 8664
8404 9168 8324
8767 8620 8367
8769 8851 8253
8526 8881 8586
8280 8968 8606
8686 8767 8426
8387 9094 8440
8709 8699 8415
8248 8883 8650
8784 8604 8330
8651 8506 8533
8254 9217 8275
8341 9211 8220
8571 9166 8239
8718 8988 8260
8475 9106 8398
8755 8939 8219
8316 9029 8532
8649 9104 8356
8356 8988 8580
8708 9083 8212
8385 9041 8487
8690 9006 8338
8795 8967 8141
8794 8901 8168
8275 9224 8235
8506 8778 8637
8686 8910 8371
8730 9049 8164
8659 9021 8379
8008 8527 8765
8831 8413 8101
8008 8527 8765
8207 9232 8164
8831 8413 8101
8029 8563 8109
7909 8546 8070
8013 8445 8068
8027 8557 8296
7806 8320 8192
8082 8313 7996
8400 8284 7979
7874 8515 8302
7737 8394 8072
7687 8589 8041
8100 8090 8063
7896 8348 8059
8073 8735 8117
8019 8688 8138
8022 8724 8342
7696 8412 8157
8034 8359 7874
7940 8463 8004
8011 8539 8178
7869 8390 8174
7719 8266 7983
8208 8572 8068
7819 8307 8069
8013 8452 7976
8160 8516 8354
7669 8362 7912
7970 8590 7886
8051 8559 8085
8002 8500 7950
7409 8100 7939
8118 8450 7908
7716 8287 7786
8006 8435 8056
7873 8402 8194
7867 7945 7639
8184 8433 8327
8102 8771 8208
8003 8450 7881
7998 8640 7990
8008 8719 7981
8167 8670 8095
7751 8166 7911
8036 8372 8275
7784 8494 7953
8069 8313 8193
7730 8223 7784
7871 8237 7971
7776 8122 7918
8078 8688 8161
8103 8443 8281
7741 8692 7976
7906 8424 7925
7974 8170 8020
7667 7987 7927
7771 8248 8098
7954 8349 8058
8092 8472 8114
7665 8273 8107
7776 8576 8060
7909 8730 8248
7883 8390 8160
8185 8383 7965
7964 8512 8231
7754 8409 7876
7874 8318 8261
8043 8691 8249
8003 8712 8228
8039 8741 8125
7944 8358 8116
8047 8322 8047
8088 8423 8106
8023 8655 8219
7815 8540 8004
8093 8661 8154
7749 8291 7966
8177 8599 8020
8214 8580 8333
8106 8819 8104
7636 8468 7887
7980 8447 7880
7832 8231 8181
8201 8880 8198
8091 8640 8104
8076 8280 8159
8040 8357 7953
7878 8637 8246
7718 8324 8041
7945 8443 8026
7877 8425 8029
7605 8324 8031
7785 8532 8255
7981 8553 8177
8134 8315 8015
8032 8332 8265
8277 8674 8413
7894 8454 8082
7905 8293 8099
8013 8663 8139
7745 8139 8069
7975 8182 7696
7878 8399 8094
7842 8461 8035
7984 8447 7992
8024 8403 8031
7709 8243 7826
8098 8575 8129
7885 8471 8047
8150 8636 8110
7764 8314 8034
8058 8292 8001
8104 8720 8143
7953 8516 8237
7968 8456 7952
8085 8547 8013
8229 8536 8262
7826 8575 8075
8068 8494 8228
8086 8654 8137
7924 8353 8266
8122 8640 7989
7923 8587 8058
7998 8132 7953
7918 8637 8339
7881 8592 8130
7592 7956 7538
8246 8619 8151
8040 8654 8006
7822 8480 7921
7778 8011 7967
8002 8565 8268
7810 8045 8086
7890 8538 8048
8346 8721 8330
7956 8349 8046
8064 8552 8305
8182 8642 8247
8064 8713 8239
