50519 270.029
9242 7987
9109 8628
8822 8760
8895 8893
9381 8656
8709 9034
9265 8448
9249 8167
9219 8486
9117 8673
8267 9673
9216 8576
9166 8898
8952 9475
7908 9592
9542 8245
8025 9703
8080 9716
9612 8529
8638 8924
8975 9058
8811 9640
8869 8051
8732 8695
9329 8142
9035 8880
8850 8921
9033 8937
8932 8696
8890 9315
9342 8245
9520 8809
9303 8421
8613 9558
9180 8155
9009 8589
9460 8388
8201 9713
7831 9314
8501 9533
9209 8701
8650 9214
8909 8406
8697 9555
8615 9174
9290 8444
7645 9124
8410 9540
9367 8479
9105 9177
9187 8834
7827 9003
9360 8716
9453 8899
8222 9163
8988 9311
9191 9286
9227 8819
9055 9087
9200 8901
9047 8880
7884 8984
8956 9455
9063 7995
9574 8805
9391 8653
9351 8386
9371 8696
8812 9531
8010 9564
9358 8541
9365 8541
9288 8802
9346 9080
8931 8107
8785 9561
9310 8015
8703 9534
9175 9166
9266 8553
9500 8246
9010 8259
9221 8062
9319 9051
9332 8587
9079 8617
8497 8855
8948 8753
8357 9848
8883 9513
8321 9419
8704 9122
9385 8127
9098 9242
9279 8537
9115 8588
9122 9245
9169 8640
9537 8381
9387 8514
9423 8841
9284 8175
9362 8589
8568 9732
9052 9013
8706 8068
8976 9017
9470 8430
9460 8156
8246 8837
9499 8874
9364 8713
9288 7969
8848 9143
8625 7507
9033 9432
9036 9432
9139 8980
8955 9447
9193 9351
8331 9285
9338 8634
8147 9462
9547 8427
9259 8322
9547 8834
7915 9363
8779 9522
9222 8382
8675 9411
9356 8651
9349 8839
8242 9578
8773 9486
8115 9227
8995 8900
9018 9067
9344 8213
8559 9251
9451 8892
9448 8249
9199 8123
8974 8314
9428 8040
9250 8520
7613 9125
8926 7297
8128 9508
8653 8232
9496 8379
8546 9490
9318 8806
