101308 1320.14
4013 3307 3352
3360 3308 3872
3204 4112 2929
3718 3063 3701
3116 4123 3041
3021 4093 3201
3188 4120 2990
3204 4112 2929
3057 4101 3181
3641 3845 3353
3861 3114 3588
3262 4100 3104
3718 3063 3701
3964 3180 3496
3833 3193 3592
3872 3515 3434
3415 3361 3847
3098 4098 3173
3637 3876 3400
3551 3565 3689
3330 4084 3116
3457 3530 3747
3296 4093 3074
3367 3892 3516
3399 3434 3788
3088 4103 3145
3363 3223 3856
3439 3986 3289
3211 4107 3061
3130 4095 3155
3555 3256 3773
3501 3299 3785
3901 3499 3428
3761 3623 3444
3021 4093 3201
3557 3494 3722
3689 3800 3374
3574 3714 3586
3841 3613 3299
3994 3351 3425
3779 3221 3635
3905 3556 3373
3418 3688 3642
3734 3741 3423
3113 4050 3285
3201 4109 3054
3696 3819 3315
3224 4062 3257
3890 3411 3489
3373 4047 3249
3672 3164 3714
3804 3248 3622
3955 3235 3467
3848 3465 3479
3478 3253 3833
3489 3270 3812
3807 3699 3351
3732 3638 3466
3712 3149 3677
3792 3478 3532
3210 4111 3027
3454 3359 3822
3167 4116 3084
3272 4095 3132
3348 4010 3314
3976 3416 3365
3882 3422 3451
3925 3404 3505
3728 3575 3547
3408 3430 3823
3209 4083 3215
3360 3308 3872
3782 3585 3519
3683 3722 3524
3657 3780 3404
3676 3321 3651
3389 4040 3190
3703 3261 3677
3747 3622 3461
3483 3947 3386
3517 3474 3780
3528 3727 3587
3062 4067 3254
3250 4101 3041
3582 3382 3719
3649 3828 3314
3443 3883 3484
3606 3905 3382
3912 3510 3426
3353 4056 3243
3815 3347 3551
3338 3443 3801
3179 4118 3017
3861 3114 3588
3614 3928 3300
3772 3480 3613
3877 3545 3380
3531 3409 3730
3385 3367 3831
3690 3172 3694
3228 4089 3170
3657 3780 3404
3823 3465 3485
3955 3471 3385
3799 3137 3636
3164 4122 3048
3155 4120 3075
3644 3917 3280
3666 3676 3566
3448 3329 3827
3776 3337 3645
3612 3598 3601
3235 4105 3003
3435 3952 3428
3669 3481 3640
3844 3530 3464
3173 4075 3235
3648 3720 3538
3670 3809 3319
3913 3345 3527
3289 3981 3446
3247 4014 3331
3593 3662 3633
3799 3137 3636
3512 3915 3343
3464 3984 3326
3314 4011 3395
3976 3405 3415
3857 3262 3576
3662 3912 3267
3550 3957 3330
3314 4080 3223
3060 4029 3327
3801 3276 3612
3941 3377 3422
3865 3440 3455
3998 3244 3398
3923 3418 3482
3623 3750 3423
3509 3877 3481
3586 3812 3457
3638 3388 3657
3339 3958 3392
3385 3443 3797
3857 3262 3576
3489 3270 3812
3713 3654 3485
3597 3327 3713
3537 3925 3340
3568 3291 3736
3774 3678 3412
3522 3759 3542
3176 4084 3205
3591 3225 3758
3591 3225 3758
3338 3443 3801
3135 4041 3305
3076 4107 3136
3284 4091 3141
3283 3766 3595
3317 4077 3133
3826 3621 3420
3324 4063 3191
3755 3764 3387
3235 4105 3003
3690 3648 3486
3566 3803 3506
3347 4057 3271
3566 3333 3737
3604 3768 3422
3639 3700 3558
3539 3317 3783
3705 3600 3565
3820 3274 3591
3603 3976 3264
3427 4023 3253
3722 3346 3630
3877 3545 3380
3352 4075 3153
3076 4107 3136
3644 3322 3700
3472 3756 3560
3826 3426 3550
3145 4116 3093
3836 3666 3368
3783 3699 3358
3833 3368 3543
3238 4084 3198
3730 3287 3665
3719 3598 3506
3178 4024 3334
4013 3307 3352
3943 3479 3374
3627 3922 3246
3424 3746 3562
3329 4041 3287
3524 3395 3752
3468 3966 3389
3145 4116 3093
3723 3177 3668
