42 2.03834
28274 28409 26950
28035 29056 25950
26038 29242 26756
28787 27657 27621
27543 27936 28404
27051 29055 27090
28007 28161 27987
28887 28014 27884
27696 27506 27979
27982 29504 27452
27723 29521 27045
29395 29171 27378
29127 27031 28467
28925 28728 27732
28904 28378 27283
28616 29098 27789
28754 28441 27999
27680 28320 27765
28171 28289 28318
27586 27747 27668
27553 28813 27290
27713 29139 27728
28072 28612 27398
28417 29859 26845
28406 28277 27271
27669 30012 28436
28376 29049 28291
27779 29091 28292
28331 28868 27987
27270 27720 27077
28144 28606 28174
27484 27573 28422
28423 28286 27788
27072 28063 26821
27784 28546 27845
28934 29108 27308
27789 28379 27923
28592 29131 27632
28391 28638 27940
28492 29373 27755
27655 28265 28548
27397 28992 27938
28778 28877 27577
27152 27960 28314
27452 27333 26447
28214 28435 28277
27687 28840 28568
26845 28610 27557
28794 28312 27234
27676 27733 26830
28272 29021 27326
28082 28888 27988
27461 26931 27403
28629 28573 26992
27953 28345 26180
26965 29337 28130
28362 29476 27325
26589 29347 27468
29392 29376 27349
28270 28915 27508
28316 29145 26334
28189 28051 28332
25261 27359 27834
28640 27852 26789
28821 27810 28077
27276 28619 26731
27939 27778 27789
27505 28316 27990
28174 29487 27594
26763 29484 27023
27412 29305 28053
27471 28644 28235
28396 27816 27784
27563 29019 27412
27400 29668 28131
27431 29394 27030
27539 28821 25845
27203 28791 27364
27595 28357 28193
27608 29036 27151
28594 28486 26808
28135 29619 27946
27929 27759 27374
28893 29403 26712
27941 29470 27005
28560 28785 26756
28431 27751 27032
28322 27217 27605
27217 27833 27188
28226 28666 26985
27772 29276 25813
27153 28624 27028
28340 28677 28468
27624 28991 27082
27591 28938 27581
28600 29376 27452
27817 28890 27006
28325 29015 27597
28914 28414 28856
28109 28238 28038
26735 29629 27077
27151 28065 27914
27690 28308 27000
27293 28422 27091
27931 28753 27283
28566 28837 27142
27831 29664 27471
28105 27932 28449
28293 29106 26809
28509 28534 26558
28142 28582 26827
27585 28858 26604
28202 28280 27988
28790 28818 27550
27794 29096 27911
27564 28553 27612
28318 29084 27929
27822 29838 27923
27514 28875 27876
28307 28082 26400
29092 28628 27511
27914 29461 26384
28833 29288 26888
25871 29531 27330
27816 29770 27666
28022 28314 27421
27685 28300 26807
28235 28959 28261
28077 29695 26529
27487 28514 28323
28588 28206 27856
28373 28848 28403
27739 28500 27512
26645 29190 27546
27574 29078 26489
27723 28307 27080
28224 28871 28068
26785 29727 26866
27773 28899 27078
28253 29028 27048
28505 27991 26748
28812 28683 27861
28337 28679 27310
27933 28500 26755
28699 28529 27918
27579 28974 27220
27758 28687 26878
28818 28052 27906
27534 28536 26862
28209 28196 27164
27807 29330 26672
28487 29168 27799
26685 27950 27255
28577 29295 26997
28401 28857 27408
28034 28793 28310
28107 28269 27242
28267 28256 27276
27166 28598 28148
28517 28359 26828
28762 28966 26907
28626 27844 27752
27575 28075 28582
28114 28371 27255
27368 29468 26792
27639 28477 27307
28070 27458 27354
27003 27780 27961
27019 28443 26312
27028 28660 27348
27480 29092 27073
28416 27383 27926
27430 29464 25767
28830 27861 28380
27077 26705 27512
28086 29520 27606
27701 29735 26688
28844 28875 27302
28324 28619 26246
28630 29162 27317
27125 29248 26790
27149 27088 25971
27982 29158 28118
28098 28689 28438
28119 28816 26180
28276 29231 27166
28700 28539 27273
28101 28372 27692
27767 27794 27910
26986 28960 26165
28062 29236 27432
27355 27915 27566
28978 27955 27510
28584 27771 28028
27650 29921 27579
27358 28823 27100
27416 27602 27806
27255 29421 26813
27972 28701 28146
28183 28929 26406
29065 27885 27741
27218 28558 27301
28825 28056 27042
28665 28094 28319
27771 29357 26619
27866 28485 27469
28056 27137 27837
27937 28219 27622
28646 28923 27991
27249 28272 28207
27400 29606 27940
27605 27680 26648
28005 29745 28472
27479 27645 27653
27846 29909 27416
27819 28429 27349
28424 29276 28142
28702 27830 26660
27862 28984 28566
27221 28703 27129
28025 29224 26530
28195 28867 28277
28091 28873 27537
27914 28911 27899
28419 29092 27463
26982 26990 27652
27524 28746 28293
27884 29150 27694
28023 28619 27598
28275 28610 27415
27677 28739 26980
27840 29152 28234
28347 28183 26957
27586 27532 28558
27790 28561 26696
26518 28179 26442
27869 28444 26911
28400 28001 27812
27155 27701 27317
26476 29142 25279
28229 28170 27706
26955 29738 26765
28522 28132 27011
27592 28500 27091
28452 29133 26789
27411 28878 27243
27774 29304 27132
27346 28404 27407
27761 28491 27572
27046 28213 27642
28061 27945 26964
28111 28703 27943
27949 28486 27353
28357 29257 27265
27154 28053 27624
28243 27973 28172
28237 27657 28126
27690 28384 27208
27512 28559 27419
28423 27701 26508
28492 28680 28157
27926 27533 27624
28733 27115 26648
28900 29688 26404
28154 28547 27481
28110 29247 27958
26950 29193 27533
28553 29202 28519
27770 29854 27706
27387 28371 27807
27765 29364 26911
28452 28399 26817
28433 28735 26736
28369 28863 27363
28213 27217 27066
27403 27476 26787
27808 28240 27234
28039 28975 27553
28368 28991 27245
27523 27344 27238
28304 27684 27795
28114 29994 27402
27610 28557 28020
28458 28338 28172
27462 28765 27350
27510 29063 28079
28805 28987 28158
27838 29183 26823
27814 29416 28167
27892 28947 28456
27919 28058 27805
27888 28724 28671
27333 29885 27669
28506 28251 27800
27772 29312 27126
27692 27822 27433
27818 27886 28248
27184 29326 27769
27549 29488 27537
28271 29653 26035
