71534 1320.19
19183 18165
17553 19537
18170 19072
18459 18613
17681 19515
17689 19467
17896 19056
16998 19067
18313 18772
18026 19104
18857 17546
19409 17915
18027 19028
18058 19277
18200 18789
18741 18600
17995 18592
19161 17701
18531 19004
18977 18360
18300 19039
17408 19355
18215 19242
18856 18760
18738 18335
19253 17982
19213 17716
19056 17625
17310 19202
17771 18928
19190 17852
18749 19006
17374 19397
18318 19072
19127 17992
19055 18440
17923 19431
17956 19265
18056 19101
18095 19104
18240 19195
18230 19482
19091 18478
18824 17482
17719 18934
18303 19239
18722 17505
19120 18084
17746 19470
18597 18849
18132 19275
18496 19059
18696 17584
17783 19609
18520 18442
18363 18862
18728 18853
17374 19382
18133 19163
17957 19286
18850 18556
18873 18757
17846 19495
19075 17989
19077 17685
18605 17768
17755 18648
18317 18404
18899 18485
19191 18166
18842 18421
17734 19229
18834 18418
18675 18390
18626 18581
19025 18436
18438 18648
18315 18786
18116 18720
18336 19410
17995 19652
19238 18355
18857 18850
18129 19404
17876 18991
18261 19295
18143 18892
19020 18789
18568 18376
17951 18725
18191 19065
18243 19051
17777 19314
19234 17944
17640 19170
18420 18968
18037 19270
18534 18837
18880 18940
18801 18116
18376 18746
17864 19263
18499 17781
18868 18234
17550 18720
19242 18366
17225 18558
19181 17676
18536 19127
18780 19069
18618 19032
17922 18021
18942 18837
17622 19306
18556 19146
17804 18925
18883 18787
17590 18890
17097 18828
18566 18489
17625 19442
18045 18933
18204 19218
18021 19640
17932 19272
18359 18134
18990 18072
18990 18034
17506 18538
18017 19008
17923 18490
17661 19103
19009 18190
17823 18932
19111 18493
18431 18860
17617 19383
18576 19175
18373 18827
19166 18287
19226 18053
19010 18141
17751 18415
18957 18339
18517 18647
18741 18341
18929 17980
18266 19148
18514 18885
18686 18903
17867 19413
18640 18664
18604 18743
19220 18358
18307 19148
18610 18450
18867 17645
18597 18620
17838 19300
19056 18527
18920 18124
18942 17722
17781 19214
18510 18730
18039 18523
19078 18383
18763 18867
18419 18732
17575 19482
18282 19217
18328 18205
18393 19204
18299 17979
18679 18873
18878 18746
19208 17723
18954 18220
18998 18357
19247 18190
18543 18071
18691 18806
19302 18341
18111 19035
18945 18715
18244 19322
17309 18769
18451 18983
18526 18452
18836 17651
18395 19346
17435 19310
18897 18778
17457 19512
18691 18065
19281 18309
18382 17959
19070 17845
18178 19172
18934 18563
19217 18474
