6408 1804.58
3638 3033 2652 3003
2708 3168 3712 2913
2836 4028 2847 2929
3290 3585 3073 2618
2722 2992 2699 3749
2348 3525 3224 3316
3177 3485 2306 3356
2920 2617 3373 3363
2386 3562 3211 3303
2348 3525 3224 3316
3043 2643 3372 3289
2848 2618 3379 3362
2775 2986 2687 3737
3097 2674 3392 3204
2394 3528 3300 3293
2985 2647 3390 3275
2862 4025 2820 2885
3272 3621 3074 2626
2999 2954 2733 3592
3338 3561 3010 2672
3614 3024 2660 3077
3565 3129 2559 3129
3239 3473 3240 2633
2818 3992 2887 2894
2967 3937 2931 2812
2929 3932 2963 2859
2770 4016 2855 2851
3049 2663 3307 3360
3571 3186 2757 3103
2495 3804 3071 3096
2709 3073 3647 3064
3143 3591 2426 3338
2774 3951 2923 2900
3202 3720 2953 2651
2871 3051 2994 3601
2912 3824 3008 2851
3155 2660 3251 3193
3394 3477 3042 2623
2759 3016 2648 3723
3243 3667 2882 2694
3267 3492 2357 3241
3389 3369 2540 3184
3224 3486 2401 3258
2829 3165 3695 2904
2816 4012 2869 2824
3621 3140 2688 3013
2673 3896 3014 2945
2653 3191 3699 3000
2698 3112 2656 3707
3047 3811 3049 2680
2697 3192 3706 2937
3540 3224 2617 3080
3604 3115 2641 3048
2402 3524 3302 3253
3149 2679 3312 3221
3130 3215 2713 3454
2778 2966 2876 3718
2767 2970 2766 3733
3378 2919 2891 3167
3252 3530 2420 3220
3026 3947 2925 2788
3505 3248 2921 2874
2918 3976 2970 2862
3403 3293 2498 3240
2692 3875 2858 3040
3260 3478 2365 3262
3212 3439 2504 3332
2481 3523 3293 3230
2664 3281 3152 3494
3330 3626 2967 2638
2832 3169 2644 3675
2949 3958 2832 2945
2486 3337 3480 3212
2808 3056 2599 3691
3154 3632 3104 2777
3627 3113 2639 3031
3298 3572 3109 2675
2763 3027 2768 3701
3599 3167 2727 2967
3250 2793 2999 3344
3427 2924 2908 3151
2418 3551 3297 3203
2825 3229 2983 3558
2450 3594 3174 3339
2782 3051 2587 3728
2739 2896 2795 3742
3593 3126 2755 3058
3078 2802 3213 3391
3062 2707 3221 3383
2850 4006 2801 2907
2813 3180 3311 3472
3269 3513 2378 3213
2684 3254 2926 3613
2753 2995 2941 3679
2703 2864 3162 3568
2985 2686 3351 3313
3495 3344 2842 2892
3276 3517 2312 3237
3288 3663 2966 2727
3221 3633 3082 2692
3037 3613 2489 3321
2425 3303 3264 3430
3073 2886 3059 3422
2433 3417 3248 3369
3079 2699 3290 3301
2825 3063 3204 3524
3262 3544 2416 3161
3560 3201 2729 3016
3518 3171 2814 3120
2586 3610 3319 3073
3293 3498 2393 3211
3101 2883 3085 3404
2862 3212 3654 2774
2892 3272 3610 2795
3185 3749 2748 2886
2889 3016 2873 3688
2960 3699 2610 3209
3268 3487 2335 3252
3070 2692 3409 3178
2884 3842 2787 3004
3119 2850 3244 3333
2990 2957 3030 3510
2804 3300 3634 2956
2439 3471 3325 3347
2932 3019 3463 3289
3204 3564 2385 3311
2874 2798 3419 3336
2904 3126 2846 3636
3335 3423 3068 2704
3051 3092 2535 3577
2740 3023 3615 3100
2749 2836 3071 3645
3108 3709 3085 2757
3123 2715 3334 3138
2687 3296 3266 3354
3240 3499 2320 3299
2764 3187 3684 2902
3211 3656 2835 2784
2981 3925 2864 2819
2726 2835 3170 3566
2810 3189 3660 2915
2943 2733 3371 3348
3086 3098 2454 3543
2820 3007 2604 3714
2706 3890 2922 3027
3184 3543 3230 2666
2521 3258 3487 3290
3557 3225 2633 3054
2609 3253 3225 3479
2793 3030 3032 3622
2412 3547 3274 3293
2908 3736 3082 3099
2388 3479 3277 3305
3478 3110 2723 3216
3524 2994 2767 3186
2680 3365 3521 3066
2607 3318 3626 3083
3386 3411 2447 3157
3550 3101 2793 3065
3081 3406 3363 2707
2823 3052 3216 3440
3391 3344 2569 3219
3412 3134 2813 3223
3422 3140 2901 3009
3468 3277 2637 3145
3277 3400 2342 3320
3407 3446 2950 2783
2934 3928 2970 2858
2764 3230 2680 3683
2656 3112 3590 3148
2776 3723 3085 3032
3166 3706 2915 2848
3168 2811 3309 3163
2630 3321 3515 3070
2905 3309 3429 2985
2661 3289 3650 2981
3370 3483 2497 3195
2742 3193 3677 2994
2697 3317 3632 3006
3130 3475 2381 3444
2920 3216 3595 2921
3144 3453 3270 2746
2684 3355 3569 3062
3104 3689 2879 2906
3110 2720 3264 3378
2663 3141 2899 3631
3111 2768 3253 3269
3181 3622 2556 3190
2938 3979 2809 2941
3058 3816 2973 2712
3299 3480 2333 3253
2676 3375 2877 3627
3107 3056 2916 3461
3095 3190 2862 3475
2939 3492 3405 2743
2883 2927 2959 3590
2739 2896 2795 3742
2736 3100 2709 3730
2952 3967 2907 2899
3399 3418 3132 2709
3437 3229 3152 2860
3148 2703 3390 3190
2747 3462 2564 3576
3530 3355 2741 2984
3100 3109 2871 3416
3128 3814 2838 2836
3050 2742 3336 3328
3473 3418 2798 2917
3487 3244 2988 2978
2602 3267 3588 3092
3450 3352 2611 3095
2855 3035 2912 3669
3136 3772 2904 2706
2643 3077 3241 3516
3547 3087 2746 3110
2925 3396 3474 2921
3512 3328 2745 3058
3533 3132 2868 3041
3576 3251 2750 2919
3007 3120 2620 3555
2458 3529 3287 3217
3582 3213 2725 3045
2469 3572 3219 3271
2534 3549 3361 3044
2623 3143 2934 3612
2821 3298 3575 2930
2912 3605 2829 3183
2477 3218 3524 3288
3446 3376 2601 2997
3499 3294 2769 3010
2600 3391 3543 3061
2407 3395 3425 3232
3421 3420 2575 3081
2992 3141 2463 3592
2801 2819 3378 3381
2642 3243 2829 3648
3246 3508 2452 3213
3093 3472 2443 3351
3237 3524 2340 3225
3160 3578 2519 3205
3206 3640 2481 3176
3035 3707 2945 3052
2994 3103 3495 2995
2998 2892 3135 3460
3006 2775 3221 3494
2638 3249 3583 3165
2572 3083 3594 3159
2796 3161 3617 2973
2636 3671 3146 3121
3349 3477 3129 2641
3456 3249 2833 3023
3060 3880 2796 2794
3145 3587 2472 3198
3025 3744 2485 3042
2748 3226 3666 2997
2792 3905 2810 2991
2865 2980 2985 3619
3315 3330 2396 3313
3024 2930 3507 2986
3034 3837 2719 2981
3045 2737 3449 3177
2979 2764 3323 3335
2525 3334 3547 3180
2820 3799 2992 3082
2933 3005 2833 3661
3260 3612 3066 2659
3097 3702 3223 2723
2955 3837 3059 2823
3009 2782 3477 3112
2677 3118 2938 3624
3158 3394 2614 3477
3081 3625 3236 2801
3238 3644 3060 2751
2944 3907 2977 2720
2751 3349 3451 3189
2841 3341 2847 3467
3310 3402 2764 2925
2673 3049 3037 3605
2732 3331 2876 3513
3172 3770 3076 2832
2508 3499 3185 3281
3259 3506 2408 3233
3464 3378 2825 2849
3396 3111 2716 3260
2718 2996 3348 3446
2540 3538 3392 3152
2465 3566 3199 3297
3632 3164 2678 3018
2407 3577 3330 3128
3178 3447 2450 3413
3228 3152 2529 3438
3018 3458 3368 2754
3230 3364 2625 3367
2622 3324 3217 3482
2875 3066 2742 3662
2545 3516 3439 3076
2571 3376 3526 3154
2591 3616 3101 3310
3537 3156 2737 3141
3167 3612 2665 3069
3029 3092 2553 3526
2896 3072 2961 3546
2713 2862 3331 3492
2810 3702 3235 2770
2835 3887 3026 2840
2670 3184 2817 3652
3632 3164 2678 3018
3491 3241 2736 3076
2650 3101 3426 3365
3089 3413 2543 3373
2564 3259 3568 3101
3346 3283 2634 3240
2588 3552 3188 3217
3353 3062 2807 3352
2537 3596 3078 3323
3472 3326 2743 3074
2454 3351 3267 3384
3001 3188 2627 3532
2838 3404 3432 2977
3342 3372 2483 3280
2876 2905 3200 3483
3017 2856 3314 3318
3094 3618 3160 2774
3467 3190 2843 3168
2649 3588 3209 3047
2484 3160 3532 3261
3333 3279 2603 3295
2756 3110 3689 2972
3317 3543 2495 3089
2790 3268 3681 2873
2903 3117 3578 3033
3043 3504 2551 3352
3548 3158 2705 3130
3006 2866 3436 3139
3096 2728 3265 3295
2957 3918 2928 2910
2947 3068 2731 3656
3123 3529 3219 2716
3638 3033 2652 3003
3623 3137 2656 3040
2844 3284 3637 2965
3441 3232 2646 3168
3215 3660 2590 3010
3329 3264 2720 3177
3415 3433 2702 3104
3364 2974 2986 3245
2461 3573 3176 3261
3122 3415 2507 3444
2881 3320 3551 2831
3548 3284 2682 3028
3312 3434 2476 3235
3079 3738 2586 3119
3001 3009 3464 2990
3124 3859 2874 2855
3066 2838 3272 3254
2899 3761 2936 3144
2732 3685 3116 3078
2985 2844 3254 3434
2915 3433 2580 3582
3381 3450 2561 3139
3134 3479 2353 3357
2627 3241 3250 3452
3299 3484 2349 3216
2496 3246 3491 3253
3259 3452 2322 3301
3173 3577 2438 3272
3160 3527 2310 3317
2786 3425 3386 3090
3468 3358 2568 3050
2858 2891 3297 3360
2783 4003 2878 2816
2883 3302 3094 3426
3278 3437 3262 2760
2766 3236 3048 3540
2802 2937 2763 3695
2719 3295 2942 3609
3104 3698 3118 2737
3007 2816 3280 3325
3006 3913 2863 2917
3060 2807 3268 3296
2955 3908 2836 2923
2464 3453 3444 3108
2857 3219 2884 3637
3070 3498 2368 3360
2811 3040 3663 3000
3084 3727 2515 3147
2699 3832 3022 3005
2849 3285 2469 3651
3341 3552 2881 2684
2738 3089 2786 3713
2974 2868 3222 3372
2845 3071 2811 3674
3038 3462 3359 2876
3026 3741 3111 2732
3153 3601 3117 2741
2716 3383 3558 3011
3197 3269 2477 3427
3185 3633 2976 2933
2654 3224 2801 3642
2562 3349 3308 3397
3414 2953 2853 3122
3034 2780 3381 3276
3070 2692 3409 3178
3162 2983 2670 3449
2549 3499 3448 2952
2417 3479 3276 3267
3481 3381 2595 3007
2517 3413 3387 3244
2726 3131 3208 3537
3033 2773 3402 3256
2900 3347 3518 2839
2963 3266 3520 2867
2744 3810 2939 3039
3585 3263 2744 2999
3535 3129 2852 3060
2453 3597 3295 3194
2561 3366 3276 3379
3075 3796 2927 2804
2872 3539 2672 3529
2886 2957 3179 3486
2758 2840 3226 3512
3526 3241 2602 3051
3417 3366 2687 3095
2433 3417 3248 3369
3219 3447 2445 3304
2503 3346 3475 3234
2672 3213 3505 3266
2735 3278 3133 3413
2652 3224 3604 3070
3302 3450 2892 2958
2788 3288 2681 3643
2445 3597 3284 3227
2844 3107 3034 3587
3123 3003 2693 3464
3178 3742 2965 2847
2922 3480 2532 3531
3153 3768 2929 2882
3067 3884 2864 2733
2916 3922 3002 2842
2722 2992 2699 3749
2504 3389 3497 3132
3266 3528 2448 3223
2512 3455 3125 3361
3060 3263 2823 3484
2746 3296 3652 2963
2583 3387 3502 3125
2633 3372 3422 3242
3454 3214 2773 3166
2859 3697 3190 2909
3496 3062 2753 3126
2988 3142 2722 3623
2809 3794 2917 3085
3142 3532 3083 2880
2863 2937 3240 3436
3262 2933 3139 3067
2528 3535 3321 3199
2517 3492 3397 3183
3375 3242 2775 3197
3359 3246 2691 3232
2928 3780 2765 3186
3553 3271 2579 3090
3324 3339 2808 3245
3285 3286 3106 3000
3516 3361 2777 2996
3056 3817 2997 2799
2659 3781 3031 3031
2785 2976 2605 3721
2724 3456 3395 3086
2861 3129 2791 3670
2696 3039 3540 3210
2868 3000 3285 3392
3020 2793 3442 3164
3071 3761 2799 2973
3087 3665 3120 2814
3337 3070 2979 3037
2996 3776 3038 3036
2962 3840 3048 2710
3054 2822 3250 3358
2439 3477 3292 3279
3462 3210 2889 3087
3117 3466 2388 3411
3307 3440 2630 3265
3012 2661 3328 3349
2639 3176 3573 3159
3508 3043 2830 3127
2896 3966 2831 2912
2998 3891 3007 2762
2604 3341 3269 3334
2702 3137 3623 3053
2869 3345 3467 2934
2781 3283 3667 2915
2762 3408 3317 3317
2711 3282 3365 3276
3226 3255 2376 3368
2472 3212 3538 3233
3235 3106 2856 3279
3175 2858 3215 3342
2889 3919 2933 2884
2897 2757 3287 3416
3208 3648 2883 2956
2919 3866 2972 2911
2942 3745 2809 3206
3157 3712 2853 2991
3138 2916 3226 3261
2798 3046 3161 3550
2840 3100 2974 3667
3361 3348 2526 3214
3428 3369 2597 3081
2771 3220 3627 3022
3067 3151 2573 3506
2645 3567 3339 2968
3034 3174 3510 2781
2937 3258 3586 2866
2846 2984 3554 3042
3210 3581 2415 3233
3194 3681 2668 2969
2974 3059 3172 3334
3277 2772 3195 3043
3039 2784 3263 3359
2819 3846 3051 2957
3010 3519 2593 3348
2641 3013 3483 3359
3507 3203 2626 3141
3363 3473 3027 2806
3339 3388 3155 2869
2692 3266 3608 3007
3096 3791 2896 2798
2922 3984 2837 2863
2857 3986 2907 2873
3290 3585 3073 2618
2839 3085 3620 3051
2780 3333 3604 2919
3112 3784 2902 2810
2882 2845 3184 3464
3255 2853 3118 3187
3233 3457 3268 2662
2822 3106 3041 3563
3280 3451 2326 3265
2819 2739 3233 3501
2886 3819 3027 2906
2865 3996 2849 2871
3074 2722 3243 3347
2912 2981 3075 3519
3141 3696 3126 2772
3222 3516 3155 2664
3406 3373 2998 2643
2611 3756 3045 3074
2413 3526 3313 3238
3443 3243 2811 3114
3200 3233 2640 3390
3063 3466 2595 3405
2515 3353 3421 3326
2837 2964 2739 3690
2786 3028 2735 3699
2755 3851 3122 2835
3610 3113 2739 2970
2558 3510 3377 3143
3133 2955 3077 3346
3209 3577 2427 3137
2904 3122 2759 3640
3064 3388 3304 2927
3067 3368 2525 3491
2968 3239 3169 3421
2833 3502 3164 3134
2853 2998 3128 3499
2861 3123 3336 3274
2693 3184 3145 3553
2763 3037 3187 3538
2858 3924 3020 2940
3344 3556 3073 2660
2821 3305 2865 3522
2943 3911 2972 2755
2785 2976 2605 3721
2964 3692 3047 2960
3245 3422 3136 2843
3216 3522 3052 2829
2576 3519 3251 3239
2616 3311 3095 3586
2535 3429 3143 3453
2531 3475 3241 3322
2973 3775 2615 3078
2723 3368 3445 3272
3281 3408 3092 2878
3115 3250 2623 3388
2913 3410 3488 2765
3351 3494 2977 2781
2784 3765 3137 2976
3313 2998 2581 3377
3318 3583 2762 2951
2817 3002 2975 3630
3116 3580 3170 2735
3383 3521 2988 2699
3227 3430 3228 2769
2721 2872 2994 3680
3193 3675 2764 2950
2501 3375 3259 3433
2592 3451 3479 3144
3589 3196 2659 3055
2510 3248 3440 3335
2443 3362 3342 3325
3449 3307 2671 3165
3452 3225 2675 3163
2568 3785 2909 3315
3595 3181 2761 2980
3372 3020 2974 3051
3606 3094 2708 3014
2982 2860 3439 3214
2496 3374 3460 3187
2936 3198 3562 2871
3218 3570 2523 3285
2775 3220 3513 3110
2769 3389 3400 2992
2621 3303 3147 3528
3022 3812 3058 2865
3257 3541 3153 2718
3013 2761 3323 3382
2968 3679 3165 2959
3016 3852 2999 2810
3138 2870 3170 3365
3007 3873 3003 2826
3038 2810 3244 3387
2980 3864 2916 2898
3015 3753 3011 2935
2935 3263 2922 3617
3003 3080 3167 3417
3563 3234 2631 3037
3140 3038 3447 2855
3368 3067 2891 3158
2794 3775 3099 2896
3327 3376 3105 2948
2474 3575 3289 3196
2941 3301 2431 3548
3046 3726 3090 2880
2835 3944 2884 2908
3083 3861 2769 2916
2552 3428 3257 3315
3578 3172 2818 2957
3374 3450 2458 3147
3351 3298 3017 3015
3321 3443 2412 3246
3039 3402 3005 3300
3044 3752 3015 2975
3085 2913 3252 3267
3311 3537 2676 3184
3563 3033 2724 3187
2959 3870 3023 2828
2887 3962 2872 2966
2995 2831 3152 3459
2579 3314 3352 3332
2729 3235 3600 3102
2941 2836 3382 3342
3198 3422 2373 3401
2946 3586 2583 3334
2873 3045 3580 2965
3046 2873 3344 3286
2891 3178 3205 3208
3236 3643 2412 3146
3200 3660 2517 3112
2874 3334 3529 2835
3086 2979 2819 3527
3146 3717 3063 2862
3015 2971 3469 3015
2800 2747 3351 3394
2799 2908 3066 3584
3334 3428 3058 2698
2782 3034 3049 3562
2497 3427 3406 3302
3497 3290 2716 3134
2708 3168 3712 2913
3161 2904 2980 3403
2635 3804 3121 3009
2996 3786 2789 2998
3432 3137 2698 3270
3092 3731 3067 2884
3041 2712 3354 3278
3485 3273 2839 3022
3043 2687 3354 3279
3218 3595 3129 2689
2760 2952 3047 3655
2893 3302 2954 3606
2828 3668 2778 3253
2977 2961 3414 3196
2903 2745 3329 3413
3129 2750 3263 3251
3229 3662 3064 2687
2975 3218 2484 3572
2946 2845 3171 3535
2940 2877 3409 3279
2912 3684 3201 2889
3111 3657 3192 2729
3194 3683 3004 2749
3257 3469 3187 2646
2847 3321 3356 3156
2772 3084 2731 3710
3151 2925 3037 3409
2945 3260 2862 3516
3384 3506 3040 2767
2922 3132 2613 3652
3071 3046 2531 3545
3072 3522 2690 3124
3090 3865 2816 2856
2880 3022 2784 3664
2833 3786 3070 2797
3147 3001 2971 3385
3172 3506 3224 2684
2910 3441 3352 3001
3161 3495 3294 2722
2729 3517 3328 3020
3272 3583 3055 2711
3180 2873 3047 3457
2525 3574 3164 3258
3435 3223 2652 3291
3075 3597 3106 2853
3255 3614 3079 2649
2601 3296 3471 3283
3252 3459 3062 2905
3294 3107 2804 3403
3322 2975 2959 3149
3395 3222 2789 3202
3207 3664 2954 2688
2724 3488 3416 3056
3077 3473 2663 3248
2567 3457 3362 3221
2834 3382 3557 2878
2670 3235 3165 3458
2958 3415 3420 2739
2742 2955 3138 3628
2976 3241 2925 3401
2957 3010 2891 3548
3159 2662 3242 3251
3304 3378 3021 2883
2922 2949 2923 3584
2954 3673 3191 2946
3401 3251 3110 2793
3493 3238 2772 3033
3589 3196 2659 3055
2574 3375 3353 3265
3005 3445 2783 3324
2851 3288 3542 2914
3113 3014 2637 3501
2657 3278 3156 3520
3236 2885 3127 3331
3337 3554 2907 2844
3028 2947 3220 3330
2973 3766 3126 2728
2902 3779 2993 3062
2891 3870 3043 2897
2783 4003 2878 2816
3049 2932 3186 3429
3203 2825 3170 3191
3028 2800 3287 3375
2427 3428 3376 3224
3300 3318 2848 3104
3410 3237 2738 3240
2583 3329 3249 3376
2611 3235 3498 3314
2626 3569 3273 3043
2646 3325 3642 3005
3053 3584 3004 2982
3406 3222 2941 3022
3171 3015 2850 3448
2895 2817 3219 3447
3161 2945 3197 3192
2973 3080 2815 3610
3007 3908 2911 2864
2853 3510 2828 3264
2985 3882 3020 2750
2446 3503 3294 3245
2880 3430 2905 3417
2701 3583 3370 2964
3032 3112 2947 3343
2715 3268 3194 3348
3259 3531 2547 3202
3407 3489 2655 2888
2867 3562 3333 2941
2969 2949 3245 3276
2911 2993 3315 3332
3457 3131 2621 3246
3191 3042 3192 2998
2737 3231 2780 3631
3326 3149 2757 3298
2812 3438 3178 3254
2909 3195 3024 3464
2645 3739 3180 3118
3041 2712 3354 3278
3461 3135 2794 3206
3152 3435 2886 3160
3256 2911 3041 3340
2713 3716 3011 3221
2710 3514 3100 3275
3382 3076 2868 3196
2524 3509 3255 3232
2595 3421 3413 3216
2756 3110 3689 2972
2626 3178 3544 3208
3163 3589 2478 3195
3206 3448 2454 3306
2857 3001 3112 3527
2806 3242 3346 3224
2814 3113 3601 3053
3167 3601 2437 3198
2852 3327 3375 3105
2738 3367 2805 3554
3153 3045 3392 3045
3326 3116 2543 3394
2830 3096 3566 3175
2580 3624 3303 3082
3177 3398 3091 3059
2885 3183 3039 3573
2979 2938 3198 3384
3129 3208 2886 3347
3119 2754 3336 3119
2814 3848 2744 3111
2923 2753 3415 3306
2695 3733 3077 3114
2873 3154 3448 3040
3121 2875 3245 3154
2699 3832 3022 3005
3171 2943 3162 3237
2472 3173 3533 3261
3275 2910 3155 3149
2475 3558 3238 3315
3068 3642 2676 3267
2791 3210 3671 2936
3004 3199 3472 2906
3004 2940 3512 2964
3163 3600 2776 2989
2936 2828 3355 3357
2791 3901 2919 2969
3050 2788 3287 3296
3257 3459 2389 3298
3083 2884 3299 3199
3120 3400 2956 3077
2443 3362 3342 3325
3048 2962 3309 3178
2806 3764 3101 2983
2554 3337 3162 3506
2791 3210 3671 2936
2800 3060 3678 3017
2953 3943 2967 2824
2621 3361 2969 3579
3314 3557 3041 2655
3121 3652 2954 2990
2766 3809 3115 2980
2761 3118 2728 3698
3222 3445 3251 2700
2940 3068 3180 3419
2769 3087 3087 3602
2998 3891 3007 2762
3079 3507 2708 3106
2913 3410 3488 2765
2951 3108 3049 3469
2872 2772 3237 3465
3096 3374 2839 3395
2797 3150 2630 3681
3030 3491 3095 2953
2853 3108 2922 3671
2807 3437 2987 3456
3253 3609 3071 2809
2966 3852 2984 2942
2912 3206 2924 3497
2889 3119 2985 3533
3043 3857 2983 2845
3022 3557 3177 2938
3223 3655 2855 2947
2576 3387 3439 3263
3367 3395 2873 3087
2898 3250 3045 3488
2965 3330 2883 3350
3126 3610 3124 2813
3031 3316 2840 3410
2870 3433 2785 3432
2598 3339 3151 3489
3431 3210 2702 3203
2991 3545 2565 3380
3322 3502 2529 3207
3162 3558 3143 2830
3030 3531 3046 3035
3061 3109 2897 3431
3061 2790 3266 3355
3137 3654 3100 2792
3195 3145 2904 3307
2736 3404 3458 3141
3064 2759 3284 3215
2715 3080 3372 3411
3237 3709 2655 2901
3174 3463 3231 2768
3111 2947 3122 3308
2918 2951 3123 3442
2835 3125 3480 3097
3255 3614 3079 2649
3209 3658 2837 2827
2892 3093 3013 3521
3050 3751 3023 2854
3095 2964 2780 3479
3460 3148 2694 3228
3162 3676 2785 2926
3182 2760 3186 3174
2936 3793 3100 2739
2733 3408 3452 3047
2515 3237 3469 3346
2827 3181 3098 3439
2450 3459 3355 3242
2463 3498 3415 3121
3409 3085 2876 3089
3283 3261 2777 3332
3249 3654 3050 2645
3356 3082 2730 3283
3458 3345 2814 2948
3357 3496 2934 2899
3510 3310 2824 2944
3553 3269 2785 2999
2829 3247 3548 3050
3237 3175 2866 3200
3317 3526 2374 3172
2974 3297 3373 2975
2851 3474 2879 3407
3090 3464 2465 3393
2863 2981 3012 3640
2935 3609 3019 3112
2771 2914 3117 3629
2732 3048 3111 3664
2987 3379 2854 3341
3601 3151 2652 3040
3303 3610 2663 2810
3020 3517 3182 2989
3306 3411 2510 3282
2815 3455 3115 3308
2728 3389 2947 3555
3127 3022 2689 3485
3058 3386 3234 3056
3434 3347 2549 3103
3319 3416 2576 3152
2997 3042 3434 3137
2618 3449 3227 3270
3087 3151 3402 2993
2705 3773 2932 3115
3366 3528 2827 2727
3316 3545 2464 3092
2971 3122 3455 3193
3595 3181 2761 2980
2830 3449 2968 3318
2704 3026 3454 3322
3205 3535 2925 2866
2554 3454 3331 3302
2970 3096 2987 3448
2657 3637 2767 3285
2923 3493 3396 2818
3199 3677 2637 2990
3499 3146 2922 2988
2878 3472 3043 3193
2547 3385 3274 3375
2499 3589 3308 3078
2635 3447 3413 3190
3374 3450 2458 3147
3307 3268 2695 3336
3146 3526 2466 3300
3177 3485 2306 3356
3016 3033 3573 2911
2761 3455 3002 3343
3045 3632 2469 3270
2935 3021 3563 2993
2866 3196 3486 2968
2635 3306 3565 3115
2994 3172 2567 3577
3144 3234 3349 2831
3221 3575 2430 3271
2807 3319 3504 3167
3306 3411 2510 3282
2721 3381 3482 2929
2849 3162 3536 3027
2789 3315 3183 3269
2987 3673 3149 2826
3046 3467 2549 3305
3029 2773 3260 3376
3156 3647 2591 3080
3084 2940 3142 3323
2790 3911 3053 2895
3184 3179 3239 3077
3229 3548 2577 3169
3037 2840 3228 3378
2989 2950 3044 3488
3090 2925 3211 3321
2852 3693 3179 2986
3215 2826 3130 3185
2828 3312 3337 3279
2915 3645 2892 3133
3004 2900 3083 3435
2896 2990 3152 3447
2529 3192 3556 3216
3273 3365 2638 3216
3188 3319 3212 2968
2581 3545 3359 3078
2943 3261 2895 3489
2769 3087 3087 3602
3260 3414 2771 3105
3218 3534 2578 3200
2797 2831 3433 3299
2887 3962 2872 2966
2844 2968 3242 3439
