191173 960.056
15918 17092 16469
15885 16236 17643
17105 15845 16113
16354 15626 17511
15885 16236 17643
16253 16446 17428
16877 16932 16421
17007 16353 16720
16849 15785 17454
16916 16470 16162
16263 16145 17557
16354 15626 17511
16306 15949 17387
16535 16994 16260
16661 15824 17186
16881 16709 17157
16729 16716 16541
16849 15785 17454
16440 16613 17187
16643 16711 17010
17098 16280 16553
17007 16353 16720
17037 16206 16605
16317 16816 17337
16405 17026 17108
16440 16613 17187
16588 16314 17202
16583 16866 17012
15885 16236 17643
16354 15626 17511
16317 16816 17337
16306 15949 17387
17007 16353 16720
16535 16994 16260
16729 16716 16541
16538 16232 17248
17037 16206 16605
16317 16816 17337
16916 16470 16162
17105 15845 16113
16440 16613 17187
16263 16145 17557
16729 16716 16541
15918 17092 16469
16729 16716 16541
16588 16314 17202
16382 17089 16689
16405 17026 17108
16583 16866 17012
16849 15785 17454
16263 16145 17557
16538 16232 17248
16579 16455 17226
16306 15949 17387
16507 16938 16549
16473 16256 17234
16458 16738 17126
16263 16145 17557
16405 17026 17108
16440 16613 17187
15918 17092 16469
16415 16874 17118
16415 16874 17118
16434 16969 16431
15885 16236 17643
16306 15949 17387
16253 16446 17428
16849 15785 17454
16497 16874 16699
16579 16455 17226
16405 17026 17108
16881 16709 17157
15918 17092 16469
16612 16916 16541
16507 16938 16549
16849 15785 17454
15918 17092 16469
16382 17089 16689
16579 16455 17226
16538 16232 17248
16473 16256 17234
16507 16938 16549
15885 16236 17643
16535 16994 16260
16382 17089 16689
16643 16711 17010
16434 16969 16431
16729 16716 16541
16877 16932 16421
17037 16206 16605
16538 16232 17248
16538 16232 17248
16306 15949 17387
16382 17089 16689
16538 16232 17248
16497 16874 16699
16507 16938 16549
16729 16716 16541
16415 16874 17118
16306 15949 17387
16415 16874 17118
16881 16709 17157
16263 16145 17557
16881 16709 17157
16535 16994 16260
16643 16711 17010
16643 16711 17010
16354 15626 17511
16354 15626 17511
16354 15626 17511
16405 17026 17108
17037 16206 16605
15918 17092 16469
16535 16994 16260
16354 15626 17511
16849 15785 17454
16535 16994 16260
16354 15626 17511
16415 16874 17118
15885 16236 17643
17105 15845 16113
16306 15949 17387
16538 16232 17248
16382 17089 16689
16579 16455 17226
16415 16874 17118
16538 16232 17248
16535 16994 16260
17037 16206 16605
16538 16232 17248
16535 16994 16260
15918 17092 16469
15885 16236 17643
16440 16613 17187
17007 16353 16720
16583 16866 17012
16306 15949 17387
16535 16994 16260
16535 16994 16260
16354 15626 17511
16877 16932 16421
16263 16145 17557
16415 16874 17118
17105 15845 16113
17037 16206 16605
16535 16994 16260
15918 17092 16469
17037 16206 16605
16473 16256 17234
17007 16353 16720
17098 16280 16553
16849 15785 17454
16497 16874 16699
16849 15785 17454
15918 17092 16469
16382 17089 16689
16579 16455 17226
15918 17092 16469
16507 16938 16549
15885 16236 17643
16643 16711 17010
16877 16932 16421
17037 16206 16605
16538 16232 17248
16382 17089 16689
16538 16232 17248
16440 16613 17187
15885 16236 17643
16354 15626 17511
16306 15949 17387
16535 16994 16260
17037 16206 16605
16405 17026 17108
17105 15845 16113
16497 16874 16699
16263 16145 17557
15918 17092 16469
16729 16716 16541
16588 16314 17202
16405 17026 17108
16849 15785 17454
16263 16145 17557
16306 15949 17387
16507 16938 16549
16535 16994 16260
16306 15949 17387
16661 15824 17186
16382 17089 16689
16579 16455 17226
16535 16994 16260
16535 16994 16260
15885 16236 17643
15885 16236 17643
16306 15949 17387
16583 16866 17012
16354 15626 17511
16877 16932 16421
17105 15845 16113
17037 16206 16605
16535 16994 16260
15918 17092 16469
16643 16711 17010
16507 16938 16549
16729 16716 16541
16306 15949 17387
16849 15785 17454
16415 16874 17118
16881 16709 17157
16643 16711 17010
16354 15626 17511
16354 15626 17511
16354 15626 17511
16849 15785 17454
16354 15626 17511
17028 16336 16952
16538 16232 17248
16354 15626 17511
16354 15626 17511
15918 17092 16469
16916 16470 16162
16263 16145 17557
16535 16994 16260
17007 16353 16720
16729 16716 16541
16881 16709 17157
16535 16994 16260
16535 16994 16260
15885 16236 17643
16263 16145 17557
16579 16455 17226
16538 16232 17248
16535 16994 16260
17037 16206 16605
16881 16709 17157
16507 16938 16549
16538 16232 17248
16849 15785 17454
16354 15626 17511
16354 15626 17511
16881 16709 17157
16535 16994 16260
16653 16827 16809
16588 16314 17202
15885 16236 17643
16317 16816 17337
16729 16716 16541
16382 17089 16689
16535 16994 16260
16263 16145 17557
16306 15949 17387
16317 16816 17337
16729 16716 16541
