180038 2822.61
20079 16603
20079 16603
19656 16926
19656 16926
19958 16917
20019 16856
20019 16856
20065 16674
20058 16707
20048 16776
19958 16917
20046 16806
20046 16806
20065 16674
20058 16707
20048 16776
20079 16603
20079 16603
20079 16603
20079 16603
20079 16603
20079 16603
20079 16603
20079 16603
20079 16603
20079 16603
20079 16603
20079 16603
20079 16603
20079 16603
20079 16603
20079 16603
20079 16603
20079 16603
20079 16603
20079 16603
20079 16603
20079 16603
20079 16603
20079 16603
20079 16603
20079 16603
20079 16603
20079 16603
20079 16603
20079 16603
20079 16603
20079 16603
20079 16603
20079 16603
20079 16603
20079 16603
20079 16603
20079 16603
20079 16603
20079 16603
20079 16603
20079 16603
20079 16603
20079 16603
20079 16603
20079 16603
20079 16603
20079 16603
20079 16603
20079 16603
20079 16603
20079 16603
20079 16603
20079 16603
20079 16603
20079 16603
20079 16603
20079 16603
20079 16603
20079 16603
20079 16603
20079 16603
20079 16603
20079 16603
20079 16603
20079 16603
20079 16603
20079 16603
20079 16603
20079 16603
20079 16603
20079 16603
20079 16603
20079 16603
20079 16603
20079 16603
20079 16603
20079 16603
20079 16603
20079 16603
20079 16603
20079 16603
20079 16603
20079 16603
20079 16603
20079 16603
20079 16603
20079 16603
20079 16603
20079 16603
20079 16603
20079 16603
20079 16603
20079 16603
20079 16603
20079 16603
20079 16603
20079 16603
20079 16603
20079 16603
20079 16603
20079 16603
20079 16603
20079 16603
20079 16603
20079 16603
20079 16603
20079 16603
20079 16603
20079 16603
20079 16603
20079 16603
20079 16603
20079 16603
20079 16603
20079 16603
20079 16603
20079 16603
20079 16603
20079 16603
20079 16603
20079 16603
20079 16603
20079 16603
20079 16603
20079 16603
20079 16603
20079 16603
20079 16603
20079 16603
20079 16603
20079 16603
20079 16603
20079 16603
20079 16603
20079 16603
20079 16603
20079 16603
20079 16603
20079 16603
20079 16603
20079 16603
20079 16603
20079 16603
20079 16603
20079 16603
20079 16603
20079 16603
20079 16603
20065 16674
20019 16856
20019 16856
20050 16685
19932 16878
19977 16807
19982 16751
20042 16743
20042 16743
20046 16636
19928 16844
20024 16711
20024 16711
20033 16680
20031 16705
20025 16649
20025 16649
19748 16810
19905 16747
19951 16682
19963 16653
20025 16649
20025 16649
20025 16649
20025 16649
20019 16543
19823 16687
20015 16635
20000 16578
19985 16611
19979 16579
19915 16609
19931 16570
19931 16570
19907 16522
