62404 3361.39
28936 25588
26141 28399
27499 27917
28422 26835
27076 28139
28198 27165
27750 27691
28660 26354
26826 28258
28088 27312
27634 27812
28519 26583
27280 28017
28302 27012
27874 27571
28784 26108
26434 28325
28041 27379
27552 27869
28472 26733
27212 28082
28252 27096
27811 27636
28719 26253
26970 28196
28151 27238
27692 27750
28583 26483
27397 27982
28356 26921
27924 27506
28859 25920
26289 28357
28014 27412
27533 27897
28440 26798
27144 28111
28229 27123
27786 27666
28681 26299
26895 28226
28117 27276
27666 27785
28550 26538
27322 27986
28330 26962
27905 27542
28818 26003
26501 28295
28064 27347
27592 27837
28498 26667
27236 28050
28280 27046
27839 27601
28753 26178
27048 28173
28170 27209
27724 27730
28624 26430
27449 27941
28384 26876
27960 27472
28896 25837
26269 28378
28001 27422
27515 27903
28430 26806
27108 28133
28211 27155
27766 27675
28664 26338
26863 28242
28103 27295
27647 27805
28537 26551
27309 28002
28320 26983
27878 27553
28802 26064
26445 28313
28057 27365
27585 27843
28489 26717
27226 28064
28264 27084
27822 27615
28735 26219
27006 28186
28164 27226
27708 27734
28598 26461
27427 27958
28371 26901
27936 27488
28878 25880
26354 28348
28027 27399
27542 27876
28455 26758
27193 28102
28234 27110
27795 27643
28700 26288
26958 28217
28127 27256
27683 27764
28565 26516
27377 27985
28342 26938
27907 27525
28840 25969
26777 28275
28076 27330
27632 27826
28508 26663
27264 28033
28294 27034
27857 27588
28766 26162
27064 28150
28192 27179
27742 27706
28629 26419
27490 27930
28404 26849
27968 27457
28922 25717
26141 28399
27985 27432
27499 27917
28422 26835
27108 28133
28211 27155
27764 27683
28660 26354
26848 28257
28093 27298
27647 27805
28525 26582
27299 28011
28310 27001
27874 27571
28793 26080
26445 28313
28041 27379
27566 27857
28489 26717
27214 28074
28264 27084
27818 27624
28725 26244
26992 28189
28151 27238
27706 27746
28598 26461
27426 27959
28364 26912
27932 27501
28878 25880
26354 28348
28014 27412
27533 27897
28455 26758
27193 28102
28229 27123
27794 27653
28688 26296
26915 28218
28119 27265
27674 27771
28558 26527
27377 27985
28339 26957
27905 27542
28830 25975
26777 28275
28071 27345
27612 27831
28508 26663
27264 28042
28284 27037
27845 27597
28757 26168
27053 28163
28175 27194
27728 27712
28624 26430
27455 27937
28395 26865
27964 27470
28914 25764
26269 28378
28001 27422
27533 27897
28440 26798
27144 28111
28218 27136
27778 27668
28670 26324
26868 28239
28107 27282
27666 27785
28541 26550
27309 28002
28322 26975
27889 27548
28812 26043
26501 28295
28057 27365
27585 27843
28489 26717
27230 28058
28274 27054
27832 27606
28741 26186
27023 28173
28164 27226
27724 27730
28606 26445
27432 27952
28380 26892
27949 27483
28886 25842
26375 28335
28027 27399
27552 27869
28461 26736
27193 28102
28252 27096
27811 27636
28714 26258
26961 28207
28135 27247
27690 27758
28581 26484
27397 27982
28353 26934
27917 27518
28859 25920
26777 28275
28081 27323
27632 27826
28508 26663
27275 28025
28298 27020
27863 27581
28778 26129
27074 28146
28192 27179
27743 27698
28642 26389
