91162 1200.16
22392 22826 24424 23770
23469 23399 23653 23423
24356 21699 23506 23178
23360 22283 23634 24148
24479 22849 24016 22283
23837 22871 24850 22988
23212 22600 22894 23860
24695 22521 23500 22427
22953 21772 23654 24103
22392 22826 24424 23770
23212 22600 22894 23860
23993 22046 24227 23237
23462 22896 23232 23800
22953 21772 23654 24103
24211 22167 23802 23529
23847 22484 24469 22661
23462 22896 23232 23800
24090 23182 23480 22688
23564 22320 24206 23873
24044 22999 23792 22858
23802 23045 24590 23364
23837 22871 24850 22988
23667 22598 24773 23479
23369 22600 24617 23693
23360 22283 23634 24148
23988 22435 24362 23334
23372 22903 23596 23627
24401 22742 23552 22993
23833 22596 24347 23726
24284 22077 24085 22335
24562 22053 23430 23281
23985 23302 24398 23292
23996 22957 24046 22546
23226 22517 23754 23819
23081 23066 23559 23829
24253 22492 23968 22923
24042 22947 23342 23131
23919 22247 23914 23983
24227 23067 23706 22921
23996 22957 24046 22546
23402 22807 23243 23809
24016 22119 23841 23652
22953 21772 23654 24103
24097 23153 23437 22883
23151 22726 23533 23987
24177 22615 24076 22507
23924 23331 23979 23581
24015 22596 23677 23901
23855 22538 24460 22881
23226 22517 23754 23819
24035 22752 23366 23683
23594 22134 24156 23821
23469 23399 23653 23423
24695 22521 23500 22427
23081 23066 23559 23829
24158 22885 23913 23014
23667 22598 24773 23479
23855 22538 24460 22881
24479 22849 24016 22283
24109 22581 24257 23088
23360 22283 23634 24148
24335 22283 23862 23412
24097 23153 23437 22883
23151 22726 23533 23987
24125 22344 23674 24020
23855 22538 24460 22881
23775 22475 23855 23961
23855 22538 24460 22881
24540 21707 23600 23138
23081 23066 23559 23829
23993 22046 24227 23237
24695 22521 23500 22427
24479 22849 24016 22283
24035 22752 23366 23683
24109 22581 24257 23088
23405 22638 23549 23810
23685 22740 24133 23420
23469 23399 23653 23423
24030 22793 23978 23462
24109 22581 24257 23088
23802 23045 24590 23364
24035 22752 23366 23683
24562 22053 23430 23281
23985 23302 24398 23292
24562 22053 23430 23281
23919 22247 23914 23983
24125 22344 23674 24020
23636 22510 23883 24002
23833 22596 24347 23726
24357 22374 24058 23034
24159 22608 23940 23092
23685 22740 24133 23420
24284 22077 24085 22335
24361 22497 23280 23556
24540 21707 23600 23138
24356 21699 23506 23178
23985 23302 24398 23292
24044 22999 23792 22858
23462 22896 23232 23800
24109 22818 24003 23039
23151 22726 23533 23987
24035 22752 23366 23683
23837 22871 24850 22988
23564 22320 24206 23873
23462 22896 23232 23800
24562 22053 23430 23281
24120 22408 24217 23119
23988 22435 24362 23334
23943 22705 24206 23583
24109 22581 24257 23088
23802 23045 24590 23364
24044 22999 23792 22858
24097 23153 23437 22883
23985 23302 24398 23292
23993 22046 24227 23237
23594 22134 24156 23821
24074 22466 23674 23451
24401 22742 23552 22993
23081 23066 23559 23829
24177 22615 24076 22507
23847 22484 24469 22661
22392 22826 24424 23770
24227 23067 23706 22921
23985 23302 24398 23292
23574 22900 23802 23611
24284 22077 24085 22335
23794 22425 23808 23838
23685 22740 24133 23420
24361 22497 23280 23556
24356 21699 23506 23178
24540 21707 23600 23138
24030 22793 23978 23462
23943 22705 24206 23583
23608 22444 23597 24014
24335 22283 23862 23412
24159 22608 23940 23092
23943 22705 24206 23583
23226 22517 23754 23819
23775 22475 23855 23961
24177 22615 24076 22507
23587 22504 24015 23992
23943 22705 24206 23583
24158 22885 23913 23014
24357 22374 24058 23034
24044 22999 23792 22858
23360 22283 23634 24148
24177 22615 24076 22507
24074 22466 23674 23451
23794 22425 23808 23838
24015 22596 23677 23901
23608 22444 23597 24014
23462 22896 23232 23800
23360 22283 23634 24148
24109 22818 24003 23039
24074 22466 23674 23451
23081 23066 23559 23829
23469 23399 23653 23423
24042 22947 23342 23131
23574 22900 23802 23611
24361 22497 23280 23556
24044 22999 23792 22858
24015 22596 23677 23901
24109 22581 24257 23088
24284 22077 24085 22335
23802 23045 24590 23364
24211 22167 23802 23529
23594 22134 24156 23821
23469 23399 23653 23423
23919 22247 23914 23983
23587 22504 24015 23992
23943 22705 24206 23583
24562 22053 23430 23281
24089 22446 23991 23620
24253 22492 23968 22923
24516 23060 23635 22884
24253 22492 23968 22923
23212 22600 22894 23860
24540 21707 23600 23138
24089 22446 23991 23620
24562 22053 23430 23281
23794 22425 23808 23838
24516 23060 23635 22884
24109 22581 24257 23088
24109 22581 24257 23088
24695 22521 23500 22427
24562 22053 23430 23281
23775 22475 23855 23961
24177 22615 24076 22507
24159 22608 23940 23092
23685 22740 24133 23420
24089 22446 23991 23620
24109 22581 24257 23088
23226 22517 23754 23819
23469 23399 23653 23423
24177 22615 24076 22507
24089 22446 23991 23620
23919 22247 23914 23983
23405 22638 23549 23810
23469 23399 23653 23423
24089 22446 23991 23620
23985 23302 24398 23292
23685 22740 24133 23420
23924 23331 23979 23581
24015 22596 23677 23901
24356 21699 23506 23178
23943 22705 24206 23583
23369 22600 24617 23693
23775 22475 23855 23961
24335 22283 23862 23412
23462 22896 23232 23800
23469 23399 23653 23423
24089 22446 23991 23620
23802 23045 24590 23364
24356 21699 23506 23178
24035 22752 23366 23683
23802 23045 24590 23364
23594 22134 24156 23821
23151 22726 23533 23987
23405 22638 23549 23810
24125 22344 23674 24020
23469 23399 23653 23423
24074 22466 23674 23451
23667 22598 24773 23479
24253 22492 23968 22923
23919 22247 23914 23983
23360 22283 23634 24148
24253 22492 23968 22923
24042 22947 23342 23131
23469 23399 23653 23423
24356 21699 23506 23178
23775 22475 23855 23961
24035 22752 23366 23683
24284 22077 24085 22335
24356 21699 23506 23178
23985 23302 24398 23292
23802 23045 24590 23364
24227 23067 23706 22921
24016 22119 23841 23652
24227 23067 23706 22921
24227 23067 23706 22921
23587 22504 24015 23992
23462 22896 23232 23800
23802 23045 24590 23364
24109 22581 24257 23088
23802 23045 24590 23364
24284 22077 24085 22335
24044 22999 23792 22858
24361 22497 23280 23556
23574 22900 23802 23611
23802 23045 24590 23364
23996 22957 24046 22546
23369 22600 24617 23693
23996 22957 24046 22546
23775 22475 23855 23961
24090 23182 23480 22688
23794 22425 23808 23838
24074 22466 23674 23451
24042 22947 23342 23131
22392 22826 24424 23770
23802 23045 24590 23364
24177 22615 24076 22507
23943 22705 24206 23583
24159 22608 23940 23092
24479 22849 24016 22283
23226 22517 23754 23819
24695 22521 23500 22427
24357 22374 24058 23034
24562 22053 23430 23281
24356 21699 23506 23178
24177 22615 24076 22507
23587 22504 24015 23992
24074 22466 23674 23451
23833 22596 24347 23726
24695 22521 23500 22427
24540 21707 23600 23138
23372 22903 23596 23627
23594 22134 24156 23821
24030 22793 23978 23462
23360 22283 23634 24148
23943 22705 24206 23583
23985 23302 24398 23292
23462 22896 23232 23800
23924 23331 23979 23581
24090 23182 23480 22688
23667 22598 24773 23479
24335 22283 23862 23412
24361 22497 23280 23556
24159 22608 23940 23092
23462 22896 23232 23800
23943 22705 24206 23583
23564 22320 24206 23873
24357 22374 24058 23034
23833 22596 24347 23726
24015 22596 23677 23901
23636 22510 23883 24002
23802 23045 24590 23364
24125 22344 23674 24020
23469 23399 23653 23423
23462 22896 23232 23800
23802 23045 24590 23364
23993 22046 24227 23237
24540 21707 23600 23138
24044 22999 23792 22858
24361 22497 23280 23556
23855 22538 24460 22881
23802 23045 24590 23364
24042 22947 23342 23131
24159 22608 23940 23092
23360 22283 23634 24148
23837 22871 24850 22988
24253 22492 23968 22923
23685 22740 24133 23420
24035 22752 23366 23683
24284 22077 24085 22335
24125 22344 23674 24020
23405 22638 23549 23810
23151 22726 23533 23987
24109 22818 24003 23039
23802 23045 24590 23364
24361 22497 23280 23556
23469 23399 23653 23423
23587 22504 24015 23992
24253 22492 23968 22923
23996 22957 24046 22546
23402 22807 23243 23809
22392 22826 24424 23770
24356 21699 23506 23178
22953 21772 23654 24103
24540 21707 23600 23138
23360 22283 23634 24148
24030 22793 23978 23462
23594 22134 24156 23821
24089 22446 23991 23620
24109 22581 24257 23088
24695 22521 23500 22427
23226 22517 23754 23819
24074 22466 23674 23451
24089 22446 23991 23620
23594 22134 24156 23821
24356 21699 23506 23178
23993 22046 24227 23237
23081 23066 23559 23829
24158 22885 23913 23014
23226 22517 23754 23819
24159 22608 23940 23092
23943 22705 24206 23583
23685 22740 24133 23420
22392 22826 24424 23770
23667 22598 24773 23479
24089 22446 23991 23620
23985 23302 24398 23292
24125 22344 23674 24020
