41259 300.027
8251 8037 8247 6849
8491 7723 8016 7461
8182 7742 8729 7342
8335 8488 7966 7217
7862 7444 8228 7703
7936 7692 7900 7752
7664 7992 8576 7256
7762 7631 8652 7474
8312 8031 8083 7349
8335 8488 7966 7217
7675 8129 8506 7275
8123 8346 7931 7281
7762 7631 8652 7474
8231 7817 8191 7002
8013 7917 8559 7112
7863 8173 7954 7611
8399 7775 8258 7196
7664 7992 8576 7256
8182 7742 8729 7342
7988 7693 8351 7651
7936 7692 7900 7752
7863 8173 7954 7611
7879 7859 8483 7566
8182 7742 8729 7342
8180 7930 8115 6921
7785 8218 8371 6875
8123 8346 7931 7281
8251 8037 8247 6849
8288 7857 7981 7404
8024 8255 8269 7195
7956 8313 8200 7471
7785 8218 8371 6875
7903 7742 8235 7601
8310 7541 8434 7550
7762 7631 8652 7474
8138 7616 8235 7397
8428 7964 8037 7398
8231 7817 8191 7002
7862 7444 8228 7703
7989 7941 8139 7603
8061 7631 8212 7508
8113 7650 8285 7411
8100 8116 8049 7565
8399 7775 8258 7196
7891 8077 8286 7398
8125 8051 8385 7219
7785 8218 8371 6875
8013 7917 8559 7112
7839 7713 8296 7582
7926 7917 8348 7380
8136 7498 8158 7688
8100 8116 8049 7565
7988 7693 8351 7651
7911 7792 8407 7305
8221 7812 8536 7219
7827 7836 8574 7163
8082 7667 8309 7501
8251 8037 8247 6849
8335 8488 7966 7217
7862 7444 8228 7703
8133 7822 8417 6972
8310 7541 8434 7550
8245 7489 8505 6939
8302 7766 8459 7231
8197 7743 8047 7495
7839 7713 8296 7582
8182 7742 8729 7342
8136 7498 8158 7688
8251 8037 8247 6849
8399 7775 8258 7196
8155 7953 8152 7420
8428 7964 8037 7398
7664 7992 8576 7256
8123 8346 7931 7281
7911 7792 8407 7305
8302 7766 8459 7231
8024 8255 8269 7195
8197 7605 8398 7494
8082 7667 8309 7501
7988 7693 8351 7651
8245 7489 8505 6939
7863 8173 7954 7611
7942 7813 8327 7523
7942 7813 8327 7523
7795 7915 8356 7491
7762 7631 8652 7474
8340 7851 8167 7247
8155 7953 8152 7420
7863 8173 7954 7611
8188 7833 8198 7288
8165 7518 8034 7554
8084 7566 8299 7511
7989 7941 8139 7603
7863 8173 7954 7611
8133 7822 8417 6972
8221 7812 8536 7219
7879 7859 8483 7566
7863 8173 7954 7611
8310 7541 8434 7550
8165 7518 8034 7554
8125 8051 8385 7219
7953 7652 8468 7484
8101 7664 8412 7436
8251 8037 8247 6849
8101 7664 8412 7436
8197 7605 8398 7494
8302 7766 8459 7231
7953 7652 8468 7484
7926 7917 8348 7380
7891 8077 8286 7398
8123 8346 7931 7281
8221 7812 8536 7219
7926 7917 8348 7380
7942 7813 8327 7523
8186 7637 8187 7451
8165 7518 8034 7554
7827 7836 8574 7163
7839 7713 8296 7582
8082 7667 8309 7501
8245 7489 8505 6939
8061 7631 8212 7508
7989 7941 8139 7603
8231 7817 8191 7002
7936 7692 7900 7752
8182 7742 8729 7342
8169 8304 8084 7423
8251 8037 8247 6849
7956 8313 8200 7471
8084 7566 8299 7511
7926 7917 8348 7380
8399 7775 8258 7196
8491 7723 8016 7461
7675 8129 8506 7275
8231 7817 8191 7002
7863 8173 7954 7611
8340 7851 8167 7247
8180 7930 8115 6921
8245 7489 8505 6939
8024 8255 8269 7195
7862 7444 8228 7703
8109 7969 8403 7195
8169 8304 8084 7423
8082 7667 8309 7501
8165 7518 8034 7554
7795 7915 8356 7491
7863 8173 7954 7611
7863 8173 7954 7611
8251 8037 8247 6849
8180 7930 8115 6921
7891 8077 8286 7398
7795 7915 8356 7491
8013 7917 8559 7112
7862 7444 8228 7703
8221 7812 8536 7219
8340 7851 8167 7247
8310 7541 8434 7550
7675 8129 8506 7275
8491 7723 8016 7461
8061 7631 8212 7508
8061 7631 8212 7508
7795 7915 8356 7491
8221 7812 8536 7219
8155 7953 8152 7420
8113 7650 8285 7411
8123 8346 7931 7281
8180 7930 8115 6921
8133 7822 8417 6972
7762 7631 8652 7474
8231 7817 8191 7002
8084 7566 8299 7511
7988 7693 8351 7651
7664 7992 8576 7256
8186 7637 8187 7451
8136 7498 8158 7688
8182 7742 8729 7342
8312 8031 8083 7349
7903 7742 8235 7601
8221 7812 8536 7219
8245 7489 8505 6939
8061 7631 8212 7508
8169 8304 8084 7423
7988 7693 8351 7651
8491 7723 8016 7461
8335 8488 7966 7217
8197 7743 8047 7495
8138 7616 8235 7397
8251 8037 8247 6849
7989 7941 8139 7603
8133 7822 8417 6972
8428 7964 8037 7398
8231 7817 8191 7002
7664 7992 8576 7256
7839 7713 8296 7582
7926 7917 8348 7380
8399 7775 8258 7196
7936 7692 7900 7752
7827 7836 8574 7163
7989 7941 8139 7603
7879 7859 8483 7566
7988 7693 8351 7651
8100 8116 8049 7565
7988 7693 8351 7651
7926 7917 8348 7380
8182 7742 8729 7342
7675 8129 8506 7275
7863 8173 7954 7611
8231 7817 8191 7002
8165 7518 8034 7554
8123 8346 7931 7281
8136 7498 8158 7688
8186 7637 8187 7451
7664 7992 8576 7256
7988 7693 8351 7651
8133 7822 8417 6972
7762 7631 8652 7474
8133 7822 8417 6972
7664 7992 8576 7256
8082 7667 8309 7501
8221 7812 8536 7219
8312 8031 8083 7349
8165 7518 8034 7554
8125 8051 8385 7219
8491 7723 8016 7461
7953 7652 8468 7484
8251 8037 8247 6849
8101 7664 8412 7436
7862 7444 8228 7703
8302 7766 8459 7231
7879 7859 8483 7566
7785 8218 8371 6875
7664 7992 8576 7256
7863 8173 7954 7611
8136 7498 8158 7688
8182 7742 8729 7342
7988 7693 8351 7651
8197 7605 8398 7494
7988 7693 8351 7651
7942 7813 8327 7523
7989 7941 8139 7603
7827 7836 8574 7163
7762 7631 8652 7474
7839 7713 8296 7582
8024 8255 8269 7195
8231 7817 8191 7002
7785 8218 8371 6875
8133 7822 8417 6972
7989 7941 8139 7603
8251 8037 8247 6849
7956 8313 8200 7471
8024 8255 8269 7195
7988 7693 8351 7651
7942 7813 8327 7523
