18638 360.059
7986 8866 7326 6931
7988 6971 8780 6200
7265 8182 6134 7133
8278 8905 7552 5487
7365 8036 6676 5805
8128 6930 7724 7271
6963 5825 7696 7856
6937 7522 7014 6117
6720 7319 7060 7873
6464 5823 7749 7750
7203 6867 8733 6736
7538 7392 8093 7986
7935 6938 8946 7751
8119 8587 7419 5896
8154 9198 7125 6351
5728 5988 6716 6528
8011 8869 7999 6405
7325 6373 7523 6743
7590 7141 7775 7386
6749 7775 6742 7545
7605 7330 8875 6477
7282 6814 9422 6638
7723 8708 6817 6507
6615 7224 7636 8122
7522 7739 7191 5908
8144 7430 8683 6200
6698 7134 7787 6566
6781 6757 7507 6214
7080 7718 7817 7142
6760 7188 6788 5335
7204 7887 7731 7705
8057 6935 8065 5964
5983 6836 6518 6937
6726 5981 7707 7650
8803 7953 8234 6015
7445 7091 7913 7473
7305 6751 8150 7687
8364 7723 8145 5896
6724 7209 6188 5936
7116 7978 8110 7518
6807 8140 6278 7252
7106 8084 6938 7842
8387 7363 7922 5535
7812 7452 7347 5309
7159 6618 8248 7950
7050 7799 7098 7569
8022 8053 7938 5950
7737 6511 7973 6306
8228 8315 7082 5816
6760 7840 7297 7566
7238 6544 6889 7748
6703 6204 8168 6726
6684 7919 7080 7758
7661 7337 7925 6848
6713 6672 6617 6465
7727 8521 6905 6290
7623 7288 8000 6652
7790 7701 7032 5955
7228 7148 8507 7768
7154 6496 8427 6552
7245 6491 8328 6205
7128 6558 8525 7347
6269 6585 7164 6722
6491 7346 6488 6983
8162 7449 7448 5908
7782 8453 7177 6207
8167 7435 7882 6299
6482 7235 7168 8084
7457 7879 7973 7511
7779 7683 8306 6505
7323 8573 6972 7043
7711 7473 8329 7162
6529 6591 6362 5665
6790 6993 6800 6017
7840 8302 6896 6827
8219 7984 7729 6947
6745 7991 7214 7326
6792 7706 7830 7445
6641 7122 6990 8189
7679 8398 6307 6089
6744 5801 7710 6008
7198 8353 6963 7810
7718 6973 8456 7389
7741 8445 6668 6500
7542 6812 7529 5731
6939 7220 7548 7870
6959 6974 8029 7754
7490 7746 7409 5901
6335 7372 7607 7984
7221 6617 8103 6211
7193 6611 8400 7902
8485 7567 8311 6058
6324 7457 6878 7789
7616 6673 7676 6313
7419 7996 6460 6735
8604 8092 7981 5747
7045 6810 7931 8530
8090 7760 7338 5452
8475 7643 8054 5948
7825 8759 6988 6709
6910 7212 7002 7686
7338 8049 6936 6083
7025 6410 8844 6306
6942 7490 6358 7126
8035 7485 7562 5351
7691 6983 7771 7324
6513 7198 6887 7744
7100 6125 7858 5474
8058 7478 7700 7284
7482 8268 6417 7038
7971 8027 7235 5611
6559 5835 7749 6805
7262 6821 8772 7298
8455 7889 8104 6200
7381 6411 8155 6408
6842 7416 7865 8343
6829 6457 8248 7074
7203 6554 7045 5923
6803 7212 6762 5697
8694 8064 8151 5703
7931 7659 8219 7472
7913 7036 9051 6598
7954 6887 8653 6704
6287 7157 6755 6629
8157 7741 7849 6939
6343 6788 6877 7153
7447 6644 8844 6423
7381 6604 8368 6742
7003 6748 8212 6591
6463 7109 6519 5705
7145 6647 7103 6773
7311 7138 8605 7699
7905 7961 6925 6289
8374 7269 8230 6398
6877 6201 7806 7559
7249 7015 7914 7551
7134 7718 6960 6507
7001 6670 7444 7695
8062 7610 8344 7348
8004 8341 7272 7088
7838 7336 7534 5314
7390 7184 8519 6970
6901 8206 7263 7580
6483 7162 7420 8128
7759 7155 8820 6461
6677 7710 7342 7409
6829 6803 7027 7929
7096 7412 6174 5509
6373 7174 6710 6465
7173 7654 7007 6145
7648 8324 6430 7082
7838 7682 6896 7722
6817 8120 7152 7552
6975 7249 7279 7729
6742 6357 7124 7462
7102 7450 6614 7553
6464 7153 7348 7482
7103 6566 8178 7897
6748 7677 6118 6987
7876 7831 7651 7281
8536 8412 7529 5673
7339 7699 7167 5713
7282 6697 8323 7631
7957 7897 7815 7258
7340 6684 9129 7002
6666 7387 7212 8007
7508 7164 8752 6962
6523 6499 6937 7236
6489 7416 6795 7734
7401 6834 8491 7888
7403 7355 6816 5578
8355 7392 8819 6349
7510 6728 8980 6354
7844 8282 7522 7015
7971 7326 7476 6359
7504 8072 7813 6779
6718 7066 6722 7724
7895 7007 8773 6487
7859 6727 8724 6753
6741 7229 7787 7239
7859 6612 8764 6942
6650 6954 6947 6366
7616 7765 6889 6537
8634 8314 7721 5961
6517 7350 7332 7646
7910 7408 7946 6770
8318 7644 7957 6326
7184 8281 6730 6675
7345 7843 7916 7427
6452 6379 7357 6961
7320 7881 7053 6581
7486 7622 6589 6494
7320 6885 8312 6540
8141 7065 7877 6051
6776 7376 7151 7116
6426 6340 7232 7620
7706 7748 7613 7269
6502 7422 6330 7252
7167 6935 8230 6872
6954 7196 7126 7019
7342 6594 7483 6676
7772 7564 6832 6408
7232 7231 8451 6995
8007 7074 8241 6618
6990 6468 7714 7487
6892 7180 7247 5743
7440 7667 6542 6751
7136 7527 7277 5953
7189 6838 8450 7817
7120 7010 7816 6177
7615 7815 8678 6262
6672 7312 6472 7466
6426 5955 7046 7288
8374 7811 7491 5487
7810 7351 8107 6501
6631 7319 6446 6702
7661 7023 8297 7223
7327 7903 5970 6057
7697 6790 8430 6792
7200 8302 6164 7407
6433 7339 6496 6814
6342 8040 7319 7511
7395 7922 6914 6057
7006 7231 7276 5911
7096 7814 7193 7275
8498 7439 7269 6513
7716 7991 7000 5942
7386 6643 7589 6835
7657 7648 8102 7634
7879 7697 9049 6844
8084 8722 7757 5816
7722 6877 8581 6853
8011 6836 8834 7098
7364 6605 7949 7850
8301 8049 7595 6469
7043 6955 7261 5819
8022 7513 8957 6607
7669 8284 6899 6657
7286 7036 7575 7923
6220 7146 6268 6676
7443 7142 7732 5942
7076 6605 7328 6837
6725 7672 6750 6748
6601 6971 6444 5690
7306 7099 7170 5748
7496 7326 7723 7412
6917 7971 7087 6253
7355 7096 7893 8112
8187 8765 7358 6384
7940 8054 8057 6031
6759 6262 7539 7075
7036 7300 6513 7216
