4 0.0561285
7547 7287 6776 6371
6831 7182 7528 6500
6800 6596 7725 6610
7245 7109 7452 6769
6860 7149 7500 6518
7039 7183 7852 5997
7137 7432 7584 6230
7315 7348 7472 6440
7365 7157 7443 6955
7547 7287 6776 6371
7521 7127 7378 6753
6892 6756 7490 6831
6807 7006 6608 7005
7308 7211 7427 6690
6924 7406 6944 6702
7440 6513 7512 6386
7329 7335 6825 6747
7291 6686 7566 6774
7521 7138 7273 6513
7464 7273 6764 6451
7221 7109 7812 6563
7359 6968 7594 6665
7292 7120 7495 6604
7172 7277 7575 6250
7437 7547 7396 6696
6800 6596 7725 6610
7096 7212 7072 6775
7551 7040 6893 6462
7496 7193 7118 6230
7566 6833 7120 6335
7547 7287 6776 6371
7137 7432 7584 6230
6831 7182 7528 6500
7371 7192 7471 6633
7365 7157 7443 6955
7092 7173 7648 6403
7114 7195 7317 6909
7155 7284 7403 6284
7155 7284 7403 6284
6587 7275 7457 6422
7307 7255 7397 6256
7445 6569 7281 6378
7194 6585 7494 6745
7170 6557 7688 6424
7052 6927 7747 6017
7052 6927 7747 6017
7058 6772 7729 6427
7165 6673 7667 6253
6935 6792 7643 6503
7046 6866 7791 5960
6962 7000 7696 5867
7210 7037 7581 6048
7090 6799 7741 6095
7216 6704 7681 6228
7065 6827 7510 6642
7294 6932 7569 6575
7077 6957 7500 6590
7217 6857 7561 6616
7077 6957 7500 6590
7208 6585 7495 6630
7065 6827 7510 6642
7421 7069 6861 6543
7403 6628 7365 6522
7403 6628 7365 6522
7403 6628 7365 6522
7329 7257 6628 6490
7029 7424 6831 6582
7329 7257 6628 6490
7209 7315 7204 6531
7399 6506 6958 6577
7143 7319 7068 6582
7426 6847 7337 6506
7047 7404 7225 6413
7403 6628 7365 6522
7403 6628 7365 6522
7393 6829 7221 6577
7399 6506 6958 6577
6839 7456 6770 6687
7421 7181 7379 6318
7208 7220 7370 6438
7137 7239 7150 6622
7382 6843 7167 6513
7029 7424 6831 6582
7393 7117 7267 6512
7329 7257 6628 6490
7206 7239 7386 6434
7161 7215 6980 6546
7143 7319 7068 6582
6919 7422 6878 6384
7066 7417 7073 6272
7143 7319 7068 6582
7421 7069 6861 6543
7528 6827 6855 6392
7528 6827 6855 6392
7458 6702 6873 6435
7528 6827 6855 6392
7423 7105 6876 6102
7447 6694 7069 6318
7489 6456 7006 6200
7099 7257 7534 5888
7097 7378 7054 6190
6963 7268 7582 6088
7331 7190 7303 6082
7271 7162 7448 6326
7115 7191 7434 6320
7053 7007 7447 6428
7253 6973 7429 6612
7288 6371 6713 6656
7253 6973 7429 6612
7351 6968 7403 6652
6894 6700 7328 6739
7134 7007 7351 6568
7257 6909 7280 6656
7288 6371 6713 6656
7201 7064 6947 6647
7253 6973 7429 6612
7349 7143 7289 6325
6766 6887 6713 6920
7156 7019 7092 6865
7201 7064 6947 6647
7337 6856 7435 6510
7211 7127 6740 6405
7253 6973 7429 6612
7267 7040 7244 6721
7349 7143 7289 6325
7185 7036 7424 6435
7120 7077 6885 6765
6871 6887 7366 6757
7107 7135 7363 6624
7257 6909 7280 6656
7058 7074 7482 6383
7058 7074 7482 6383
6938 7133 7613 6367
6982 6974 7630 5847
7076 6975 7456 6085
6955 7101 7622 6318
6947 7133 7477 6137
7058 7074 7482 6383
6967 7185 7273 6637
7007 7115 7036 6692
6884 6866 6893 6866
6884 6866 6893 6866
7002 6656 7305 6804
6943 6732 7217 6863
7113 7104 6886 6678
6897 6494 7280 6868
6967 7185 7273 6637
7046 6536 7144 6749
7002 6656 7305 6804
7151 6870 7526 5722
6909 6604 7615 6194
6784 6647 7205 6819
7001 7356 7075 5894
7204 6251 7395 6484
7288 7034 6583 6462
7430 6446 7005 6035
6502 6494 7578 6400
6718 6831 6841 6752
6730 7017 6599 6718
7412 6991 6788 6338
6886 7215 7485 5831
6964 7334 6907 6172
7312 7086 7315 5940
7219 7038 7153 6026
7252 7253 7247 5853
7193 7071 6852 6294
6815 6773 7203 6644
7231 6886 7413 6350
6995 6580 6789 6755
6760 7118 7488 6157
6974 6960 7436 6165
7039 6909 7362 6621
7139 7268 7386 6181
7309 6960 7370 6099
6800 7192 7371 6204
6849 6980 7021 6606
7352 6978 7056 6281
7090 6720 7219 6677
7376 6780 6789 6380
6950 7148 6929 6637
7260 6586 7528 6089
7020 7019 7150 6531
7001 7356 7075 5894
6946 6793 6805 6730
6929 6662 6999 6707
6770 7062 7331 6571
7358 6697 7217 6546
7158 6549 7110 6618
7172 7169 7295 6416
6901 6915 7429 6384
7153 7050 7417 6068
7008 6993 7180 6464
7313 6570 7046 6590
7153 6780 7480 6511
6924 7090 6945 6666
7004 7188 7128 6259
7077 7099 7423 5889
7025 6534 6980 6701
6749 6522 7287 6674
7332 6830 7184 6539
7292 6606 7236 6254
7186 6881 7506 6437
7274 6497 7229 6516
7109 7233 7041 6456
6946 6483 6925 6711
6988 6939 7046 6700
6749 6522 7287 6674
7326 6843 7425 6242
6997 7202 7193 6313
7279 6854 7508 6473
7125 7244 6954 6427
6778 6817 6941 6712
7217 6834 7541 6400
6873 6693 7391 6649
6866 7062 7069 6487
6946 6793 6805 6730
7048 6982 7012 6554
7228 6929 6982 6605
7269 6927 7388 6576
7108 7256 6933 6470
7414 7008 6920 6252
7122 7249 6952 6504
7027 6987 7044 6555
6958 7201 7398 6053
7127 7175 7019 6447
7069 7184 7363 6338
7115 6873 6910 6723
7135 6956 7217 6422
7284 6836 7309 6324
6880 7070 7010 6690
6784 6982 7237 6424
6760 7118 7488 6157
7374 6958 7190 6489
7088 6873 7527 6252
7137 7191 7296 6235
6766 6927 7088 6718
7100 6989 7204 6447
6969 6859 7329 6639
7225 6676 6982 6615
7288 7034 6583 6462
7092 6993 7203 6456
7125 6817 7548 6589
7121 6681 7112 6678
7287 7201 7074 5851
7162 7198 6851 6182
6958 7201 7398 6053
7137 7191 7296 6235
7421 6672 7072 6489
7069 7184 7363 6338
7284 6836 7309 6324
7121 6681 7112 6678
7026 6670 7014 6688
