180 0.75206
7121 7565 7457 6212
7568 7481 7439 6146
7657 6791 7388 6391
7657 6791 7388 6391
7460 7235 6955 6485
7296 7226 7415 6822
7309 7673 7194 6744
7525 7309 7925 6410
7350 6837 7623 6470
7202 7419 7311 6616
7150 7163 7737 6732
7460 7235 6955 6485
7309 7673 7194 6744
7525 7309 7925 6410
7350 6837 7623 6470
7580 7208 6985 6339
7574 7290 7535 6240
7150 7163 7737 6732
7367 7373 7362 6790
7306 7342 7600 6317
7609 7204 7512 6819
7150 7163 7737 6732
7186 7279 7469 6625
7150 7163 7737 6732
7609 7204 7512 6819
7285 7235 7370 6450
7222 7486 7425 6424
7150 7163 7737 6732
7568 7481 7439 6146
7285 7235 7370 6450
7222 7486 7425 6424
7657 6791 7388 6391
7580 7208 6985 6339
7580 7208 6985 6339
7657 6791 7388 6391
7202 7419 7311 6616
7525 7309 7925 6410
7367 7373 7362 6790
7150 7163 7737 6732
7212 7482 7485 6235
7306 7342 7600 6317
7150 7163 7737 6732
7350 6837 7623 6470
7367 7373 7362 6790
7202 7419 7311 6616
7657 6791 7388 6391
7367 7373 7362 6790
7580 7208 6985 6339
7574 7290 7535 6240
7306 7342 7600 6317
7367 7373 7362 6790
7367 7373 7362 6790
7202 7419 7311 6616
7222 7486 7425 6424
7306 7342 7600 6317
7306 7342 7600 6317
7367 7373 7362 6790
7150 7163 7737 6732
7285 7235 7370 6450
7657 6791 7388 6391
7296 7226 7415 6822
7212 7482 7485 6235
7222 7486 7425 6424
7121 7565 7457 6212
7296 7226 7415 6822
7285 7235 7370 6450
7296 7226 7415 6822
7296 7226 7415 6822
7222 7486 7425 6424
7222 7486 7425 6424
7568 7481 7439 6146
7657 6791 7388 6391
7306 7342 7600 6317
7212 7482 7485 6235
7568 7481 7439 6146
7222 7486 7425 6424
7202 7419 7311 6616
7186 7279 7469 6625
7568 7481 7439 6146
7525 7309 7925 6410
7222 7486 7425 6424
7296 7226 7415 6822
7296 7226 7415 6822
7460 7235 6955 6485
7367 7373 7362 6790
7580 7208 6985 6339
7212 7482 7485 6235
7580 7208 6985 6339
7296 7226 7415 6822
7568 7481 7439 6146
7296 7226 7415 6822
7150 7163 7737 6732
7150 7163 7737 6732
7296 7226 7415 6822
7222 7486 7425 6424
7212 7482 7485 6235
7306 7342 7600 6317
7150 7163 7737 6732
7222 7486 7425 6424
7222 7486 7425 6424
7202 7419 7311 6616
7296 7226 7415 6822
7202 7419 7311 6616
7580 7208 6985 6339
7150 7163 7737 6732
7296 7226 7415 6822
7296 7226 7415 6822
7212 7482 7485 6235
7150 7163 7737 6732
7657 6791 7388 6391
7580 7208 6985 6339
7222 7486 7425 6424
7296 7226 7415 6822
7296 7226 7415 6822
7306 7342 7600 6317
7150 7163 7737 6732
7296 7226 7415 6822
7568 7481 7439 6146
7222 7486 7425 6424
7306 7342 7600 6317
7285 7235 7370 6450
7222 7486 7425 6424
7285 7235 7370 6450
7222 7486 7425 6424
7222 7486 7425 6424
7296 7226 7415 6822
7657 6791 7388 6391
7568 7481 7439 6146
7222 7486 7425 6424
7186 7279 7469 6625
7222 7486 7425 6424
7296 7226 7415 6822
7150 7163 7737 6732
7186 7279 7469 6625
7186 7279 7469 6625
7222 7486 7425 6424
7186 7279 7469 6625
7568 7481 7439 6146
7657 6791 7388 6391
7296 7226 7415 6822
7212 7482 7485 6235
7222 7486 7425 6424
7296 7226 7415 6822
7296 7226 7415 6822
7580 7208 6985 6339
7222 7486 7425 6424
7150 7163 7737 6732
7222 7486 7425 6424
7285 7235 7370 6450
7202 7419 7311 6616
7202 7419 7311 6616
7222 7486 7425 6424
7568 7481 7439 6146
7222 7486 7425 6424
7367 7373 7362 6790
7657 6791 7388 6391
7202 7419 7311 6616
7296 7226 7415 6822
7150 7163 7737 6732
7580 7208 6985 6339
7202 7419 7311 6616
7657 6791 7388 6391
7568 7481 7439 6146
7580 7208 6985 6339
7580 7208 6985 6339
7150 7163 7737 6732
7285 7235 7370 6450
7222 7486 7425 6424
7367 7373 7362 6790
7222 7486 7425 6424
7367 7373 7362 6790
7285 7235 7370 6450
7296 7226 7415 6822
7150 7163 7737 6732
7580 7208 6985 6339
7296 7226 7415 6822
7202 7419 7311 6616
7222 7486 7425 6424
7296 7226 7415 6822
7574 7290 7535 6240
7306 7342 7600 6317
7367 7373 7362 6790
7202 7419 7311 6616
7222 7486 7425 6424
7306 7342 7600 6317
7367 7373 7362 6790
7150 7163 7737 6732
7657 6791 7388 6391
7296 7226 7415 6822
7222 7486 7425 6424
7121 7565 7457 6212
7296 7226 7415 6822
7285 7235 7370 6450
7296 7226 7415 6822
7580 7208 6985 6339
7222 7486 7425 6424
7568 7481 7439 6146
7568 7481 7439 6146
7186 7279 7469 6625
7568 7481 7439 6146
7222 7486 7425 6424
7296 7226 7415 6822
7296 7226 7415 6822
7367 7373 7362 6790
7580 7208 6985 6339
7296 7226 7415 6822
7568 7481 7439 6146
7150 7163 7737 6732
7150 7163 7737 6732
7285 7235 7370 6450
7568 7481 7439 6146
7657 6791 7388 6391
7657 6791 7388 6391
7460 7235 6955 6485
7296 7226 7415 6822
7309 7673 7194 6744
7150 7163 7737 6732
7460 7235 6955 6485
7309 7673 7194 6744
7350 6837 7623 6470
7150 7163 7737 6732
7367 7373 7362 6790
7609 7204 7512 6819
7186 7279 7469 6625
7150 7163 7737 6732
7296 7226 7415 6822
7150 7163 7737 6732
7568 7481 7439 6146
7285 7235 7370 6450
7222 7486 7425 6424
7657 6791 7388 6391
7580 7208 6985 6339
7657 6791 7388 6391
7525 7309 7925 6410
7367 7373 7362 6790
7150 7163 7737 6732
7212 7482 7485 6235
7367 7373 7362 6790
7657 6791 7388 6391
7367 7373 7362 6790
7202 7419 7311 6616
7296 7226 7415 6822
7186 7279 7469 6625
7186 7279 7469 6625
7186 7279 7469 6625
7657 6791 7388 6391
7212 7482 7485 6235
7222 7486 7425 6424
7296 7226 7415 6822
7222 7486 7425 6424
7150 7163 7737 6732
7222 7486 7425 6424
7202 7419 7311 6616
7568 7481 7439 6146
7367 7373 7362 6790
7657 6791 7388 6391
7222 7486 7425 6424
7296 7226 7415 6822
7150 7163 7737 6732
7580 7208 6985 6339
7657 6791 7388 6391
7580 7208 6985 6339
7580 7208 6985 6339
7150 7163 7737 6732
7367 7373 7362 6790
7222 7486 7425 6424
7367 7373 7362 6790
7150 7163 7737 6732
7580 7208 6985 6339
7296 7226 7415 6822
7202 7419 7311 6616
7222 7486 7425 6424
7222 7486 7425 6424
7306 7342 7600 6317
7150 7163 7737 6732
7222 7486 7425 6424
7222 7486 7425 6424
7202 7419 7311 6616
7296 7226 7415 6822
7202 7419 7311 6616
7580 7208 6985 6339
7296 7226 7415 6822
7296 7226 7415 6822
7150 7163 7737 6732
7657 6791 7388 6391
7580 7208 6985 6339
7222 7486 7425 6424
7296 7226 7415 6822
7150 7163 7737 6732
7296 7226 7415 6822
7568 7481 7439 6146
7306 7342 7600 6317
7285 7235 7370 6450
7222 7486 7425 6424
7285 7235 7370 6450
7222 7486 7425 6424
7222 7486 7425 6424
7296 7226 7415 6822
7657 6791 7388 6391
7568 7481 7439 6146
