15347 180.026
4002 3301 3217
3301 3956 3126
3276 3294 3803
3394 3862 3524
3436 3699 3651
3879 3468 3464
3688 3477 3685
3876 3697 3285
3394 3902 3413
3323 3798 3614
3720 3402 3663
3910 3385 3483
3602 3433 3734
3814 3512 3516
3828 3711 3304
3708 3854 3262
3323 3798 3614
3844 3714 3204
3355 3615 3729
3788 3714 3394
3516 3822 3497
3554 3773 3554
3782 3356 3619
3958 3378 3383
3355 3615 3729
3851 3354 3556
3755 3824 3255
3445 3893 3474
3662 3371 3710
3891 3287 3532
3346 3731 3643
3799 3773 3155
3400 3868 3498
3645 3629 3614
3667 3645 3590
3940 3543 3253
3341 3558 3765
3751 3593 3537
3756 3654 3455
3640 3882 3359
3336 3752 3630
3875 3623 3342
3692 3339 3683
3875 3623 3342
3699 3891 3229
3405 3834 3547
3770 3357 3636
3909 3602 3252
3355 3615 3729
3820 3305 3593
3755 3824 3255
3719 3784 3377
3554 3773 3554
3876 3697 3285
3269 3736 3659
3757 3818 3148
3322 3826 3549
3389 3785 3587
3758 3351 3637
3953 3294 3437
3669 3341 3699
3872 3480 3511
3809 3763 3219
3552 3923 3200
3269 3736 3659
3824 3574 3474
3617 3328 3713
3818 3601 3423
3538 3876 3420
3662 3686 3543
3758 3563 3570
3971 3479 3206
3541 3382 3769
3807 3342 3606
3716 3743 3398
3626 3828 3363
3560 3700 3608
3907 3584 3261
3739 3333 3649
3876 3697 3285
3471 3940 3201
3323 3798 3614
3699 3404 3676
3910 3385 3483
3579 3423 3741
3794 3535 3535
3788 3714 3394
3699 3891 3229
3323 3798 3614
3876 3697 3285
3368 3685 3675
3779 3780 3236
3620 3772 3503
3478 3836 3506
3805 3458 3610
3931 3572 3061
3310 3625 3704
3825 3288 3583
3710 3837 3277
3323 3863 3524
3497 3650 3681
3891 3287 3532
3584 3567 3697
3844 3714 3204
3445 3893 3474
3684 3635 3571
3716 3627 3549
3942 3565 3079
3355 3615 3729
3723 3692 3466
3811 3552 3525
3699 3891 3229
3269 3736 3659
3846 3590 3372
3669 3341 3699
3863 3579 3396
3699 3891 3229
3322 3826 3549
3758 3351 3637
3901 3619 3256
3579 3423 3741
3825 3288 3583
3783 3778 3294
3748 3833 3242
3655 3699 3563
3909 3602 3252
3336 3752 3630
3796 3783 3196
3323 3863 3524
3593 3662 3633
3645 3629 3614
3932 3457 3416
3584 3567 3697
3861 3383 3552
3757 3818 3148
3394 3902 3413
3368 3685 3675
3861 3383 3552
3584 3567 3697
3828 3711 3304
3590 3844 3387
3662 3744 3508
3807 3390 3602
3974 3248 3372
3438 3358 3783
3782 3356 3619
3687 3759 3449
3549 3851 3444
3461 3714 3623
3900 3562 3329
3716 3357 3670
3876 3697 3285
3552 3923 3200
3323 3798 3614
3739 3333 3649
3936 3288 3445
3662 3371 3710
3872 3480 3511
3815 3736 3270
3748 3833 3242
3322 3826 3549
3809 3763 3219
3397 3630 3686
3732 3738 3393
3411 3807 3539
3346 3809 3573
3770 3357 3636
3939 3512 3324
3355 3615 3729
3838 3391 3569
3757 3818 3148
3445 3893 3474
3647 3489 3678
3891 3287 3532
3460 3692 3649
3809 3763 3219
3445 3893 3474
3645 3629 3614
3696 3648 3566
3942 3565 3079
3433 3476 3759
3784 3589 3502
3775 3664 3424
3699 3891 3229
3336 3752 3630
3876 3697 3285
3716 3357 3670
3901 3619 3256
3699 3891 3229
3394 3862 3524
3770 3357 3636
3876 3697 3285
3341 3558 3765
3805 3458 3610
3682 3792 3369
3633 3812 3461
3351 3780 3603
3876 3697 3285
3269 3736 3659
3796 3783 3196
