223 18.378
17605 16674 16723 15885
17536 16626 16791 15660
17150 16737 16314 16723
16684 17400 16931 16336
16668 16880 17783 16212
16404 16248 16669 17044
16404 16248 16669 17044
16196 16725 17144 16870
16645 16816 16320 16928
17528 16520 16513 16063
17060 16323 17235 16608
17091 16395 17202 16642
17536 16626 16791 15660
16923 16805 17416 15752
16639 17172 17693 16390
16931 16552 17684 16385
16599 16335 16982 16905
16446 16535 17590 16712
16943 16583 16868 16963
17571 16433 16587 16230
17413 16455 16549 16434
16492 16801 17089 16793
16448 16926 17360 16835
16935 16802 17618 16330
17299 17148 16998 15935
16804 16514 17569 16512
16658 17270 17396 16367
17451 16870 16860 16183
16951 16685 16661 16808
17571 16433 16587 16230
17500 17047 17076 15955
16609 16827 16896 17005
17202 17162 17044 15832
17141 17017 17290 16306
17247 17050 17207 15868
17114 17214 16796 16520
16874 17335 17366 16114
17473 16803 17086 15812
17283 17100 17100 15911
17240 16498 17470 16232
17280 17187 16692 16400
16741 17001 17530 16299
17427 16565 16562 16391
17519 16708 17004 16216
17605 16674 16723 15885
16779 17108 16882 16662
16537 17088 17116 16670
17313 17133 16784 16092
16684 17400 16931 16336
17111 16887 16945 16763
17295 17242 16765 16125
16955 16718 17442 16347
16832 16476 17041 16850
16767 16887 17578 16031
17479 16815 16653 16163
17233 17221 17034 15974
17019 16654 16791 16912
17477 16891 16933 16001
16573 16886 17477 16429
17212 17288 16901 16140
16987 17307 17343 16070
16847 16773 16892 16885
16479 17004 16870 16683
17385 16971 16636 16263
17243 17244 16977 16077
16951 16472 17484 16639
17273 16755 16870 16624
17054 16912 17409 16169
17363 16716 16721 16570
17170 16804 16831 16584
16593 16652 17070 16744
17407 16832 17048 16107
16901 16820 17306 16454
16977 17266 16954 16499
16752 17281 16747 16646
16712 17167 17194 16551
17351 16953 17022 16418
16598 16722 16791 17020
17371 17181 16725 16240
16966 16715 17373 16409
17355 16762 17239 16439
17528 16520 16513 16063
17414 16613 16569 16385
17427 17041 17130 15778
17232 16747 16735 16672
17009 16701 17503 16472
16869 16810 17159 16597
17392 16928 16618 16274
17177 17224 17031 16129
16819 17065 17277 16452
16552 16905 17243 16582
16990 16738 17328 16473
17456 16857 16645 16299
16883 17044 17191 16355
16488 16981 17491 16426
17227 16699 17084 16727
17004 16492 17110 16645
16848 16773 16990 16653
16935 16643 17281 16509
16742 17367 17132 16286
16714 17005 17292 16456
17218 16960 17148 16013
16550 17173 17434 16468
16911 17078 17334 16336
17380 16943 17096 16084
16614 17288 17403 16304
16751 16847 17603 16178
17135 16613 17321 16487
16742 17367 17132 16286
16688 17116 16755 16741
16830 16865 17545 16692
17037 17320 16948 16253
17183 16986 17300 16048
17427 17049 16779 16251
16793 17117 17115 16535
16955 16583 17132 16527
17082 17085 16824 16487
17076 17191 17095 16072
17030 16528 17421 16433
17080 17158 17127 16296
16791 17042 16818 16645
16856 17103 16950 16560
17038 17285 16988 16013
17112 16937 17356 16201
16690 16912 17035 16653
17166 17061 17016 16259
17029 17301 16983 16114
17009 16890 17261 16422
17075 16753 17182 16498
17073 17055 17167 16458
17395 16599 17166 16036
16842 16854 16863 16872
17427 17041 17130 15778
17337 16937 17105 16045
16838 17149 17284 16165
17181 17001 17093 16326
17190 16800 16775 16669
16830 16865 17545 16692
17196 16796 17042 16410
17367 16875 17102 16102
17262 17079 16920 16359
17341 16966 17070 16180
16864 16829 17298 16564
17182 16827 16906 16464
16747 16961 17064 16582
17107 16898 17357 16208
17326 17132 16982 16103
17163 16810 17213 16407
16926 16935 17258 16399
17324 17094 16963 16112
16974 16994 17068 16495
17191 17002 17194 16276
17395 16599 17166 16036
17268 16819 17244 16178
17034 17058 16956 16538
16828 16881 17296 16360
17390 16842 17119 16134
17215 16852 17081 16274
17262 17079 16920 16359
17069 16969 17211 16520
17331 17074 17076 16116
16822 16962 17038 16644
17390 16842 17119 16134
16826 16929 16964 16521
17153 17065 17102 16036
17196 16796 17042 16410
17135 16613 17321 16487
17331 17074 17076 16116
17107 16898 17357 16208
17163 16810 17213 16407
17269 16930 17101 16214
16974 16994 17068 16495
17034 17058 16956 16538
17324 17094 16963 16112
16926 16935 17258 16399
17153 17065 17102 16036
17069 16969 17211 16520
17215 16852 17081 16274
16826 16929 16964 16521
17496 17022 16903 15783
17089 16278 17163 16634
16979 17105 16706 16149
16763 16824 16627 16663
16735 16706 17357 16169
16561 16819 17185 16657
17295 16569 17031 15849
16704 16618 17285 16325
16849 16382 17079 16432
16871 16507 17013 16580
17176 16685 17186 16196
17030 16854 17313 15977
17409 16779 16752 16208
16981 16906 16822 16528
16641 17022 17160 16460
17351 16923 16849 15985
16660 16773 16879 16612
16831 16526 17250 16397
16972 16982 17128 16255
17250 16722 17209 16007
17418 16876 16828 16001
17089 16278 17163 16634
17216 16753 17179 16408
17281 16938 16648 16299
17053 16833 16964 16222
16942 17088 16975 16279
17028 16736 16988 16503
16897 16948 16694 16374
16919 16971 17067 16343
17054 16927 17098 16123
16893 16540 17070 16478
17118 16896 16739 16279
17083 16764 17073 16105
17110 16835 16977 16052
16846 16537 16971 16563
17003 16804 16666 16427
16987 16841 17320 16149
16794 16764 17178 16499
17001 17007 17033 16231
17122 16929 16701 16041
17041 16816 16903 16356
17088 16713 17237 15984
17288 16782 16872 16165
17323 16930 16983 16005
16961 16802 17092 16266
16957 16934 17164 16241
17033 16707 17015 16444
17261 16820 17053 16039
17111 16762 17064 16026
17091 16873 17029 16031
16770 16862 17039 16425
16744 16899 17097 16366
16782 16810 17048 16381
16943 16882 17185 16271
17076 16863 16976 16033
16769 16842 17045 16382
16744 16788 17161 16500
17384 16402 16645 15838
16915 16952 17053 16045
16856 16698 16553 16446
16846 16751 17304 16019
16574 16813 17147 16157
17363 16789 16761 15864
16705 16883 17103 16090
17018 16447 16906 16355
16881 16601 17121 16368
16764 16697 17158 16361
17208 16720 16996 16169
17014 16845 16848 15967
17088 16444 16965 16391
17205 16652 17096 16236
17168 16703 17118 16284
16847 16620 17153 15956
17109 16669 16768 16345
16967 16941 17081 16193
17367 16748 16721 16184
17017 16891 16835 16008
16970 16849 16811 16088
17044 16723 16815 16062
16995 16663 17015 16394
16935 16665 17043 16345
16910 16812 16946 16212
16970 16620 17127 16302
17039 16748 16934 16352
16871 16804 17034 16300
16955 16691 17132 16015
17041 16714 16830 16205
17178 16701 17007 16187
17221 16669 16302 15847
17165 16655 16670 15823
17060 16419 16825 16366
17046 16591 17117 15958
16908 16753 16948 16087
16218 16690 16834 16271
16735 16507 17014 16233
16766 16692 16507 16356
16784 16631 16997 16325
17118 16660 16798 15871
17087 16552 16919 16128
16965 16542 16929 16295
17134 16507 17002 16160
17073 16678 16963 16227
17054 16647 16823 16108
16955 16523 16971 15626
16815 16569 17102 15854
16597 16600 16655 16248
16547 16352 16861 16271
16760 16404 16961 16058
16991 16456 17033 15723
16818 16452 16930 16002
16999 16631 16921 16030
16990 16593 16926 16177
16872 16439 16669 16031
16832 16635 16743 15892
16781 16559 16315 16154
16758 16421 16892 16158
16177 16555 16587 15959
16664 16453 16870 16094
16830 16489 16805 16153
16827 16352 16551 15656
16421 16265 16675 16071
17843 16882 16496 15750
17650 16753 17018 15625
17171 16233 17336 16660
17150 16737 16314 16723
16874 17335 17366 16114
16668 16880 17783 16212
16404 16248 16669 17044
16196 16725 17144 16870
16365 16666 17555 16565
17299 16964 17373 15832
17052 17226 17264 15941
16196 16725 17144 16870
17701 16685 16615 15741
16645 16816 16320 16928
17843 16882 16496 15750
16607 16883 16489 16743
17060 16323 17235 16608
17414 16786 16607 16316
17161 16631 16377 16705
17427 17041 17130 15778
16492 16801 17089 16793
16943 16583 16868 16963
17138 16354 17014 16645
16631 16596 17728 16343
16479 17004 16870 16683
17387 17105 16908 16169
16588 16448 17665 16538
17540 16936 16943 15970
16401 16437 17697 16515
16800 16683 16825 16908
17433 17216 17019 15712
17232 16747 16735 16672
16550 17173 17434 16468
17177 17240 17167 16086
17563 17043 16880 15692
16658 17270 17396 16367
16599 16335 16982 16905
17062 17200 17196 15963
16609 16827 16896 17005
16678 16924 17635 16281
16448 16926 17360 16835
16390 16707 17756 16424
16842 16854 16863 16872
16889 16532 17726 16424
17161 16631 16377 16705
17650 16753 17018 15625
17162 17064 17227 16004
17542 16563 17192 15988
16537 17088 17116 16670
16762 16977 17506 16313
17274 16945 17467 16028
16987 17307 17343 16070
16951 16685 16661 16808
17031 16407 17235 16783
17370 16475 16975 16551
16598 16722 16791 17020
16446 16535 17590 16712
17349 17161 16999 16047
17580 16787 17102 16140
16818 16876 17543 16136
16614 17288 17403 16304
16935 16802 17618 16330
17501 16701 17002 16238
17665 16667 16989 16085
16727 16993 17493 16393
17410 17031 16885 16193
17301 16541 16712 16533
16712 17220 17156 16590
17701 16685 16615 15741
17075 17137 17155 16264
16688 17116 16755 16741
17420 16614 17025 16439
16793 17036 17244 16645
17327 16847 16852 16418
17104 17039 16633 16392
16976 16496 17541 16479
16957 16651 17454 16781
17134 16505 16900 16845
16685 16466 17759 16292
16956 16815 17323 16694
17133 16424 17352 16412
16974 16519 17660 16213
16903 16953 17238 16489
16872 17078 17395 16180
17210 16834 17258 16502
17353 16627 16803 16520
17544 16512 16943 16322
16857 16756 17353 16455
17128 16480 17509 16525
17342 16840 16878 16229
16922 16712 17020 16755
17125 16794 17485 16384
16742 16717 17678 16251
17443 16649 17035 16236
16422 16930 17523 16742
16752 17281 16747 16646
17613 16447 16836 16307
17205 17183 17030 16367
16988 17056 17299 16197
17306 16937 17337 16151
17289 16914 17308 16171
16751 16847 17603 16178
16404 16248 16669 17044
17216 17096 17205 16358
17476 16594 16832 16444
16786 16827 17200 16757
17402 16901 16832 16376
17248 16688 17220 16259
16968 16776 16785 16806
17059 16750 17576 16100
16728 16573 17526 16614
16907 16778 17682 16242
16880 16762 17538 16433
17319 16956 17412 16028
16639 17172 17693 16390
17031 16407 17235 16783
16867 16807 17533 16384
17029 17301 16983 16114
17019 17085 17472 16080
17320 16463 17111 16371
16874 17335 17366 16114
17099 16963 17426 16149
17017 16868 17279 16472
17203 16890 17043 16359
17569 16865 17014 16216
17100 16986 16871 16615
17114 16507 17233 16878
17563 17043 16880 15692
17464 16667 16993 16239
17576 16537 17119 16057
17137 16822 17344 16095
16779 17108 16882 16662
17008 16956 17452 16329
17407 16660 16964 16249
16952 16544 17508 16183
16996 16645 17179 16597
17164 17151 17145 16133
17397 17124 16771 16106
17397 17124 16771 16106
17218 16930 17283 16257
17416 16586 17068 16214
17613 16447 16836 16307
16798 16832 17164 16649
16996 16645 17179 16597
17301 16929 16689 16466
17026 16637 17193 16521
17179 16663 17419 16109
17068 16866 17286 16435
17657 16750 16756 15993
17252 16771 17019 16322
17164 17151 17145 16133
17362 16699 16972 16250
17365 16885 17125 16197
17162 16917 17302 16360
16943 16936 17052 16406
17301 16929 16689 16466
16943 16936 17052 16406
17351 16784 17067 16274
17130 16723 17161 16684
17182 16911 17279 16467
17021 17036 17212 16271
17164 16447 16986 16612
17353 16891 16963 16145
17353 16891 16963 16145
16715 16837 17123 16646
17080 16880 17408 16290
17660 16629 16874 16102
17299 17111 17209 16317
17488 17031 17307 16066
17007 16885 17355 16436
17114 16507 17233 16878
17263 16836 17012 16372
17488 17031 17307 16066
16969 16735 17216 16667
17080 16880 17408 16290
17263 16836 17012 16372
17182 16911 17279 16467
17100 16986 16871 16615
17274 16772 16983 16591
16969 16735 17216 16667
17351 16784 17067 16274
17657 16750 16756 15993
17274 16772 16983 16591
16952 16544 17508 16183
17362 16699 16972 16250
17416 16586 17068 16214
17365 16885 17125 16197
17650 16753 17018 15625
17527 16827 16790 16017
17331 16953 16555 16119
17267 16921 17181 15765
17150 16243 16960 16412
17064 17101 16934 16225
16952 16306 17379 16520
16881 16567 17329 16647
16782 16923 17310 16253
17427 16565 16562 16391
17475 16977 17131 15968
17342 16720 16786 16107
17220 16811 16667 16225
17260 16825 16835 16067
17472 16475 16926 16281
17225 16283 17001 16134
17147 16912 17163 15818
16844 16882 17271 16323
17215 16413 17152 16304
17110 16892 17035 16416
16953 16744 17216 16275
17003 16701 17088 16622
16831 16599 17159 16564
17133 17090 17167 16278
17205 16684 16835 16585
16883 16783 17119 16288
17191 16669 17032 16209
17459 16802 17075 15995
17007 16436 17351 16388
16900 16462 17320 16337
16928 16904 17295 16240
17159 16656 17295 16343
17144 16838 17019 16333
17502 16665 17052 15979
16844 16753 17054 16364
17033 16694 17198 16296
17186 16662 17040 16097
17057 16801 17046 16398
17221 16625 17029 16242
17016 16911 16989 16389
16945 16716 17197 16333
17157 17100 17064 16232
17116 16972 16931 16327
17013 16448 17154 16578
17123 16674 17034 16583
17136 16664 17154 16376
17219 16609 16789 16292
17015 16659 17176 16342
17420 16704 16574 15874
17337 16664 17039 15798
17163 16422 17081 15861
17110 17059 16728 16075
17087 16787 16523 16381
16884 16719 17254 16102
16784 16562 16968 16620
16458 16499 17078 16522
17243 16813 16822 15936
16521 16551 17091 16312
17075 16601 16957 16506
16778 16507 17184 16396
17131 17030 16769 16043
16895 16939 16784 16316
16928 16566 17065 16418
17123 16773 17158 15961
17124 16950 17016 16244
17196 16584 17027 16149
16947 16886 17111 16221
16840 16725 17184 16298
16866 16743 16759 16389
16792 16622 17128 16303
16944 16469 17087 16277
16996 16805 17071 16220
16932 16560 17228 16230
17087 16850 16970 16340
17155 16693 17011 16126
16951 16852 17159 16179
17021 16783 17034 16369
16956 16655 17067 16391
16874 16863 17130 16121
17121 16823 17084 16166
17147 16494 16960 16303
16938 16680 17071 16267
16928 16689 17142 16294
17089 16596 16969 16345
16890 16794 17032 16367
17275 16502 17032 15674
17138 16431 16930 15961
17131 16747 16580 15958
16828 16871 16976 16181
16688 16630 16868 16376
16637 16533 17180 16133
17211 16597 16767 15865
17005 16635 17063 16143
16891 16504 16853 16342
17026 16805 16708 16289
16993 16831 16921 16026
17041 16806 16583 16253
16954 16539 17007 16282
16968 16726 16876 16327
17085 16532 16854 16011
17014 16782 16885 16283
17045 16732 16943 16176
16834 16815 16855 16148
17043 16636 16932 15964
16924 16616 16697 16099
16913 16713 16889 15797
16808 16454 16724 16276
16739 16149 16999 16025
16758 16648 16708 16213
16743 16701 16718 16137
17030 16394 16673 15942
16764 16310 16706 16165
16705 16326 16665 15890
17622 16942 16782 16061
17501 16912 17119 15747
17150 16737 16314 16723
16841 17377 16849 16162
16668 16880 17783 16212
16404 16248 16669 17044
16404 16248 16669 17044
16367 16979 17221 16708
16645 16816 16320 16928
17413 16455 16549 16434
16948 16403 17095 16771
16951 16685 16661 16808
16849 16602 17077 16787
17579 16863 16978 15811
16446 16535 17590 16712
17571 16433 16587 16230
16935 16802 17618 16330
17616 16649 16795 15937
16639 17172 17693 16390
17076 16673 17577 15840
17066 17123 17185 16010
17232 16747 16735 16672
16598 16722 16791 17020
16581 16703 17531 16614
16943 16583 16868 16963
17293 17041 16728 16250
17457 16865 16753 16386
16694 16658 16865 16988
17137 16548 17162 16381
16841 17377 16849 16162
16488 16981 17491 16426
17276 16888 16676 16546
17427 17041 17130 15778
16609 16827 16896 17005
17530 16873 16914 16220
16474 16918 17348 16704
17431 16859 17137 15974
16658 17270 17396 16367
16510 16901 17375 16560
16719 17181 17482 16149
17501 16912 17119 15747
16745 17336 17359 16224
16557 16837 17590 16410
17571 16433 16587 16230
16723 17311 16966 16225
17489 17034 17028 16076
16800 16683 16825 16908
17040 17003 16831 16586
16393 16876 17462 16582
17062 17200 17196 15963
17220 16476 17240 16126
17077 16483 17391 16521
17467 16669 16991 16296
16448 16926 17360 16835
16997 16507 16750 16864
17544 16512 16943 16322
17249 17211 16815 16183
16727 17230 17173 16321
16878 16577 17283 16668
16841 16823 17666 16349
16627 16703 17097 16964
16614 17288 17403 16304
16689 16634 17587 16566
17245 16769 17216 16127
16873 17002 17524 15891
17130 17011 17419 16095
16550 17173 17434 16468
16961 16645 16908 16859
16991 16952 16923 16653
16949 17102 17094 16451
17413 16455 16549 16434
16533 16937 17583 16498
17104 17033 17251 15868
16913 17020 17003 16569
16618 16715 17553 16516
16987 17307 17343 16070
16889 17255 17055 16308
16905 16974 17165 16527
16717 16866 17464 16819
16839 17068 16745 16881
17358 17008 17287 15802
17155 17018 17294 16001
16792 16997 17265 16536
17020 17144 17155 16142
17331 17149 17133 16237
17357 16859 17148 16204
16732 17110 17509 16251
16928 17245 17302 16264
16870 16968 17112 16718
17226 17158 16862 16176
16638 16878 17013 16915
16713 17219 17071 16423
16762 16661 17574 16534
17046 16819 16871 16749
17378 16888 17338 15933
16779 17108 16882 16662
17107 16681 17065 16839
17342 16849 17191 16046
16968 16776 16785 16806
16705 16987 17386 16374
16834 16867 17359 16608
16769 16629 17288 16691
17163 16923 17421 16283
16660 16772 17268 16874
17418 16959 16872 16193
17337 16678 17012 16626
17029 17301 16983 16114
16517 17181 17379 16480
16973 16933 17357 16366
17056 16920 17433 15873
16781 16804 17172 16690
17549 16966 17046 16058
17055 17121 17248 15907
17050 17143 17300 15908
17129 16943 17034 16641
16807 16919 16904 16759
16874 17335 17366 16114
16585 16854 17526 16462
17366 16722 17102 16276
16775 16957 16799 16729
17571 16806 17053 16136
17425 16879 17049 15992
17397 16713 17049 16173
16808 17088 17449 16306
17257 17010 17388 16050
17092 16830 17371 16400
16839 16871 16993 16732
17209 16966 17249 16118
17622 16942 16782 16061
17123 17178 17142 16353
17095 17077 17130 16539
17175 16729 17278 16366
16879 16978 17555 16111
17178 17121 17238 16042
16639 17172 17693 16390
16810 16606 17369 16511
17194 16797 17193 16278
17294 16968 17046 16323
16744 17163 17406 16031
17319 16780 17001 16411
16964 17024 17456 16299
16809 16841 17505 16327
17118 17061 17235 16107
16963 17142 17230 16189
16537 17088 17116 16670
17272 16828 17042 16425
17138 17247 17046 16359
16767 16965 17571 16276
16955 16855 17087 16617
17022 16957 17325 16331
17290 16986 17227 15870
17003 16740 17063 16696
17192 16728 17379 16222
17319 16780 17001 16411
16744 17163 17406 16031
16929 17032 17193 16483
17251 16901 17032 16337
16841 16823 17666 16349
17339 16913 16579 16436
17027 17108 16951 16363
17231 16902 16981 16395
16769 16609 17314 16654
17339 16913 16579 16436
17148 17080 17230 16078
16726 17065 17202 16404
17381 17041 17213 15959
16945 17150 17301 16288
16823 16863 17314 16637
17387 17005 16940 16409
17247 17050 17207 15868
16994 16790 17508 16494
16839 17245 17214 16281
17276 16888 16676 16546
17378 16888 17338 15933
17393 16711 17085 16524
16823 16863 17314 16637
17027 17052 17164 16420
16889 17255 17055 16308
17003 16740 17063 16696
17115 17078 17229 16392
16735 16991 17228 16610
17093 17056 17367 16116
17025 16853 17235 16511
16769 16609 17314 16654
16994 16790 17508 16494
16948 17070 17233 16272
17148 17080 17230 16078
17387 17005 16940 16409
16948 17070 17233 16272
17393 16711 17085 16524
17381 17041 17213 15959
16735 16991 17228 16610
17468 17006 17011 15818
17468 17006 17011 15818
17158 16839 16577 16398
17080 16474 17068 16509
16813 16715 17459 16310
16765 17225 17012 16035
16760 16672 17115 16668
16618 16696 17451 16441
17342 16860 16704 15970
16958 17123 17204 16158
16654 16823 17287 16566
17353 16766 16899 15987
17283 16886 16854 16287
16753 16769 17332 16395
16921 17209 17020 16308
17022 16915 17309 16205
17249 16858 17241 15881
16837 16854 17345 15968
17054 16811 17172 16137
17268 16600 16942 16616
16988 16557 17306 16206
17167 16652 16999 16316
16863 16600 17155 16493
16769 16890 17013 16637
17306 17094 16876 15962
16883 16756 16865 16556
16894 16980 17320 16234
17146 17069 16920 15931
17186 16570 17005 16601
17013 17212 16976 16359
17226 17020 17133 15903
17297 17035 16918 16082
16980 17006 17198 16290
17094 16882 16981 16108
17120 16887 16925 16245
17213 16873 17223 15940
16999 16845 17202 16441
16913 17030 17000 16518
17317 17039 17109 15921
17112 17011 17085 16091
17046 17016 17059 16425
17087 17014 17149 16357
17178 16576 17153 15943
16989 17044 17066 16417
17044 17022 17098 16499
16894 16980 17320 16234
16875 16759 17231 16242
17343 16846 16833 15720
17178 16515 16801 16299
17174 16838 17056 15668
17007 16453 17012 16319
16966 16799 17294 16062
16965 17135 16972 16228
16784 16926 17086 16495
16512 16921 17199 16053
17258 16766 16969 15918
16632 17039 17173 16075
16700 16970 17255 15945
17010 16856 17284 16138
16788 16601 17207 16280
16924 16628 17140 16417
17088 16663 16814 16047
17068 16982 17103 16245
16887 17014 17127 16294
16615 16725 17091 16447
17089 16942 16982 15702
17146 16651 16997 16298
16938 16824 17084 16345
16861 16716 17089 16310
17240 16830 16829 15923
16827 16961 17259 16049
16809 16825 17072 16434
16953 16962 17022 16478
17031 16814 17086 16290
16983 16829 17007 16327
17084 16751 16974 16310
16957 16725 16970 16477
17079 16611 16691 15908
16875 16719 17164 15967
16870 16473 16987 16339
16781 16935 16891 16277
16771 16870 17026 16420
16613 16875 17034 15937
17055 16697 16835 16105
16706 16873 16939 16410
16648 16923 16918 16028
17013 16861 17101 16190
17043 16669 17071 16062
16873 16558 17113 16264
16840 16796 17097 16233
16961 16840 16900 16228
16820 16836 17116 15991
16954 16735 16929 16234
16783 16691 17004 16336
16936 16831 17141 16047
17068 16810 17006 15957
16934 16723 17105 16059
16913 16806 17003 16148
16855 16825 16859 16134
16843 16702 17027 16166
16863 16738 16910 16036
16776 16573 17020 15953
16732 16614 16874 16134
16487 16809 16845 15926
16611 16705 16916 16106
16730 16733 16938 15993
16838 16562 16681 15921
16697 16712 16849 15885
