27804 2943.07
29427 25668
28483 27262
28614 27157
28542 27191
28513 27196
28632 27111
29417 25722
29409 25760
28692 27064
28652 27107
28667 27072
28704 27046
28755 26989
28665 27090
28715 27018
28729 27005
29423 25681
29402 25794
28714 27032
29344 25967
28740 26998
28765 26976
28814 26910
29365 25893
29391 25816
28855 26844
28792 26931
28884 26810
28854 26859
29345 25933
28776 26962
28845 26865
28912 26769
28803 26924
28767 26964
29373 25864
29334 25995
29194 26287
29336 25971
28828 26878
28894 26799
29270 26129
29272 26114
28836 26876
29387 25838
29372 25879
28869 26825
28838 26866
28803 26924
28737 27004
29259 26159
29219 26237
28826 26890
28866 26837
28927 26744
29278 26113
28939 26721
28941 26715
29423 25681
28781 26952
29177 26312
29054 26530
28906 26779
29153 26357
29321 26012
29212 26240
28930 26737
29181 26300
29286 26079
29040 26553
29105 26442
28993 26638
28786 26944
29017 26590
29312 26035
28816 26901
29253 26161
29130 26394
28790 26943
28899 26780
29316 26014
29265 26132
28984 26650
29260 26144
29089 26468
28895 26786
29228 26215
29157 26355
29024 26582
29378 25846
29210 26249
29027 26577
28978 26654
29323 26005
29361 25905
28867 26831
29010 26603
28949 26703
28934 26735
28915 26752
28783 26951
29221 26224
29195 26274
29057 26526
29023 26588
29009 26609
28821 26891
28968 26676
29402 25794
28918 26750
28876 26820
29377 25855
29372 25879
29303 26051
29249 26170
29147 26368
28963 26690
29329 26000
29127 26409
29178 26302
29107 26438
28977 26662
29357 25917
29235 26191
29013 26599
29394 25798
29060 26524
28946 26709
29314 26024
28913 26758
29121 26410
28982 26653
29160 26338
29075 26491
28951 26701
29392 25804
29285 26091
29329 26000
29144 26370
28958 26691
28953 26696
29314 26024
29262 26142
29129 26404
29339 25969
29358 25909
29281 26105
29233 26199
29230 26207
29108 26432
29101 26448
28935 26729
28898 26784
28880 26816
29158 26344
28894 26799
29307 26041
29205 26256
28996 26629
29003 26614
29250 26163
29205 26256
29029 26573
28998 26628
28987 26643
28966 26683
29383 25841
29149 26363
29133 26392
28876 26820
29383 25841
29291 26077
29244 26175
29112 26430
29295 26067
29281 26105
29240 26183
29233 26199
29230 26207
28820 26896
29188 26294
28906 26779
29200 26261
29101 26448
29000 26618
28946 26709
29361 25905
29050 26536
28922 26748
28880 26816
29377 25855
28922 26748
29295 26067
29293 26074
29210 26249
29188 26294
29064 26515
29038 26560
28966 26683
29298 26054
29244 26175
29241 26178
29120 26414
29015 26594
29387 25838
29239 26186
29092 26466
29297 26059
29283 26097
28935 26729
29186 26295
28958 26691
29312 26035
29159 26341
29149 26363
29134 26389
29306 26045
29072 26499
29002 26616
28990 26639
28987 26643
28969 26672
29173 26316
29169 26320
29168 26327
29065 26508
28866 26837
29351 25926
29334 25995
29323 26005
29297 26059
29283 26097
29235 26191
29199 26266
29186 26295
29118 26415
29117 26420
29115 26425
29085 26475
29062 26520
29045 26546
29043 26548
29014 26595
28953 26696
29346 25931
29265 26132
29098 26454
29078 26487
29067 26504
29036 26561
29033 26566
29030 26570
28819 26899
29353 25920
29307 26041
29306 26045
29098 26454
29086 26474
29050 26536
28999 26622
28913 26758
29202 26260
29197 26270
29197 26270
29115 26425
29079 26484
29066 26507
29062 26520
29033 26566
29338 25970
29262 26142
29170 26319
29163 26334
29083 26481
29070 26501
29045 26546
29043 26548
29393 25799
29392 25804
29378 25846
29352 25921
29284 26092
29249 26170
29239 26186
29129 26404
29117 26420
29064 26515
29048 26541
29009 26609
29003 26614
29293 26074
29226 26218
29221 26224
29219 26237
29212 26240
29166 26331
29142 26373
29140 26375
29139 26378
29137 26379
29096 26460
29070 26501
28975 26664
29301 26052
29202 26260
29086 26474
29080 26483
29048 26541
28996 26629
28990 26639
28972 26668
28963 26690
29394 25798
29358 25909
29199 26266
29195 26274
29173 26316
29163 26334
29136 26382
29135 26386
29113 26429
29096 26460
29094 26464
29084 26479
29078 26487
29049 26540
29030 26570
28999 26622
28972 26668
28969 26672
29349 25928
29348 25930
29316 26014
29301 26052
29291 26077
29224 26219
29223 26221
29172 26318
29164 26332
29142 26373
29035 26563
28975 26664
29357 25917
29353 25920
29241 26178
29223 26221
29167 26328
29158 26344
29136 26382
29135 26386
29097 26457
29097 26457
29074 26494
29074 26494
29073 26497
29067 26504
29035 26563
28973 26667
29226 26218
29127 26409
29113 26429
29094 26464
29038 26560
28973 26667
28790 26943
29351 25926
29349 25928
29345 25933
29298 26054
29286 26079
29260 26144
29259 26159
29250 26163
29178 26302
29157 26355
29140 26375
29108 26432
29084 26479
29083 26481
29080 26483
29073 26497
29023 26588
28895 26786
28819 26899
29393 25799
29352 25921
29348 25930
29285 26091
29284 26092
29224 26219
29172 26318
29169 26320
29168 26327
29167 26328
29166 26331
29164 26332
29139 26378
29137 26379
29121 26410
29118 26415
29093 26465
29093 26465
29065 26508
29049 26540
29423 25681
29423 25681
29423 25681
29423 25681
29423 25681
29402 25794
29402 25794
29402 25794
29402 25794
29402 25794
29402 25794
29402 25794
29402 25794
29402 25794
29402 25794
29402 25794
29402 25794
29402 25794
29402 25794
29402 25794
29402 25794
29402 25794
29402 25794
29402 25794
29402 25794
29402 25794
29402 25794
29402 25794
29402 25794
29402 25794
29402 25794
29402 25794
29402 25794
29402 25794
29402 25794
29402 25794
29402 25794
29402 25794
29402 25794
29402 25794
29402 25794
29402 25794
29402 25794
29402 25794
29402 25794
29402 25794
29402 25794
29402 25794
29402 25794
29402 25794
29402 25794
29402 25794
29402 25794
29402 25794
29402 25794
29402 25794
29402 25794
29402 25794
29402 25794
29402 25794
29402 25794
29402 25794
29402 25794
29402 25794
29402 25794
29402 25794
29402 25794
29402 25794
29402 25794
29402 25794
29402 25794
29402 25794
29402 25794
29402 25794
29402 25794
29402 25794
29402 25794
29402 25794
29402 25794
29402 25794
29402 25794
29402 25794
29402 25794
29402 25794
29402 25794
29402 25794
29402 25794
29402 25794
29402 25794
29402 25794
29402 25794
29402 25794
29402 25794
29402 25794
29402 25794
29402 25794
29402 25794
29402 25794
29402 25794
29402 25794
29393 25799
29372 25879
29329 26000
29314 26024
29301 26052
29178 26302
29402 25770
28745 26969
28873 26756
28948 26685
29076 26452
29012 26590
28918 26716
28899 26722
28956 26640
29323 25961
29028 26555
29316 26013
29167 26316
29102 26426
29059 26489
29376 25797
28980 26606
29344 25927
29205 26241
29348 25876
28977 26616
29303 26030
29397 25785
29215 26199
29339 25942
29361 25812
29242 26169
29226 26175
29116 26380
29038 26525
29148 26335
29295 26050
29172 26280
29358 25872
29046 26490
29244 26140
29127 26368
29250 26127
29281 26051
29045 26522
29269 26095
29138 26364
29107 26398
29220 26196
29275 26066
29263 26122
29274 26081
29359 25837
29139 26341
29265 26114
29105 26408
29181 26260
29178 26276
29194 26242
29187 26256
29359 25837
29189 26245
29146 26340
29398 25758
28721 26865
28884 26715
28936 26667
29359 25831
28968 26615
28896 26700
29344 25926
29004 26564
29352 25844
29039 26514
29059 26483
29213 26197
29323 25951
29316 26005
29237 26168
29178 26274
29066 26446
28980 26588
29194 26200
29165 26303
29192 26240
29160 26311
29040 26512
29293 26050
29330 25937
29072 26423
29137 26354
29183 26247
29256 26102
29144 26333
29108 26368
29239 26154
29270 26080
29275 26052
28988 26568
29107 26396
29265 26101
29242 26120
29305 26010
29087 26422
29294 26021
29241 26122
29120 26357
29272 26064
29102 26405
29141 26334
29119 26362
28996 26566
29298 26019
29095 26409
29089 26411
29376 25637
28912 26657
29374 25733
29357 25821
29034 26514
29003 26546
29342 25852
28990 26562
28954 26604
29315 25955
29044 26462
29178 26273
29337 25915
29111 26351
29265 26099
29137 26339
28934 26612
29249 26101
29148 26310
29331 25925
29106 26387
28970 26578
29127 26347
29095 26389
29294 26007
29286 26039
29189 26202
29165 26289
28918 26628
29048 26453
28968 26586
29080 26398
29207 26180
29063 26429
29061 26438
29232 26146
29237 26117
29183 26240
29076 26414
29267 26057
29184 26234
28924 26621
29283 26048
29213 26169
29306 25966
29226 26167
29195 26187
29152 26295
29303 25995
29269 26052
29305 25975
29159 26294
29300 26004
29223 26168
29233 26129
29194 26193
29078 26410
29335 25923
29234 26121
29268 26054
29337 25886
28927 26597
29033 26506
28973 26525
28934 26583
28963 26533
29300 25992
29333 25901
29218 26164
29231 26144
29282 26036
29312 25943
29133 26338
29061 26418
29144 26309
29067 26405
29042 26450
29197 26179
29044 26446
29237 26107
29090 26389
29258 26095
29306 25965
29160 26287
29103 26381
29104 26354
29153 26292
29241 26097
29170 26270
29177 26231
29114 26341
29188 26189
29184 26212
29176 26251
29263 26074
29311 25950
29183 26219
29093 26386
29174 26263
29275 26037
29267 26054
29265 26071
29111 26344
29192 26187
29272 26047
29269 26050
29113 26343
29336 25697
28792 26593
28932 26523
28841 26568
29333 25892
29009 26497
29056 26417
29229 26139
29256 26087
29087 26388
29271 26044
29032 26434
29103 26378
29208 26160
29031 26454
29181 26197
29312 25929
29195 26174
29174 26248
29113 26342
29238 26096
29180 26217
29023 26487
29290 25992
29155 26277
29323 25900
29301 25960
29300 25985
29282 26015
29144 26290
29310 25946
29239 26092
29122 26323
29091 26381
29143 26307
29164 26265
29200 26161
29133 26308
29115 26334
29275 26036
29169 26264
29018 26494
29278 26022
29327 25897
29129 26318
29128 26319
29330 25748
29012 26472
29050 26407
29327 25790
29322 25888
29085 26387
29300 25972
29282 26001
29143 26292
29254 26084
29157 26258
29232 26096
29312 25909
29108 26340
29103 26372
29115 26320
29256 26056
29210 26137
29206 26156
29127 26312
29267 26044
29136 26307
29276 26022
29307 25943
29180 26175
29176 26190
29222 26125
29192 26158
29310 25941
29188 26164
29175 26214
29273 26036
29227 26105
29091 26377
29158 26237
29169 26218
29225 26121
29167 26230
29163 26233
29089 26380
29321 25813
29321 25813
28981 26455
29048 26395
28996 26449
29314 25873
29131 26304
29299 25920
29105 26327
29076 26379
29234 26084
29205 26153
29307 25898
29141 26266
29175 26154
29273 26001
29095 26372
29295 25960
29266 26038
29279 25998
29254 26069
29170 26199
29224 26112
29150 26247
29157 26238
29136 26291
29171 26157
29261 26041
29287 25966
29251 26083
29101 26348
29206 26135
29165 26218
29214 26119
29082 26376
29103 26335
29169 26214
29220 26117
29288 25962
29320 25726
28970 26409
29046 26395
29091 26362
29312 25842
29130 26301
29216 26117
29279 25997
29290 25938
29060 26369
29246 26082
29136 26286
29148 26236
29307 25871
29266 26026
29201 26135
29260 26039
29171 26148
29294 25892
29293 25900
29170 26174
29251 26060
29161 26205
29185 26141
29154 26232
29166 26191
29190 26140
29250 26069
29164 26202
29153 26233
29153 26233
29290 25877
29043 26390
29090 26336
29127 26282
29166 26189
29212 26113
29279 25907
29185 26136
29275 25983
29135 26272
29243 26034
29148 26225
29236 26081
29048 26368
29189 26121
29076 26359
29150 26210
29270 25992
29261 26026
29237 26080
29077 26354
29259 26031
29045 26374
29278 25877
29006 26377
29066 26359
29090 26316
29131 26268
29252 25997
29271 25979
29275 25922
29140 26193
29233 26052
29209 26096
29227 26071
29203 26111
29162 26149
29156 26173
29104 26282
29182 26124
29106 26274
29172 26125
29141 26186
29229 26053
29269 25951
29002 26367
29088 26303
29233 26017
29130 26261
29042 26350
29138 26182
29140 26141
29172 26107
29267 25979
29104 26280
29218 26061
29196 26104
29035 26358
29208 26078
29266 25903
28961 26347
29130 26246
29171 26101
29020 26321
29234 25967
29218 26057
29053 26286
29263 25963
29205 26078
29085 26281
29175 26097
29102 26279
29127 26253
29104 26265
29114 26259
29113 26261
29262 25943
29079 26280
29145 26098
29201 26061
29216 26027
29126 26176
29125 26239
29113 26255
29215 26038
29094 26271
29097 26258
29249 25939
29109 26255
29121 26076
29202 26030
29216 25974
29118 26191
29114 26208
29243 25820
29058 26254
29117 26177
29178 26026
29219 25939
29108 26222
29200 26018
29077 26242
29207 25941
29241 25794
28976 26245
29106 26216
29175 26011
29202 25928
29191 25982
29182 25842
29057 26207
29089 26164
29070 26183
29089 26101
29068 26182
29040 26150
29022 26115
