3511 180.102
28598 26668
28598 26668
27186 28287
27186 28287
27245 28259
28347 27174
28500 26938
28535 26864
28515 26878
27330 28208
28591 26717
27313 28230
27269 28232
28310 27178
27824 27775
28554 26820
27503 28078
28575 26746
28591 26717
27643 27979
27362 28200
27892 27697
28554 26820
27921 27689
27691 27920
27928 27668
28107 27477
27782 27829
28008 27595
27984 27604
27739 27869
28071 27510
27847 27774
27246 28257
28483 26954
28500 26938
28425 27053
28348 27140
28124 27458
27546 28062
27527 28075
27362 28200
27381 28187
27952 27650
27389 28171
28572 26775
28556 26791
27405 28168
27257 28237
27560 28041
27581 28032
27809 27804
28025 27553
28412 27070
28418 27066
27647 27959
27853 27772
28362 27134
28367 27108
27448 28125
27329 28221
28556 26791
27621 27983
27798 27814
27726 27881
27683 27921
28290 27214
28387 27085
27527 28075
28203 27332
28143 27435
27879 27715
28151 27414
27649 27954
27711 27913
28279 27255
28256 27258
28515 26878
27440 28145
27921 27689
27722 27897
27711 27913
27668 27953
27679 27937
27409 28160
28483 26954
28470 26967
27606 27994
28435 27029
27313 28230
28058 27522
28074 27504
28131 27448
28461 26983
28143 27435
27936 27658
27961 27634
28226 27318
27494 28102
27381 28187
28236 27289
28197 27357
28047 27545
28021 27568
28012 27582
27966 27613
27761 27842
28234 27292
28435 27029
28044 27551
28439 27013
28443 26994
27820 27794
27475 28115
27458 28119
28308 27181
28091 27482
28385 27106
28111 27460
28250 27259
28160 27406
28177 27383
28183 27367
27859 27756
27668 27953
28385 27106
28367 27108
27820 27794
27802 27806
27589 28022
28389 27080
28287 27233
28362 27134
28348 27140
28173 27399
28110 27465
28397 27074
28218 27328
28425 27053
27862 27744
28050 27533
27679 27937
27722 27897
28173 27399
27550 28046
27604 28003
27546 28062
27600 28019
28439 27013
28201 27339
28177 27383
28519 26866
28535 26864
28573 26764
28575 26746
28248 27283
28284 27241
28279 27255
27865 27742
28022 27558
27581 28032
27475 28115
28223 27324
27483 28105
27931 27661
28291 27207
27269 28232
28229 27305
27787 27820
27430 28152
27440 28145
28151 27414
27952 27650
28307 27198
28131 27448
27497 28089
27886 27708
27257 28237
27961 27634
27965 27621
28008 27595
28012 27582
27458 28119
28077 27490
28160 27406
27743 27853
27755 27850
28519 26866
27726 27881
28307 27198
27616 27989
28297 27203
27550 28046
27560 28041
27497 28089
28229 27305
28452 26989
27430 28152
27421 28158
28470 26967
28464 26976
27421 28158
27483 28105
27600 28019
27859 27756
28443 26994
28452 26989
28397 27074
27448 28125
28249 27273
27878 27729
27973 27606
27886 27708
28058 27522
28052 27530
27761 27842
27892 27697
27755 27850
27785 27823
27973 27606
27873 27737
27873 27737
27878 27729
28186 27358
28077 27490
28084 27485
27761 27842
27984 27604
28183 27367
28186 27358
27389 28171
27589 28022
28572 26775
28573 26764
27616 27989
28287 27233
28284 27241
27604 28003
28199 27348
28199 27348
28021 27568
27743 27853
28249 27273
27742 27863
28248 27283
28084 27485
28091 27482
28297 27203
28464 26976
28218 27328
27621 27983
27742 27863
