562217 810.025
8240 9393
9178 8410
9178 8410
8469 9380
9111 8784
9136 8498
8240 9393
9075 8939
9083 8793
8985 8972
8768 9159
8876 9151
8543 9287
9111 8784
8953 9019
8876 9151
8876 9151
9111 8784
8515 9294
8985 8972
8683 9261
8713 9232
8735 9178
8953 9019
8953 9019
8713 9232
8515 9294
8891 9057
8634 9263
9178 8410
9136 8498
9178 8410
8742 9163
8240 9393
8683 9261
9075 8939
8768 9159
8515 9294
9111 8784
8634 9263
8735 9178
8469 9380
9111 8784
9075 8939
8742 9163
9075 8939
8634 9263
8683 9261
8543 9287
8876 9151
9111 8784
8876 9151
9136 8498
9178 8410
8515 9294
9075 8939
8515 9294
8634 9263
8985 8972
8876 9151
8634 9263
9178 8410
8634 9263
8953 9019
8713 9232
8953 9019
8515 9294
8735 9178
9136 8498
8876 9151
8469 9380
8469 9380
8240 9393
8634 9263
8683 9261
9075 8939
9178 8410
9075 8939
8876 9151
9111 8784
9136 8498
9075 8939
9136 8498
9136 8498
8240 9393
8683 9261
8634 9263
9075 8939
9136 8498
8634 9263
8953 9019
8634 9263
9083 8793
9111 8784
8634 9263
8634 9263
9111 8784
8683 9261
8713 9232
8953 9019
8634 9263
8634 9263
8876 9151
9075 8939
8515 9294
9178 8410
9136 8498
8876 9151
9111 8784
8876 9151
8543 9287
8953 9019
8634 9263
9075 8939
8742 9163
9075 8939
9111 8784
8469 9380
8735 9178
8634 9263
9111 8784
8515 9294
9136 8498
8683 9261
8240 9393
9075 8939
8634 9263
8634 9263
9111 8784
9178 8410
8953 9019
8953 9019
8634 9263
8713 9232
9075 8939
8634 9263
8240 9393
9136 8498
9136 8498
8683 9261
9136 8498
9111 8784
8876 9151
9075 8939
9178 8410
8683 9261
8891 9057
8240 9393
8469 9380
8469 9380
8876 9151
8735 9178
