781926 2220.05
8112 9098 7817
8104 9123 7995
8238 8615 8706
8997 8424 8010
7985 9089 8125
8613 8329 8603
8337 8433 8612
8613 8329 8603
8616 8768 8546
8613 8329 8603
8897 8665 7984
8897 8665 7984
8635 8562 8475
8887 8714 8128
8539 8993 8254
8724 8792 8405
8827 8849 8090
8292 8487 8606
8866 8381 8319
8959 8568 8159
8104 9123 7995
8188 8913 8513
8495 9095 8028
8724 8792 8405
8104 9123 7995
8874 8896 7930
8377 9049 8119
8437 9032 8200
8892 8699 7904
8579 9001 8150
8377 9049 8119
8866 8381 8319
8153 9036 8229
8959 8568 8159
8754 9011 8087
8739 8892 8114
8337 8433 8612
8516 8820 8310
8360 8813 8482
8246 8927 8354
8605 9037 7859
8437 9032 8200
8498 8778 8439
8598 8948 8272
8959 8568 8159
8997 8424 8010
8498 8778 8439
8874 8896 7930
8616 8768 8546
8648 8944 8256
8539 8993 8254
8478 8861 8394
8892 8699 7904
8516 8820 8310
8605 9037 7859
8874 8896 7930
8515 8872 8382
8786 8595 8232
8292 8487 8606
8104 9123 7995
8153 9036 8229
8959 8568 8159
8515 8872 8382
8598 8948 8272
8437 9032 8200
8739 8892 8114
8616 8768 8546
8104 9123 7995
8497 9013 8319
8238 8615 8706
8377 9049 8119
8635 8562 8475
8657 8848 8191
8805 8578 8419
8959 8568 8159
8516 8820 8310
8613 8329 8603
8539 8993 8254
8579 9001 8150
8805 8578 8419
8497 9013 8319
8104 9123 7995
8199 8855 8401
8739 8892 8114
8337 8433 8612
8805 8578 8419
8887 8714 8128
8337 8433 8612
8805 8578 8419
8635 8562 8475
8238 8615 8706
8805 8578 8419
8897 8665 7984
8724 8834 8197
8754 9011 8087
8498 8778 8439
8516 8820 8310
8724 8834 8197
8497 9013 8319
8605 9037 7859
8754 9011 8087
8616 8768 8546
8478 8861 8394
8515 8872 8382
8654 8926 8089
8515 8872 8382
8997 8424 8010
8104 9123 7995
8866 8381 8319
8377 9049 8119
8657 8848 8191
8654 8926 8089
8665 8920 8175
8238 8615 8706
8874 8896 7930
8478 8861 8394
8635 8562 8475
8648 8944 8256
8498 8778 8439
8292 8487 8606
8516 8820 8310
8887 8714 8128
8897 8665 7984
8657 8848 8191
8724 8834 8197
8539 8993 8254
8495 9095 8028
8337 8433 8612
8959 8568 8159
8605 9037 7859
8739 8892 8114
8360 8813 8482
8188 8913 8513
8539 8993 8254
8739 8892 8114
8874 8896 7930
8292 8487 8606
8866 8381 8319
8613 8329 8603
8654 8926 8089
8754 9011 8087
8648 8944 8256
8337 8433 8612
8292 8487 8606
8437 9032 8200
8188 8913 8513
8104 9123 7995
8292 8487 8606
8598 8948 8272
8605 9037 7859
8805 8578 8419
8337 8433 8612
8887 8714 8128
8739 8892 8114
8199 8855 8401
8805 8578 8419
8579 9001 8150
8613 8329 8603
8515 8872 8382
8153 9036 8229
8292 8487 8606
8539 8993 8254
8805 8578 8419
8478 8861 8394
8616 8768 8546
8874 8896 7930
8997 8424 8010
8498 8778 8439
8246 8927 8354
8360 8813 8482
8827 8849 8090
8292 8487 8606
8866 8381 8319
8724 8792 8405
8495 9095 8028
8897 8665 7984
8188 8913 8513
8292 8487 8606
8337 8433 8612
8648 8944 8256
8654 8926 8089
8613 8329 8603
8539 8993 8254
8360 8813 8482
8959 8568 8159
8337 8433 8612
8495 9095 8028
8724 8834 8197
8613 8329 8603
8887 8714 8128
8292 8487 8606
8498 8778 8439
8648 8944 8256
8897 8665 7984
8874 8896 7930
8188 8913 8513
8657 8848 8191
8997 8424 8010
8515 8872 8382
8497 9013 8319
