14062 2885.42
17223 16308 16221 15798
16595 17244 16998 16642
16264 16293 17897 16288
16412 16769 16774 17111
17014 17080 17386 16862
17014 17080 17386 16862
17014 17080 17386 16862
17014 17080 17386 16862
17014 17080 17386 16862
17014 17080 17386 16862
17014 17080 17386 16862
17014 17080 17386 16862
17014 17080 17386 16862
17014 17080 17386 16862
17014 17080 17386 16862
17014 17080 17386 16862
17014 17080 17386 16862
17014 17080 17386 16862
17029 16912 17389 16679
16935 17083 17328 16877
17014 17080 17386 16862
17014 17080 17386 16862
17014 17080 17386 16862
17014 17080 17386 16862
17014 17080 17386 16862
17014 17080 17386 16862
17014 17080 17386 16862
17014 17080 17386 16862
17014 17080 17386 16862
17014 17080 17386 16862
17014 17080 17386 16862
17014 17080 17386 16862
17014 17080 17386 16862
17014 17080 17386 16862
17014 17080 17386 16862
17014 17080 17386 16862
17014 17080 17386 16862
17014 17080 17386 16862
17014 17080 17386 16862
17014 17080 17386 16862
17014 17080 17386 16862
17014 17080 17386 16862
17014 17080 17386 16862
17014 17080 17386 16862
17014 17080 17386 16862
17014 17080 17386 16862
17014 17080 17386 16862
17014 17080 17386 16862
17014 17080 17386 16862
17014 17080 17386 16862
17014 17080 17386 16862
17014 17080 17386 16862
17014 17080 17386 16862
17043 16938 17276 16735
17014 17080 17386 16862
17014 17080 17386 16862
17014 17080 17386 16862
17014 17080 17386 16862
17014 17080 17386 16862
17014 17080 17386 16862
17014 17080 17386 16862
17014 17080 17386 16862
17014 17080 17386 16862
17014 17080 17386 16862
17014 17080 17386 16862
17014 17080 17386 16862
17014 17080 17386 16862
17014 17080 17386 16862
17014 17080 17386 16862
17014 17080 17386 16862
17014 17080 17386 16862
17014 17080 17386 16862
17014 17080 17386 16862
17014 17080 17386 16862
17014 17080 17386 16862
17014 17080 17386 16862
17014 17080 17386 16862
17014 17080 17386 16862
17014 17080 17386 16862
17014 17080 17386 16862
17014 17080 17386 16862
17014 17080 17386 16862
17014 17080 17386 16862
17014 17080 17386 16862
17014 17080 17386 16862
17014 17080 17386 16862
17014 17080 17386 16862
17014 17080 17386 16862
17014 17080 17386 16862
17014 17080 17386 16862
17014 17080 17386 16862
17014 17080 17386 16862
17014 17080 17386 16862
17014 17080 17386 16862
17014 17080 17386 16862
16999 17023 17286 16826
17011 17056 17356 16765
17014 17080 17386 16862
17014 17080 17386 16862
17014 17080 17386 16862
17014 17080 17386 16862
17014 17080 17386 16862
17014 17080 17386 16862
17014 17080 17386 16862
17014 17080 17386 16862
17014 17080 17386 16862
17014 17080 17386 16862
17014 17080 17386 16862
17014 17080 17386 16862
17014 17080 17386 16862
17014 17080 17386 16862
17014 17080 17386 16862
17014 17080 17386 16862
17014 17080 17386 16862
16969 17064 17333 16854
17014 17080 17386 16862
17014 17080 17386 16862
17014 17080 17386 16862
17014 17080 17386 16862
17014 17080 17386 16862
17014 17080 17386 16862
17014 17080 17386 16862
17014 17080 17386 16862
17014 17080 17386 16862
17014 17080 17386 16862
17014 17080 17386 16862
17014 17080 17386 16862
17014 17080 17386 16862
17014 17080 17386 16862
17014 17080 17386 16862
17014 17080 17386 16862
17014 17080 17386 16862
17014 17080 17386 16862
17014 17080 17386 16862
16863 16912 17282 16862
17014 17080 17386 16862
17014 17080 17386 16862
17014 17080 17386 16862
17014 17080 17386 16862
17014 17080 17386 16862
17014 17080 17386 16862
17014 17080 17386 16862
17014 17080 17386 16862
17014 17080 17386 16862
17014 17080 17386 16862
17014 17080 17386 16862
17014 17080 17386 16862
17014 17080 17386 16862
17014 17080 17386 16862
17014 17080 17386 16862
17014 17080 17386 16862
17014 17080 17386 16862
17014 17080 17386 16862
17014 17080 17386 16862
17014 17080 17386 16862
17014 17080 17386 16862
17014 17080 17386 16862
17014 17080 17386 16862
17014 17080 17386 16862
17014 17080 17386 16862
17014 17080 17386 16862
17014 17080 17386 16862
17014 17080 17386 16862
17014 17080 17386 16862
17014 17080 17386 16862
17014 17080 17386 16862
17014 17080 17386 16862
17014 17080 17386 16862
17014 17080 17386 16862
17014 17080 17386 16862
17014 17080 17386 16862
17014 17080 17386 16862
17014 17080 17386 16862
17014 17080 17386 16862
17014 17080 17386 16862
16929 16942 17206 16877
17014 17080 17386 16862
17014 17080 17386 16862
17014 17080 17386 16862
17014 17080 17386 16862
17014 17080 17386 16862
17014 17080 17386 16862
17014 17080 17386 16862
17014 17080 17386 16862
17014 17080 17386 16862
17014 17080 17386 16862
17014 17080 17386 16862
17014 17080 17386 16862
17014 17080 17386 16862
17014 17080 17386 16862
17014 17080 17386 16862
17014 17080 17386 16862
17014 17080 17386 16862
17014 17080 17386 16862
17014 17080 17386 16862
17014 17080 17386 16862
17014 17080 17386 16862
17014 17080 17386 16862
17014 17080 17386 16862
17043 16938 17276 16735
17014 17080 17386 16862
17014 17080 17386 16862
16949 17029 17352 16805
17014 17080 17386 16862
17014 17080 17386 16862
17014 17080 17386 16862
17014 17080 17386 16862
17014 17080 17386 16862
17014 17080 17386 16862
17014 17080 17386 16862
17014 17080 17386 16862
17014 17080 17386 16862
16930 17075 17315 16857
17014 17080 17386 16862
17014 17080 17386 16862
16996 16755 17060 16544
17014 17080 17386 16862
17014 17080 17386 16862
17014 17080 17386 16862
17014 17080 17386 16862
17014 17080 17386 16862
17014 17080 17386 16862
17014 17080 17386 16862
17014 17080 17386 16862
17014 17080 17386 16862
17014 17080 17386 16862
17014 17080 17386 16862
17014 17080 17386 16862
17014 17080 17386 16862
17014 17080 17386 16862
17014 17080 17386 16862
17014 17080 17386 16862
17014 17080 17386 16862
16915 16921 17210 16836
17014 17080 17386 16862
17014 17080 17386 16862
17014 17080 17386 16862
17014 17080 17386 16862
17014 17080 17386 16862
16943 16985 17399 16820
16846 17130 17389 16750
17014 17080 17386 16862
17014 17080 17386 16862
17014 17080 17386 16862
17014 17080 17386 16862
17014 17080 17386 16862
17014 17080 17386 16862
17014 17080 17386 16862
17014 17080 17386 16862
17014 17080 17386 16862
17014 17080 17386 16862
17014 17080 17386 16862
17014 17080 17386 16862
17014 17080 17386 16862
17014 17080 17386 16862
17014 17080 17386 16862
17014 17080 17386 16862
16892 16967 17400 16756
17014 17080 17386 16862
17014 17080 17386 16862
17014 17080 17386 16862
17014 17080 17386 16862
17014 17080 17386 16862
17014 17080 17386 16862
17014 17080 17386 16862
17014 17080 17386 16862
17014 17080 17386 16862
17014 17080 17386 16862
17014 17080 17386 16862
17014 17080 17386 16862
17014 17080 17386 16862
17014 17080 17386 16862
16846 17130 17389 16750
17014 17080 17386 16862
17014 17080 17386 16862
17014 17080 17386 16862
17014 17080 17386 16862
17014 17080 17386 16862
17014 17080 17386 16862
17014 17080 17386 16862
17014 17080 17386 16862
17014 17080 17386 16862
17014 17080 17386 16862
17014 17080 17386 16862
17014 17080 17386 16862
17014 17080 17386 16862
17014 17080 17386 16862
16910 17084 17422 16782
17014 17080 17386 16862
17014 17080 17386 16862
17014 17080 17386 16862
17014 17080 17386 16862
17014 17080 17386 16862
17014 17080 17386 16862
17014 17080 17386 16862
17014 17080 17386 16862
17014 17080 17386 16862
17014 17080 17386 16862
17014 17080 17386 16862
17014 17080 17386 16862
17014 17080 17386 16862
17014 17080 17386 16862
17014 17080 17386 16862
17014 17080 17386 16862
17014 17080 17386 16862
17014 17080 17386 16862
17014 17080 17386 16862
17014 17080 17386 16862
17014 17080 17386 16862
17014 17080 17386 16862
17014 17080 17386 16862
17014 17080 17386 16862
17014 17080 17386 16862
17014 17080 17386 16862
17014 17080 17386 16862
17014 17080 17386 16862
17014 17080 17386 16862
16921 17130 17277 16750
17014 17080 17386 16862
17014 17080 17386 16862
17014 17080 17386 16862
17014 17080 17386 16862
17014 17080 17386 16862
17014 17080 17386 16862
17014 17080 17386 16862
17014 17080 17386 16862
17014 17080 17386 16862
17014 17080 17386 16862
17014 17080 17386 16862
17014 17080 17386 16862
17014 17080 17386 16862
17014 17080 17386 16862
17014 17080 17386 16862
17014 17080 17386 16862
17014 17080 17386 16862
17014 17080 17386 16862
17014 17080 17386 16862
17014 17080 17386 16862
17014 17080 17386 16862
17014 17080 17386 16862
17014 17080 17386 16862
17014 17080 17386 16862
17014 17080 17386 16862
17014 17080 17386 16862
17014 17080 17386 16862
17014 17080 17386 16862
17014 17080 17386 16862
17014 17080 17386 16862
17014 17080 17386 16862
17014 17080 17386 16862
17014 17080 17386 16862
17014 17080 17386 16862
17014 17080 17386 16862
16959 17042 17432 16785
17014 17080 17386 16862
17014 17080 17386 16862
17014 17080 17386 16862
17014 17080 17386 16862
17014 17080 17386 16862
17014 17080 17386 16862
17014 17080 17386 16862
17014 17080 17386 16862
17014 17080 17386 16862
17014 17080 17386 16862
17014 17080 17386 16862
17014 17080 17386 16862
17014 17080 17386 16862
17014 17080 17386 16862
17014 17080 17386 16862
17014 17080 17386 16862
17014 17080 17386 16862
17014 17080 17386 16862
17014 17080 17386 16862
17014 17080 17386 16862
17014 17080 17386 16862
17014 17080 17386 16862
17014 17080 17386 16862
16882 16955 17430 16801
17014 17080 17386 16862
17014 17080 17386 16862
17014 17080 17386 16862
17014 17080 17386 16862
17014 17080 17386 16862
16846 17045 17215 16727
17014 17080 17386 16862
17014 17080 17386 16862
17014 17080 17386 16862
17014 17080 17386 16862
17014 17080 17386 16862
17014 17080 17386 16862
17014 17080 17386 16862
17014 17080 17386 16862
17014 17080 17386 16862
17014 17080 17386 16862
17014 17080 17386 16862
17014 17080 17386 16862
17014 17080 17386 16862
16769 17118 17144 16826
16902 17059 17306 16811
17014 17080 17386 16862
17014 17080 17386 16862
17014 17080 17386 16862
17014 17080 17386 16862
17014 17080 17386 16862
17014 17080 17386 16862
17014 17080 17386 16862
17014 17080 17386 16862
17014 17080 17386 16862
17014 17080 17386 16862
17014 17080 17386 16862
17014 17080 17386 16862
17014 17080 17386 16862
17014 17080 17386 16862
17014 17080 17386 16862
17014 17080 17386 16862
17014 17080 17386 16862
17014 17080 17386 16862
17014 17080 17386 16862
17014 17080 17386 16862
17014 17080 17386 16862
17014 17080 17386 16862
17014 17080 17386 16862
17014 17080 17386 16862
17014 17080 17386 16862
17014 17080 17386 16862
17014 17080 17386 16862
17014 17080 17386 16862
17014 17080 17386 16862
17014 17080 17386 16862
17014 17080 17386 16862
17014 17080 17386 16862
17014 17080 17386 16862
17014 17080 17386 16862
17014 17080 17386 16862
17014 17080 17386 16862
17014 17080 17386 16862
17014 17080 17386 16862
17014 17080 17386 16862
17014 17080 17386 16862
17014 17080 17386 16862
17014 17080 17386 16862
17014 17080 17386 16862
17014 17080 17386 16862
17014 17080 17386 16862
16929 16942 17206 16877
17014 17080 17386 16862
17014 17080 17386 16862
17014 17080 17386 16862
17014 17080 17386 16862
17014 17080 17386 16862
16834 16989 17355 16658
16958 16897 17273 16882
17014 17080 17386 16862
17014 17080 17386 16862
17014 17080 17386 16862
17014 17080 17386 16862
17014 17080 17386 16862
17014 17080 17386 16862
17014 17080 17386 16862
17014 17080 17386 16862
17018 17047 17350 16827
17014 17080 17386 16862
17014 17080 17386 16862
17014 17080 17386 16862
16888 17057 17366 16848
17014 17080 17386 16862
17014 17080 17386 16862
17014 17080 17386 16862
17014 17080 17386 16862
17014 17080 17386 16862
17014 17080 17386 16862
17014 17080 17386 16862
17014 17080 17386 16862
17014 17080 17386 16862
17014 17080 17386 16862
17014 17080 17386 16862
17014 17080 17386 16862
17014 17080 17386 16862
17014 17080 17386 16862
17014 17080 17386 16862
17014 17080 17386 16862
17014 17080 17386 16862
17014 17080 17386 16862
17014 17080 17386 16862
17014 17080 17386 16862
17014 17080 17386 16862
17014 17080 17386 16862
17014 17080 17386 16862
17014 17080 17386 16862
17014 17080 17386 16862
17014 17080 17386 16862
17014 17080 17386 16862
17014 17080 17386 16862
17014 17080 17386 16862
17014 17080 17386 16862
17014 17080 17386 16862
17014 17080 17386 16862
17014 17080 17386 16862
17014 17080 17386 16862
17014 17080 17386 16862
17014 17080 17386 16862
17014 17080 17386 16862
17014 17080 17386 16862
17014 17080 17386 16862
17014 17080 17386 16862
17014 17080 17386 16862
17014 17080 17386 16862
17014 17080 17386 16862
16995 16986 17196 16729
17014 17080 17386 16862
17014 17080 17386 16862
17014 17080 17386 16862
17014 17080 17386 16862
17014 17080 17386 16862
17014 17080 17386 16862
16943 17091 17397 16784
17014 17080 17386 16862
16882 16955 17430 16801
17014 17080 17386 16862
17014 17080 17386 16862
17014 17080 17386 16862
17014 17080 17386 16862
17018 16643 17176 16508
17014 17080 17386 16862
17014 17080 17386 16862
17031 16777 17257 16764
16769 17118 17144 16826
17014 17080 17386 16862
17014 17080 17386 16862
17014 17080 17386 16862
17014 17080 17386 16862
17014 17080 17386 16862
17014 17080 17386 16862
17014 17080 17386 16862
17014 17080 17386 16862
17014 17080 17386 16862
16923 17060 17305 16878
17014 17080 17386 16862
17014 17080 17386 16862
17014 17080 17386 16862
17014 17080 17386 16862
17014 17080 17386 16862
17014 17080 17386 16862
17014 17080 17386 16862
17014 17080 17386 16862
17014 17080 17386 16862
17014 17080 17386 16862
17014 17080 17386 16862
17014 17080 17386 16862
17014 17080 17386 16862
16934 16975 17426 16757
17014 17080 17386 16862
17014 17080 17386 16862
17014 17080 17386 16862
17014 17080 17386 16862
17014 17080 17386 16862
17014 17080 17386 16862
17014 17080 17386 16862
17014 17080 17386 16862
17014 17080 17386 16862
17014 17080 17386 16862
17014 17080 17386 16862
16930 17025 17411 16813
17014 17080 17386 16862
17014 17080 17386 16862
17014 17080 17386 16862
17014 17080 17386 16862
16923 17060 17305 16878
17014 17080 17386 16862
17014 17080 17386 16862
17014 17080 17386 16862
17014 17080 17386 16862
17014 17080 17386 16862
17014 17080 17386 16862
17014 17080 17386 16862
17014 17080 17386 16862
17014 17080 17386 16862
17014 17080 17386 16862
17014 17080 17386 16862
16981 17018 17361 16909
17011 17056 17356 16765
17014 17080 17386 16862
17014 17080 17386 16862
17014 17080 17386 16862
17014 17080 17386 16862
17014 17080 17386 16862
17014 17080 17386 16862
17014 17080 17386 16862
17014 17080 17386 16862
17014 17080 17386 16862
17014 17080 17386 16862
17014 17080 17386 16862
16892 16967 17400 16756
17014 17080 17386 16862
17014 17080 17386 16862
17014 17080 17386 16862
17014 17080 17386 16862
17014 17080 17386 16862
17014 17080 17386 16862
17014 17080 17386 16862
17014 17080 17386 16862
17014 17080 17386 16862
17014 17080 17386 16862
17014 17080 17386 16862
17014 17080 17386 16862
16945 17031 17440 16819
17014 17080 17386 16862
17014 17080 17386 16862
17014 17080 17386 16862
17014 17080 17386 16862
17014 17080 17386 16862
17014 17080 17386 16862
17014 17080 17386 16862
17014 17080 17386 16862
16998 17083 17343 16772
17014 17080 17386 16862
17014 17080 17386 16862
17014 17080 17386 16862
17014 17080 17386 16862
17014 17080 17386 16862
17014 17080 17386 16862
17014 17080 17386 16862
17014 17080 17386 16862
17014 17080 17386 16862
17014 17080 17386 16862
17014 17080 17386 16862
17014 17080 17386 16862
17014 17080 17386 16862
17014 17080 17386 16862
17014 17080 17386 16862
17014 17080 17386 16862
17014 17080 17386 16862
17014 17080 17386 16862
17014 17080 17386 16862
17014 17080 17386 16862
17014 17080 17386 16862
17014 17080 17386 16862
17014 17080 17386 16862
17014 17080 17386 16862
17014 17080 17386 16862
17014 17080 17386 16862
17014 17080 17386 16862
17014 17080 17386 16862
17014 17080 17386 16862
17014 17080 17386 16862
17014 17080 17386 16862
17014 17080 17386 16862
17014 17080 17386 16862
17014 17080 17386 16862
17014 17080 17386 16862
17014 17080 17386 16862
17014 17080 17386 16862
17014 17080 17386 16862
17014 17080 17386 16862
17014 17080 17386 16862
17014 17080 17386 16862
17014 17080 17386 16862
17014 17080 17386 16862
17014 17080 17386 16862
17014 17080 17386 16862
17014 17080 17386 16862
17014 17080 17386 16862
17014 17080 17386 16862
17014 17080 17386 16862
17014 17080 17386 16862
17014 17080 17386 16862
17014 17080 17386 16862
17014 17080 17386 16862
17014 17080 17386 16862
17014 17080 17386 16862
16958 16897 17273 16882
17014 17080 17386 16862
17014 17080 17386 16862
17014 17080 17386 16862
17014 17080 17386 16862
17014 17080 17386 16862
17014 17080 17386 16862
17014 17080 17386 16862
17014 17080 17386 16862
17014 17080 17386 16862
17014 17080 17386 16862
17014 17080 17386 16862
17014 17080 17386 16862
17014 17080 17386 16862
17014 17080 17386 16862
17014 17080 17386 16862
17014 17080 17386 16862
17014 17080 17386 16862
17014 17080 17386 16862
16945 17031 17440 16819
17014 17080 17386 16862
17014 17080 17386 16862
17014 17080 17386 16862
16987 16914 17361 16736
17014 17080 17386 16862
17014 17080 17386 16862
17014 17080 17386 16862
17014 17080 17386 16862
17014 17080 17386 16862
17014 17080 17386 16862
17014 17080 17386 16862
17014 17080 17386 16862
17014 17080 17386 16862
17014 17080 17386 16862
17014 17080 17386 16862
17014 17080 17386 16862
17014 17080 17386 16862
17014 17080 17386 16862
17014 17080 17386 16862
17014 17080 17386 16862
17014 17080 17386 16862
17014 17080 17386 16862
17014 17080 17386 16862
17014 17080 17386 16862
17014 17080 17386 16862
17014 17080 17386 16862
17014 17080 17386 16862
17014 17080 17386 16862
17014 17080 17386 16862
17014 17080 17386 16862
17014 17080 17386 16862
17014 17080 17386 16862
17014 17080 17386 16862
17014 17080 17386 16862
17014 17080 17386 16862
17014 17080 17386 16862
16998 17083 17343 16772
17014 17080 17386 16862
17014 17080 17386 16862
16888 17057 17366 16848
16898 16967 17402 16837
17014 17080 17386 16862
17014 17080 17386 16862
17014 17080 17386 16862
17014 17080 17386 16862
17014 17080 17386 16862
17014 17080 17386 16862
17014 17080 17386 16862
17014 17080 17386 16862
17014 17080 17386 16862
17014 17080 17386 16862
17014 17080 17386 16862
17014 17080 17386 16862
17014 17080 17386 16862
17014 17080 17386 16862
17014 17080 17386 16862
17014 17080 17386 16862
17014 17080 17386 16862
17014 17080 17386 16862
17014 17080 17386 16862
17014 17080 17386 16862
17014 17080 17386 16862
17014 17080 17386 16862
17014 17080 17386 16862
17014 17080 17386 16862
17014 17080 17386 16862
16902 16994 17342 16647
17014 17080 17386 16862
16834 16989 17355 16658
17014 17080 17386 16862
17014 17080 17386 16862
17014 17080 17386 16862
17014 17080 17386 16862
17014 17080 17386 16862
17014 17080 17386 16862
17014 17080 17386 16862
17014 17080 17386 16862
17014 17080 17386 16862
17014 17080 17386 16862
17014 17080 17386 16862
17014 17080 17386 16862
16871 16907 17375 16709
17014 17080 17386 16862
17014 17080 17386 16862
17014 17080 17386 16862
17014 17080 17386 16862
17014 17080 17386 16862
17014 17080 17386 16862
17014 17080 17386 16862
17014 17080 17386 16862
17014 17080 17386 16862
16871 16907 17375 16709
17014 17080 17386 16862
17014 17080 17386 16862
17014 17080 17386 16862
17014 17080 17386 16862
17014 17080 17386 16862
17014 17080 17386 16862
17014 17080 17386 16862
17014 17080 17386 16862
17014 17080 17386 16862
17014 17080 17386 16862
17014 17080 17386 16862
17014 17080 17386 16862
17014 17080 17386 16862
17014 17080 17386 16862
16898 16967 17402 16837
17014 17080 17386 16862
17014 17080 17386 16862
17014 17080 17386 16862
17014 17080 17386 16862
17014 17080 17386 16862
17014 17080 17386 16862
17014 17080 17386 16862
16981 17018 17361 16909
17014 17080 17386 16862
16992 17012 17436 16798
17014 17080 17386 16862
17014 17080 17386 16862
17014 17080 17386 16862
17014 17080 17386 16862
17014 17080 17386 16862
17029 16912 17389 16679
16934 16975 17426 16757
17014 17080 17386 16862
17014 17080 17386 16862
17014 17080 17386 16862
17014 17080 17386 16862
17014 17080 17386 16862
17014 17080 17386 16862
17014 17080 17386 16862
17014 17080 17386 16862
17014 17080 17386 16862
17014 17080 17386 16862
17014 17080 17386 16862
17014 17080 17386 16862
17014 17080 17386 16862
17014 17080 17386 16862
17014 17080 17386 16862
17031 16777 17257 16764
17014 17080 17386 16862
17018 16643 17176 16508
16860 17104 17395 16762
17014 17080 17386 16862
17014 17080 17386 16862
17014 17080 17386 16862
17014 17080 17386 16862
17014 17080 17386 16862
17014 17080 17386 16862
17014 17080 17386 16862
17014 17080 17386 16862
17014 17080 17386 16862
17014 17080 17386 16862
17014 17080 17386 16862
17014 17080 17386 16862
17014 17080 17386 16862
17014 17080 17386 16862
17014 17080 17386 16862
17014 17080 17386 16862
17014 17080 17386 16862
17014 17080 17386 16862
17014 17080 17386 16862
17014 17080 17386 16862
17014 17080 17386 16862
17014 17080 17386 16862
17014 17080 17386 16862
17014 17080 17386 16862
17014 17080 17386 16862
17014 17080 17386 16862
17014 17080 17386 16862
17014 17080 17386 16862
17014 17080 17386 16862
17014 17080 17386 16862
17014 17080 17386 16862
17014 17080 17386 16862
17014 17080 17386 16862
17014 17080 17386 16862
17057 16884 17260 16708
17014 17080 17386 16862
17014 17080 17386 16862
17014 17080 17386 16862
16999 17023 17286 16826
17014 17080 17386 16862
17014 17080 17386 16862
17014 17080 17386 16862
17014 17080 17386 16862
17014 17080 17386 16862
17014 17080 17386 16862
17014 17080 17386 16862
17014 17080 17386 16862
17014 17080 17386 16862
17014 17080 17386 16862
17014 17080 17386 16862
17014 17080 17386 16862
17014 17080 17386 16862
17014 17080 17386 16862
17018 17047 17350 16827
17014 17080 17386 16862
17014 17080 17386 16862
17014 17080 17386 16862
17014 17080 17386 16862
17014 17080 17386 16862
17014 17080 17386 16862
17014 17080 17386 16862
16932 17067 17396 16836
17014 17080 17386 16862
17014 17080 17386 16862
17014 17080 17386 16862
17014 17080 17386 16862
17014 17080 17386 16862
17014 17080 17386 16862
17014 17080 17386 16862
17014 17080 17386 16862
17014 17080 17386 16862
17014 17080 17386 16862
16935 17083 17328 16877
17014 17080 17386 16862
17014 17080 17386 16862
17014 17080 17386 16862
16830 16894 17412 16736
17014 17080 17386 16862
17014 17080 17386 16862
16921 17130 17277 16750
17014 17080 17386 16862
17014 17080 17386 16862
17014 17080 17386 16862
17014 17080 17386 16862
16915 16921 17210 16836
17014 17080 17386 16862
17014 17080 17386 16862
17014 17080 17386 16862
17014 17080 17386 16862
17014 17080 17386 16862
17014 17080 17386 16862
17014 17080 17386 16862
17014 17080 17386 16862
17014 17080 17386 16862
17014 17080 17386 16862
17014 17080 17386 16862
17014 17080 17386 16862
17014 17080 17386 16862
17014 17080 17386 16862
17014 17080 17386 16862
17014 17080 17386 16862
17014 17080 17386 16862
17014 17080 17386 16862
17014 17080 17386 16862
17014 17080 17386 16862
17014 17080 17386 16862
17014 17080 17386 16862
17014 17080 17386 16862
17014 17080 17386 16862
17014 17080 17386 16862
17014 17080 17386 16862
17014 17080 17386 16862
17014 17080 17386 16862
17014 17080 17386 16862
17014 17080 17386 16862
17014 17080 17386 16862
17014 17080 17386 16862
17014 17080 17386 16862
17014 17080 17386 16862
17014 17080 17386 16862
17014 17080 17386 16862
17014 17080 17386 16862
17014 17080 17386 16862
16956 17055 17410 16788
17014 17080 17386 16862
17014 17080 17386 16862
17014 17080 17386 16862
17014 17080 17386 16862
17014 17080 17386 16862
17014 17080 17386 16862
17014 17080 17386 16862
17014 17080 17386 16862
17014 17080 17386 16862
17014 17080 17386 16862
17014 17080 17386 16862
17014 17080 17386 16862
17014 17080 17386 16862
17014 17080 17386 16862
17014 17080 17386 16862
17014 17080 17386 16862
17014 17080 17386 16862
17014 17080 17386 16862
17014 17080 17386 16862
17014 17080 17386 16862
17014 17080 17386 16862
17014 17080 17386 16862
17014 17080 17386 16862
17014 17080 17386 16862
17014 17080 17386 16862
17014 17080 17386 16862
17014 17080 17386 16862
17014 17080 17386 16862
17014 17080 17386 16862
17014 17080 17386 16862
17014 17080 17386 16862
17014 17080 17386 16862
17014 17080 17386 16862
17014 17080 17386 16862
17014 17080 17386 16862
17014 17080 17386 16862
17014 17080 17386 16862
17014 17080 17386 16862
16956 17055 17410 16788
17014 17080 17386 16862
17014 17080 17386 16862
17014 17080 17386 16862
17014 17080 17386 16862
