192651 1980.19
9843 8152
7856 10042
9843 8152
9086 9518
9679 8733
9116 9496
8776 9744
8727 9763
8902 9661
9477 9072
8336 9941
8865 9671
8359 9927
9717 8620
9137 9460
9692 8691
8828 9705
8103 9995
8636 9802
8948 9628
9789 8387
9356 9227
8023 10009
8686 9769
7907 10037
9229 9386
8146 9992
9039 9556
9051 9533
9128 9473
9659 8769
9496 9053
9754 8526
9766 8483
8581 9844
7856 10042
8295 9955
8466 9888
9205 9400
9800 8345
9703 8624
8390 9910
9311 9292
9343 9237
9580 8907
9564 8943
9536 8997
9508 9020
9787 8394
9733 8586
8991 9574
8607 9823
9597 8887
9615 8856
9269 9335
9289 9306
9624 8820
9645 8792
8954 9610
8987 9594
9393 9169
9378 9202
8148 9980
9834 8190
9252 9345
9374 9206
8832 9686
8607 9823
9198 9409
9745 8552
9733 8586
8259 9960
8546 9856
8224 9972
8902 9661
8719 9767
9821 8257
9825 8216
9624 8820
9615 8856
9168 9445
9508 9020
9463 9103
9564 8943
9550 8974
7977 10022
7941 10031
9237 9351
9702 8658
8807 9727
9014 9571
8460 9897
8427 9907
8638 9790
8675 9784
9779 8427
9813 8290
9821 8257
8295 9955
8259 9960
9443 9123
9463 9103
9330 9276
9018 9558
7910 10035
8501 9883
8182 9979
8427 9907
9486 9054
8546 9856
8522 9870
8581 9844
9645 8792
9550 8974
9536 8997
9659 8769
8059 10007
9597 8887
9580 8907
8343 9932
9419 9136
9443 9123
9807 8316
9800 8345
9779 8427
9769 8453
8217 9974
9403 9153
9702 8658
8059 10007
8087 9999
9168 9445
9176 9418
9834 8190
9754 8526
9745 8552
9825 8216
9330 9276
8807 9727
8781 9736
7941 10031
8008 10018
7977 10022
8182 9979
8948 9628
8501 9883
8522 9870
9769 8453
9766 8483
8390 9910
9417 9143
9813 8290
