149644 2580.4
3765 3324 3338
3765 3324 3338
3275 3959 3312
3350 3638 3677
3746 3560 3126
3746 3560 3126
3723 3519 3229
3689 3397 3492
3450 3478 3675
3323 3881 3384
3275 3959 3312
3487 3538 3657
3275 3959 3312
3318 3670 3596
3510 3349 3643
3469 3837 3414
3690 3522 3395
3690 3522 3395
3392 3865 3289
3619 3381 3593
3419 3805 3495
3578 3489 3585
3425 3873 3267
3535 3798 3431
3510 3349 3643
3497 3815 3254
3484 3841 3309
3723 3519 3229
3709 3697 3333
3350 3638 3677
3425 3759 3514
3723 3519 3229
3631 3790 3374
3392 3865 3289
3765 3324 3338
3746 3560 3126
3510 3349 3643
3430 3663 3622
3601 3555 3582
3323 3881 3384
3392 3865 3289
3732 3512 3438
3470 3834 3314
3384 3853 3483
3499 3708 3498
3692 3640 3392
3425 3873 3267
3674 3709 3416
3509 3814 3333
3559 3739 3470
3373 3866 3380
3643 3752 3315
3450 3478 3675
3350 3638 3677
3607 3618 3481
3619 3381 3593
3335 3855 3476
3350 3638 3677
3591 3698 3484
3535 3798 3431
3430 3741 3541
3726 3489 3440
3541 3731 3489
3732 3512 3438
3746 3560 3126
3624 3642 3467
3655 3599 3453
3443 3744 3540
3541 3731 3489
3487 3538 3657
3444 3853 3367
3471 3602 3598
3478 3576 3600
3335 3855 3476
3681 3559 3435
3666 3712 3382
3335 3855 3476
3323 3881 3384
3717 3517 3395
3549 3746 3483
3497 3815 3254
3461 3590 3616
3384 3853 3483
3541 3543 3608
3426 3861 3353
3561 3721 3477
3543 3694 3567
3722 3609 3346
3590 3678 3494
3665 3654 3449
3564 3663 3544
3584 3651 3557
3666 3712 3382
3484 3841 3309
3638 3613 3460
3709 3697 3333
3569 3675 3529
3647 3687 3426
3631 3790 3374
3746 3560 3126
3323 3881 3384
3450 3478 3675
3318 3670 3596
3655 3599 3453
3497 3815 3254
3709 3697 3333
3647 3687 3426
3461 3590 3616
3392 3865 3289
3489 3749 3535
3478 3576 3600
3564 3770 3440
3443 3760 3467
3559 3703 3537
3489 3749 3535
3722 3609 3346
3478 3576 3600
3541 3543 3608
3461 3590 3616
3422 3778 3521
3569 3675 3529
3590 3678 3494
3655 3599 3453
3564 3663 3544
3509 3814 3333
3584 3651 3557
3647 3687 3426
3335 3855 3476
3665 3654 3449
3666 3712 3382
3461 3590 3616
3419 3805 3495
3607 3618 3481
3507 3802 3459
3643 3752 3315
3471 3602 3598
3543 3694 3567
3676 3582 3574
3655 3599 3453
3444 3853 3367
3591 3698 3484
3564 3770 3440
3422 3778 3521
3478 3576 3600
3584 3651 3557
3323 3881 3384
3613 3792 3430
3619 3381 3593
3584 3651 3557
3450 3478 3675
3632 3692 3454
3444 3853 3367
3430 3663 3622
3510 3349 3643
3681 3559 3435
3677 3550 3475
3638 3613 3460
3676 3582 3574
3564 3663 3544
3722 3609 3346
3677 3550 3475
3541 3543 3608
3478 3576 3600
3430 3663 3622
3461 3590 3616
3569 3675 3529
3643 3752 3315
3722 3609 3346
3638 3613 3460
3717 3517 3395
3564 3770 3440
3613 3792 3430
3318 3670 3596
3676 3672 3448
3632 3692 3454
3622 3733 3462
3335 3855 3476
3564 3770 3440
3578 3489 3585
3622 3733 3462
3537 3577 3577
3624 3642 3467
3507 3802 3459
3508 3707 3590
3765 3324 3338
3605 3746 3445
3632 3692 3454
3489 3749 3535
3535 3798 3431
3605 3746 3445
3692 3640 3392
3318 3670 3596
3471 3602 3598
3499 3708 3498
3677 3550 3475
3499 3708 3498
3497 3815 3254
3537 3577 3577
3426 3861 3353
3503 3780 3462
3674 3709 3416
3643 3752 3315
3605 3746 3445
3681 3559 3435
3607 3618 3481
3535 3577 3597
3647 3687 3426
3676 3582 3574
3732 3512 3438
3604 3652 3472
3665 3654 3449
3607 3618 3481
3647 3687 3426
3561 3721 3477
3461 3590 3616
3535 3798 3431
3608 3589 3555
3732 3512 3438
3604 3652 3472
3537 3577 3577
3624 3642 3467
3510 3799 3383
3676 3582 3574
3508 3707 3590
3426 3861 3353
3392 3865 3289
3425 3873 3267
3422 3778 3521
3392 3865 3289
3422 3778 3521
3564 3770 3440
3419 3805 3495
3564 3770 3440
3723 3519 3229
3677 3550 3475
3676 3582 3574
3484 3841 3309
3537 3577 3577
3732 3512 3438
3732 3512 3438
3508 3707 3590
3559 3703 3537
3604 3652 3472
3564 3663 3544
3419 3805 3495
3619 3381 3593
3647 3687 3426
3430 3741 3541
3690 3522 3395
3335 3855 3476
3461 3590 3616
3489 3749 3535
3548 3795 3415
3548 3795 3415
3419 3805 3495
3723 3519 3229
3674 3709 3416
3613 3792 3430
3643 3752 3315
3544 3749 3448
3443 3744 3540
3765 3324 3338
3419 3805 3495
3569 3675 3529
3569 3675 3529
3622 3733 3462
3676 3582 3574
3624 3642 3467
3541 3543 3608
3607 3618 3481
3643 3752 3315
3692 3640 3392
3537 3577 3577
3561 3721 3477
3543 3694 3567
3647 3687 3426
3419 3805 3495
3548 3795 3415
3489 3749 3535
3677 3550 3475
3373 3866 3380
3619 3381 3593
3564 3770 3440
3471 3602 3598
3643 3752 3315
3584 3651 3557
3350 3638 3677
3510 3799 3383
3443 3744 3540
3503 3780 3462
3613 3792 3430
3335 3855 3476
3665 3654 3449
3422 3778 3521
3676 3672 3448
3384 3853 3483
3559 3739 3470
3717 3517 3395
3607 3618 3481
3632 3692 3454
3444 3853 3367
3507 3802 3459
3392 3865 3289
3323 3881 3384
3607 3618 3481
3584 3651 3557
3469 3837 3414
3676 3582 3574
3507 3802 3459
3590 3678 3494
3537 3577 3577
3676 3582 3574
3426 3861 3353
3422 3778 3521
3461 3590 3616
3509 3814 3333
3643 3752 3315
3508 3707 3590
3419 3805 3495
3430 3741 3541
3590 3678 3494
3613 3792 3430
3544 3749 3448
3335 3855 3476
3535 3577 3597
3548 3795 3415
3535 3798 3431
3535 3577 3597
3419 3805 3495
3559 3703 3537
3590 3678 3494
3471 3602 3598
3323 3881 3384
3717 3517 3395
3638 3613 3460
3443 3744 3540
3426 3861 3353
3543 3694 3567
3426 3861 3353
3732 3512 3438
3746 3560 3126
3384 3853 3483
3535 3798 3431
3510 3799 3383
3674 3709 3416
3373 3866 3380
3497 3815 3254
3425 3759 3514
3590 3678 3494
3537 3577 3577
3632 3692 3454
3622 3733 3462
3535 3577 3597
3619 3381 3593
3484 3841 3309
3674 3709 3416
3601 3555 3582
3665 3654 3449
3690 3522 3395
3746 3560 3126
3655 3599 3453
3535 3798 3431
3323 3881 3384
3497 3815 3254
3497 3815 3254
3746 3560 3126
3584 3651 3557
3510 3349 3643
3275 3959 3312
3450 3478 3675
3676 3582 3574
3613 3792 3430
3425 3759 3514
3690 3522 3395
3422 3778 3521
3350 3638 3677
3497 3815 3254
3643 3752 3315
3419 3805 3495
3613 3792 3430
3426 3861 3353
3543 3694 3567
3535 3798 3431
3765 3324 3338
3746 3560 3126
3350 3638 3677
3746 3560 3126
3461 3590 3616
3450 3478 3675
3619 3381 3593
3323 3881 3384
3541 3543 3608
3647 3687 3426
3709 3697 3333
3548 3795 3415
3584 3651 3557
3638 3613 3460
3419 3805 3495
3676 3582 3574
3510 3349 3643
3559 3703 3537
3537 3577 3577
3722 3609 3346
3426 3861 3353
3497 3815 3254
3591 3698 3484
3430 3741 3541
3569 3675 3529
3732 3512 3438
3541 3543 3608
3443 3744 3540
3591 3698 3484
3318 3670 3596
3450 3478 3675
3746 3560 3126
3426 3861 3353
3510 3349 3643
3508 3707 3590
3604 3652 3472
3607 3618 3481
3591 3698 3484
3622 3733 3462
3535 3798 3431
3564 3663 3544
3426 3861 3353
3624 3642 3467
3643 3752 3315
3765 3324 3338
3624 3642 3467
3543 3694 3567
3484 3841 3309
3732 3512 3438
3461 3590 3616
3666 3712 3382
3666 3712 3382
3384 3853 3483
3318 3670 3596
3638 3613 3460
3613 3792 3430
3665 3654 3449
3590 3678 3494
3323 3881 3384
3535 3798 3431
3723 3519 3229
3722 3609 3346
3605 3746 3445
3676 3672 3448
3676 3672 3448
3643 3752 3315
3430 3663 3622
3535 3798 3431
3275 3959 3312
3503 3780 3462
3450 3478 3675
3584 3651 3557
3461 3590 3616
3564 3663 3544
3674 3709 3416
3430 3663 3622
3674 3709 3416
3537 3577 3577
3569 3675 3529
3275 3959 3312
3499 3708 3498
3619 3381 3593
3450 3478 3675
3335 3855 3476
3497 3815 3254
3384 3853 3483
3676 3582 3574
3450 3478 3675
3638 3613 3460
3613 3792 3430
3655 3599 3453
3318 3670 3596
3590 3678 3494
3765 3324 3338
3619 3381 3593
3461 3590 3616
3765 3324 3338
3499 3708 3498
3444 3853 3367
3584 3651 3557
3541 3543 3608
3507 3802 3459
3543 3694 3567
3564 3770 3440
3746 3560 3126
3746 3560 3126
3510 3349 3643
3419 3805 3495
3535 3798 3431
3323 3881 3384
3607 3618 3481
3559 3739 3470
3537 3577 3577
3690 3522 3395
3569 3675 3529
3674 3709 3416
3676 3672 3448
3674 3709 3416
3601 3555 3582
3605 3746 3445
3510 3349 3643
3497 3815 3254
3541 3543 3608
3643 3752 3315
3676 3582 3574
3765 3324 3338
3622 3733 3462
3690 3522 3395
3607 3618 3481
3497 3815 3254
3484 3841 3309
3722 3609 3346
3422 3778 3521
3535 3798 3431
3335 3855 3476
3723 3519 3229
3275 3959 3312
3692 3640 3392
3450 3478 3675
3569 3675 3529
3607 3618 3481
3559 3703 3537
3590 3678 3494
3535 3798 3431
3746 3560 3126
3765 3324 3338
3622 3733 3462
3484 3841 3309
3450 3478 3675
3723 3519 3229
3335 3855 3476
3690 3522 3395
3323 3881 3384
3384 3853 3483
3723 3519 3229
3676 3582 3574
3584 3651 3557
3604 3652 3472
3450 3478 3675
3638 3613 3460
3535 3577 3597
3647 3687 3426
3690 3522 3395
3622 3733 3462
3470 3834 3314
3426 3861 3353
3746 3560 3126
3489 3749 3535
3717 3517 3395
3507 3802 3459
3450 3478 3675
3578 3489 3585
3461 3590 3616
3535 3577 3597
3722 3609 3346
3559 3739 3470
3478 3576 3600
3544 3749 3448
3690 3522 3395
3318 3670 3596
3510 3349 3643
3392 3865 3289
3723 3519 3229
3746 3560 3126
3419 3805 3495
3497 3815 3254
3422 3778 3521
3569 3675 3529
3674 3709 3416
3443 3744 3540
3677 3550 3475
3425 3873 3267
3507 3802 3459
3591 3698 3484
3717 3517 3395
3318 3670 3596
3559 3739 3470
3392 3865 3289
3681 3559 3435
3384 3853 3483
3425 3759 3514
3384 3853 3483
3746 3560 3126
3590 3678 3494
3665 3654 3449
3647 3687 3426
3746 3560 3126
3559 3739 3470
3392 3865 3289
3638 3613 3460
3384 3853 3483
3461 3590 3616
3484 3841 3309
3624 3642 3467
3681 3559 3435
3323 3881 3384
3564 3770 3440
3489 3749 3535
3384 3853 3483
3676 3582 3574
3722 3609 3346
3569 3675 3529
3471 3602 3598
3489 3749 3535
3499 3708 3498
3607 3618 3481
3746 3560 3126
3430 3741 3541
3426 3861 3353
3604 3652 3472
3665 3654 3449
3607 3618 3481
3561 3721 3477
3535 3798 3431
3608 3589 3555
3732 3512 3438
3604 3652 3472
3537 3577 3577
3510 3799 3383
3676 3582 3574
3508 3707 3590
3676 3582 3574
3425 3873 3267
3422 3778 3521
3564 3770 3440
3564 3770 3440
3723 3519 3229
3732 3512 3438
3508 3707 3590
3564 3663 3544
3619 3381 3593
3430 3741 3541
3690 3522 3395
3489 3749 3535
3643 3752 3315
3564 3770 3440
3613 3792 3430
3632 3692 3454
3622 3733 3462
3622 3733 3462
3624 3642 3467
3508 3707 3590
3765 3324 3338
3605 3746 3445
3632 3692 3454
3335 3855 3476
3535 3798 3431
3692 3640 3392
3318 3670 3596
3471 3602 3598
3499 3708 3498
3497 3815 3254
3426 3861 3353
3503 3780 3462
3674 3709 3416
3607 3618 3481
3535 3577 3597
3507 3802 3459
3503 3780 3462
3613 3792 3430
3335 3855 3476
3665 3654 3449
3422 3778 3521
3384 3853 3483
3717 3517 3395
3632 3692 3454
3444 3853 3367
3392 3865 3289
3323 3881 3384
3607 3618 3481
3584 3651 3557
3676 3582 3574
3422 3778 3521
3461 3590 3616
3643 3752 3315
3723 3519 3229
3419 3805 3495
3430 3741 3541
3613 3792 3430
3544 3749 3448
3335 3855 3476
3535 3577 3597
3624 3642 3467
3461 3590 3616
3489 3749 3535
3548 3795 3415
3674 3709 3416
3544 3749 3448
3765 3324 3338
3419 3805 3495
3569 3675 3529
3569 3675 3529
3622 3733 3462
3676 3582 3574
3569 3675 3529
3541 3543 3608
3607 3618 3481
3692 3640 3392
3647 3687 3426
3548 3795 3415
3489 3749 3535
3677 3550 3475
3373 3866 3380
3619 3381 3593
3564 3770 3440
3643 3752 3315
3487 3538 3657
3350 3638 3677
3619 3381 3593
3350 3638 3677
3591 3698 3484
3535 3798 3431
3430 3741 3541
3726 3489 3440
3732 3512 3438
3746 3560 3126
3655 3599 3453
3443 3744 3540
3541 3731 3489
3450 3478 3675
3444 3853 3367
3478 3576 3600
3335 3855 3476
3681 3559 3435
3717 3517 3395
3549 3746 3483
3497 3815 3254
3461 3590 3616
3384 3853 3483
3541 3543 3608
3561 3721 3477
3484 3841 3309
3323 3881 3384
3275 3959 3312
3318 3670 3596
3510 3349 3643
3690 3522 3395
3392 3865 3289
3619 3381 3593
3578 3489 3585
3425 3873 3267
3510 3349 3643
3497 3815 3254
3722 3609 3346
3350 3638 3677
3425 3759 3514
3723 3519 3229
3631 3790 3374
3689 3397 3492
3470 3834 3314
3692 3640 3392
3425 3873 3267
3509 3814 3333
3559 3739 3470
3373 3866 3380
3584 3651 3557
3666 3712 3382
3461 3590 3616
3507 3802 3459
3643 3752 3315
3543 3694 3567
3444 3853 3367
3591 3698 3484
3422 3778 3521
3478 3576 3600
3584 3651 3557
3613 3792 3430
3665 3654 3449
3450 3478 3675
3430 3663 3622
3681 3559 3435
3677 3550 3475
3638 3613 3460
3564 3663 3544
3722 3609 3346
3677 3550 3475
3541 3543 3608
3478 3576 3600
3430 3663 3622
3709 3697 3333
3590 3678 3494
3665 3654 3449
3564 3663 3544
3666 3712 3382
3709 3697 3333
3569 3675 3529
3647 3687 3426
3631 3790 3374
3746 3560 3126
3450 3478 3675
3655 3599 3453
3746 3560 3126
3647 3687 3426
3461 3590 3616
3478 3576 3600
3564 3770 3440
3722 3609 3346
3569 3675 3529
3564 3663 3544
3509 3814 3333
3584 3651 3557
3647 3687 3426
3335 3855 3476
3275 3959 3312
3559 3739 3470
3690 3522 3395
3569 3675 3529
3601 3555 3582
3450 3478 3675
3541 3543 3608
3765 3324 3338
3622 3733 3462
3690 3522 3395
3484 3841 3309
3422 3778 3521
3723 3519 3229
3607 3618 3481
3692 3640 3392
3450 3478 3675
3559 3703 3537
3535 3798 3431
3765 3324 3338
3746 3560 3126
3450 3478 3675
3723 3519 3229
3335 3855 3476
3323 3881 3384
3384 3853 3483
3444 3853 3367
3676 3582 3574
3450 3478 3675
3638 3613 3460
3613 3792 3430
3655 3599 3453
3318 3670 3596
3590 3678 3494
3619 3381 3593
3461 3590 3616
3765 3324 3338
3499 3708 3498
3676 3582 3574
3584 3651 3557
3541 3543 3608
3507 3802 3459
3543 3694 3567
3564 3770 3440
3746 3560 3126
3746 3560 3126
3510 3349 3643
3419 3805 3495
3535 3798 3431
3323 3881 3384
3638 3613 3460
3443 3744 3540
3677 3550 3475
3425 3873 3267
3717 3517 3395
3318 3670 3596
3681 3559 3435
3425 3759 3514
3384 3853 3483
3746 3560 3126
3590 3678 3494
3746 3560 3126
3392 3865 3289
3674 3709 3416
3384 3853 3483
3461 3590 3616
3624 3642 3467
3681 3559 3435
3323 3881 3384
3564 3770 3440
3489 3749 3535
3384 3853 3483
3676 3582 3574
3569 3675 3529
3471 3602 3598
3535 3577 3597
3584 3651 3557
3604 3652 3472
3638 3613 3460
3690 3522 3395
3622 3733 3462
3746 3560 3126
3489 3749 3535
3507 3802 3459
3450 3478 3675
3578 3489 3585
3461 3590 3616
3384 3853 3483
3722 3609 3346
3559 3739 3470
3478 3576 3600
3690 3522 3395
3318 3670 3596
3510 3349 3643
3392 3865 3289
3723 3519 3229
3419 3805 3495
3422 3778 3521
3569 3675 3529
3535 3798 3431
3497 3815 3254
3746 3560 3126
3584 3651 3557
3275 3959 3312
3450 3478 3675
3676 3582 3574
3690 3522 3395
3422 3778 3521
3350 3638 3677
3497 3815 3254
3419 3805 3495
3543 3694 3567
3323 3881 3384
3765 3324 3338
3746 3560 3126
3461 3590 3616
3619 3381 3593
3323 3881 3384
3647 3687 3426
3709 3697 3333
3548 3795 3415
3584 3651 3557
3419 3805 3495
3676 3582 3574
3674 3709 3416
3419 3805 3495
3590 3678 3494
3471 3602 3598
3323 3881 3384
3717 3517 3395
3638 3613 3460
3426 3861 3353
3543 3694 3567
3746 3560 3126
3384 3853 3483
3535 3798 3431
3510 3349 3643
3497 3815 3254
3425 3759 3514
3590 3678 3494
3537 3577 3577
3619 3381 3593
3484 3841 3309
3674 3709 3416
3690 3522 3395
3746 3560 3126
3655 3599 3453
3535 3798 3431
3430 3663 3622
3461 3590 3616
3666 3712 3382
3666 3712 3382
3384 3853 3483
3318 3670 3596
3638 3613 3460
3665 3654 3449
3323 3881 3384
3723 3519 3229
3722 3609 3346
3643 3752 3315
3732 3512 3438
3535 3798 3431
3503 3780 3462
3450 3478 3675
3584 3651 3557
3430 3663 3622
3674 3709 3416
3275 3959 3312
3499 3708 3498
3450 3478 3675
3335 3855 3476
3497 3815 3254
3450 3478 3675
3559 3703 3537
3426 3861 3353
3497 3815 3254
3591 3698 3484
3430 3741 3541
3569 3675 3529
3732 3512 3438
3541 3543 3608
3443 3744 3540
3591 3698 3484
3318 3670 3596
3499 3708 3498
3426 3861 3353
3510 3349 3643
3508 3707 3590
3604 3652 3472
3607 3618 3481
3622 3733 3462
3535 3798 3431
3564 3663 3544
3426 3861 3353
3624 3642 3467
