1753 1697.05
28745 26479
28004 27468
28106 27384
28154 27380
28183 27341
28725 26593
28227 27334
28175 27367
28070 27429
28454 27099
28742 26489
28042 27436
28342 27220
28403 27162
28637 26811
28664 26734
28741 26541
28089 27409
28012 27443
28257 27314
28641 26769
28304 27252
28714 26628
28730 26552
28319 27237
28683 26700
28425 27102
28273 27274
28356 27191
28227 27334
28030 27442
28082 27413
28458 27062
28373 27186
28283 27263
28714 26628
28414 27117
28584 26894
28546 26956
28661 26757
28403 27162
28591 26884
28571 26925
28258 27295
28699 26651
28602 26864
28676 26714
28325 27229
28676 26714
28579 26903
28373 27186
28410 27137
28621 26819
28485 27036
28551 26931
28508 27009
28329 27221
28508 27009
28497 27025
28549 26941
28546 26956
28592 26873
28688 26661
28532 26977
28615 26845
28522 26994
28687 26678
28699 26651
28595 26865
28687 26678
28532 26977
28370 27189
28653 26758
28422 27113
28564 26929
28608 26852
28257 27314
28356 27191
28464 27057
28412 27135
28515 26998
28290 27256
28262 27283
28579 26903
28616 26831
28497 27025
28620 26824
28480 27049
28653 26758
28530 26980
28490 27029
28641 26769
28469 27056
28608 26852
28571 26925
28522 26994
28483 27046
28530 26980
28690 26658
28469 27056
28515 26998
28637 26811
28550 26936
28693 26654
28564 26929
28410 27137
28734 26548
28480 27049
28490 27029
28734 26548
28458 27062
28262 27283
28621 26819
28289 27257
28261 27288
28454 27099
28741 26541
28616 26831
28615 26845
28261 27288
28422 27113
28289 27257
28731 26549
28693 26654
28425 27102
28329 27221
28370 27189
28483 27046
28290 27256
28661 26757
28412 27135
28731 26549
28734 26548
28734 26548
28734 26548
28734 26548
28734 26548
28734 26548
28734 26548
28734 26548
28734 26548
28734 26548
28734 26548
28734 26548
28734 26548
28734 26548
28731 26549
28714 26628
28714 26628
28714 26628
28714 26628
28714 26628
28714 26628
28714 26628
28714 26628
28714 26628
28714 26628
28714 26628
28714 26628
28714 26628
28699 26651
28699 26651
28699 26651
28699 26651
28699 26651
28699 26651
28699 26651
28699 26651
28699 26651
28699 26651
28699 26651
28699 26651
28699 26651
28699 26651
28699 26651
28699 26651
28699 26651
28699 26651
28699 26651
28699 26651
28699 26651
28699 26651
28699 26651
28699 26651
28699 26651
28699 26651
28699 26651
28699 26651
28699 26651
28699 26651
28693 26654
28693 26654
28693 26654
28693 26654
28693 26654
28693 26654
28693 26654
28693 26654
28693 26654
28693 26654
28693 26654
28693 26654
28693 26654
28693 26654
28693 26654
28693 26654
28693 26654
28693 26654
28693 26654
28693 26654
28693 26654
28693 26654
28693 26654
28693 26654
28693 26654
28693 26654
28693 26654
28693 26654
28687 26678
28653 26758
28637 26811
28621 26819
28621 26819
28616 26831
28571 26925
28571 26925
28571 26925
28571 26925
28571 26925
28571 26925
28571 26925
28571 26925
28571 26925
28571 26925
28571 26925
28571 26925
28564 26929
28564 26929
28532 26977
28530 26980
28522 26994
28522 26994
28522 26994
28522 26994
28522 26994
28522 26994
28522 26994
28522 26994
28522 26994
28497 27025
28497 27025
28497 27025
28497 27025
28490 27029
28412 27135
28412 27135
28410 27137
28356 27191
28329 27221
28329 27221
28261 27288
28261 27288
28738 26486
28147 27308
28716 26552
28373 27182
28336 27199
28213 27282
28186 27300
28255 27277
28441 27077
28270 27247
28480 27035
28546 26931
28319 27233
28419 27101
28688 26651
28628 26784
28300 27236
28609 26835
28596 26863
28659 26695
28620 26816
28410 27119
28709 26602
28378 27131
28678 26678
28647 26740
28572 26889
28698 26622
28498 27009
28580 26874
28460 27052
28382 27125
28631 26748
28532 26972
28513 26987
28558 26908
28463 27050
28662 26683
28499 27000
28522 26979
28556 26917
28708 26615
28532 26972
28641 26746
28645 26742
28732 26469
28124 27295
28313 27188
28713 26483
28214 27253
28302 27213
28355 27157
28257 27228
28207 27269
28172 27292
28262 27221
28524 26969
28473 27012
28710 26550
28496 27000
28178 27290
28499 26975
28532 26944
28401 27092
28453 27049
28419 27087
28457 27021
28535 26917
28384 27106
28706 26565
28652 26695
28698 26613
28379 27125
28678 26631
28362 27130
28429 27065
28435 27057
28646 26723
28556 26889
28670 26657
28602 26801
28599 26818
28705 26606
28575 26858
28607 26783
28631 26747
28662 26682
28582 26847
28616 26777
28677 26638
28553 26909
28357 27148
28595 26837
28562 26869
28645 26734
28622 26762
28563 26865
28589 26839
28554 26906
28667 26671
28621 26765
28638 26744
28710 26550
28666 26675
28702 26609
28638 26744
28705 26606
28705 26559
28705 26559
27997 27293
28112 27290
28178 27275
28521 26958
28258 27207
28353 27140
28302 27199
28234 27220
28369 27101
28495 26992
28407 27086
28211 27233
28529 26910
28384 27098
28197 27256
28676 26630
28314 27149
28677 26618
28666 26660
28331 27144
28648 26686
28420 27058
28582 26840
28566 26854
28611 26774
28700 26572
28471 27006
28443 27047
28455 27017
28448 27043
28694 26598
28419 27071
28644 26731
28312 27177
28205 27249
28646 26720
28650 26675
28554 26881
28545 26895
28601 26787
28308 27181
28695 26595
28663 26666
28630 26742
28628 26744
28457 27009
28621 26761
28596 26808
28598 26795
28585 26826
28561 26865
28536 26897
28593 26817
28529 26910
28487 26996
28621 26761
28487 26996
28590 26824
28556 26871
28646 26720
28558 26869
28536 26897
28705 26551
28100 27268
28150 27259
28193 27230
28680 26586
28238 27206
28645 26687
28345 27133
28520 26937
28353 27108
28446 27025
28531 26894
28465 26994
28416 27071
28252 27193
28290 27190
28580 26838
28585 26822
28642 26726
28391 27081
28543 26893
28178 27247
28512 26949
28557 26862
28316 27144
28665 26625
28593 26788
28560 26858
28617 26760
28379 27097
28662 26665
28494 26962
28418 27044
28673 26606
28663 26662
28618 26737
28293 27175
28625 26728
28436 27032
28187 27244
28430 27043
28605 26771
28382 27094
28312 27147
28241 27199
28473 26986
28671 26619
28303 27164
28306 27162
28478 26968
28486 26964
28597 26784
28475 26977
28602 26774
28671 26604
28671 26604
28278 27185
28430 27042
28335 27121
28376 27063
28369 27096
28658 26615
28562 26834
28645 26683
28603 26746
28529 26869
28629 26718
28434 26995
28289 27128
28505 26923
28520 26876
28579 26811
28583 26768
28491 26956
28457 26993
28280 27152
28475 26965
28465 26975
28502 26934
28592 26759
28574 26830
28641 26712
28285 27134
28642 26694
28523 26871
28650 26452
28277 27171
28301 27119
28516 26866
28502 26928
28570 26830
28451 26961
28405 27037
28645 26597
28358 27096
28367 27093
28602 26744
28628 26715
28632 26676
28638 26610
28431 26987
28421 27005
28577 26771
28581 26752
28632 26493
28276 27137
28629 26591
28292 27117
28445 26950
28516 26845
28350 27081
28497 26927
28380 27032
28545 26828
28414 27003
28575 26766
28500 26902
28559 26789
28628 26678
28429 26987
28362 27054
28613 26703
28597 26739
28600 26734
28623 26695
28354 27075
28624 26605
28181 27132
28286 27103
28451 26923
28429 26984
28614 26643
28611 26695
28503 26839
28404 26988
28336 27081
28500 26895
28374 27020
28559 26779
28481 26913
28350 27079
28595 26724
28355 27045
28565 26751
28528 26826
28541 26820
28584 26732
28574 26750
28487 26907
28544 26787
28543 26797
28371 27029
28361 27041
28529 26825
28590 26727
28609 26555
28270 27094
28328 27063
28534 26796
28428 26931
28499 26872
28283 27068
28608 26668
28367 27021
28425 26981
28479 26913
28566 26745
28546 26771
28581 26694
28371 26997
28549 26756
28395 26987
28394 26988
28576 26729
28593 26684
28481 26912
28604 26670
28491 26892
28575 26730
28369 27009
28496 26876
28592 26693
28492 26891
28479 26913
28604 26623
28268 27079
28424 26976
28341 27000
28326 27057
28455 26912
28532 26783
28270 27072
28490 26885
28554 26737
28495 26812
28583 26670
28327 27015
28576 26714
28463 26899
28480 26892
28508 26787
28595 26658
28505 26795
28570 26730
28499 26808
28561 26733
28598 26643
28574 26718
28602 26639
28603 26630
28603 26628
28197 27068
28331 26979
28286 27054
28408 26976
28493 26791
28578 26670
28322 27036
28425 26910
28488 26835
28419 26966
28479 26887
28598 26641
28532 26768
28524 26779
28486 26868
28451 26904
28576 26710
28317 27053
28544 26735
28565 26713
28548 26718
28442 26905
28547 26730
28600 26601
28314 27042
28400 26973
28339 26975
28436 26905
28573 26701
28589 26638
28556 26708
28468 26880
28535 26734
28488 26798
28518 26775
28486 26839
28498 26778
28480 26855
28528 26745
28446 26887
28598 26626
28445 26900
28441 26903
28600 26596
28273 27041
28354 26973
28516 26775
28302 26997
28527 26740
28400 26969
28429 26904
28485 26828
28584 26609
28571 26663
28553 26702
28396 26972
28460 26876
28444 26885
28290 27019
28284 27023
28432 26901
28468 26853
28475 26836
28570 26678
28469 26850
28558 26685
28557 26700
28560 26680
28478 26830
28587 26584
28225 27031
28317 26973
28570 26655
28526 26737
28260 27020
28367 26967
28573 26596
28531 26701
28485 26803
28398 26907
28293 26990
28437 26885
28451 26862
28290 27013
28426 26903
28391 26938
28466 26849
28503 26767
28372 26943
28500 26768
28556 26684
28558 26682
28475 26825
28477 26822
28580 26534
28241 27003
28554 26675
28276 26985
28377 26898
28526 26722
28358 26954
28313 26970
28365 26947
28444 26847
28423 26867
28404 26893
28477 26809
28502 26757
28577 26577
28521 26736
28311 26972
28483 26779
28569 26623
28563 26640
28409 26871
28490 26762
28579 26568
28462 26819
28449 26830
28455 26820
28564 26633
28451 26829
28566 26625
28580 26511
28197 26995
28289 26962
28347 26952
28524 26715
28499 26756
28565 26590
28540 26665
28464 26804
28561 26624
28516 26734
28478 26774
28372 26898
28439 26821
28356 26928
28552 26651
28570 26550
28572 26547
28390 26888
28364 26916
28476 26790
28416 26866
28423 26844
28434 26829
28419 26847
28548 26663
28401 26871
28396 26877
28435 26825
28400 26874
28556 26472
28184 26985
28347 26948
28194 26956
28553 26572
28539 26664
28499 26740
28365 26896
28455 26803
28434 26821
28542 26624
28510 26693
28517 26691
28550 26602
28462 26775
28388 26868
28372 26887
28478 26745
28415 26826
28471 26759
28406 26840
28398 26860
28403 26856
28538 26660
28234 26948
28347 26937
28318 26942
28367 26864
28496 26740
28449 26765
28498 26726
28511 26678
28446 26776
28432 26815
28401 26835
28516 26669
28407 26821
28389 26854
28429 26820
28369 26858
28386 26856
28531 26582
28345 26928
28489 26740
28446 26775
28375 26822
28347 26877
28501 26675
28425 26811
28366 26836
28530 26648
28430 26810
28515 26666
28529 26660
28530 26577
28333 26923
28528 26656
28371 26821
28345 26860
28423 26809
28499 26670
28393 26810
28443 26775
28336 26888
28489 26708
28480 26717
28455 26719
28445 26745
28454 26738
28528 26560
28290 26923
28358 26808
28333 26869
28515 26652
28488 26705
28328 26917
28445 26726
28521 26604
28466 26717
28385 26791
28432 26768
28399 26784
28420 26774
28522 26574
28528 26535
28292 26915
28339 26795
28487 26701
28327 26893
28516 26602
28394 26782
28441 26710
28489 26635
28313 26901
28505 26634
28432 26731
28418 26742
28400 26763
28408 26751
28512 26584
28287 26914
28362 26770
28327 26880
28487 26693
28442 26700
28320 26893
28488 26631
28385 26760
28416 26741
28393 26744
28431 26729
28432 26710
28490 26618
28505 26608
28509 26588
28501 26612
28497 26609
28286 26912
28318 26864
28339 26763
28423 26697
28486 26664
28471 26690
28371 26760
28404 26710
28380 26747
28391 26733
28476 26676
28402 26726
28491 26584
28239 26907
28303 26848
28369 26757
28259 26898
28402 26714
28439 26685
28485 26621
28375 26741
28476 26657
28468 26681
28472 26667
28486 26455
28192 26870
28484 26570
28240 26864
28395 26686
28297 26778
28273 26835
28338 26747
28361 26707
28479 26596
28294 26819
28442 26674
28468 26661
28340 26723
28447 26671
28466 26666
28471 26509
28100 26868
28216 26792
28290 26780
28465 26598
28311 26745
28412 26674
28347 26689
28337 26717
28419 26656
28441 26650
28458 26620
28342 26704
28447 26636
28453 26633
28461 26499
28220 26777
28231 26717
28311 26688
28448 26616
28393 26648
28440 26623
28356 26670
28339 26675
28457 26479
28191 26716
28220 26691
28417 26610
28448 26576
28333 26663
28337 26662
28445 26604
28444 26598
28119 26713
28228 26661
28272 26638
28322 26609
28397 26603
28236 26659
28440 26591
28218 26660
28434 26406
28407 26510
28404 26408
28403 26472
28309 26432
