10926 360.098
28079 24914
26359 27867
28479 25787
28238 25655
28103 25751
26201 27597
27311 26811
28286 25734
27922 26069
26518 27429
27646 26538
28185 25285
26315 27474
25935 27732
28115 25432
26588 27938
27902 25802
28333 26109
26292 28023
27571 26904
26596 27125
28382 25420
26404 27742
28166 25389
26734 27355
26646 27715
28001 26072
26415 27881
27839 26764
28054 26522
28215 25973
27939 25870
26712 27580
27214 27453
25675 27137
26579 27890
28043 26492
27002 27726
26346 27590
27633 26129
26968 27754
28513 25577
28192 25759
26754 27878
27039 26786
27260 27548
26849 27807
27242 26437
27004 27403
28244 26284
27488 26304
28090 25897
26586 27704
25228 27082
27057 27117
27021 27133
26892 27146
26294 27058
26282 28026
26994 27679
27621 26409
26939 27470
26256 28059
28037 26175
26255 27689
28032 26462
25914 27823
27484 26759
27083 27030
27474 26573
26673 27848
27066 27041
25930 27923
27896 26155
25283 27355
26798 27255
28228 25218
27904 26740
26932 27687
27424 27093
26614 27317
26187 27905
26359 27675
27840 25576
26433 27795
27367 27449
28209 25510
27908 26425
28275 26103
26290 26357
27290 27078
27269 26464
26944 27421
27650 26799
26018 28195
27553 27099
27369 27161
26911 27624
25820 27988
26813 26851
27059 26981
26950 27257
26025 27964
27372 27250
27445 26834
28213 25683
27310 27253
26607 27067
26320 27507
26535 27724
27105 27407
28154 26293
26913 27483
26855 27481
27858 26605
28013 26246
26966 27277
26246 27905
27297 27063
25932 27932
26781 27639
27198 26971
27533 26809
26905 27279
25053 27457
27573 26222
27605 26653
28098 26025
28395 25659
25941 27733
26109 27524
26670 27182
27230 27499
26906 27603
27087 27504
27326 27161
28167 25966
27885 26035
27042 27453
28148 25928
25472 26413
27134 27590
27824 26540
28245 26070
27619 26997
27348 27076
26859 27629
28344 26117
26497 27738
27026 27458
27309 27400
27240 25096
26746 27786
26827 27610
26990 27234
28210 25585
27301 27014
26541 28081
26083 28199
28175 25562
26433 28020
27260 26989
26970 27401
27765 26120
28423 25420
27450 26817
28070 25981
28133 25779
27897 26564
26813 26994
27012 27268
26706 27616
27251 26704
27970 26189
27946 25684
26721 27252
28078 25865
26363 27411
28364 25988
28288 25665
26232 27668
28049 25193
25564 26136
27918 26180
27573 26487
27365 27120
26970 27242
28084 26103
28173 25390
24361 27285
28278 25995
27869 26293
27321 26886
25762 27605
27822 26204
27559 26870
27330 26655
26257 27429
28468 25650
26941 27543
26715 27834
27068 27032
27111 27288
26181 27416
28384 25972
27973 25251
27831 25967
27718 26674
27048 27650
26446 28013
27974 26226
26953 27573
27969 25749
28221 25914
27537 26764
26208 28178
27311 27045
26987 27401
26168 28085
27150 27156
27435 27122
27713 26396
26503 27763
28229 25843
28247 25688
27351 26883
27386 27113
28224 26234
27703 26869
27554 26975
26530 27863
28384 25717
25386 28034
26949 26138
26077 27400
28081 26077
28133 26294
26531 27786
28036 26208
28299 25677
26273 27757
28168 25575
27617 26639
25903 27983
26787 27404
27433 25449
26761 27833
28041 25113
27034 27250
28161 25593
26010 27535
27937 26222
