103236 3481.03
4182 3478
4024 3672
4092 3609
4146 3527
3909 3801
3883 3808
4102 3602
4048 3626
3690 3907
4011 3691
3956 3748
3672 3925
3659 3926
3851 3822
4235 3327
4217 3332
3422 3997
3772 3874
3839 3836
3491 3982
3970 3739
4121 3561
3822 3857
3717 3893
4028 3652
3489 3987
4129 3543
3831 3848
4110 3580
3927 3783
4189 3391
4002 3702
4115 3572
3918 3792
3474 3988
4151 3488
3797 3862
3997 3718
3994 3723
4058 3613
3980 3731
3762 3876
3407 4000
3394 4004
3727 3881
3742 3878
3806 3860
3986 3727
3937 3760
4136 3534
3709 3894
3924 3786
3935 3762
4140 3531
3675 3912
3825 3851
4032 3628
4184 3396
4188 3392
4246 3319
3386 4015
3386 4015
4246 3319
3591 3512
3676 3337
3406 3227
3409 2947
3378 2938
3018 2648
3625 3175
3345 2794
3317 3039
3538 3193
3446 3274
3467 3373
3343 3414
3473 3326
3554 3255
3258 2985
3675 3131
3423 3063
3560 3124
3675 3261
3540 3201
3882 3407
3602 3406
3556 3404
3480 3056
3950 3458
3723 3247
3765 3293
3599 3467
3554 2997
3446 2947
3362 3285
3629 3220
3728 3475
3347 3041
3705 3369
3507 3078
3250 2846
3659 3077
3486 3280
3532 3186
3602 3341
3564 3053
3564 3170
3154 2686
3670 3420
3433 3160
3752 3291
3517 3033
3739 3340
3682 3451
3377 3422
3715 3598
3456 3006
3639 3174
3881 3368
3228 2962
3761 3440
3796 3324
3664 3350
3771 3380
3360 2926
3292 2938
3624 3429
3292 2906
3606 3155
3714 3342
3634 3232
3562 3207
3364 3224
3733 3259
3785 3420
3360 2860
2974 2788
3695 3250
3573 3120
3650 3322
3779 3391
3733 3259
3533 3278
3436 3093
3424 2951
3370 2931
3545 3175
3448 3279
3553 3067
3551 3508
3673 3388
3615 3075
3374 3152
3675 3257
3601 3139
3690 3127
3510 3191
3400 3071
3758 3427
3691 3387
3555 3328
3626 3143
3431 3378
3520 3232
3566 3014
3568 3479
3673 3271
3862 3054
3543 3401
3896 3470
3079 2806
3874 3345
3256 2600
3812 3253
3287 3078
3602 3312
3361 3123
3574 3188
3153 2819
3533 3207
3543 3105
3725 3304
3781 3014
3260 2809
3719 3597
3541 3379
3609 3121
3375 2897
3528 3015
3555 3483
3570 3310
3590 3280
3201 2775
3620 3251
3430 3111
3945 3535
3574 3148
3720 3391
3548 3342
3132 2837
3882 3476
3508 3371
3540 3203
3541 3400
3589 3398
3283 2920
3568 3277
3468 3151
3533 3196
3890 3350
3116 2684
3650 3402
3770 3512
3888 3314
3261 2786
3544 3160
3665 3548
3873 3437
3365 3195
3353 3022
3400 2956
3545 3395
3234 2993
3700 3264
3433 2862
3174 2893
3472 3371
3540 3399
3466 3134
3413 2881
3802 3230
3581 3345
3461 3427
3153 2978
3525 3190
3839 3474
3629 3245
3390 3158
3970 3437
3672 3247
3080 2644
3704 3292
3633 3245
3611 3401
3769 3381
3483 3092
3528 3106
3036 2782
3485 3283
3777 3498
3176 2743
3330 2963
3210 2745
3393 2976
3764 3343
3546 3159
3557 3372
3597 3206
3754 3354
3320 3076
3763 3531
3698 3008
3522 3024
3385 3089
3489 3141
3331 3038
3624 3176
3606 3094
3308 2943
3517 3161
3663 3115
3791 3414
3835 3152
3840 3389
3304 2707
3722 3197
3350 3270
3574 3129
3094 2858
3762 3108
3735 3259
3343 2931
3570 3252
3409 3252
3520 3449
3701 3206
3294 2950
3316 3090
3697 3414
3661 3537
3597 3394
3682 3260
3618 3418
3611 3625
3500 3441
3481 2808
3457 3057
3720 3384
3627 3414
3596 3473
3298 3276
3400 3275
3670 3275
3688 3280
3440 3112
3621 3501
3830 3376
3724 3447
3695 3324
3685 3536
3234 3170
3734 3620
3517 3106
3834 3345
3146 2756
3427 2933
3717 3269
3402 3056
3400 3211
3423 2948
3544 3252
3646 3482
3637 3418
3492 3218
3538 2907
3417 3342
3231 2890
3156 2703
3697 3434
3326 2980
3506 3201
3751 3232
3559 3243
3583 3038
3620 3141
3506 3264
3640 3218
3708 3288
3622 3391
3281 2890
3743 3295
3473 3141
3705 3531
3418 3142
3984 3434
3694 3331
3758 3316
3608 3511
3855 3443
3408 2868
3584 3398
3562 2827
3731 3349
3543 2904
2991 2634
3617 3288
3651 3485
3411 2895
3665 3286
3110 2612
3752 3318
3608 3029
3526 3467
3691 3430
3671 3449
3617 3164
3661 3561
3187 2872
3161 2818
3296 2755
3843 3226
3353 2928
3554 3087
3227 3044
3860 3191
3763 3185
3767 3452
3847 3014
3620 3229
3694 3477
3736 3477
3919 3381
3726 3398
3508 3431
3518 3328
3603 3180
3720 3460
3639 3141
3447 3082
3609 2819
3548 2974
3421 3124
3201 2769
3093 2797
3112 2629
3628 3154
3533 3473
3381 3214
3597 3226
3443 2957
3748 3494
3794 3444
3709 3352
3623 3205
3947 3346
3829 3373
3042 2533
3695 3292
3617 3267
3661 3306
3452 3086
3543 3176
3623 3289
3727 3293
3753 3324
3570 3401
3240 2870
3469 3295
3734 3344
3533 3376
3447 3013
3607 3429
3760 3353
3569 3476
3671 3346
3356 2994
3441 3100
3046 2648
3794 3241
3148 2694
3731 3324
3653 2981
3819 3363
3668 3336
3686 3407
3587 3262
3123 2717
3703 3425
3207 2916
3473 3318
3149 2719
3583 3420
3590 3255
3535 2906
3521 3379
3329 2891
3563 3178
3452 2795
3143 2614
3642 3518
3139 2603
3424 2965
3412 3202
3226 2709
3690 3346
3677 3092
3381 2842
3624 3472
3605 3500
3735 3421
3152 2857
3553 3154
3712 3251
3768 3262
3508 3072
3635 3347
3701 3116
3579 3209
3598 3281
3396 3109
3578 3355
3459 3305
3766 3394
3313 2933
3476 3330
3215 2667
3266 3114
3581 3052
3348 3280
3612 3419
3621 3196
3605 3559
3861 3437
3657 3257
3453 3247
3263 2870
3705 3136
3483 2926
3785 3199
3712 3317
3656 2975
3444 3114
3812 3106
3482 3161
3319 3276
3642 3324
3341 2983
3817 3113
3467 3296
3561 3106
3354 2860
3786 3555
3512 3457
3657 3527
3603 3234
3699 3188
2976 2706
3681 3210
3241 2938
3590 3033
3580 3258
3530 3437
3771 3173
3665 3343
3629 3427
3635 3422
3337 3178
3490 3358
3709 3289
3760 3329
3590 3464
3486 3356
3679 3508
3329 2987
3399 3235
3279 2996
3298 3273
3532 3425
3381 3179
3535 3042
3804 3321
3259 2818
3573 3276
3424 3021
3513 3396
3429 3194
3286 2985
3571 3332
3544 3079
3621 3372
3490 3148
3722 3281
3488 3073
3697 3288
3584 3482
3290 3016
3588 3366
3512 3436
3494 3147
3549 3210
3583 3322
3662 3401
3543 3303
3526 3324
3763 3245
3780 3446
3594 3233
3459 3026
3421 3223
3425 3014
3591 3005
3895 3450
3536 3121
3554 3334
3196 3001
3371 2802
3654 3527
3576 3411
3653 3512
3593 3100
3394 3102
3347 2906
3845 3409
3366 3300
3408 3291
3680 3218
2816 2520
3234 2822
3374 3089
3474 3230
3282 2951
3895 3366
3606 3330
3361 2954
3656 3481
3295 2857
3688 3247
3806 3596
3268 3016
3606 3365
3368 2997
3681 3226
3833 3481
3219 2923
3428 3205
3791 3187
3240 2962
3351 2883
3634 3265
3860 3353
3360 3102
3569 2933
3786 3559
3270 3371
3588 3297
3578 3239
3840 3265
3424 2949
3498 3181
3445 3165
3662 3566
3566 3419
3475 3431
3526 2883
3571 3414
2953 2540
3784 3262
3857 3384
3294 2862
3195 2616
3783 3633
3658 3335
3651 3270
3578 3597
3326 2823
3085 2883
3263 3215
3510 3303
3729 3235
3278 2835
3420 3204
3788 3418
3734 3544
3352 3046
3006 2773
3557 3253
3416 2844
3578 3307
3640 3447
3651 3338
3733 3459
3446 3006
3669 3496
3218 2880
3684 3409
3603 3362
3309 2994
3741 3541
3460 2817
3698 3498
3400 3088
3658 3263
3407 2958
3459 3009
3627 3550
3669 3437
3596 3036
3743 3496
3539 3385
3697 3409
3374 3021
3725 3412
3520 3200
3766 3474
3287 2855
3361 3268
3787 3300
3896 3320
3852 3546
3391 2835
3414 3150
3777 3282
3266 2921
3512 3155
3365 2975
3589 3331
3645 3223
3498 3259
3203 2716
3668 3565
3226 2919
3461 2930
2979 2655
3700 3337
3666 3235
3715 3464
3523 3410
3629 3527
3148 2968
3212 2842
3707 3466
3738 3370
3818 3443
3569 3082
3628 3456
3714 3389
3501 3234
3306 2913
3732 3183
3390 3035
3357 3116
3799 3293
3625 3170
3608 3163
3646 3268
3389 2985
3459 3252
3529 3324
3643 3440
3231 3032
3775 3363
3454 3342
3610 3166
3486 3388
3464 3027
3682 3363
3498 2824
3554 3183
3801 3360
3749 3161
3354 2980
3632 3015
3557 3328
3595 3434
3706 3255
3674 3346
3374 3354
3571 3328
3748 3345
3525 3119
3718 3306
3263 2850
3926 3570
3660 3266
3141 2853
3570 3234
3576 3227
3457 3084
3398 3228
3765 3440
3149 2839
3687 3538
3566 3031
3382 3119
3546 3472
3123 2673
3742 3522
3657 3166
3531 3283
3372 3221
3843 3255
3329 2763
3409 3338
3154 2733
3747 3436
3660 3307
3630 3395
3607 3229
3732 3440
3082 2991
3861 3398
3561 3362
3572 3159
3758 3359
3738 3349
3891 3455
3672 3393
3295 2938
3560 3350
3688 3207
2840 2692
3670 3512
3732 3205
3231 2887
3607 3422
3238 2781
3444 3300
3734 3498
3478 3220
3426 3236
3401 3147
3316 3139
3004 2769
3606 3302
3854 3333
3489 3012
3315 2930
3293 2821
3608 3298
3297 3020
3784 3219
3332 3100
3188 2733
3796 3395
3556 3195
3294 2795
3580 2907
3582 3278
3628 3069
3641 3304
3129 2846
3709 3417
3317 2949
3612 3279
3628 3299
3148 2707
3878 3252
3556 3392
3596 3129
3318 2835
3673 3288
3529 3382
3585 3387
3352 2835
3435 2882
3754 3248
3291 2995
3408 3022
3533 3363
3559 3341
3684 3555
3105 2579
3662 3120
3670 3168
3805 3242
3805 3543
3335 2790
3109 2890
3799 3437
3499 3046
3521 3167
3202 2803
3284 3085
3555 3352
3625 3369
3676 3316
2998 2729
3735 3398
2956 2599
3781 3483
2975 2801
3705 3466
3531 3141
3719 3204
3458 3315
3541 3269
3717 3309
3628 3586
3620 3355
3634 3284
3432 3512
3692 3442
3727 3449
3665 3325
3228 2826
3695 3581
3711 3458
3558 3241
3436 3111
3740 3496
3606 3287
3617 3288
3480 2978
3472 3296
3636 3422
3545 3013
3917 3406
3471 3377
3241 2883
3594 3265
3634 3277
3652 3400
3759 3321
3661 3501
3762 3409
3727 3269
3384 2836
3746 3329
3569 3239
3288 2963
3547 3335
3564 3376
3608 3485
3351 3119
3857 3376
3634 3247
3735 3490
3637 3354
3569 3286
3225 2924
3490 2970
3440 2872
3423 2867
3707 3343
3442 3018
3752 3464
3736 3506
3824 3357
3641 3202
3551 3509
3466 3051
3209 3061
3479 2751
3623 3407
3729 3368
3276 2932
3044 2763
3374 3119
3335 2851
3702 3298
3466 3197
3803 3466
3592 3324
3702 3328
3691 3300
3624 3443
3048 2697
3741 3450
3528 3295
3728 3369
3515 3410
3300 2749
3651 3502
3705 3424
3472 3073
3551 3243
3382 2802
3836 3457
3446 3171
3324 3034
3265 3050
3470 3216
3426 2884
3672 3416
3751 3379
3537 3169
3542 3272
3444 3180
3386 3270
3706 3252
3109 2760
3640 3030
3622 2976
3860 3348
3860 3385
3786 3550
3735 3441
3690 3338
3174 3204
3710 3129
3344 3093
3434 3167
3506 2818
3207 2813
3734 3294
3548 3372
3486 3095
3555 3185
3603 3318
3649 3271
3860 3517
3633 3250
3834 3502
3627 3205
3254 3245
3702 3576
3196 2891
3728 3032
3627 3327
3741 3598
3497 2851
3670 3238
3441 3180
3793 3183
3665 3307
3319 2792
3666 3261
3701 3391
3402 3430
3016 2837
3558 2861
3602 3331
3503 3131
3501 3483
3421 3328
3359 2871
3603 3113
3526 3281
3494 3396
3478 2678
3694 3434
3439 2789
3466 3241
3544 3345
3393 3173
3610 3135
3700 3219
3830 3403
3380 2888
3596 3429
