89020 1080.1
2306 2950 3412 2815
2819 2503 2215 3095
2329 3060 2766 3514
2595 2267 3122 2878
2303 2939 3493 2682
2843 3920 2641 2798
2649 2807 3067 2670
2072 3325 3185 2777
2906 2466 2918 2792
2691 3215 3360 2776
2456 2833 3122 2691
2701 2596 3314 2959
2580 2439 3118 3245
2847 3015 2631 2787
2179 3092 3243 2977
3482 3164 2443 2749
2512 2872 3256 2440
2454 2577 2634 3505
2414 2774 2956 3263
2637 2383 3261 3163
2513 3240 2851 2591
3136 2821 2514 3012
2333 2335 3062 2885
2680 3226 3166 2698
2885 2621 2951 2112
2293 3335 2701 2643
3205 3660 2651 2938
2307 2783 2837 3300
2974 3268 2684 3044
2668 2201 3154 2698
2305 2972 3253 3149
2957 2916 2464 3127
2596 2632 2534 3457
2363 3025 2918 2788
2733 3717 2732 3049
2788 3154 2958 2248
2539 2703 2911 3249
2413 2808 3337 2414
2745 2590 2568 2621
2983 3313 2366 3123
2411 2706 2205 2969
2979 3444 2983 2366
3072 2775 2984 2698
2538 2829 3055 2919
2972 2881 2094 2913
3087 3613 2676 2548
2724 2641 2763 3265
2603 2761 2863 3008
2709 3316 2897 2905
2498 2775 2212 3434
2421 3470 3039 2814
2547 2857 2987 3255
2486 2945 3189 2822
2154 2839 3117 2905
2825 3364 3051 2587
3117 2881 2739 2497
2204 2673 2952 3439
2654 2655 3111 3011
3162 3051 2204 2750
3109 3121 3027 2197
3182 3527 2412 2721
2345 3185 3162 2899
3475 3214 2548 2629
2681 2663 3261 3048
2019 2656 2854 3120
2272 2730 2975 3106
3314 3290 2763 2663
2320 3083 3271 2909
2361 2777 3512 2842
2330 2476 3073 3158
2585 2620 2760 3288
2555 2888 2732 3473
2817 3076 2231 3110
2521 2366 2591 3381
3379 2989 2491 2753
2883 3760 2740 2630
3141 3051 3140 2455
2783 3519 3127 2573
2550 2361 2611 3413
2539 2762 2479 3371
2795 2871 2114 3356
2808 3295 2547 3051
2540 3423 2512 2961
2734 3081 2640 3399
3259 3222 2514 2902
2332 2488 3250 2816
2675 2921 3227 2862
2867 3057 2512 2967
3251 2928 2584 2624
3090 3686 2799 2734
3250 3482 2263 3135
2309 2861 2871 2675
2730 3657 3061 2608
2855 2561 2710 2630
2273 3310 2739 2808
3085 3075 2606 2580
2680 2643 3357 2610
2452 2854 3498 2787
2834 3038 2815 2448
2460 2672 2676 3294
2226 3574 2954 2815
2407 2188 3066 2845
2222 2810 2709 3037
3018 3379 3004 2476
2302 2931 3060 3173
2556 2791 2693 3423
2627 2935 3077 2861
2849 2943 2679 3112
2830 3073 2809 2815
2370 2338 3004 3170
2233 2547 2645 3012
2705 2885 3092 2464
2982 3076 2048 3025
2355 2609 2908 3587
2777 3308 2863 2498
2683 3406 2982 2500
2159 2659 2736 3057
2811 2553 3176 2503
2142 2701 2664 3049
2443 2273 2597 2442
2171 2914 3108 2697
2824 2790 2656 3418
3093 3262 2487 2883
2706 2744 3068 2763
2855 3580 2761 2437
2794 3017 2236 3233
2334 2437 3164 3005
2706 2925 3323 2796
3349 3235 2620 2589
2190 2702 3138 3186
2700 3471 2964 2898
2813 2734 2883 2370
2412 2779 3478 3052
2364 2763 3111 2772
2943 2692 3020 2611
2493 2605 3108 3349
2541 2959 3197 2557
2728 2793 3049 2865
3138 3200 2926 2707
2347 2700 3106 3197
2484 3022 2583 2787
2758 3450 2939 2830
2475 2551 2444 3376
2637 3684 2894 2603
2818 3248 2066 2822
2450 3129 2625 2997
2569 2673 3333 2618
2721 3167 2291 3042
3448 3263 2541 2671
2754 3680 2882 2876
2018 2703 3004 2961
2937 3379 3188 2363
2707 2885 2964 3337
3210 3271 2525 2796
3406 3101 2415 2852
3009 3136 2304 2814
2536 3328 3017 2680
2240 2698 2744 3258
2389 2693 3149 2275
2827 2727 3168 2731
2486 2911 2489 3225
2754 3127 2277 3185
2732 3567 2701 3107
2653 3410 3091 2742
2420 2717 3016 3418
2440 2686 3528 2788
2422 3283 3064 3157
2814 2752 3216 2713
2716 3443 2823 2816
2439 3484 2338 2680
2882 3527 2347 2466
2648 2787 2510 3441
2158 3038 3437 3042
3058 3165 2242 3348
3189 3320 2440 2939
2755 3188 3352 2368
3354 3084 2352 3013
3126 3124 2832 2900
3195 3077 2579 3020
2717 2576 3014 2629
2273 2552 2712 3090
2788 2892 2559 3228
2957 3050 2461 3021
2752 3117 2053 3205
2554 2599 2349 3303
2575 3209 2786 3010
2295 2670 3246 3000
3137 3115 2088 3087
2665 3136 3034 2631
2800 2769 2449 3317
2721 2742 3281 2809
2070 2996 3035 2951
2613 2993 2416 3608
2575 3143 3297 2632
3150 3151 2211 3099
3193 2854 2575 3288
2779 3107 2805 2736
2240 2835 3433 2593
2146 2659 3057 3010
2381 2813 2725 3392
2463 3171 2842 2760
2246 3094 3279 2541
2641 3014 2960 2197
2507 2349 2893 2992
2896 3594 2888 2783
2622 2833 2991 2304
2539 2885 3326 2569
2664 2938 2419 3578
2747 2736 2944 3456
3282 3652 2718 2829
2974 3476 2503 3045
2812 3163 3391 2306
3198 3132 2687 2616
3239 3111 2458 3116
2197 2944 3348 2653
3129 2964 2117 2638
3061 3063 2761 3128
3202 2943 2314 3058
3024 3283 2909 2737
3126 3401 2642 2483
2682 2933 3092 2741
2408 2853 2541 3228
2842 3013 2772 3024
2887 3238 2777 3020
3290 2869 2407 2978
3057 2704 2890 2529
2782 3410 2898 2760
3007 3080 2438 3202
2466 2852 3462 2977
2451 2836 2856 3287
2779 3701 2763 2749
2658 2986 3251 2401
2879 3227 3050 2400
2531 2540 3392 3025
2638 2740 2981 2890
2872 2758 2925 2220
2728 2820 2941 2635
3031 3120 2648 2621
2464 2739 2879 3058
2537 2278 3060 3207
3252 3300 2410 2611
2842 3442 2283 2427
2948 2743 2753 2354
2581 2802 3297 2771
2878 2588 3247 3010
2736 2913 3177 2919
3025 3675 2724 2510
3041 3554 2761 2588
2637 3575 2900 2665
2909 3275 3290 2323
3137 3145 2237 3063
2910 2993 2990 2280
