239326 2460.23
15036 15959 16065 15994
15522 14902 15622 16127
16612 15377 15712 15736
15632 15529 15182 16192
16031 16692 15975 15552
15694 15861 16533 14819
15831 15225 16674 15860
16481 15894 15546 14954
16031 16692 15975 15552
16031 16692 15975 15552
16031 16692 15975 15552
15831 15225 16674 15860
15072 15822 16047 16134
15468 15011 16107 16055
15888 16363 15808 15588
15827 16163 15617 15805
15350 15700 16518 15297
15827 16163 15617 15805
15226 15582 15650 16155
16578 15573 15652 15404
16454 15544 15953 15355
15632 15529 15182 16192
15468 15011 16107 16055
16125 16240 16325 15033
15072 15822 16047 16134
15794 16101 16279 15193
16496 15647 15681 15614
15331 15717 16567 15572
16211 15932 15703 15636
16365 15530 16161 15710
16063 16145 15832 15842
15072 15822 16047 16134
15613 15267 16382 15792
16365 15530 16161 15710
15395 15519 16261 15980
15877 15228 16375 15478
15784 15836 16509 15101
15876 15995 16247 15757
15792 15950 16527 14885
15632 15529 15182 16192
15723 15827 16414 15746
15072 15822 16047 16134
16282 15878 16263 15876
16125 16240 16325 15033
15888 16363 15808 15588
15723 15827 16414 15746
15072 15822 16047 16134
16031 16692 15975 15552
15331 15717 16567 15572
15647 15739 15778 16008
15876 15995 16247 15757
15794 16101 16279 15193
16091 16206 15820 15314
15876 15995 16247 15757
15958 15337 16314 15389
16031 16692 15975 15552
15694 15861 16533 14819
15877 15228 16375 15478
15261 15450 16668 15056
16036 16053 15863 15468
15763 16188 15688 16053
15935 15609 16074 16011
15581 16005 16172 15449
16282 15878 16263 15876
16211 15932 15703 15636
16036 16053 15863 15468
15036 15959 16065 15994
15647 15739 15778 16008
15568 15410 16323 16029
15226 15582 15650 16155
15642 16088 16141 15606
16375 15547 15665 15781
15647 15739 15778 16008
15880 15796 16492 15360
15316 15711 16347 15850
15930 15484 16642 15159
15403 15792 16341 15961
15350 15700 16518 15297
16454 15544 15953 15355
16029 16375 16153 15380
15998 15983 15895 15922
15613 15267 16382 15792
16415 16162 15682 15465
15675 15652 15640 16097
15827 16163 15617 15805
15661 15552 16455 15691
16091 16206 15820 15314
16031 16692 15975 15552
15632 15529 15182 16192
16415 16162 15682 15465
15930 15484 16642 15159
15784 15836 16509 15101
16125 16240 16325 15033
15524 15926 16515 15387
15350 15700 16518 15297
15622 15567 15875 16100
15930 15484 16642 15159
15036 15959 16065 15994
16365 15530 16161 15710
15261 15450 16668 15056
15766 15625 15830 16044
15888 16363 15808 15588
15072 15822 16047 16134
15998 15983 15895 15922
15675 15652 15640 16097
15723 15827 16414 15746
15568 15410 16323 16029
15316 15711 16347 15850
15647 15739 15778 16008
16375 15547 15665 15781
15350 15700 16518 15297
16365 15530 16161 15710
15794 16101 16279 15193
15642 16088 16141 15606
15958 15337 16314 15389
15694 15861 16533 14819
16365 15530 16161 15710
16612 15377 15712 15736
16454 15544 15953 15355
16211 15932 15703 15636
16031 16692 15975 15552
15876 15995 16247 15757
15694 15861 16533 14819
15524 15926 16515 15387
15633 16010 16260 15397
15452 16170 15876 16145
15784 15836 16509 15101
15701 15733 16466 15661
15350 15700 16518 15297
15261 15450 16668 15056
15226 15582 15650 16155
15036 15959 16065 15994
16496 15647 15681 15614
16612 15377 15712 15736
15675 15652 15640 16097
15581 16005 16172 15449
15261 15450 16668 15056
16029 16375 16153 15380
15930 15484 16642 15159
15935 15609 16074 16011
15226 15582 15650 16155
15261 15450 16668 15056
15675 15652 15640 16097
15675 15652 15640 16097
15350 15700 16518 15297
15930 15484 16642 15159
15261 15450 16668 15056
16375 15547 15665 15781
16063 16145 15832 15842
15316 15711 16347 15850
16036 16053 15863 15468
15930 15484 16642 15159
15675 15652 15640 16097
16125 16240 16325 15033
15452 16170 15876 16145
15701 15733 16466 15661
15701 15733 16466 15661
15694 15861 16533 14819
15632 15529 15182 16192
15935 15609 16074 16011
15763 16188 15688 16053
15613 15267 16382 15792
15555 16175 16341 15387
15694 15861 16533 14819
16031 16692 15975 15552
15831 15225 16674 15860
15581 16005 16172 15449
15581 16005 16172 15449
15831 15225 16674 15860
15763 16188 15688 16053
15072 15822 16047 16134
16282 15878 16263 15876
16036 16053 15863 15468
15036 15959 16065 15994
15468 15011 16107 16055
16211 15932 15703 15636
15395 15519 16261 15980
16036 16053 15863 15468
15468 15011 16107 16055
15827 16163 15617 15805
15930 15484 16642 15159
15633 16010 16260 15397
15888 16363 15808 15588
15675 15652 15640 16097
15452 16170 15876 16145
16612 15377 15712 15736
15587 15907 16348 15686
15763 16188 15688 16053
16496 15647 15681 15614
16612 15377 15712 15736
15647 15739 15778 16008
16365 15530 16161 15710
15888 16363 15808 15588
15642 16088 16141 15606
15647 15739 15778 16008
15226 15582 15650 16155
15331 15717 16567 15572
15784 15836 16509 15101
15694 15861 16533 14819
15647 15739 15778 16008
15792 15950 16527 14885
15350 15700 16518 15297
15316 15711 16347 15850
15958 15337 16314 15389
15468 15011 16107 16055
16125 16240 16325 15033
15524 15926 16515 15387
15350 15700 16518 15297
16612 15377 15712 15736
15930 15484 16642 15159
15930 15484 16642 15159
15998 15983 15895 15922
15880 15796 16492 15360
16031 16692 15975 15552
15072 15822 16047 16134
15613 15267 16382 15792
15468 15011 16107 16055
16091 16206 15820 15314
15701 15733 16466 15661
15784 15836 16509 15101
15794 16101 16279 15193
16031 16692 15975 15552
16578 15573 15652 15404
15261 15450 16668 15056
16454 15544 15953 15355
15468 15011 16107 16055
15794 16101 16279 15193
16496 15647 15681 15614
15792 15950 16527 14885
16063 16145 15832 15842
15072 15822 16047 16134
15784 15836 16509 15101
15613 15267 16382 15792
15226 15582 15650 16155
15877 15228 16375 15478
15930 15484 16642 15159
15647 15739 15778 16008
16091 16206 15820 15314
15876 15995 16247 15757
15877 15228 16375 15478
15831 15225 16674 15860
16211 15932 15703 15636
16375 15547 15665 15781
15568 15410 16323 16029
15261 15450 16668 15056
15452 16170 15876 16145
15792 15950 16527 14885
16031 16692 15975 15552
15694 15861 16533 14819
15784 15836 16509 15101
15261 15450 16668 15056
15226 15582 15650 16155
15888 16363 15808 15588
15036 15959 16065 15994
15647 15739 15778 16008
16496 15647 15681 15614
15675 15652 15640 16097
15581 16005 16172 15449
15261 15450 16668 15056
15350 15700 16518 15297
15261 15450 16668 15056
15888 16363 15808 15588
15930 15484 16642 15159
15675 15652 15640 16097
16125 16240 16325 15033
15452 16170 15876 16145
16211 15932 15703 15636
15935 15609 16074 16011
15072 15822 16047 16134
15763 16188 15688 16053
15613 15267 16382 15792
15581 16005 16172 15449
15694 15861 16533 14819
16454 15544 15953 15355
15568 15410 16323 16029
16415 16162 15682 15465
15831 15225 16674 15860
15877 15228 16375 15478
15876 15995 16247 15757
15647 15739 15778 16008
15661 15552 16455 15691
16091 16206 15820 15314
15784 15836 16509 15101
16031 16692 15975 15552
16063 16145 15832 15842
16125 16240 16325 15033
15036 15959 16065 15994
15261 15450 16668 15056
15072 15822 16047 16134
15794 16101 16279 15193
15784 15836 16509 15101
15701 15733 16466 15661
15723 15827 16414 15746
15316 15711 16347 15850
15642 16088 16141 15606
15930 15484 16642 15159
15350 15700 16518 15297
15524 15926 16515 15387
16125 16240 16325 15033
16454 15544 15953 15355
