313274 3360.34
9872 7985
7789 10049
9872 7985
8807 9727
9372 9220
8351 9928
8906 9647
9241 9369
7970 10030
9638 8800
8983 9600
9017 9570
9795 8344
9506 9017
9263 9321
9168 9445
9344 9239
7913 10041
9690 8655
9536 8997
9789 8387
9280 9295
8702 9779
9801 8330
9697 8644
9464 9086
9496 9053
9181 9417
9217 9388
9005 9577
9845 8149
9610 8853
8132 9997
8176 9978
8097 10003
8501 9883
8714 9776
8769 9748
9037 9532
8460 9897
8388 9912
9413 9157
8081 10007
9864 8070
9871 8021
9820 8255
9679 8733
9659 8769
7913 10041
7859 10043
9627 8831
8466 9888
8053 10016
8004 10022
9782 8397
8224 9972
7806 10044
7859 10043
9393 9190
8375 9913
9299 9265
9568 8938
9551 8973
9568 8938
9587 8905
9659 8769
9095 9505
9123 9481
8577 9835
8617 9823
8299 9934
9607 8874
9587 8905
9393 9190
8671 9799
9520 9009
9095 9505
9064 9524
8224 9972
8257 9955
9337 9253
9682 8696
9813 8260
9716 8616
8858 9693
8885 9672
8937 9630
9417 9120
9456 9111
8176 9978
9733 8586
9754 8526
9760 8486
9496 9053
9290 9282
8885 9672
9834 8183
9252 9335
9812 8296
9716 8616
9123 9481
8739 9756
9825 8216
8427 9907
9852 8095
9851 8137
8821 9698
9736 8551
9754 8526
9217 9388
8968 9618
8937 9630
8427 9907
9825 8216
9834 8183
9629 8817
8549 9849
8577 9835
8646 9810
8617 9823
7979 10026
8858 9693
8821 9698
9417 9120
9181 9417
8132 9997
9679 8733
9682 8696
9773 8425
9768 8459
9551 8973
9736 8551
9733 8586
8521 9858
8739 9756
8769 9748
9812 8296
9871 8021
9773 8425
9852 8095
9864 8070
8053 10016
8534 9856
8671 9799
9151 9455
8646 9810
9760 8486
9768 8459
9064 9524
9037 9532
8271 9941
8299 9934
