143 11.1598
23622 21728 22049 22626
22158 23175 23058 22236
22574 21464 24124 23058
22550 22018 22989 23971
22655 22876 23770 23388
22277 22932 23429 23425
23197 21844 23113 23736
23236 21962 23699 23163
22178 22987 23613 22967
22236 22917 23675 23128
22173 22542 23095 23871
22961 22729 23220 23160
22733 22341 23306 23570
23283 22237 22843 23527
23186 22802 22988 22555
22937 22295 23971 23198
22026 22571 23822 23564
23380 21770 23652 22475
22000 22563 23839 23489
23186 22802 22988 22555
22753 21827 23910 23349
22865 22010 23438 23348
23275 21929 23125 23672
23545 22088 22942 23290
22408 22837 23948 23094
22268 22852 23273 23436
22958 22168 23940 22977
22673 22909 23864 23191
22911 21984 23434 23423
23475 21968 22867 23381
21829 22231 23693 23616
22937 22295 23971 23198
22481 22833 23835 23327
22698 22468 22860 23444
22959 22671 23419 22704
22326 23039 23566 23047
21769 22279 23262 23806
23244 21804 23185 23591
23082 22614 22415 23304
22707 22983 22921 22773
21933 22433 23823 23698
22980 22352 23387 22737
23071 21949 23377 23694
23511 22208 22817 23425
22774 22936 23474 23082
21897 22433 23894 23488
23258 21883 22914 23716
23297 22095 23319 22581
21901 22504 23918 23467
23285 21677 23710 22322
22346 22835 23918 23179
22968 21981 23846 23245
22691 22530 23281 23556
23413 21713 23630 22542
22355 22890 23843 23258
22179 22894 23987 22938
22017 22289 23757 23571
22481 22610 23260 23527
23244 21804 23185 23591
23532 21938 22850 23333
22173 22542 23095 23871
22951 22667 23155 23165
23297 21693 23682 22372
22178 22987 23613 22967
22179 22894 23987 22938
22610 22793 23432 23494
23156 21874 23079 23769
23186 21804 23838 23058
22774 22936 23474 23082
22925 22643 23653 22587
22481 22610 23260 23527
23170 22826 22935 22411
21920 22379 23895 23622
23171 21953 23630 23219
23043 22712 23334 22621
21870 22525 23918 23467
22573 21875 23737 23429
23167 22579 23181 22572
23171 21869 23244 23696
23511 22208 22817 23425
22574 21464 24124 23058
21945 22465 23651 23574
23197 21844 23113 23736
23440 21932 23126 23410
22606 21494 23961 23127
22232 22758 23405 23528
23148 21951 23712 23200
22925 22643 23653 22587
22294 22825 23271 23502
23192 22311 22476 23523
21850 22259 23438 23794
23202 22052 23837 23075
22890 22710 23470 23416
22432 22884 23065 23330
23285 21677 23710 22322
22774 22936 23474 23082
22173 22542 23095 23871
23358 22203 22894 23661
23070 22857 22936 22536
22326 23039 23566 23047
21913 22209 23486 23735
22793 22763 23235 23233
23158 22187 22470 23595
23468 21926 23574 22633
22354 22995 23545 23025
21945 22465 23651 23574
22835 22035 23418 23439
23190 22596 23014 22597
21884 22520 24038 23526
23136 22717 22986 22771
22232 22758 23405 23528
22547 22744 23918 23262
22182 22758 23369 23565
23337 22182 22436 23286
23055 22107 23879 23102
22655 22876 23770 23388
22845 22251 23855 23159
22238 22849 23113 23433
23171 21953 23630 23219
23477 22266 22786 23392
22550 22018 22989 23971
23275 21929 23125 23672
23082 22280 23339 22771
23070 22857 22936 22536
22807 22883 23685 22741
22185 23000 23576 22946
21829 22231 23693 23616
23202 22052 23837 23075
22277 22932 23429 23425
22716 22921 23693 23068
21970 22492 23755 23599
22920 22854 23167 23033
22225 22488 22912 23654
23395 21908 23009 23568
23170 22826 22935 22411
22397 21493 24007 22976
22173 22542 23095 23871
23347 21807 23039 23556
22416 22096 23611 23457
23222 22556 23040 22540
22817 22022 23916 23295
22908 22027 23606 23347
23358 22203 22894 23661
23403 22229 22519 23390
22470 21354 24042 22954
22367 22507 23257 23569
22968 21981 23846 23245
22722 22840 23339 23239
22644 22700 23620 23329
23358 22195 22638 23439
21737 22600 22873 23711
22848 22801 23588 23090
22408 22837 23948 23094
22206 22777 23274 23533
23162 21969 23752 23132
22180 22989 23587 23062
23079 21885 23161 23721
23282 21752 23166 23395
23297 22095 23319 22581
23083 22830 22831 22424
21975 22485 23840 23489
22902 22266 23754 23177
22233 22633 23342 23696
23059 22602 22478 23215
22774 22936 23474 23082
21960 22391 23808 23412
23229 21877 23074 23728
23192 22311 22476 23523
21977 22484 23864 23450
23315 21826 23618 22418
22901 22251 23920 23228
22421 22826 23872 23272
22918 22063 23068 23581
23440 21932 23126 23410
22547 22744 23918 23262
22279 22957 23890 23142
21884 22520 24038 23526
23235 22222 22861 23639
23126 22353 22402 23543
23488 21874 23022 23361
22173 22542 23095 23871
23071 21949 23377 23694
23171 21953 23630 23219
22805 22852 23609 23045
22673 22909 23864 23191
22304 22940 23630 23226
23197 21844 23113 23736
23468 21926 23574 22633
22812 22828 23651 22963
22326 23039 23566 23047
22225 22488 22912 23654
22971 22594 23408 22414
21970 22492 23755 23599
23171 21953 23630 23219
23070 22857 22936 22536
22753 21827 23910 23349
22367 22507 23257 23569
23385 21739 23556 22723
22481 22833 23835 23327
23170 22826 22935 22411
21901 22504 23918 23467
22416 22096 23611 23457
23258 21883 22914 23716
23412 22225 22459 23389
22919 22091 23863 23207
22285 22921 22942 23390
22950 22176 23881 23081
22408 22837 23948 23094
22174 22752 23440 23495
23247 22231 22353 23230
22550 22018 22989 23971
22942 22749 23380 23104
22748 22740 23691 22891
23034 22627 22412 23300
23123 22555 23281 22526
22731 22995 23002 22215
21908 22227 23493 23736
23209 22229 22621 23553
23082 22614 22415 23304
22731 22995 23002 22215
22733 22341 23306 23570
23057 22653 23043 23030
23126 22353 22402 23543
23297 22095 23319 22581
22170 23127 23248 22266
21933 22433 23823 23698
23156 21874 23079 23769
23145 22454 22294 22983
22573 21875 23737 23429
23307 21932 23095 23510
22321 22918 23861 23174
23055 22107 23879 23102
22298 22771 23195 23560
23413 21713 23630 22542
22547 22744 23918 23262
22537 22837 23895 23333
22906 21933 23770 23255
22890 22710 23470 23416
23307 21932 23095 23510
23535 21990 22960 23273
21829 22159 23435 23768
23197 22318 22765 23480
22925 22643 23653 22587
22180 22989 23587 23062
22830 22188 23936 23267
22717 22829 23365 23286
22133 22644 23210 23679
23211 21960 23769 23146
22277 22932 23429 23425
22812 22828 23651 22963
22210 22675 23327 23627
22774 22936 23474 23082
21926 22555 23165 23708
23222 22274 22858 23521
23247 22231 22353 23230
22120 22589 23971 23043
22000 22511 23368 23647
23247 21927 23615 23173
22908 22027 23606 23347
23472 22183 22671 23540
22470 21354 24042 22954
21904 22403 23670 23568
23229 21877 23074 23728
23467 21910 23072 23226
22120 22589 23971 23043
22144 22767 23346 23540
23166 22060 23853 23025
22942 22749 23380 23104
22610 22793 23432 23494
23412 22225 22459 23389
21908 22227 23493 23736
23166 22060 23853 23025
22268 22852 23273 23436
22388 22780 23787 23298
23024 22170 23852 23171
22146 22981 23606 23058
22610 22008 22960 23765
23283 22237 22843 23527
23082 22280 23339 22771
22185 23023 23591 22984
21881 22202 23451 23727
23034 22627 22412 23300
23158 22187 22470 23595
23498 21949 23136 23420
22774 22936 23474 23082
22000 22563 23839 23489
23235 22222 22861 23639
23175 22680 22913 22459
21920 22379 23895 23622
23236 21962 23699 23163
22762 22025 23893 23301
22844 22005 23747 23288
22336 22799 23368 23522
23498 21949 23136 23420
23166 22060 23853 23025
22771 22880 23539 22850
22408 22837 23948 23094
22336 22799 23368 23522
23148 21951 23712 23200
23535 21990 22960 23273
22173 22542 23095 23871
22780 22734 23474 23405
23252 21967 23649 23178
22913 22662 23537 22726
22355 22890 23843 23258
22279 22957 23890 23142
22173 22542 23095 23871
23247 21927 23615 23173
22549 22801 23046 23307
22771 22880 23539 22850
22210 22675 23327 23627
23070 22857 22936 22536
22000 22511 23368 23647
23439 22010 22930 23548
23170 22826 22935 22411
22606 21494 23961 23127
23156 21874 23079 23769
23311 22210 22472 23321
22780 22734 23474 23405
23190 22596 23014 22597
22120 22589 23971 23043
23197 21844 23113 23736
22791 22817 23381 23390
23468 21926 23574 22633
22120 22589 23971 23043
22014 22659 23515 23513
22911 21984 23434 23423
22537 22837 23895 23333
22182 22758 23369 23565
23477 22266 22786 23392
22173 22542 23095 23871
22942 22749 23380 23104
22748 22740 23691 22891
21928 22849 22905 23315
23209 21899 23754 23020
22326 23039 23566 23047
21850 22259 23438 23794
23331 21890 23021 23614
22969 22736 22872 22930
23022 22873 22790 22487
22573 21875 23737 23429
23043 22712 23334 22621
22142 22679 23341 23598
23174 22619 23180 22565
22354 22995 23545 23025
22573 21875 23737 23429
23275 21929 23125 23672
23219 22235 22408 23542
22968 21981 23846 23245
23468 21926 23574 22633
22279 22957 23890 23142
22294 22854 23967 22950
