5524 1563.49
8925 8176 8387 7352
8401 8931 8386 7593
8091 7613 9024 7515
8085 7927 8302 8256
8695 8587 8800 7862
8695 8587 8800 7862
8695 8587 8800 7862
8695 8587 8800 7862
8695 8587 8800 7862
8695 8587 8800 7862
8695 8587 8800 7862
8695 8587 8800 7862
8695 8587 8800 7862
8695 8587 8800 7862
8695 8587 8800 7862
8695 8587 8800 7862
8695 8587 8800 7862
8682 8530 8762 7886
8695 8587 8800 7862
8695 8587 8800 7862
8695 8587 8800 7862
8695 8587 8800 7862
8695 8587 8800 7862
8695 8587 8800 7862
8695 8587 8800 7862
8695 8587 8800 7862
8700 8563 8786 7786
8695 8587 8800 7862
8695 8587 8800 7862
8695 8587 8800 7862
8695 8587 8800 7862
8695 8587 8800 7862
8695 8587 8800 7862
8695 8587 8800 7862
8617 8528 8804 7804
8695 8587 8800 7862
8695 8587 8800 7862
8695 8587 8800 7862
8695 8587 8800 7862
8695 8587 8800 7862
8695 8587 8800 7862
8695 8587 8800 7862
8695 8587 8800 7862
8695 8587 8800 7862
8695 8587 8800 7862
8695 8587 8800 7862
8695 8587 8800 7862
8695 8587 8800 7862
8695 8587 8800 7862
8695 8587 8800 7862
8695 8587 8800 7862
8695 8587 8800 7862
8617 8528 8804 7804
8695 8587 8800 7862
8695 8587 8800 7862
8666 8522 8773 7883
8695 8587 8800 7862
8695 8587 8800 7862
8695 8587 8800 7862
8695 8587 8800 7862
8695 8587 8800 7862
8695 8587 8800 7862
8695 8587 8800 7862
8695 8587 8800 7862
8695 8587 8800 7862
7885 7653 8104 7968
8695 8587 8800 7862
8695 8587 8800 7862
7690 7666 8000 7973
8695 8587 8800 7862
8695 8587 8800 7862
8695 8587 8800 7862
8695 8587 8800 7862
8695 8587 8800 7862
8695 8587 8800 7862
8695 8587 8800 7862
8700 8563 8786 7786
8695 8587 8800 7862
8695 8587 8800 7862
8695 8587 8800 7862
8695 8587 8800 7862
8695 8587 8800 7862
8695 8587 8800 7862
8695 8587 8800 7862
8695 8587 8800 7862
8695 8587 8800 7862
8695 8587 8800 7862
8695 8587 8800 7862
8695 8587 8800 7862
8695 8587 8800 7862
8695 8587 8800 7862
8695 8587 8800 7862
8695 8587 8800 7862
8695 8587 8800 7862
8695 8587 8800 7862
8695 8587 8800 7862
8695 8587 8800 7862
8695 8587 8800 7862
7949 7660 8135 8101
8695 8587 8800 7862
8695 8587 8800 7862
8695 8587 8800 7862
8695 8587 8800 7862
8695 8587 8800 7862
8695 8587 8800 7862
8695 8587 8800 7862
8695 8587 8800 7862
8695 8587 8800 7862
8695 8587 8800 7862
8695 8587 8800 7862
8482 8435 8670 7864
8695 8587 8800 7862
8695 8587 8800 7862
8695 8587 8800 7862
8695 8587 8800 7862
8695 8587 8800 7862
8695 8587 8800 7862
8695 8587 8800 7862
8695 8587 8800 7862
8695 8587 8800 7862
8695 8587 8800 7862
8695 8587 8800 7862
8695 8587 8800 7862
8695 8587 8800 7862
8581 8482 8871 7752
8695 8587 8800 7862
8695 8587 8800 7862
8695 8587 8800 7862
8695 8587 8800 7862
8695 8587 8800 7862
8695 8587 8800 7862
8695 8587 8800 7862
8695 8587 8800 7862
8695 8587 8800 7862
8695 8587 8800 7862
8695 8587 8800 7862
8695 8587 8800 7862
8695 8587 8800 7862
8695 8587 8800 7862
8695 8587 8800 7862
8695 8587 8800 7862
8695 8587 8800 7862
8695 8587 8800 7862
8695 8587 8800 7862
8695 8587 8800 7862
8695 8587 8800 7862
8695 8587 8800 7862
8695 8587 8800 7862
8695 8587 8800 7862
8666 8522 8773 7883
8695 8587 8800 7862
8695 8587 8800 7862
8695 8587 8800 7862
8695 8587 8800 7862
8695 8587 8800 7862
8695 8587 8800 7862
8695 8587 8800 7862
8695 8587 8800 7862
8695 8587 8800 7862
8695 8587 8800 7862
8695 8587 8800 7862
8695 8587 8800 7862
8695 8587 8800 7862
8695 8587 8800 7862
8695 8587 8800 7862
8695 8587 8800 7862
8695 8587 8800 7862
8695 8587 8800 7862
8695 8587 8800 7862
8695 8587 8800 7862
8695 8587 8800 7862
8695 8587 8800 7862
8695 8587 8800 7862
8695 8587 8800 7862
8695 8587 8800 7862
8695 8587 8800 7862
8695 8587 8800 7862
8695 8587 8800 7862
8695 8587 8800 7862
8695 8587 8800 7862
8656 8577 8801 7811
8695 8587 8800 7862
8695 8587 8800 7862
8695 8587 8800 7862
8695 8587 8800 7862
8695 8587 8800 7862
8695 8587 8800 7862
8695 8587 8800 7862
8695 8587 8800 7862
8695 8587 8800 7862
8695 8587 8800 7862
8695 8587 8800 7862
8695 8587 8800 7862
8695 8587 8800 7862
8695 8587 8800 7862
8695 8587 8800 7862
8695 8587 8800 7862
8695 8587 8800 7862
8695 8587 8800 7862
8695 8587 8800 7862
8695 8587 8800 7862
8695 8587 8800 7862
8695 8587 8800 7862
8695 8587 8800 7862
8695 8587 8800 7862
8695 8587 8800 7862
8695 8587 8800 7862
8695 8587 8800 7862
8695 8587 8800 7862
8695 8587 8800 7862
8695 8587 8800 7862
8695 8587 8800 7862
8695 8587 8800 7862
8695 8587 8800 7862
8695 8587 8800 7862
8695 8587 8800 7862
8695 8587 8800 7862
8695 8587 8800 7862
8695 8587 8800 7862
8695 8587 8800 7862
8695 8587 8800 7862
8695 8587 8800 7862
8695 8587 8800 7862
8695 8587 8800 7862
8387 8678 8218 7377
8695 8587 8800 7862
8695 8587 8800 7862
8656 8577 8801 7811
8695 8587 8800 7862
8695 8587 8800 7862
8695 8587 8800 7862
8695 8587 8800 7862
8517 8468 8843 7814
8654 8525 8808 7808
8695 8587 8800 7862
8695 8587 8800 7862
8695 8587 8800 7862
8695 8587 8800 7862
8695 8587 8800 7862
8695 8587 8800 7862
8695 8587 8800 7862
8695 8587 8800 7862
8695 8587 8800 7862
8695 8587 8800 7862
8695 8587 8800 7862
8695 8587 8800 7862
8695 8587 8800 7862
8695 8587 8800 7862
8695 8587 8800 7862
8695 8587 8800 7862
8695 8587 8800 7862
8695 8587 8800 7862
8695 8587 8800 7862
7949 7660 8135 8101
8695 8587 8800 7862
8695 8587 8800 7862
8695 8587 8800 7862
8695 8587 8800 7862
8695 8587 8800 7862
8695 8587 8800 7862
8695 8587 8800 7862
8695 8587 8800 7862
8695 8587 8800 7862
8695 8587 8800 7862
8695 8587 8800 7862
8695 8587 8800 7862
8695 8587 8800 7862
8695 8587 8800 7862
8695 8587 8800 7862
8695 8587 8800 7862
8695 8587 8800 7862
8695 8587 8800 7862
8695 8587 8800 7862
8695 8587 8800 7862
8695 8587 8800 7862
8695 8587 8800 7862
8695 8587 8800 7862
8695 8587 8800 7862
8695 8587 8800 7862
8695 8587 8800 7862
8695 8587 8800 7862
8695 8587 8800 7862
8695 8587 8800 7862
8695 8587 8800 7862
8695 8587 8800 7862
8695 8587 8800 7862
8695 8587 8800 7862
8695 8587 8800 7862
8695 8587 8800 7862
8695 8587 8800 7862
8695 8587 8800 7862
8695 8587 8800 7862
8695 8587 8800 7862
8695 8587 8800 7862
8695 8587 8800 7862
8695 8587 8800 7862
8695 8587 8800 7862
8695 8587 8800 7862
8695 8587 8800 7862
8695 8587 8800 7862
8695 8587 8800 7862
8695 8587 8800 7862
8695 8587 8800 7862
8695 8587 8800 7862
8695 8587 8800 7862
8695 8587 8800 7862
8695 8587 8800 7862
8695 8587 8800 7862
8695 8587 8800 7862
8695 8587 8800 7862
8695 8587 8800 7862
8695 8587 8800 7862
8695 8587 8800 7862
8695 8587 8800 7862
8695 8587 8800 7862
8189 7762 8835 7640
8695 8587 8800 7862
8695 8587 8800 7862
8695 8587 8800 7862
8695 8587 8800 7862
8695 8587 8800 7862
8695 8587 8800 7862
8695 8587 8800 7862
8695 8587 8800 7862
8695 8587 8800 7862
8695 8587 8800 7862
8695 8587 8800 7862
8695 8587 8800 7862
8695 8587 8800 7862
8697 8610 8759 7808
8695 8587 8800 7862
8695 8587 8800 7862
8695 8587 8800 7862
8695 8587 8800 7862
8695 8587 8800 7862
8695 8587 8800 7862
8695 8587 8800 7862
8695 8587 8800 7862
8695 8587 8800 7862
8695 8587 8800 7862
8695 8587 8800 7862
8695 8587 8800 7862
8695 8587 8800 7862
8695 8587 8800 7862
8695 8587 8800 7862
8695 8587 8800 7862
8695 8587 8800 7862
8695 8587 8800 7862
8695 8587 8800 7862
8695 8587 8800 7862
8695 8587 8800 7862
8695 8587 8800 7862
8695 8587 8800 7862
8695 8587 8800 7862
8695 8587 8800 7862
8695 8587 8800 7862
8695 8587 8800 7862
8695 8587 8800 7862
8695 8587 8800 7862
8695 8587 8800 7862
8695 8587 8800 7862
8695 8587 8800 7862
8695 8587 8800 7862
8695 8587 8800 7862
8695 8587 8800 7862
8695 8587 8800 7862
8695 8587 8800 7862
8695 8587 8800 7862
8695 8587 8800 7862
8695 8587 8800 7862
8695 8587 8800 7862
8695 8587 8800 7862
8695 8587 8800 7862
8695 8587 8800 7862
8695 8587 8800 7862
8695 8587 8800 7862
8695 8587 8800 7862
8695 8587 8800 7862
8695 8587 8800 7862
8695 8587 8800 7862
8695 8587 8800 7862
8695 8587 8800 7862
8695 8587 8800 7862
8695 8587 8800 7862
8695 8587 8800 7862
8695 8587 8800 7862
8695 8587 8800 7862
8695 8587 8800 7862
8570 8459 8576 7901
8695 8587 8800 7862
8695 8587 8800 7862
8695 8587 8800 7862
8695 8587 8800 7862
8695 8587 8800 7862
8695 8587 8800 7862
8695 8587 8800 7862
8695 8587 8800 7862
8695 8587 8800 7862
8695 8587 8800 7862
8695 8587 8800 7862
8695 8587 8800 7862
8695 8587 8800 7862
8695 8587 8800 7862
8695 8587 8800 7862
8695 8587 8800 7862
8695 8587 8800 7862
8695 8587 8800 7862
8695 8587 8800 7862
8695 8587 8800 7862
8695 8587 8800 7862
8695 8587 8800 7862
8695 8587 8800 7862
8695 8587 8800 7862
8695 8587 8800 7862
8695 8587 8800 7862
8360 8696 8208 7390
8695 8587 8800 7862
8656 8577 8801 7811
8695 8587 8800 7862
8695 8587 8800 7862
8695 8587 8800 7862
8695 8587 8800 7862
8695 8587 8800 7862
8695 8587 8800 7862
8695 8587 8800 7862
8695 8587 8800 7862
8695 8587 8800 7862
8695 8587 8800 7862
8695 8587 8800 7862
8695 8587 8800 7862
8695 8587 8800 7862
8695 8587 8800 7862
7885 7653 8104 7968
8695 8587 8800 7862
8695 8587 8800 7862
8695 8587 8800 7862
8695 8587 8800 7862
8062 7838 8275 8202
8695 8587 8800 7862
8695 8587 8800 7862
8695 8587 8800 7862
8695 8587 8800 7862
8695 8587 8800 7862
8695 8587 8800 7862
8695 8587 8800 7862
8695 8587 8800 7862
8695 8587 8800 7862
8695 8587 8800 7862
8695 8587 8800 7862
8695 8587 8800 7862
8695 8587 8800 7862
8695 8587 8800 7862
8695 8587 8800 7862
8695 8587 8800 7862
8695 8587 8800 7862
8695 8587 8800 7862
8695 8587 8800 7862
8695 8587 8800 7862
8695 8587 8800 7862
8695 8587 8800 7862
8695 8587 8800 7862
8695 8587 8800 7862
8695 8587 8800 7862
8695 8587 8800 7862
8695 8587 8800 7862
8695 8587 8800 7862
8695 8587 8800 7862
8695 8587 8800 7862
8695 8587 8800 7862
8695 8587 8800 7862
8695 8587 8800 7862
8695 8587 8800 7862
8695 8587 8800 7862
8695 8587 8800 7862
8695 8587 8800 7862
8695 8587 8800 7862
8695 8587 8800 7862
8695 8587 8800 7862
8654 8525 8808 7808
8695 8587 8800 7862
8695 8587 8800 7862
8695 8587 8800 7862
8695 8587 8800 7862
8695 8587 8800 7862
8695 8587 8800 7862
8695 8587 8800 7862
8695 8587 8800 7862
8695 8587 8800 7862
8695 8587 8800 7862
8695 8587 8800 7862
8695 8587 8800 7862
8695 8587 8800 7862
8695 8587 8800 7862
8695 8587 8800 7862
8695 8587 8800 7862
8695 8587 8800 7862
8695 8587 8800 7862
8695 8587 8800 7862
8695 8587 8800 7862
8695 8587 8800 7862
8695 8587 8800 7862
8695 8587 8800 7862
8695 8587 8800 7862
8695 8587 8800 7862
8695 8587 8800 7862
8695 8587 8800 7862
8695 8587 8800 7862
8695 8587 8800 7862
8695 8587 8800 7862
8695 8587 8800 7862
8695 8587 8800 7862
8695 8587 8800 7862
8695 8587 8800 7862
8695 8587 8800 7862
8695 8587 8800 7862
8695 8587 8800 7862
8695 8587 8800 7862
8695 8587 8800 7862
8695 8587 8800 7862
8695 8587 8800 7862
8695 8587 8800 7862
8695 8587 8800 7862
8695 8587 8800 7862
8695 8587 8800 7862
8695 8587 8800 7862
8695 8587 8800 7862
8682 8530 8762 7886
8695 8587 8800 7862
8695 8587 8800 7862
8695 8587 8800 7862
8695 8587 8800 7862
8695 8587 8800 7862
8695 8587 8800 7862
8695 8587 8800 7862
8695 8587 8800 7862
8695 8587 8800 7862
8695 8587 8800 7862
8695 8587 8800 7862
8695 8587 8800 7862
8695 8587 8800 7862
8695 8587 8800 7862
8695 8587 8800 7862
8695 8587 8800 7862
8695 8587 8800 7862
8695 8587 8800 7862
8695 8587 8800 7862
8695 8587 8800 7862
8695 8587 8800 7862
8695 8587 8800 7862
8695 8587 8800 7862
8695 8587 8800 7862
8695 8587 8800 7862
8695 8587 8800 7862
8695 8587 8800 7862
8695 8587 8800 7862
8695 8587 8800 7862
8695 8587 8800 7862
8695 8587 8800 7862
8695 8587 8800 7862
8695 8587 8800 7862
8695 8587 8800 7862
8695 8587 8800 7862
8695 8587 8800 7862
8695 8587 8800 7862
8695 8587 8800 7862
8695 8587 8800 7862
8695 8587 8800 7862
8695 8587 8800 7862
8695 8587 8800 7862
8695 8587 8800 7862
8695 8587 8800 7862
8695 8587 8800 7862
8695 8587 8800 7862
8695 8587 8800 7862
8695 8587 8800 7862
8695 8587 8800 7862
8573 8547 8802 7643
8695 8587 8800 7862
8695 8587 8800 7862
8695 8587 8800 7862
8695 8587 8800 7862
8695 8587 8800 7862
8570 8459 8576 7901
8695 8587 8800 7862
8695 8587 8800 7862
8695 8587 8800 7862
8695 8587 8800 7862
8695 8587 8800 7862
8695 8587 8800 7862
8695 8587 8800 7862
8695 8587 8800 7862
8695 8587 8800 7862
8695 8587 8800 7862
8695 8587 8800 7862
8695 8587 8800 7862
8695 8587 8800 7862
8695 8587 8800 7862
8695 8587 8800 7862
8695 8587 8800 7862
8695 8587 8800 7862
8695 8587 8800 7862
8695 8587 8800 7862
8695 8587 8800 7862
8695 8587 8800 7862
8695 8587 8800 7862
8695 8587 8800 7862
8695 8587 8800 7862
8695 8587 8800 7862
8695 8587 8800 7862
8695 8587 8800 7862
8695 8587 8800 7862
8695 8587 8800 7862
8695 8587 8800 7862
8695 8587 8800 7862
8695 8587 8800 7862
8695 8587 8800 7862
8695 8587 8800 7862
8695 8587 8800 7862
8695 8587 8800 7862
8695 8587 8800 7862
8695 8587 8800 7862
8700 8523 8777 7795
8695 8587 8800 7862
8695 8587 8800 7862
8695 8587 8800 7862
8695 8587 8800 7862
8695 8587 8800 7862
8695 8587 8800 7862
8695 8587 8800 7862
8695 8587 8800 7862
8360 8696 8208 7390
8695 8587 8800 7862
8695 8587 8800 7862
8695 8587 8800 7862
8695 8587 8800 7862
8695 8587 8800 7862
8695 8587 8800 7862
8695 8587 8800 7862
8695 8587 8800 7862
8695 8587 8800 7862
8695 8587 8800 7862
8695 8587 8800 7862
8695 8587 8800 7862
8695 8587 8800 7862
8695 8587 8800 7862
8695 8587 8800 7862
8695 8587 8800 7862
8695 8587 8800 7862
8695 8587 8800 7862
8695 8587 8800 7862
8695 8587 8800 7862
8695 8587 8800 7862
8695 8587 8800 7862
8695 8587 8800 7862
8695 8587 8800 7862
8695 8587 8800 7862
8695 8587 8800 7862
8695 8587 8800 7862
8695 8587 8800 7862
8695 8587 8800 7862
8695 8587 8800 7862
8695 8587 8800 7862
8695 8587 8800 7862
8695 8587 8800 7862
8695 8587 8800 7862
8695 8587 8800 7862
8695 8587 8800 7862
8695 8587 8800 7862
8695 8587 8800 7862
8695 8587 8800 7862
8695 8587 8800 7862
8695 8587 8800 7862
8581 8482 8871 7752
8695 8587 8800 7862
8695 8587 8800 7862
8695 8587 8800 7862
8695 8587 8800 7862
8695 8587 8800 7862
8695 8587 8800 7862
8695 8587 8800 7862
8695 8587 8800 7862
8695 8587 8800 7862
8695 8587 8800 7862
8695 8587 8800 7862
8695 8587 8800 7862
8695 8587 8800 7862
8695 8587 8800 7862
8695 8587 8800 7862
8695 8587 8800 7862
8695 8587 8800 7862
8700 8523 8777 7795
8695 8587 8800 7862
8695 8587 8800 7862
8695 8587 8800 7862
8695 8587 8800 7862
8695 8587 8800 7862
8695 8587 8800 7862
8695 8587 8800 7862
8695 8587 8800 7862
8695 8587 8800 7862
8695 8587 8800 7862
8695 8587 8800 7862
8695 8587 8800 7862
8695 8587 8800 7862
8695 8587 8800 7862
8695 8587 8800 7862
8695 8587 8800 7862
8695 8587 8800 7862
8695 8587 8800 7862
8695 8587 8800 7862
8695 8587 8800 7862
8695 8587 8800 7862
8695 8587 8800 7862
8695 8587 8800 7862
8695 8587 8800 7862
8695 8587 8800 7862
8695 8587 8800 7862
8695 8587 8800 7862
8695 8587 8800 7862
8695 8587 8800 7862
8695 8587 8800 7862
8695 8587 8800 7862
8695 8587 8800 7862
8695 8587 8800 7862
8695 8587 8800 7862
8695 8587 8800 7862
8695 8587 8800 7862
8574 8487 8753 7880
8574 8487 8753 7880
8695 8587 8800 7862
8695 8587 8800 7862
8695 8587 8800 7862
8599 8451 8843 7690
8695 8587 8800 7862
8695 8587 8800 7862
8695 8587 8800 7862
8695 8587 8800 7862
8695 8587 8800 7862
8695 8587 8800 7862
8695 8587 8800 7862
8695 8587 8800 7862
8695 8587 8800 7862
8695 8587 8800 7862
8695 8587 8800 7862
8695 8587 8800 7862
8695 8587 8800 7862
8695 8587 8800 7862
8695 8587 8800 7862
8695 8587 8800 7862
8695 8587 8800 7862
7690 7666 8000 7973
8695 8587 8800 7862
8695 8587 8800 7862
8695 8587 8800 7862
8695 8587 8800 7862
8695 8587 8800 7862
8695 8587 8800 7862
8622 8503 8811 7826
8695 8587 8800 7862
8695 8587 8800 7862
8695 8587 8800 7862
8695 8587 8800 7862
8695 8587 8800 7862
8695 8587 8800 7862
8695 8587 8800 7862
8695 8587 8800 7862
8695 8587 8800 7862
8695 8587 8800 7862
8517 8468 8843 7814
8695 8587 8800 7862
8695 8587 8800 7862
8695 8587 8800 7862
8695 8587 8800 7862
8695 8587 8800 7862
8695 8587 8800 7862
8695 8587 8800 7862
8695 8587 8800 7862
8695 8587 8800 7862
8482 8435 8670 7864
8695 8587 8800 7862
8695 8587 8800 7862
8695 8587 8800 7862
8695 8587 8800 7862
8695 8587 8800 7862
8695 8587 8800 7862
8695 8587 8800 7862
8695 8587 8800 7862
8695 8587 8800 7862
8695 8587 8800 7862
8695 8587 8800 7862
8695 8587 8800 7862
8695 8587 8800 7862
8695 8587 8800 7862
8695 8587 8800 7862
8695 8587 8800 7862
8695 8587 8800 7862
8695 8587 8800 7862
8695 8587 8800 7862
8695 8587 8800 7862
8695 8587 8800 7862
8695 8587 8800 7862
8695 8587 8800 7862
8695 8587 8800 7862
8695 8587 8800 7862
8695 8587 8800 7862
8695 8587 8800 7862
8695 8587 8800 7862
8695 8587 8800 7862
8695 8587 8800 7862
8695 8587 8800 7862
8695 8587 8800 7862
8695 8587 8800 7862
8695 8587 8800 7862
8695 8587 8800 7862
8695 8587 8800 7862
8695 8587 8800 7862
8695 8587 8800 7862
8695 8587 8800 7862
8695 8587 8800 7862
8695 8587 8800 7862
8695 8587 8800 7862
8695 8587 8800 7862
8695 8587 8800 7862
8695 8587 8800 7862
8695 8587 8800 7862
8695 8587 8800 7862
8695 8587 8800 7862
8695 8587 8800 7862
8695 8587 8800 7862
8695 8587 8800 7862
8695 8587 8800 7862
8695 8587 8800 7862
8695 8587 8800 7862
8695 8587 8800 7862
8695 8587 8800 7862
8695 8587 8800 7862
8695 8587 8800 7862
8695 8587 8800 7862
8695 8587 8800 7862
8695 8587 8800 7862
8695 8587 8800 7862
8695 8587 8800 7862
8695 8587 8800 7862
8695 8587 8800 7862
8695 8587 8800 7862
8695 8587 8800 7862
8695 8587 8800 7862
8695 8587 8800 7862
8695 8587 8800 7862
8695 8587 8800 7862
8695 8587 8800 7862
8695 8587 8800 7862
8695 8587 8800 7862
8695 8587 8800 7862
8695 8587 8800 7862
8695 8587 8800 7862
8695 8587 8800 7862
8695 8587 8800 7862
8695 8587 8800 7862
8695 8587 8800 7862
8695 8587 8800 7862
8695 8587 8800 7862
8695 8587 8800 7862
8695 8587 8800 7862
8622 8503 8811 7826
8695 8587 8800 7862
8695 8587 8800 7862
8695 8587 8800 7862
8695 8587 8800 7862
8695 8587 8800 7862
8695 8587 8800 7862
8695 8587 8800 7862
8695 8587 8800 7862
8695 8587 8800 7862
8695 8587 8800 7862
8695 8587 8800 7862
8695 8587 8800 7862
8695 8587 8800 7862
8695 8587 8800 7862
8695 8587 8800 7862
8695 8587 8800 7862
8695 8587 8800 7862
8695 8587 8800 7862
8189 7762 8835 7640
8695 8587 8800 7862
8695 8587 8800 7862
8695 8587 8800 7862
8695 8587 8800 7862
8623 8561 8710 7778
8458 8590 8678 7683
8695 8587 8800 7862
8695 8587 8800 7862
8695 8587 8800 7862
8695 8587 8800 7862
8695 8587 8800 7862
8695 8587 8800 7862
8695 8587 8800 7862
8695 8587 8800 7862
8695 8587 8800 7862
8695 8587 8800 7862
8695 8587 8800 7862
8695 8587 8800 7862
8695 8587 8800 7862
8695 8587 8800 7862
8695 8587 8800 7862
8695 8587 8800 7862
8695 8587 8800 7862
8695 8587 8800 7862
8695 8587 8800 7862
8695 8587 8800 7862
8695 8587 8800 7862
8695 8587 8800 7862
8695 8587 8800 7862
8695 8587 8800 7862
8695 8587 8800 7862
8695 8587 8800 7862
8695 8587 8800 7862
8695 8587 8800 7862
8695 8587 8800 7862
8695 8587 8800 7862
8695 8587 8800 7862
8695 8587 8800 7862
8695 8587 8800 7862
8695 8587 8800 7862
8695 8587 8800 7862
8656 8577 8801 7811
8695 8587 8800 7862
8695 8587 8800 7862
8695 8587 8800 7862
8695 8587 8800 7862
8656 8577 8801 7811
8695 8587 8800 7862
8695 8587 8800 7862
8695 8587 8800 7862
8695 8587 8800 7862
8695 8587 8800 7862
8695 8587 8800 7862
8695 8587 8800 7862
8695 8587 8800 7862
8695 8587 8800 7862
8695 8587 8800 7862
8695 8587 8800 7862
8695 8587 8800 7862
8695 8587 8800 7862
8695 8587 8800 7862
8695 8587 8800 7862
8695 8587 8800 7862
8695 8587 8800 7862
8695 8587 8800 7862
8695 8587 8800 7862
8695 8587 8800 7862
8695 8587 8800 7862
8695 8587 8800 7862
8695 8587 8800 7862
8695 8587 8800 7862
8695 8587 8800 7862
8695 8587 8800 7862
8695 8587 8800 7862
8656 8577 8801 7811
8695 8587 8800 7862
8695 8587 8800 7862
8695 8587 8800 7862
8695 8587 8800 7862
8695 8587 8800 7862
8695 8587 8800 7862
8695 8587 8800 7862
8695 8587 8800 7862
8697 8610 8759 7808
8695 8587 8800 7862
8695 8587 8800 7862
8695 8587 8800 7862
8695 8587 8800 7862
8695 8587 8800 7862
8695 8587 8800 7862
8695 8587 8800 7862
8695 8587 8800 7862
8695 8587 8800 7862
8695 8587 8800 7862
8695 8587 8800 7862
8695 8587 8800 7862
8695 8587 8800 7862
8695 8587 8800 7862
8695 8587 8800 7862
8695 8587 8800 7862
8695 8587 8800 7862
8695 8587 8800 7862
8695 8587 8800 7862
8695 8587 8800 7862
8695 8587 8800 7862
8695 8587 8800 7862
8695 8587 8800 7862
8695 8587 8800 7862
8695 8587 8800 7862
8695 8587 8800 7862
8695 8587 8800 7862
8695 8587 8800 7862
8695 8587 8800 7862
8695 8587 8800 7862
8695 8587 8800 7862
8695 8587 8800 7862
