65994 3301.39
22900 21127 24271 24529
21182 21588 22987 27872
24653 21293 24889 21561
23469 22557 23021 19833
22946 21448 23736 21592
21113 20232 21622 24448
27233 23058 24926 21193
22478 24096 22612 22669
23315 25293 22087 22461
21920 23575 21728 24026
22774 25962 22230 23614
21168 21909 20186 22580
23146 19629 24775 26476
21160 22189 21608 23267
23283 20321 25050 23623
21673 24488 20299 20610
22918 18868 25206 25154
21787 22359 23020 28425
21577 23879 22054 26276
23665 25267 22780 20756
24050 23699 23949 22597
22389 24143 21263 19379
25440 23871 24156 21216
21763 24101 21007 24040
21169 20191 22078 24730
21294 18329 22867 23694
23235 23709 23085 26370
25449 22907 24040 20830
24783 22375 23939 19788
23273 24784 22210 20609
22079 22789 22962 25985
20432 21266 20471 23751
26288 23402 25516 22464
20589 21047 21687 26162
20221 19344 21039 24592
22471 24111 21808 26956
24777 23550 22850 20221
21015 18064 22432 23813
21546 17310 22412 22933
22114 25220 20984 23959
22584 17783 24087 22178
22457 23758 22113 21134
24557 24955 23642 19879
21363 23743 21220 23504
22126 19810 24688 22108
22152 20465 24143 26649
21095 18569 22520 21047
21072 19921 21335 22318
20908 21368 22111 25365
22881 19825 24534 24965
23033 22014 22354 24195
22879 20289 24490 24185
23024 19749 24883 26497
25769 23403 24532 20335
25121 21468 26661 24175
21975 23214 20986 22081
21982 21632 22522 25828
20661 19687 21533 24540
20015 18013 20568 23609
21314 20522 22361 25457
20235 18809 21517 24477
24013 22688 22397 23833
23430 26235 22255 21478
23890 21650 25224 21605
23414 21804 23857 23434
22272 22629 21763 22346
24808 22516 23276 19970
23039 24123 20932 20051
23663 21993 25303 23142
23214 21313 22035 18499
21654 22465 22400 25613
25456 24526 24271 20722
21075 20169 21136 25343
20878 21947 22569 25950
20579 23485 19869 24054
21821 23359 23177 25711
24285 24670 24357 20823
20156 22477 19687 21040
23043 22244 22246 20391
21765 20612 24757 24884
24794 21011 24155 20199
21608 23870 21836 22297
20254 20429 21662 26379
24776 20384 26387 24106
22681 18790 23204 23889
24906 22970 23759 20546
20951 23985 21342 23462
24723 20627 25776 21471
23182 20939 23440 22824
23849 20001 26045 23033
22434 20185 22129 23801
22631 22357 23267 22062
23562 22129 24648 22908
21119 22096 20371 22027
24657 24170 23326 20717
22451 23524 22400 19978
24088 19875 24906 25129
20778 21660 22351 27414
24920 22061 24083 21003
23408 20148 23772 22532
20338 22794 20880 25265
21956 23457 23092 23840
22250 23460 21448 23571
22975 23920 20920 20598
21110 24580 20154 23086
20141 21567 20499 24533
24395 26329 23708 23414
24716 21112 24764 20240
22202 19635 23901 23968
23735 19583 24162 23111
20846 21508 22727 26566
24924 22497 23327 21525
23834 21807 25553 23747
23410 20368 24753 25126
22929 20591 24447 23755
21866 20401 21161 22386
24681 24001 23699 20004
25722 25102 24350 20970
23381 22172 25169 24414
23876 20068 26280 25197
21814 21912 23110 26027
25481 25277 24829 21611
21527 23989 21356 25630
23819 21830 22137 18899
19579 19603 19967 22775
24876 22312 24137 21492
21616 22057 22406 24463
21697 23831 21258 24917
20171 19098 20180 23093
22029 20578 23213 22019
21214 22031 19883 22471
22492 23942 22063 21476
24957 23255 24965 23450
24052 23429 23138 18731
20195 20697 21378 24225
25753 23303 24756 22073
20092 21023 21677 23255
20567 21585 22126 27022
24106 20559 24429 23317
23784 21541 24003 22771
19844 20435 20521 24201
22822 25711 22024 23203
21724 23987 20729 24557
23507 19735 24585 22577
21325 18238 23209 22785
25151 22080 24434 21106
24190 24034 22939 20395
22334 18682 23066 20501
19064 18635 21216 25370
23083 19870 25204 26647
22580 22651 23746 26011
25401 24456 24839 22720
20769 21550 20543 21514
24794 25100 23770 20843
22128 22841 20548 21417
20264 20465 21315 23248
22788 23966 21763 21928
22529 24759 21330 23503
21826 19946 22324 25979
21621 19508 23776 26536
21718 24949 21521 20771
25058 23886 24701 23178
22366 21118 23529 27226
21685 18111 23264 24791
25284 23986 24098 21089
23628 26848 22178 22267
22836 22727 22781 20980
22188 24981 21687 23004
26301 23687 24932 20916
21166 21323 21812 21826
23041 21164 23306 23711
23371 20653 24299 25484
23635 19716 24997 21292
22606 20569 24641 26980
24446 24796 23196 19919
21526 24061 20786 25110
21950 23974 21974 24843
22919 26281 23069 23029
22541 21306 23608 25010
26152 22235 25041 21134
24454 21059 25446 22772
24173 24537 22696 21506
23809 19307 24534 23218
24063 22050 24584 23351
26115 23298 24691 20916
21954 20035 21334 19751
26400 24331 26020 22128
22486 23272 24912 23867
20148 22077 19182 21002
20823 21089 19809 20588
26280 23543 25029 22650
26613 24125 25308 20919
25344 23015 25956 24191
23734 23400 22301 19076
22243 22500 22066 22576
25206 22264 26016 23437
22642 24243 20965 20619
21094 19708 21986 23231
22970 22410 24546 26340
22711 25694 21949 23102
23974 24646 23510 23338
21428 21828 23121 27631
24262 20278 26800 24574
20428 21122 22012 23635
23706 23254 23031 21211
20237 23161 19908 22482
24332 22702 22663 19715
22007 19500 23014 23985
22496 25520 21838 23358
23356 22648 24944 25513
23723 23822 22241 23059
24690 20691 25418 22158
25661 22909 25359 22138
24086 20149 26472 23281
24332 23827 25008 22423
24530 24526 23603 23252
20395 22932 19987 23822
24709 21047 24849 21907
23936 25124 22690 19748
24359 23170 24472 22088
22094 24181 22929 25412
24348 24469 23667 21189
22687 21980 22270 18428
21040 19610 22301 23199
21170 21465 22518 26655
23527 21120 23805 20596
23131 22795 23205 20982
22983 20255 23548 22223
25173 21932 24878 21391
24302 20251 26309 24704
22047 20569 25000 21257
21668 22635 21196 25072
19637 19049 21050 23191
22097 21161 21033 19518
25612 21189 26572 23190
23349 20191 25372 25822
25456 24452 25745 23972
24085 20012 26222 25007
21800 24403 20107 21595
21820 24452 20210 21275
24750 23042 24392 21255
22272 25121 23451 24220
23159 20252 25495 23224
21529 23024 21080 23638
20026 19459 21577 25021
23982 19936 23138 20868
21785 21496 23175 27653
23171 20770 24878 21969
25484 21610 26088 22381
25519 22692 25094 21742
20382 18963 22017 23195
20434 21408 19257 20678
23962 20775 23779 20849
20930 22227 22498 26198
24542 22650 23538 21181
23082 23625 22991 25282
21739 21592 22822 26230
24312 24205 24773 24216
23036 21610 24045 21349
22396 24541 22332 22366
22267 21474 21025 18165
20553 19827 21657 25029
21958 19352 22595 23428
23504 23182 22788 20964
21136 21924 21031 23864
22292 22889 23054 27308
20891 21587 21098 25268
23251 23534 23845 22576
22642 24744 22886 22025
21693 20778 21984 23333
24873 22697 24370 20192
23911 21927 23995 20863
22493 20837 22100 21665
22309 22373 21029 19950
21544 22552 21335 19645
21791 20895 22961 24502
21743 24935 21831 25291
23373 25931 22442 23102
20497 18686 21794 24662
23574 25564 22731 21440
20936 22841 22947 22456
20808 23255 21297 22274
20341 22362 20818 25100
24752 23671 24053 23057
26075 23392 25236 22150
20925 19821 22264 26020
23399 21792 22203 21894
22805 20006 23348 26304
20564 21175 21946 26686
22716 19774 22798 22597
22267 24367 21119 21809
21319 24667 22359 25200
24637 24057 23434 21988
20821 22597 22532 26963
22632 22161 21917 19026
24220 22974 23893 21223
24228 19885 26124 25482
25913 23839 25353 21998
22106 22906 24297 25838
20963 23004 21381 26140
21761 24763 21010 22010
22201 22646 21530 19545
20049 20414 20510 24265
22118 22645 22613 26800
22411 23177 22115 19845
23288 22342 22711 25335
21454 22434 21557 24889
24531 21025 23013 19410
22718 21390 24028 26221
25088 22149 24080 20269
23616 19979 25066 25418
23239 21711 23484 21641
23549 24540 22344 21355
24611 23112 24557 22864
21128 20523 23115 24706
21538 21159 23423 27840
22183 22045 23954 27099
20474 22011 20543 24523
23133 20006 25919 23785
22883 22846 22599 25082
22411 22447 22438 22325
23980 23649 23976 25301
19805 20471 20861 22716
22498 19444 22170 19586
20944 22616 21489 26533
25564 23317 24578 21794
26000 24454 24484 22071
21661 24318 20253 22674
22045 21640 21725 24495
22760 25422 21791 23601
21250 22939 21936 25212
20416 20974 21811 23766
24301 20550 24967 21520
21435 24731 20592 23757
24184 20029 23739 20375
23603 25009 23481 23901
20994 21920 21068 25951
20558 21082 22414 26347
22758 21039 25267 23940
23822 23299 22945 22266
22935 25885 21988 21511
21877 22636 21137 21552
21923 22083 23827 27958
21234 23397 21069 21544
21930 20055 23298 24505
22456 25375 21937 21256
23473 26101 22385 22208
21515 24625 20613 21849
22213 22935 24123 27014
22716 25582 22014 23463
26041 23459 25380 22164
22223 23842 23063 27019
