68480 1680.33
19686 18009
18026 19818
19686 18009
18134 19782
18086 19798
18470 19579
18855 19254
18071 19804
18026 19818
19365 18638
19608 18187
19633 18145
18656 19444
18696 19400
18996 19091
19485 18436
18574 19497
18823 19280
19634 18126
18712 19376
19432 18522
18320 19670
19268 18786
18450 19592
19549 18318
19660 18059
19664 18016
18135 19770
18989 19110
19144 18926
18394 19638
19453 18501
18718 19373
18694 19410
18413 19619
18976 19114
18961 19141
19156 18923
19344 18658
18834 19274
18325 19666
19536 18337
18893 19199
18918 19184
18267 19716
18288 19697
19577 18266
19582 18230
19503 18392
18173 19747
18447 19602
18304 19693
19573 18268
19561 18295
19605 18209
18400 19622
19470 18459
19427 18545
19473 18446
18368 19649
18646 19445
18624 19460
19176 18890
19191 18868
19206 18855
18753 19347
19649 18111
18794 19317
19091 18998
19110 18981
18775 19334
19295 18741
19309 18719
19467 18479
19220 18833
18489 19553
18756 19342
19553 18308
19530 18340
18565 19514
18544 19527
18677 19423
18893 19199
18882 19222
18794 19317
18624 19460
19027 19067
19044 19051
19012 19082
18743 19366
18159 19762
19502 18402
19658 18083
18351 19661
19380 18606
19372 18630
18197 19746
18215 19733
18529 19543
19295 18741
18544 19527
19280 18757
19621 18168
18882 19222
18529 19543
18508 19552
19593 18220
18486 19565
19649 18111
19013 19075
19053 19038
19664 18016
19118 18965
19127 18944
18594 19493
19228 18811
19220 18833
18918 19184
18936 19173
18351 19661
18368 19649
18159 19762
19517 18377
18961 19141
18948 19157
18743 19366
19492 18414
19411 18567
19385 18582
18857 19236
19380 18606
19191 18868
18936 19173
18948 19157
18775 19334
19250 18797
19128 18937
19234 18808
19206 18855
19658 18083
18428 19609
19176 18890
19158 18898
19411 18567
19158 18898
18197 19746
19077 19006
19065 19020
18565 19514
19524 18360
18428 19609
19322 18683
19319 18706
19660 18059
18805 19294
18267 19716
18594 19493
19404 18577
19385 18582
19110 18981
19118 18965
19323 18681
19517 18377
19524 18360
18232 19727
18215 19733
19275 18776
19280 18757
19341 18679
19344 18658
18860 19230
19686 18009
19309 18719
19319 18706
19467 18479
19077 19006
18246 19719
19091 18998
18232 19727
19027 19067
18805 19294
19621 18168
19492 18414
18603 19472
18246 19719
19053 19038
19044 19051
18086 19798
18071 19804
19428 18524
19427 18545
19453 18501
19582 18230
18603 19472
19561 18295
18508 19552
19341 18679
18304 19693
18288 19697
18603 19472
