176 1.28929
21397 20518 22295 21061
21274 20504 21775 21899
21894 20258 21338 21895
21894 20258 21338 21895
21397 20518 22295 21061
21397 20518 22295 21061
21274 20504 21775 21899
21397 20518 22295 21061
21274 20504 21775 21899
21274 20504 21775 21899
21894 20258 21338 21895
21274 20504 21775 21899
21397 20518 22295 21061
21274 20504 21775 21899
21274 20504 21775 21899
21397 20518 22295 21061
21397 20518 22295 21061
21274 20504 21775 21899
21274 20504 21775 21899
21397 20518 22295 21061
21397 20518 22295 21061
21274 20504 21775 21899
21274 20504 21775 21899
21274 20504 21775 21899
21274 20504 21775 21899
21274 20504 21775 21899
21397 20518 22295 21061
21274 20504 21775 21899
21274 20504 21775 21899
21397 20518 22295 21061
21274 20504 21775 21899
21274 20504 21775 21899
21894 20258 21338 21895
21274 20504 21775 21899
21397 20518 22295 21061
21274 20504 21775 21899
21274 20504 21775 21899
21397 20518 22295 21061
21397 20518 22295 21061
21274 20504 21775 21899
21397 20518 22295 21061
21274 20504 21775 21899
21274 20504 21775 21899
21274 20504 21775 21899
21397 20518 22295 21061
21274 20504 21775 21899
21274 20504 21775 21899
21397 20518 22295 21061
21397 20518 22295 21061
21274 20504 21775 21899
21397 20518 22295 21061
21397 20518 22295 21061
21274 20504 21775 21899
21274 20504 21775 21899
21274 20504 21775 21899
21397 20518 22295 21061
21274 20504 21775 21899
21274 20504 21775 21899
21397 20518 22295 21061
21274 20504 21775 21899
21397 20518 22295 21061
21397 20518 22295 21061
21274 20504 21775 21899
21274 20504 21775 21899
21274 20504 21775 21899
21894 20258 21338 21895
21274 20504 21775 21899
21793 20228 21719 21703
21274 20504 21775 21899
21274 20504 21775 21899
21894 20258 21338 21895
21397 20518 22295 21061
21274 20504 21775 21899
21274 20504 21775 21899
21397 20518 22295 21061
21793 20228 21719 21703
21274 20504 21775 21899
21274 20504 21775 21899
21397 20518 22295 21061
21397 20518 22295 21061
21274 20504 21775 21899
21274 20504 21775 21899
21894 20258 21338 21895
21274 20504 21775 21899
21274 20504 21775 21899
21274 20504 21775 21899
20803 21177 21664 22110
22572 21030 21686 21492
21397 20518 22295 21061
21274 20504 21775 21899
21274 20504 21775 21899
21274 20504 21775 21899
21397 20518 22295 21061
21397 20518 22295 21061
21397 20518 22295 21061
21274 20504 21775 21899
21274 20504 21775 21899
21397 20518 22295 21061
21397 20518 22295 21061
21397 20518 22295 21061
21274 20504 21775 21899
21274 20504 21775 21899
21274 20504 21775 21899
21397 20518 22295 21061
21274 20504 21775 21899
21274 20504 21775 21899
21732 21402 21679 21343
21397 20518 22295 21061
21397 20518 22295 21061
21274 20504 21775 21899
21397 20518 22295 21061
21274 20504 21775 21899
21274 20504 21775 21899
21397 20518 22295 21061
21894 20258 21338 21895
20803 21177 21664 22110
21274 20504 21775 21899
21274 20504 21775 21899
21274 20504 21775 21899
21397 20518 22295 21061
21274 20504 21775 21899
21397 20518 22295 21061
21274 20504 21775 21899
21894 20258 21338 21895
21274 20504 21775 21899
21397 20518 22295 21061
21274 20504 21775 21899
21894 20258 21338 21895
21397 20518 22295 21061
21397 20518 22295 21061
21274 20504 21775 21899
21397 20518 22295 21061
21397 20518 22295 21061
21274 20504 21775 21899
21397 20518 22295 21061
21274 20504 21775 21899
21894 20258 21338 21895
21274 20504 21775 21899
21397 20518 22295 21061
21274 20504 21775 21899
21397 20518 22295 21061
22293 21219 22130 21650
21274 20504 21775 21899
21274 20504 21775 21899
21397 20518 22295 21061
21274 20504 21775 21899
21397 20518 22295 21061
21274 20504 21775 21899
21274 20504 21775 21899
21894 20258 21338 21895
21397 20518 22295 21061
21397 20518 22295 21061
21274 20504 21775 21899
21397 20518 22295 21061
21894 20258 21338 21895
21274 20504 21775 21899
21397 20518 22295 21061
20803 21177 21664 22110
21397 20518 22295 21061
21397 20518 22295 21061
21274 20504 21775 21899
21397 20518 22295 21061
21397 20518 22295 21061
21397 20518 22295 21061
21397 20518 22295 21061
21397 20518 22295 21061
21274 20504 21775 21899
21397 20518 22295 21061
21274 20504 21775 21899
21274 20504 21775 21899
21274 20504 21775 21899
21274 20504 21775 21899
21274 20504 21775 21899
21274 20504 21775 21899
21397 20518 22295 21061
21274 20504 21775 21899
21274 20504 21775 21899
21274 20504 21775 21899
21894 20258 21338 21895
21274 20504 21775 21899
21894 20258 21338 21895
21274 20504 21775 21899
21894 20258 21338 21895
21274 20504 21775 21899
21274 20504 21775 21899
21397 20518 22295 21061
21397 20518 22295 21061
21274 20504 21775 21899
21894 20258 21338 21895
21397 20518 22295 21061
21397 20518 22295 21061
21274 20504 21775 21899
21274 20504 21775 21899
21894 20258 21338 21895
21274 20504 21775 21899
21274 20504 21775 21899
21274 20504 21775 21899
21397 20518 22295 21061
21274 20504 21775 21899
21274 20504 21775 21899
21274 20504 21775 21899
21274 20504 21775 21899
21274 20504 21775 21899
21274 20504 21775 21899
22293 21219 22130 21650
21274 20504 21775 21899
21894 20258 21338 21895
21274 20504 21775 21899
21397 20518 22295 21061
21274 20504 21775 21899
21894 20258 21338 21895
21274 20504 21775 21899
21397 20518 22295 21061
21397 20518 22295 21061
21274 20504 21775 21899
21397 20518 22295 21061
21397 20518 22295 21061
21894 20258 21338 21895
22572 21030 21686 21492
21274 20504 21775 21899
21274 20504 21775 21899
21397 20518 22295 21061
21397 20518 22295 21061
21274 20504 21775 21899
21274 20504 21775 21899
21274 20504 21775 21899
21274 20504 21775 21899
21397 20518 22295 21061
21397 20518 22295 21061
21274 20504 21775 21899
20803 21177 21664 22110
21397 20518 22295 21061
21274 20504 21775 21899
21894 20258 21338 21895
21397 20518 22295 21061
21274 20504 21775 21899
21274 20504 21775 21899
21397 20518 22295 21061
21274 20504 21775 21899
21274 20504 21775 21899
21274 20504 21775 21899
21274 20504 21775 21899
21894 20258 21338 21895
21397 20518 22295 21061
22293 21219 22130 21650
21274 20504 21775 21899
21397 20518 22295 21061
21274 20504 21775 21899
21894 20258 21338 21895
21274 20504 21775 21899
21274 20504 21775 21899
21397 20518 22295 21061
21274 20504 21775 21899
21274 20504 21775 21899
21274 20504 21775 21899
21397 20518 22295 21061
21274 20504 21775 21899
21274 20504 21775 21899
22572 21030 21686 21492
21274 20504 21775 21899
21397 20518 22295 21061
21894 20258 21338 21895
21274 20504 21775 21899
21274 20504 21775 21899
21397 20518 22295 21061
21397 20518 22295 21061
21274 20504 21775 21899
20803 21177 21664 22110
21397 20518 22295 21061
21274 20504 21775 21899
21274 20504 21775 21899
21894 20258 21338 21895
21397 20518 22295 21061
21397 20518 22295 21061
21274 20504 21775 21899
21397 20518 22295 21061
21274 20504 21775 21899
21894 20258 21338 21895
21274 20504 21775 21899
21274 20504 21775 21899
21274 20504 21775 21899
21397 20518 22295 21061
21397 20518 22295 21061
21274 20504 21775 21899
21894 20258 21338 21895
21274 20504 21775 21899
21397 20518 22295 21061
21274 20504 21775 21899
21274 20504 21775 21899
21894 20258 21338 21895
21397 20518 22295 21061
21397 20518 22295 21061
21274 20504 21775 21899
21274 20504 21775 21899
21894 20258 21338 21895
21397 20518 22295 21061
21274 20504 21775 21899
21274 20504 21775 21899
21274 20504 21775 21899
20974 20617 22064 22164
