1302 1145.89
28806 26049 26184
28792 26094 26116
28672 25826 26683
28115 26802 26591
27826 26164 27430
27706 26441 27135
27863 25920 27346
27804 26275 27266
28778 25974 26446
27920 26298 27250
27958 25996 27326
28764 26109 26148
28059 26772 26716
28203 26737 26580
28738 26311 26220
27885 26568 27064
28253 26779 26574
27990 25945 27302
28783 26025 26423
27851 26610 26992
28037 26195 27232
28640 26515 26294
28430 26706 26264
27828 26129 27322
28076 26409 27160
27946 26214 27296
28003 26044 27275
28026 26206 27263
28765 26073 26240
28622 25928 26794
28729 26077 26399
28054 26158 27237
28651 26414 26166
28757 26106 26384
28743 26199 26285
28626 26339 26522
28192 26364 27107
28741 26201 26369
27879 26561 27124
28695 26072 26543
28801 26076 26183
28106 26512 26983
28310 26119 27177
28752 26010 26519
28301 26706 26448
28722 26361 26173
28017 26010 27301
28361 25944 27119
27929 26316 27235
28070 26253 27205
28216 26147 27265
28656 26368 26332
27955 26187 27313
28444 26549 26636
28095 26681 26835
28684 26304 26353
27948 26280 27246
28767 26071 26229
28279 26692 26519
28714 26037 26593
28151 26593 26883
28562 26270 26768
28637 26508 26315
27975 26442 27125
28352 26091 27148
28379 26645 26397
27953 26351 27201
28176 26346 27125
28006 26139 27268
28290 26720 26430
27988 26733 26808
28716 26177 26485
28233 26043 27215
28605 26106 26773
27992 26446 27118
28399 26636 26483
28749 26219 26231
28484 26034 26979
28270 26707 26683
28682 26159 26600
28246 25999 27270
28168 26183 27188
28241 26659 26802
28148 26723 26620
28595 26356 26676
28336 26651 26499
28691 26153 26566
28502 26085 26929
28703 26204 26351
28178 26564 26970
27940 26673 26897
28521 26263 26829
28299 26568 26852
28494 26452 26727
28121 26526 26982
28702 26129 26488
28635 26358 26477
28661 26056 26666
28548 26133 26862
28616 26421 26455
28228 26672 26786
28340 26661 26488
28392 26114 27075
28597 26144 26777
28294 26169 27144
27965 26632 26940
28329 26277 27052
28064 26063 27272
28226 26383 27092
28404 26440 26923
28208 26519 26936
27986 26070 27270
28486 26436 26736
28766 26068 26345
28084 26689 26694
28290 26629 26855
28519 26426 26629
28082 26586 26895
28661 26236 26648
28651 26342 26432
28548 26479 26511
28244 26508 27023
27968 26067 27275
28248 26087 27191
28673 26315 26438
28356 26566 26711
28703 26187 26458
28472 26459 26698
28454 26580 26439
28124 26501 27032
28130 26686 26712
28561 26653 26319
28294 26322 27026
28427 26545 26646
28384 26288 27017
28690 26319 26336
28424 26246 27006
28064 26286 27220
28471 26570 26467
28197 26523 26926
28725 26122 26506
28686 26263 26509
28488 26343 26911
28745 26112 26334
28605 26212 26761
28517 26233 26878
28528 26401 26738
28087 26454 27046
28466 26209 26970
28432 25925 27076
28348 26584 26717
28460 26218 26966
28599 26558 26408
28141 26601 26867
28307 26481 26907
28056 26340 27227
28512 26346 26806
28440 26647 26391
28319 26607 26780
28079 26175 27215
28097 26677 26768
28299 26380 26998
28333 26353 26962
28698 26236 26419
28297 26330 27005
28010 26567 26944
28394 26601 26609
28555 26255 26796
28274 26679 26658
28260 26393 26986
28443 26486 26723
28321 26318 27089
28376 26534 26797
28365 26291 26987
28091 26185 27212
28600 26418 26518
28534 26202 26821
28381 26635 26598
28291 26255 27096
28201 26575 26875
28011 26552 27053
28442 26624 26431
28314 26493 26882
28418 26601 26548
28566 26335 26756
28273 26448 26960
28483 26574 26410
28664 26126 26663
28474 26172 27026
28478 26058 26951
28611 26359 26588
28147 26201 27187
28211 26674 26739
28583 26367 26604
28291 26348 27016
28058 26463 27083
28120 26410 27095
28231 26420 27068
28367 26487 26890
28624 26397 26482
28518 26498 26682
28422 26597 26580
28413 26126 27058
28305 26223 27107
28067 26396 27180
28498 26320 26861
28019 26579 26919
28527 26107 26928
28450 26579 26463
28529 26301 26788
28560 26470 26463
28552 26448 26575
28479 26172 26937
28393 26619 26522
28612 26453 26472
28370 26602 26643
28061 26460 27037
28288 26392 26993
28134 26685 26757
28542 26196 26902
28311 26428 26974
28166 26361 27115
28507 26308 26877
28162 26676 26743
28345 26501 26799
28589 26386 26520
28159 26431 27056
28359 26162 27088
28407 26227 27041
28355 26434 26951
28360 26494 26825
28414 26538 26690
28651 26365 26416
28408 26156 27030
28687 26238 26560
28281 26535 26920
28439 26475 26746
28437 26574 26594
28671 26185 26563
28425 26228 26966
28251 26390 27002
28162 26556 26977
28132 26355 27184
28394 26054 27084
28537 26115 26919
28090 26371 27181
28072 26565 26897
28456 26540 26621
28579 26469 26506
28578 26517 26447
28489 26415 26798
28538 26289 26813
28297 26616 26686
28492 26393 26825
28546 26537 26454
28435 26301 26916
28612 26375 26557
28157 26359 27181
28694 26350 26317
28575 26312 26758
28458 26466 26684
28309 26338 26998
28371 26646 26617
28658 26331 26748
28397 26321 26985
28315 26385 26965
28520 26223 26886
28345 26647 26556
28267 26599 26870
28164 26444 27040
28347 26150 27095
28392 26613 26587
28468 26383 26903
28741 26242 26316
28376 26458 26815
28372 26652 26392
28409 26409 26871
28229 26312 27109
28326 26673 26621
28372 26576 26641
28307 26680 26586
28601 26428 26505
28415 26285 26967
28286 26363 27003
28636 26399 26445
28442 26456 26867
28308 26522 26853
28570 26382 26711
28150 26384 27078
28486 26519 26623
28362 26375 26954
28667 26201 26625
28138 26384 27094
28471 26432 26802
28539 26199 26827
28510 26357 26750
28289 26472 26926
28350 26678 26462
28418 26553 26679
28506 26312 26831
28283 26373 27004
28278 26389 27004
28139 26240 27188
28439 26585 26443
28232 26287 27141
28340 26597 26833
28301 26510 26890
28574 26227 26819
28508 26359 26753
28408 26219 27011
28341 26607 26627
28338 26465 26894
28556 26434 26561
28264 26358 27058
28543 26276 26790
28352 26198 27054
28284 26282 27179
28393 26475 26792
28131 26577 26892
28366 26654 26426
28393 26559 26773
28638 26420 26427
28359 26655 26431
28436 26197 27009
28350 26237 27020
28588 26185 26808
28345 26201 27043
28673 26124 26625
28478 26088 26943
28121 26451 27085
28635 26409 26436
28573 26433 26617
28566 26367 26716
28550 26484 26455
28502 26184 26918
28094 26375 27119
28074 26444 27086
28456 26282 26927
28231 26333 27086
28467 26574 26504
28294 26245 27115
28211 26557 26918
28437 26461 26765
28275 26484 26924
28419 26459 26796
28374 26561 26697
28427 26341 26963
28056 26539 27022
28534 26298 26760
28429 26566 26618
28250 26070 27182
28131 26599 26888
28545 26068 26878
28499 26386 26784
28433 26534 26782
28314 26346 26971
28498 26564 26578
28276 26633 26662
28500 26382 26833
28336 26300 27005
28269 26454 26968
28528 26304 26786
28517 26310 26789
28430 26562 26644
28613 26367 26518
28342 26290 26988
28004 26487 27109
28436 26537 26696
28433 26299 26952
28338 26204 27141
28528 26332 26764
28586 26201 26767
28337 26290 26989
28274 26359 27035
28297 26633 26644
27967 26553 26988
28520 26316 26780
28275 26435 26968
28714 26087 26520
28596 26357 26592
28584 26285 26749
28346 26288 27031
28247 26653 26686
28134 26646 26834
28444 26237 26942
28418 26466 26802
28585 26458 26430
28545 26556 26562
28232 26384 27056
28276 26653 26628
28363 26579 26644
28265 26646 26802
28601 26342 26682
28337 26607 26643
28301 26679 26621
28800 26000 26167
28659 26357 26133
28277 25796 27110
28213 26777 26538
27672 26034 27320
27760 26010 27305
27852 26310 27205
28319 26659 26388
27929 26161 27285
28266 25903 27080
28506 25883 26920
28091 26271 27162
28751 26105 26334
28124 26184 27145
28721 26234 26249
28546 26309 26438
28766 26037 26142
28182 26689 26623
28444 26597 26194
28301 26065 27045
27983 26752 26560
28737 26138 26210
28643 26268 26504
27968 26381 27177
28251 26722 26568
28244 26575 26713
28613 26396 26286
28001 26087 27242
28048 26736 26694
28198 26618 26672
28030 26085 27254
28114 26127 27213
28275 26442 26770
28693 26077 26444
27939 26434 27064
28166 26368 26981
28473 26555 26451
28037 26503 26882
28494 26096 26811
28508 26334 26491
28203 26533 26784
28377 26470 26659
28405 26246 26863
28545 26200 26608
28309 26224 27015
28472 26310 26829
28495 26545 26304
28217 26553 26748
28520 26332 26560
28671 26145 26588
28427 26126 26932
28318 26522 26628
28573 26143 26712
28385 26417 26589
28501 26373 26527
28590 26095 26700
28207 26147 27109
28330 26254 26958
28265 26194 27057
28236 26491 26900
28359 26253 26961
28234 26604 26652
28277 26412 26689
28413 26212 26847
28472 26322 26615
28374 26482 26668
28380 26607 26302
28340 26352 26941
28477 26080 26857
28312 26212 26978
28432 26089 26856
28231 26394 26904
28237 26483 26827
28341 26340 26708
28391 26144 27009
28212 26336 27002
28044 26400 27067
28421 26347 26665
28251 26511 26708
28409 26204 26983
28222 26234 27078
28359 26385 26688
28411 26404 26680
28248 26230 27048
28211 26392 26949
28609 26095 26627
28205 26606 26753
28203 26359 27014
28416 26387 26673
28494 26205 26675
28319 26371 26697
28678 26047 26392
28600 26089 26209
28363 25946 27005
28130 26586 26739
28055 25986 27079
27941 26462 26873
28274 26536 26370
27952 26055 27063
28032 26381 26917
28490 26282 26270
28569 26100 26683
28604 26084 26627
28550 26188 26406
28097 26296 26973
28515 26015 26692
28392 26389 26263
28146 26527 26762
28180 26583 26714
28343 26207 26824
28596 26185 26499
28373 26072 26929
28287 26500 26529
28405 26344 26610
28541 26242 26455
28070 26179 27049
28126 26039 27059
28507 26113 26641
28232 26129 27020
28450 26278 26750
28192 25962 27071
28199 26427 26875
28255 26487 26544
28209 26332 26851
28368 26478 26480
28247 26024 26949
28358 26237 26821
28220 26463 26788
28300 26346 26794
28222 26471 26659
28477 26337 26435
28135 26359 26950
28397 26150 26906
28239 26438 26686
28458 26256 26813
28479 26278 26519
28365 26417 26561
28325 26396 26599
28504 26259 26441
28325 26290 26906
28310 26407 26609
28169 26431 26859
28298 26298 26834
28397 26293 26720
28224 26164 27056
28235 26022 26997
28227 26085 27045
28324 26277 26912
28470 26132 26745
28196 26247 27010
28370 26324 26636
28358 26266 26751
28251 25961 26959
28160 26529 26746
28265 26404 26758
28394 26373 26550
28314 26404 26619
28464 26306 26450
28337 26313 26792
28367 26172 26927
28472 26295 26701
28339 26416 26586
28353 26372 26623
28224 26477 26581
28172 26284 26922
28163 26300 26966
28463 26313 26585
28289 26367 26688
28347 26328 26627
28268 26364 26689
28474 26302 26533
28197 26477 26594
28468 26238 26713
28175 26282 26998
28235 26386 26815
28223 26470 26628
28167 26298 26959
28228 26438 26814
28468 26303 26438
28580 26160 26339
28558 25850 26369
28462 26334 26240
28022 26144 27047
27999 26548 26591
28175 25861 26962
28463 25991 26696
28131 26306 26847
28084 26286 26894
28029 26041 27017
28162 26521 26538
28347 26412 26541
28540 26084 26669
28189 26457 26788
28280 26472 26404
28516 26100 26512
28196 26387 26840
28446 26123 26704
28357 26322 26605
28257 26357 26688
28542 26047 26528
28487 26166 26427
28429 26011 26707
28410 26298 26575
28338 26079 26893
28376 26346 26434
28316 26226 26726
28168 26273 26980
28470 26196 26468
28320 26466 26460
28305 26239 26798
28401 26008 26803
28216 26369 26773
28224 26289 26767
28170 26224 26916
28207 26404 26799
28525 26097 26400
28356 26154 26877
28404 26263 26699
28471 26292 26388
28166 26198 27010
28456 26294 26446
28521 26221 26418
28401 26206 26749
28369 26183 26798
28397 26150 26759
28398 26304 26369
28309 26101 26882
28264 26172 26912
28423 26148 26752
28470 26174 26682
28292 26279 26889
28297 26043 26896
28028 26315 26906
28309 26213 26757
28219 26324 26772
28371 26294 26603
28263 26315 26765
28464 26286 26694
28288 26293 26766
28575 26142 26209
28207 25893 26911
28059 26047 27001
27966 26456 26661
27940 26455 26696
28400 25989 26790
28523 26089 26308
28498 26143 26413
28038 26245 26937
27993 26333 26783
28237 26393 26458
28558 26068 26230
28141 26236 26977
28301 26365 26525
28108 26438 26719
28298 26322 26575
28523 26135 26273
28456 26191 26538
28331 26119 26850
28096 26324 26813
28117 26163 27000
28079 26386 26758
28467 26163 26451
28433 26277 26478
28258 26309 26629
28534 26072 26433
28181 26319 26839
28443 26257 26657
28427 26109 26690
28272 26287 26766
28374 26179 26716
28369 26014 26775
28160 26270 26882
28158 26374 26747
28361 26032 26747
28521 26005 26435
28193 26304 26798
28310 26209 26672
28165 26448 26426
28379 26147 26704
28343 26112 26872
28383 26286 26632
28254 26222 26868
28359 26307 26285
28319 26192 26694
28362 25996 26802
28191 26389 26735
28285 26239 26839
28315 26281 26648
28255 26146 26900
28262 26276 26866
28354 26044 26794
28509 26070 26629
28418 26219 26658
28352 26142 26739
28434 26279 26447
28409 26275 26659
28309 26213 26671
28295 26438 26457
28165 26444 26692
28368 26239 26665
28317 26240 26663
28497 25990 26529
28416 26265 26269
28386 25767 26693
28030 26034 26994
27930 26452 26646
27891 26187 26937
28333 25979 26767
28252 26363 26384
28049 26391 26675
28010 26243 26897
28300 26336 26420
28103 26436 26664
28204 26290 26602
28114 26147 26970
28332 26283 26469
28239 26222 26808
28013 26195 26899
28159 26418 26497
28345 25995 26756
28457 26132 26404
28134 26035 26951
28267 26119 26836
28295 26105 26851
28151 26379 26681
28344 26092 26705
28235 26079 26861
28353 26270 26633
28354 26276 26562
28471 26034 26488
28281 26211 26683
28400 26196 26654
28320 26139 26708
28425 26225 26508
28183 26223 26846
28464 26061 26418
28163 26306 26777
28164 26356 26722
28163 26048 26894
28223 26302 26597
28438 26181 26534
28446 26158 26417
28032 26267 26865
28371 26251 26654
28422 26132 26553
28437 26229 26486
28141 26165 26942
28135 26321 26741
28236 26352 26502
28414 26236 26650
28222 26272 26841
28172 26360 26711
28277 26277 26584
28271 26265 26740
28264 26231 26760
28140 26432 26648
28372 26052 26655
28378 26265 26640
28144 26158 26862
28335 26039 26761
28037 26363 26744
28277 26213 26668
28274 26307 26557
28324 26050 26748
28415 26178 26557
28267 26258 26753
28248 26042 26856
28246 26280 26588
28275 26125 26744
28248 26273 26590
28171 26224 26850
28240 26282 26747
28267 26268 26742
28480 25917 26349
28103 26398 26247
28023 26027 26988
27864 26402 26487
28072 26068 26951
28452 26040 26345
27981 26200 26873
27921 26397 26575
28449 25991 26414
28429 26151 26489
27884 26308 26730
28396 25957 26509
28446 26126 26399
28373 26256 26470
28277 26097 26782
28322 26245 26619
28274 26294 26513
28196 26333 26455
28301 26173 26654
27878 26376 26679
28160 26249 26768
28145 26377 26553
28247 26058 26807
28338 26208 26587
28131 26320 26602
28176 26269 26647
28205 25970 26850
28101 26346 26627
28123 26382 26609
27991 26261 26701
27990 26110 26858
28269 26137 26692
28143 26218 26818
28389 26084 26648
27990 26352 26653
28159 26277 26689
28255 26196 26689
28302 26087 26647
28192 26118 26826
28111 26338 26648
28228 25960 26836
28393 26182 26630
28391 26135 26637
28237 26206 26709
28226 26116 26836
28336 26063 26703
28152 26205 26817
28245 25969 26829
28234 26205 26723
28141 26178 26823
28213 26200 26822
28252 26214 26630
28128 26062 26853
28245 26262 26687
28212 26209 26690
28445 25985 26368
28442 25784 26389
28151 25968 26826
28095 26345 26350
27827 26280 26521
27939 26197 26786
28220 25898 26780
27963 26266 26555
28068 26250 26674
28408 26148 26455
28135 26290 26509
28321 25937 26682
28366 26179 26589
28256 26030 26647
28411 26128 26472
28346 26062 26627
28183 26191 26706
28272 26109 26608
28204 26154 26735
28393 26170 26484
28154 26187 26821
28319 26238 26532
28122 26258 26622
28295 26011 26699
28171 26023 26776
28166 26139 26764
28232 26218 26558
28392 26156 26550
28300 25984 26670
28277 26078 26638
28235 26194 26670
28391 26175 26607
28229 26089 26698
28230 26244 26602
28207 26219 26686
28166 26237 26634
28233 26087 26746
28139 26214 26754
28291 26065 26637
28222 26210 26640
28212 26151 26757
28244 26171 26637
28209 26179 26692
28234 26211 26621
28426 25963 26321
28392 25983 26209
28377 25875 26529
28120 26277 26503
27975 26034 26814
28104 25878 26755
28068 25918 26809
28383 26159 26389
28391 25992 26427
28051 26253 26571
28162 26116 26732
28302 25905 26653
28368 26142 26595
28269 26230 26485
28191 26068 26683
28215 26023 26718
28327 25973 26608
28305 26205 26459
28228 26039 26623
28021 26205 26707
28338 26168 26525
27976 26198 26745
28188 26063 26718
28067 26174 26802
28240 26149 26537
28029 26180 26731
28148 26213 26589
28274 26145 26537
28160 26194 26661
28055 26216 26629
28057 26117 26813
28288 26143 26587
28195 26036 26705
28208 26143 26671
28189 26243 26534
28378 26171 26482
28106 26178 26748
28191 26162 26682
28382 25983 26335
28375 26073 26143
28114 26227 26515
28039 25832 26803
27925 26092 26809
27898 26099 26776
28266 26167 26285
28321 25976 26521
28263 26219 26211
28197 25921 26674
28369 26164 26472
27998 26056 26740
28358 25838 26480
28229 25872 26580
27994 26095 26756
28083 26150 26724
28131 26012 26663
28178 25926 26658
28131 26006 26719
28099 26088 26643
28053 26191 26579
28246 26084 26560
28080 26200 26522
28153 26061 26584
28175 25981 26593
28239 26096 26523
28167 26159 26581
28221 26096 26562
28185 26093 26573
28177 26151 26565
28372 25877 26274
28371 25933 26159
28088 26193 26510
27843 26042 26773
28305 25985 26468
28023 26082 26694
27852 26132 26649
28289 26153 26341
28060 26126 26676
28158 26142 26501
28224 26081 26551
28046 26168 26538
28041 26057 26696
28357 26151 26387
28118 26081 26577
28065 26051 26599
28196 26144 26423
28106 26065 26579
28329 26046 26430
28338 26049 26412
28372 25798 26147
28106 26121 26468
28040 25979 26684
28003 26054 26565
28134 26082 26265
28039 26014 26584
28248 25990 26420
28263 25876 26425
28181 26044 26383
28299 25850 26462
28315 25935 26378
28060 26019 26577
28149 26074 26540
28331 25975 26344
28344 25908 26382
28336 26035 26304
28170 25990 26518
28277 26046 26368
28174 25851 26531
28297 25988 26355
28324 25915 26421
28322 26018 26313
28303 25938 26344
28198 25968 26319
28006 25710 26660
27871 26100 26403
27812 25973 26652
28190 25849 26413
27940 25951 26601
28015 26011 26497
27902 26053 26484
28058 25937 26569
28062 25982 26430
28103 25916 26411
28043 26085 26332
28092 26040 26419
28137 25950 26406
28198 25959 26034
28194 25769 26205
27996 25998 26241
27843 25846 26588
28002 25896 26549
28149 25946 26157
28189 25777 26394
27949 25987 26231
