2566 420.607
25166 24216 25869 24929
24697 24754 25726 24989
24514 24004 26234 24372
24623 24144 25453 25190
25048 24557 25881 24902
24778 24573 25803 24984
25088 24517 26030 25048
25095 24665 26073 25010
24687 24578 25679 24797
25057 24551 26001 24934
25036 24490 26040 24895
25023 24626 26024 24979
25113 24645 25992 24977
25054 24651 26060 24979
25052 24444 25878 24842
25020 24897 26027 25024
24961 24645 26066 25115
25039 24497 25856 24873
25017 24591 26092 25044
25039 24497 25856 24873
24770 24605 25813 24853
24938 24511 25988 25267
24686 24222 25890 24976
24496 24433 25793 24711
24935 24596 25991 25133
25040 24708 25977 25069
24967 24523 26074 25011
25099 24489 25971 25003
24962 24671 25969 24880
24945 24564 26001 24924
24922 24595 25754 24780
24957 24556 25975 24810
24846 24621 26061 25055
24825 24514 26032 25017
24736 24555 25946 24748
25156 24587 26037 25033
25092 24586 26059 24898
24808 24496 25978 24977
25074 24647 26184 25002
24925 24487 25965 24997
24954 24672 25903 25103
24588 24461 26246 25037
25084 24685 26014 24987
25102 24597 26075 24951
25039 24702 26143 24967
24920 24538 26014 24894
25019 24570 26075 24973
25116 24560 26025 24894
24895 24327 25997 25053
24914 24292 26102 24985
25128 24696 25876 24990
24701 24392 25878 24971
24889 24375 26122 24992
24839 24543 26048 24986
24927 24462 25651 24875
24910 24505 25855 24791
24817 24352 26054 24901
24846 24528 26006 25002
25085 24616 26124 25059
24889 24375 26122 24992
24852 24482 26004 24933
24998 24574 26013 24918
24864 24523 25756 24920
24845 24461 25974 24951
25046 24563 26163 24968
24899 24574 25683 24787
25078 24522 25938 25019
24810 24426 25843 24931
24846 24399 25679 24820
24833 24670 26102 24876
24768 24681 25930 25088
24933 24679 26108 24893
24913 24266 25528 24724
24925 24541 26090 25029
25057 24528 25928 24799
24976 24769 26027 24947
24848 24542 25867 24893
24967 24537 26074 25074
24881 24444 25985 25017
24843 24635 26089 25064
24874 24468 25923 24687
24892 24459 26056 24926
24865 24585 26007 24902
25198 24552 25936 25073
25079 24636 26094 24999
24931 24362 25977 25160
24998 24556 26137 25038
24913 24594 26046 24993
24972 24671 26262 25039
24973 24534 26180 25015
25000 24618 26132 24909
24964 24350 25815 24760
24713 24513 25477 24719
24966 24617 26120 25009
24888 24594 26118 24994
24950 24499 26065 25171
24953 24507 25992 24964
25055 24500 25898 24762
24932 24457 26139 24985
25024 24612 25979 25047
25039 24488 26061 24954
24925 24544 25976 25146
25057 24613 26039 24972
25010 24448 26042 24906
25024 24630 26093 24941
24836 24610 25987 24646
24837 24626 26011 24887
24662 24471 25864 24712
24783 24610 25987 25008
25060 24558 25942 25031
24959 24384 25907 25074
24796 24181 25966 24736
25091 24596 26080 24890
24827 24522 26024 25041
25009 24672 26038 25060
24784 24524 26194 24865
24922 24263 25821 24753
24882 24543 26075 25161
24943 24465 25600 25000
24800 24438 25799 24935
25031 24798 26073 25081
25093 24522 26027 24944
25014 24545 26011 24954
25062 24688 26019 25006
24882 24677 26115 24909
24947 24409 25896 24969
25081 24595 26099 25131
24909 24404 26031 24884
25022 24602 26091 25028
24989 24480 25739 24964
24773 24341 25896 24948
24950 24557 26067 25074
24953 24806 26041 25027
24893 24565 25907 24947
24890 24475 26074 24935
24881 24596 26062 24941
25022 24658 25913 24837
25010 24620 26194 25120
24933 24679 26108 24893
24992 24608 26039 25073
24879 24875 26169 24964
25084 24685 26014 24987
24787 24142 25693 25031
24967 24530 25911 25101
24697 24382 25564 24845
24721 24476 26084 24885
24786 24443 26208 24928
24740 24324 25980 24956
24807 24471 25790 24884
24996 24668 26068 25060
24791 24479 25926 25099
25028 24561 26144 24924
24931 24464 26029 25130
24904 24533 26014 25052
25072 24623 26070 25029
24745 24049 25644 24985
25088 24629 26097 25061
24766 24408 25921 24671
25011 24638 26095 24931
25198 24552 25936 25073
24981 24416 26109 25002
24886 24629 25868 25009
24646 24433 25850 24924
24963 24578 26027 24944
25052 24646 26137 24988
25010 24601 26085 24979
24841 24613 25990 24945
24998 24556 26137 25038
25047 24461 25853 25061
25085 24513 25836 24992
24935 24596 25991 25133
25014 24532 25981 24974
24771 24499 25773 24806
24824 24509 25631 25016
25029 24542 25945 24959
24996 24497 25816 24883
25023 24567 25957 24984
24989 24322 25904 24974
24960 24495 26045 25015
24848 24583 25914 24904
24715 24575 26070 24951
24973 24584 26033 24906
25040 24489 25910 24896
24935 24415 25866 25039
24925 24572 26114 25134
24958 24519 26056 25044
24801 24378 25996 24411
24825 24514 26032 25017
25028 24797 26061 25016
24947 24601 25822 24845
24829 24492 25918 25164
25046 24563 26163 24968
24877 24320 25850 24930
24988 24470 25972 24985
24958 24724 26065 24977
25030 24618 25998 25030
24956 24662 26105 25025
24993 24653 25924 25052
24875 24617 26111 25039
24585 24443 25706 24849
24363 24249 26115 24546
25138 24433 25937 25086
24676 24675 25750 24790
24635 24335 25893 24888
24840 24277 25900 24827
25077 24376 25927 24967
24972 24401 25958 25114
24986 24631 25948 24919
25128 24696 25876 24990
24730 24351 25706 24953
24963 24732 26014 25050
25042 24503 25946 25124
25032 24611 25984 25001
24908 24644 25730 25064
25065 24511 25895 25019
24468 24133 25860 24750
24985 24506 26010 25079
24943 24627 26139 24820
25020 24339 25686 24781
24938 24680 25328 24827
25060 24558 25942 25031
24987 24575 26068 25048
24791 24479 25926 25099
24994 24705 26038 24964
24959 24384 25907 25074
24921 24659 25902 24942
24952 24649 26086 25083
24806 24481 26001 25091
24925 24582 25941 25105
24989 24641 26170 24982
24714 24619 25687 24815
24981 24507 25991 25047
24892 24497 25897 24874
25058 24641 26209 25096
25134 24608 25896 25063
25088 24629 26097 25061
24796 24181 25966 24736
24865 24585 26007 24902
25055 24700 26099 25003
25045 24543 25972 24925
25054 24651 26060 24979
25042 24671 26113 25039
25048 24550 26047 25063
24942 23933 25375 24450
25026 24612 25996 24885
24694 24344 26104 24813
24771 24385 25959 24923
24927 24524 25920 25061
25026 24611 26027 25062
24943 24603 26030 25047
25083 24591 26035 25064
24759 24490 25832 24926
25041 24688 26013 25002
24938 24603 26058 25082
25102 24612 26054 25045
25062 24684 25986 25010
24991 24620 26089 25058
24987 24338 25811 25180
24933 24592 26145 25084
25072 24623 26070 25029
24969 24477 26085 24867
25023 24626 26024 24979
25085 24616 26124 25059
24857 24516 26053 25035
24786 24559 25876 24968
24881 24444 25985 25017
24869 24565 26207 24946
24946 24605 25958 25025
24873 24521 25987 25007
24954 24468 25977 25016
25031 24569 25999 24988
24972 24621 25970 24965
24943 24480 25747 24764
25001 24678 26110 25080
24790 24509 25848 25053
24877 24644 25883 24888
25107 24565 26026 25079
25222 24512 26106 24919
24810 24426 25843 24931
24770 24605 25813 24853
24911 24359 26049 24946
24849 24659 25948 24899
24960 24768 26056 25049
24943 24465 25600 25000
24958 24621 26027 24991
24893 24476 25814 24798
24993 24375 26002 24983
25066 24735 25934 24999
25024 24630 26093 24941
24940 24614 25938 24840
25211 24497 26000 24948
25220 24546 26134 25176
25016 24662 26131 24984
24925 24415 25974 25019
25053 24570 26004 24992
24715 24421 25714 24923
24964 24386 26198 24917
24763 24466 25893 24838
25040 24527 25938 25075
24811 24381 25946 25185
24777 24315 26015 25017
24686 24222 25890 24976
24942 24626 25876 24883
24743 24403 25577 24685
24966 24617 26120 25009
25124 24698 26071 25121
25032 24536 26244 25043
24858 24488 25583 24974
24989 24575 26042 25018
24925 24487 25965 24997
25001 24427 25950 24873
24932 24564 26094 25029
24871 24606 26132 24997
24806 24481 26001 25091
24763 24466 25893 24838
24877 24644 25883 24888
24957 24541 26041 24808
24872 24500 26022 25131
25046 24558 26025 25032
25055 24707 26086 25167
24719 24574 25923 24888
24727 24577 26045 24903
24941 24294 26034 24842
24910 24505 25855 24791
25073 24612 26268 25058
24916 24530 25987 25100
25080 24660 26025 25044
24891 24552 25829 25030
24892 24515 26015 24963
24906 24446 25817 24919
25122 24644 26036 25015
24976 24745 25987 24935
24940 24479 26007 24956
24945 24476 26067 25063
24752 24557 26057 24814
24984 24549 26038 25006
24875 24630 26135 25004
24850 24456 26116 24920
24852 24482 26004 24933
24973 24534 26180 25015
24890 24586 25778 24945
24945 24601 25955 24841
25017 24664 25941 24975
24743 24515 25761 24740
25042 24671 26113 25039
24875 24615 26090 25013
24993 24375 26002 24983
24998 24556 26137 25038
25019 24334 25887 24693
24987 24710 26128 25013
24971 24525 26040 25014
25042 24634 26129 25110
25047 24461 25853 25061
24902 24467 25892 24923
24930 24252 25975 25028
25009 24365 25916 24932
25102 24612 26054 25045
24977 24640 26155 24909
24943 24667 25996 25045
24800 24605 25878 24805
24942 24639 26113 25089
24898 24669 26169 25045
25119 24662 25925 25070
25145 24586 25938 24915
24883 24412 26058 24529
24955 24456 26111 25054
24891 24523 26119 25017
24727 24577 26045 24903
24898 24287 25817 24764
24721 24476 26084 24885
24772 24530 25891 24941
24991 24567 25863 24804
25065 24654 26060 25079
25111 24442 26056 24730
24877 24521 26096 24967
24784 24574 25875 24966
25009 24605 26017 24943
24885 24122 25269 24642
24943 24607 25987 25090
25116 24570 26116 24944
25109 24666 26012 25022
24990 24568 25960 24939
24694 24546 25634 24843
24988 24602 25761 24867
25130 24662 26057 25031
24782 24520 25910 25039
24989 24545 25994 24983
24943 24480 25747 24764
24963 24375 25995 25082
25101 24540 26085 24890
25039 24643 26088 25056
24987 24710 26128 25013
24885 24524 26000 24918
24769 24548 26042 24999
25097 24701 26075 25091
24857 24580 25842 25078
24800 24434 25964 24944
25085 24679 25983 24857
24855 24515 25711 24975
24942 23933 25375 24450
24850 24456 26116 24920
25059 24712 26064 25057
24959 24524 25966 24948
24987 24359 25915 24940
25134 24580 26084 25063
24916 24571 25821 24728
24981 24345 25830 24842
24729 24467 25914 24994
24881 24572 26008 25067
24937 24595 26035 25142
25008 24501 26080 25020
24820 24416 25837 24853
24843 24527 26097 24937
24938 24518 26080 25051
24757 24630 25925 24932
25046 24707 26126 24969
24682 24498 25804 25041
24942 24639 26113 25089
24838 24668 25979 25020
24687 24245 25898 25157
24978 24472 26139 24836
24996 24497 25816 24883
25115 24559 26090 25009
24938 24587 25986 24933
24978 24472 26139 24836
24842 24602 26067 25032
24839 24543 26048 24986
24713 24416 25741 25000
24970 24547 26031 25001
25007 24498 25836 24922
24910 24530 25884 24906
25037 24564 25930 25015
24771 24499 25773 24806
24927 24474 25934 24874
24787 24142 25693 25031
24942 24626 25876 24883
24646 24433 25850 24924
25032 24536 26244 25043
24975 24336 25782 24998
25099 24716 26087 25003
25039 24661 25932 25009
24846 24528 26006 25002
24904 24487 26056 25117
24939 24532 26119 25016
25115 24633 26016 24960
24882 24677 26115 24909
25043 24607 26009 24961
24768 24681 25930 25088
24848 24263 25763 24993
24949 24492 25907 24931
25045 24638 25945 24918
25011 24310 25815 24820
24934 24544 25911 24889
24745 24049 25644 24985
24910 24384 25844 25034
24941 24500 25991 24872
24954 24526 26095 25165
25079 24636 26094 24999
24873 24393 25708 24848
24987 24335 26021 24903
24904 24604 26096 25016
24741 24468 25824 24697
24854 24569 26041 24872
25048 24557 25881 24902
25133 24677 25993 25065
25102 24597 26075 24951
24723 24514 25960 24896
24818 24428 25938 25071
24812 24409 26075 24974
24982 24585 25998 25076
24975 24462 26068 25129
24947 24409 25896 24969
25094 24801 26108 25048
24931 24648 26191 25001
25031 24468 26093 24933
24909 24292 25696 24791
24898 24287 25817 24764
24930 24702 26047 25067
24910 24245 25953 24864
24847 24643 26036 25036
25044 24474 26093 24990
24789 24448 25872 25121
25004 24507 26122 25017
24805 24453 25778 24850
25209 24585 26007 25056
25001 24596 26107 24984
24993 24547 25999 25098
25047 24611 26002 25100
25203 24671 26172 24889
24904 24487 26056 25117
24928 24517 26083 24779
24894 24476 26039 24904
24890 24589 25928 24887
25089 24558 25916 24924
24780 24508 26069 24834
25102 24597 26075 24951
24843 24491 25858 24887
24994 24596 26068 24844
24854 24462 25957 25001
24969 24705 26047 25107
24954 24468 25977 25016
25127 24590 26189 25160
24947 24601 25822 24845
25039 24643 26088 25056
25022 24658 25913 24837
24893 24565 25907 24947
25020 24592 26074 25106
25059 24712 26064 25057
24951 24423 26108 25026
24827 24522 26024 25041
24922 24471 25758 24878
25088 24666 25898 24989
25096 24551 26033 25161
24662 24471 25864 24712
25098 24558 26048 25077
24924 24045 25380 24619
25115 24633 26016 24960
24963 24554 26004 24947
25025 24453 25970 24813
24501 24562 25527 24718
24959 24548 26132 24756
25067 24315 25531 24752
25068 24589 25984 24947
24694 24546 25634 24843
24958 24724 26065 24977
25026 24070 25768 24510
25094 24546 26018 24984
24601 24414 25854 24952
24903 24548 25976 24949
25162 24591 26000 25054
25048 24538 26087 25040
24994 24568 25995 25020
24886 24658 26044 25027
24909 24404 26031 24884
25020 24444 25964 24846
25121 24610 25869 24991
25059 24513 25999 25077
25010 24601 26085 24979
25023 24626 26024 24979
25116 24643 26091 24973
24586 24553 25766 24577
25044 24785 25993 24916
25089 24558 25916 24924
24602 24383 25924 25024
24993 24563 26098 24998
24746 24403 26056 24767
24783 24610 25987 25008
24962 24738 25914 25069
24900 24299 25953 24991
24973 24638 26100 25116
24927 24524 25920 25061
24953 24806 26041 25027
24630 24465 25781 24998
24948 24526 25844 24918
25085 24585 25986 25056
24854 24401 25998 24557
25052 24563 26052 25111
24945 24476 26067 25063
24939 24475 25985 25045
24900 24299 25953 24991
25113 24576 26137 24907
24928 24454 25857 24857
25072 24571 25958 24997
25026 24624 26021 24974
25010 24572 26095 25058
25036 24562 25964 24810
25094 24617 26150 25116
25009 24672 26038 25060
25066 24555 25966 25072
24754 24293 26096 24824
24694 24344 26104 24813
25094 24546 26018 24984
24803 24370 25839 24792
24954 24534 25932 24932
24963 24732 26014 25050
24676 24675 25750 24790
24778 24590 25738 24566
24914 24529 25864 24971
24997 24728 25876 24984
24913 24537 25977 25039
25030 24607 26025 24967
24977 24525 26039 25113
24898 24661 26033 25026
24789 24479 25534 24753
24927 24517 25967 25052
24833 24670 26102 24876
24985 24583 25982 25136
24895 24664 25857 25023
25209 24585 26007 25056
24899 24574 25683 24787
24964 24447 25759 25118
24833 24547 26173 25039
24996 24572 26080 25191
24975 24336 25782 24998
24846 24621 26061 25055
24892 24497 25897 24874
24790 24554 25861 25107
25082 24673 25984 25004
24985 24548 26096 25076
24953 24533 25679 24870
24801 24488 25679 25094
24886 24364 26050 25009
24977 24640 26155 24909
25050 24577 26116 25064
25000 24446 25790 24711
25072 24532 26066 24926
24895 24327 25997 25053
24808 24606 25830 24957
24581 24191 25633 24931
25083 24591 26035 25064
25017 24417 26053 25109
24659 24323 25729 25024
25028 24797 26061 25016
25135 24503 25942 24865
24682 24498 25804 25041
25050 24733 26030 24925
25061 24561 25935 24915
25052 24646 26137 24988
24850 24403 25946 24655
24946 24718 25944 25009
24761 24112 25961 24838
24989 24480 25739 24964
24738 24574 25970 24829
24990 24573 26032 25065
24927 24517 25967 25052
24914 24592 25970 24894
25042 24634 26129 25110
25083 24703 26073 24915
24866 24477 25533 25095
24729 24467 25914 24994
24913 24394 25704 24765
24799 24484 26008 25040
24862 24527 25802 24766
25088 24499 26055 25128
24904 24533 26014 25052
25074 24690 26151 25009
25070 24672 26272 25128
24837 24463 25656 25053
25084 24676 26060 24978
24986 24545 25941 24890
25064 24587 25986 25004
24729 24467 25914 24994
24754 24472 26008 24830
24899 24578 25980 24857
24919 24534 25965 24980
24573 24629 25915 24743
24937 24577 26181 25088
24951 24423 26108 25026
24939 24500 26140 25154
25076 24686 26045 24953
24947 24616 25967 24756
24886 24629 25868 25009
24837 24626 26011 24887
25165 24660 26070 25193
25110 24655 26092 25150
24972 24599 25927 24946
24981 24540 26163 24951
24759 24490 25832 24926
25066 24389 26009 25041
24450 24473 25639 24701
25076 24622 26047 25062
24648 24204 25746 25070
25051 24615 26199 25149
25007 24653 26195 25111
25002 24470 26070 25139
24987 24335 26021 24903
24822 24563 25997 24852
25035 24604 26022 24883
25008 24564 25955 24967
25067 24315 25531 24752
25110 24655 26092 25150
24496 24433 25793 24711
25052 24444 25878 24842
24906 24446 25817 24919
25000 24816 26092 24929
24850 24598 26075 25112
24808 24497 25995 24907
24573 24465 25563 24262
24982 24800 25852 24902
25057 24528 25928 24799
24768 24575 25998 25021
24954 24552 26041 25071
24676 24541 25527 24768
24910 24490 25959 25032
25134 24608 25896 25063
24894 24476 26039 24904
24988 24670 25867 24988
24501 24562 25527 24718
24997 24480 25713 24870
24882 24562 26101 25123
24843 24687 26022 24912
24989 24322 25904 24974
25101 24540 26085 24890
25014 24545 26011 24954
24741 24468 25824 24697
24933 24546 26013 25041
24949 24492 25907 24931
24972 24401 25958 25114
25116 24570 26116 24944
25067 24639 26083 24926
24887 24526 25959 24887
25026 24572 26227 24984
25026 24624 26021 24974
24687 24578 25679 24797
24685 24438 25938 24843
24854 24379 26075 24818
24891 24389 26072 24974
25099 24489 25971 25003
24981 24345 25830 24842
24855 24515 25711 24975
25062 24688 26019 25006
25037 24554 25967 24902
24940 24492 26038 24906
24999 24557 26077 24835
25026 24611 26027 25062
24801 24498 26167 24927
24962 24671 25969 24880
24935 24596 26112 24963
24867 24654 26055 24839
24975 24559 26110 25120
24945 24443 26038 24713
24955 24619 26133 25024
25060 24558 25942 25031
24748 24545 25944 24846
24834 24544 25877 24991
24773 24468 25962 25025
24939 24532 26119 25016
25012 24213 25822 24878
25098 24411 26088 24985
25055 24700 26099 25003
24997 24340 26008 24854
24399 24522 25933 24811
24951 24599 26005 25113
24960 24628 26090 25073
25165 24418 25746 24901
25116 24643 26091 24973
24813 24467 25925 24765
24738 24621 25652 24878
25013 24663 26188 25041
25165 24660 26070 25193
24973 24499 26004 25074
25082 24553 26175 25062
24924 24608 26061 25077
24655 24188 25813 24675
24857 24580 25842 25078
24363 24249 26115 24546
24964 24386 26198 24917
25008 24564 25955 24967
25014 24691 26141 25051
25010 24620 26194 25120
24971 24525 26040 25014
25086 24498 26181 25176
25012 24571 26101 24921
24715 24575 26070 24951
24808 24497 25995 24907
24748 24381 25775 25008
24799 24614 25914 24870
25066 24389 26009 25041
24997 24340 26008 24854
25045 24638 25945 24918
24765 24413 25924 24965
24773 24341 25896 24948
24899 24379 26023 24980
24995 24643 26011 25007
24990 24562 26039 24968
24940 24475 25911 25004
24949 24574 26015 24869
24884 24341 26042 24906
25063 24450 26176 25173
24887 24526 25959 24887
24990 24568 25960 24939
24880 24577 25975 25105
24908 24644 25730 25064
25047 24611 26002 25100
25145 24586 25938 24915
24963 24375 25995 25082
24857 24516 26053 25035
25086 24640 26062 25011
25081 24553 25962 24920
24972 24599 25927 24946
25087 24661 26053 25166
25062 24657 26034 25077
24920 24602 26140 25090
24963 24554 26004 24947
24968 24505 25954 24877
24820 24519 25657 24857
25013 24663 26188 25041
24796 24461 25999 25112
25070 24672 26272 25128
24837 24463 25656 25053
24951 24531 25855 25003
25066 24502 26071 25191
24889 24622 26026 24909
24918 24460 26011 25043
25062 24478 26106 25038
24994 24596 26068 24844
25099 24662 26047 24967
25073 24507 26146 24959
24950 24499 26065 25171
24989 24641 26170 24982
24862 24527 25802 24766
24854 24569 26041 24872
25005 24342 25839 24910
25077 24659 26084 25052
24928 24494 26085 25034
24800 24434 25964 24944
24932 24680 26037 25086
24777 24315 26015 25017
24945 24429 26035 25053
24931 24362 25977 25160
25069 24526 25969 24949
25003 24537 26162 25003
25084 24604 26063 24886
24948 24526 25844 24918
25020 24339 25686 24781
24932 24457 26139 24985
25017 24417 26053 25109
24946 24512 26016 25112
25127 24590 26189 25160
25095 24665 26073 25010
24850 24403 25946 24655
24866 24510 25959 24984
24934 24503 25937 24988
25003 24537 26162 25003
25002 24418 25743 25022
24968 24537 26070 24971
25023 24610 25988 24995
24714 24619 25687 24815
25086 24498 26181 25176
25036 24479 26104 24943
24991 24567 25863 24804
24887 24411 25705 24811
24996 24726 26169 25049
24896 24646 25869 24911
25062 24478 26106 25038
25042 24503 25946 25124
24729 24467 25914 24994
24790 24509 25848 25053
24959 24548 26132 24756
24746 24403 26056 24767
24938 24603 26058 25082
25020 24444 25964 24846
24986 24545 25941 24890
24748 24381 25775 25008
25044 24785 25993 24916
24887 24533 25887 24893
24986 24565 25924 24930
25044 24629 26030 25128
24738 24431 26081 24988
24861 24582 25724 24967
24955 24619 26133 25024
24989 24657 26164 25000
25001 24678 26110 25080
24941 24294 26034 24842
24932 24680 26037 25086
24595 24367 25878 24927
24937 24577 26181 25088
25109 24546 25826 24835
24866 24510 25959 24984
25046 24558 26025 25032
24842 24602 26067 25032
25053 24527 26018 24907
24930 24702 26047 25067
25085 24513 25836 24992
24960 24768 26056 25049
24877 24320 25850 24930
25111 24442 26056 24730
24996 24625 25964 24911
25083 24703 26073 24915
24975 24624 25990 25063
24689 24483 25549 24522
24773 24230 25922 25021
25156 24587 26037 25033
24847 24621 25775 24874
24923 24576 26019 24952
24588 24461 26246 25037
24910 24457 25925 24914
24982 24579 25924 24969
25004 24638 26160 24991
24743 24403 25577 24685
24848 24491 25895 24968
25088 24499 26055 25128
24916 24530 25987 25100
24968 24505 25954 24877
24924 24468 25998 24806
25073 24507 26146 24959
25025 24453 25970 24813
24910 24384 25844 25034
25048 24653 25997 24940
24891 24523 26119 25017
24764 24532 25903 24666
24916 24571 25821 24728
25032 24611 25984 25001
24895 24700 25956 24945
24841 24613 25990 24945
25038 24680 26030 24953
24943 24603 26030 25047
24769 24548 26042 24999
25006 24438 26085 24987
24873 24521 25987 25007
24595 24367 25878 24927
24984 24549 26038 25006
24924 24468 25998 24806
24993 24563 26098 24998
24968 24527 25963 25043
25070 24679 25910 25001
24985 24548 25956 25131
24723 24514 25960 24896
25113 24576 26137 24907
24936 24468 25984 25007
24953 24509 26116 24856
24943 24511 26170 25049
24990 24562 26039 24968
24778 24590 25738 24566
24784 24483 26010 25076
24976 24769 26027 24947
25051 24550 26002 24948
24882 24543 26075 25161
24772 24500 26002 24993
24986 24610 25902 25093
24947 24436 25909 24851
24791 24381 25723 24652
24922 24595 25754 24780
25038 24680 26030 24953
25083 24670 26145 25121
24811 24381 25946 25185
25058 24543 25955 25054
24845 24461 25974 24951
24709 24467 25710 24745
24989 24332 25939 24986
25039 24702 26143 24967
24859 24563 25934 24974
24844 24401 25964 24951
25051 24615 26199 25149
24697 24487 25932 24848
24890 24475 26074 24935
24893 24457 26196 25214
24850 24598 26075 25112
24630 24465 25781 24998
24892 24459 26056 24926
24975 24624 25990 25063
24934 24582 25955 25007
25054 24608 26060 25100
24881 24572 26008 25067
24925 24487 25965 24997
24954 24672 25903 25103
24659 24323 25729 25024
24904 24604 26096 25016
24996 24541 25949 24929
24940 24475 25911 25004
24773 24468 25962 25025
24949 24618 25773 25167
24789 24448 25872 25121
24868 24369 25954 24813
24970 24525 25839 24903
25016 24662 26131 24984
24925 24572 26114 25134
24892 24516 25851 24860
24944 24542 26023 24939
25048 24550 26047 25063
24818 24428 25938 25071
24985 24506 26010 25079
24927 24244 26021 24627
24882 24550 26006 25018
25077 24376 25927 24967
24892 24516 25851 24860
25025 24453 25970 24813
24968 24527 25963 25043
25023 24626 26024 24979
24893 24457 26196 25214
25003 24436 25943 25055
24923 24576 26019 24952
25106 24742 25980 24955
24859 24427 26004 24857
24801 24677 26114 24995
24921 24682 26105 25091
25026 24612 25996 24885
25085 24528 26075 25025
24843 24491 25858 24887
24930 24252 25975 25028
24945 24564 26001 24924
24964 24350 25815 24760
24895 24664 25857 25023
24780 24508 26069 24834
24884 24341 26042 24906
25007 24459 25958 25130
25061 24561 25935 24915
24913 24537 25977 25039
24957 24541 26041 24808
24875 24617 26111 25039
24906 24445 26023 24865
24832 24659 25930 24802
24854 24379 26075 24818
24744 24327 25928 24786
24786 24443 26208 24928
25085 24528 26075 25025
25023 24610 25988 24995
25061 24546 25885 24951
24886 24658 26044 25027
25058 24543 25955 25054
