118526 545.966
4262 3274
4262 3274
4175 3491
4175 3491
4197 3462
4210 3412
4230 3367
4210 3412
4246 3319
4235 3327
4197 3462
4230 3367
4246 3319
4235 3327
4262 3274
4262 3274
4262 3274
4262 3274
4262 3274
4262 3274
4262 3274
4262 3274
4262 3274
4262 3274
4262 3274
4262 3274
4262 3274
4262 3274
4262 3274
4262 3274
4262 3274
4262 3274
4262 3274
4262 3274
4262 3274
4262 3274
4262 3274
4262 3274
4262 3274
4262 3274
4262 3274
4262 3274
4262 3274
4262 3274
4262 3274
4262 3274
4262 3274
4262 3274
4262 3274
4262 3274
4262 3274
4262 3274
4262 3274
4262 3274
4262 3274
4262 3274
4262 3274
4262 3274
4262 3274
4262 3274
4262 3274
4262 3274
4262 3274
4262 3274
4262 3274
4262 3274
4262 3274
4262 3274
4262 3274
4262 3274
4262 3274
4262 3274
4262 3274
4262 3274
4262 3274
4262 3274
4262 3274
4262 3274
4262 3274
4262 3274
4262 3274
4262 3274
4262 3274
4262 3274
4262 3274
4262 3274
4262 3274
4262 3274
4262 3274
4262 3274
4262 3274
4262 3274
4262 3274
4262 3274
4262 3274
4262 3274
4262 3274
4262 3274
4262 3274
4262 3274
4262 3274
4262 3274
4262 3274
4262 3274
4262 3274
4262 3274
4262 3274
4262 3274
4262 3274
4262 3274
4262 3274
4262 3274
4262 3274
4262 3274
4262 3274
4262 3274
4262 3274
4262 3274
4262 3274
4262 3274
4262 3274
4262 3274
4262 3274
4262 3274
4262 3274
4262 3274
4262 3274
4262 3274
4262 3274
4262 3274
4246 3319
4246 3319
4246 3319
4230 3367
4210 3412
4210 3412
4210 3412
4210 3412
4210 3412
4197 3462
4175 3491
4175 3491
4175 3491
4244 3307
4189 3431
4210 3355
4224 3352
4210 3355
4224 3352
4210 3355
4230 3306
4230 3306
4262 3274
4262 3274
3668 3896
3668 3896
3847 3830
3796 3839
3907 3800
3773 3853
3726 3880
4250 3278
3864 3810
3726 3880
4121 3595
4041 3697
4246 3319
3773 3853
4220 3368
3699 3893
4102 3602
3952 3769
4089 3635
3930 3770
4164 3521
4236 3338
4230 3367
3966 3747
4019 3700
4071 3649
4218 3400
4056 3666
4215 3423
4199 3443
4122 3569
3796 3839
4078 3637
4064 3660
4168 3505
4185 3466
4151 3534
4197 3462
4094 3612
3699 3893
3975 3732
3980 3731
3924 3780
3907 3800
4011 3704
4152 3528
3924 3780
3994 3724
4236 3338
4218 3400
3847 3830
3967 3746
4130 3555
4050 3680
4050 3680
4246 3319
4125 3566
4174 3499
3862 3811
4139 3546
4005 3713
4205 3437
4182 3478
3994 3724
4136 3554
4005 3713
4215 3423
3862 3811
4205 3437
4182 3478
3952 3769
4175 3491
4094 3612
4139 3546
4175 3491
4230 3367
4197 3462
4262 3274
4262 3274
4262 3274
4262 3274
4262 3274
4262 3274
4262 3274
4262 3274
4262 3274
4262 3274
4262 3274
4262 3274
4262 3274
4262 3274
4262 3274
4262 3274
4262 3274
4246 3319
4246 3319
4230 3367
4215 3423
4197 3462
4197 3462
4197 3462
4197 3462
4175 3491
4175 3491
4249 3231
4171 3428
4210 3412
4227 3357
4244 3307
4230 3318
4210 3412
4244 3307
4230 3318
4244 3307
4244 3307
4244 3307
4244 3307
4244 3307
4225 3217
4163 3425
4188 3381
4223 3356
4224 3352
4188 3381
4224 3352
4224 3352
4224 3352
4221 3350
4221 3350
4180 3368
4210 3355
4210 3355
4210 3355
4220 3326
4220 3326
4181 3352
4207 3345
4207 3345
4207 3345
4213 3273
4213 3273
4204 3325
4204 3325
4202 3281
4179 3323
4198 3310
4198 3310
4199 3224
4197 3205
4166 3196
4262 3274
4262 3274
3668 3896
3668 3896
3847 3830
3907 3800
3796 3839
3773 3853
3726 3880
4250 3278
3864 3810
3726 3880
4121 3595
4041 3697
4246 3319
3773 3853
4220 3368
3699 3893
4102 3602
3952 3769
4089 3635
3930 3770
4164 3521
4236 3338
4230 3367
3966 3747
3862 3811
3975 3732
4142 3537
4218 3400
3924 3780
4056 3666
4215 3423
4199 3443
4122 3569
3796 3839
4064 3660
4168 3505
4185 3466
4197 3462
4094 3612
3699 3893
3996 3722
4136 3554
4019 3700
4006 3707
4078 3637
4152 3528
4005 3713
4236 3338
4218 3400
3847 3830
4071 3649
3967 3746
4130 3555
4050 3680
4050 3680
4246 3319
4125 3566
3910 3784
4174 3499
4205 3437
3985 3729
4151 3534
4182 3478
4074 3646
3909 3786
3987 3725
4215 3423
4019 3700
4205 3437
4182 3478
3952 3769
4175 3491
4094 3612
4175 3491
4230 3367
4197 3462
4262 3274
4262 3274
4262 3274
4262 3274
4262 3274
4262 3274
4262 3274
4262 3274
4246 3319
4246 3319
4246 3319
4246 3319
4246 3319
4246 3319
4215 3423
4197 3462
4241 3266
4163 3438
4190 3434
4233 3321
4228 3360
4228 3360
4210 3412
4212 3405
4212 3405
4210 3412
4230 3318
4207 3398
4227 3357
4227 3357
4227 3357
4224 3352
4224 3352
4159 3395
4205 3386
4190 3394
4224 3348
4198 3385
4221 3350
4221 3350
4213 3273
4213 3273
4188 3381
4188 3381
4208 3348
4192 3349
4208 3348
4188 3381
4188 3381
4188 3381
4213 3266
4184 3379
4208 3347
4207 3345
4207 3345
4175 3350
4207 3345
4207 3345
4207 3344
4207 3291
4203 3341
4204 3325
4203 3329
4202 3281
4155 3316
4198 3310
4198 3310
4198 3310
4198 3310
4198 3194
4132 3312
4176 3186
4128 3248
4090 3215
