661088 3000.14
16301 18271
17516 17368
17516 17368
16709 18170
16301 18271
17403 17779
17507 17420
17412 17545
17114 18000
17412 17545
17242 17923
17120 17954
16952 18008
17242 17923
16802 18053
17310 17826
17310 17826
16798 18149
17114 18000
17310 17826
16709 18170
17412 17545
16798 18149
17288 17897
17120 17954
17242 17923
17403 17779
16798 18149
16952 18008
16940 18028
16940 18028
16952 18008
16952 18008
16935 18032
17412 17545
17403 17779
17412 17545
16940 18028
16798 18149
17412 17545
16940 18028
17310 17826
16798 18149
16952 18008
17403 17779
17120 17954
16798 18149
17120 17954
17516 17368
16798 18149
16798 18149
17412 17545
16952 18008
17412 17545
16940 18028
17310 17826
16952 18008
17412 17545
17412 17545
17412 17545
17412 17545
16798 18149
16798 18149
17412 17545
16798 18149
16798 18149
16798 18149
17288 17897
17412 17545
16798 18149
16952 18008
16798 18149
17412 17545
16798 18149
17412 17545
16798 18149
16798 18149
16798 18149
17412 17545
17412 17545
17412 17545
16952 18008
16798 18149
16709 18170
16940 18028
17412 17545
16798 18149
16952 18008
17412 17545
16798 18149
16798 18149
16301 18271
17412 17545
16952 18008
17412 17545
16940 18028
16940 18028
17412 17545
16798 18149
16798 18149
16798 18149
16952 18008
16952 18008
16952 18008
16940 18028
16798 18149
17403 17779
17412 17545
16798 18149
17412 17545
17412 17545
17120 17954
16935 18032
17412 17545
17403 17779
17412 17545
16940 18028
17412 17545
16940 18028
17310 17826
16798 18149
16952 18008
17403 17779
16952 18008
16798 18149
17120 17954
17516 17368
16798 18149
16798 18149
17412 17545
16940 18028
16952 18008
17412 17545
17412 17545
16709 18170
17516 17368
16301 18271
17403 17779
17507 17420
17412 17545
16952 18008
16802 18053
17310 17826
17114 18000
17310 17826
17412 17545
17412 17545
16798 18149
17288 17897
17120 17954
17242 17923
16798 18149
16952 18008
16940 18028
16940 18028
16952 18008
16798 18149
17412 17545
16798 18149
16952 18008
17412 17545
16798 18149
16798 18149
17412 17545
16952 18008
16940 18028
16940 18028
17412 17545
16940 18028
16798 18149
16952 18008
16952 18008
16952 18008
16940 18028
16798 18149
17403 17779
17412 17545
16798 18149
17412 17545
16798 18149
17412 17545
16798 18149
16798 18149
16798 18149
16798 18149
17288 17897
17412 17545
16798 18149
16798 18149
17412 17545
17120 17954
17412 17545
16798 18149
16798 18149
16798 18149
17412 17545
17412 17545
17412 17545
16952 18008
16798 18149
