7140 3192.71
4030 3365 3268
3278 4117 3034
3556 3123 3802
3203 3183 3930
3611 3994 2975
2919 4073 3321
3611 3994 2975
3362 4091 3016
3478 4072 3035
2940 4015 3441
2949 4077 3304
3511 4042 3048
2962 4042 3376
3706 3899 3210
2925 4072 3317
3595 4016 3030
3738 3955 3065
3161 3681 3767
3512 3127 3820
3653 3927 3250
3128 4115 3218
3226 4111 3170
3513 4025 3152
3322 4106 3019
3114 3859 3618
3748 3945 3056
2984 4037 3407
3014 3785 3685
3003 3721 3719
3353 3188 3906
3223 3847 3600
3170 3767 3690
3101 4061 3350
3122 3962 3534
3445 3138 3872
3679 3317 3718
3588 3398 3756
3946 3644 3157
3983 3367 3391
3239 3455 3831
3146 4086 3247
2964 3985 3484
3107 4060 3322
3107 4054 3354
3226 3201 3920
2940 4015 3441
2949 4077 3304
2974 3980 3512
3584 3195 3789
3612 3977 3192
3410 3188 3878
3899 3403 3511
3371 4085 3116
3830 3753 3293
3316 3982 3431
4016 3417 3281
3430 3159 3872
3189 3865 3603
3637 3882 3313
3189 3890 3601
3518 3174 3816
4020 3389 3293
3327 4047 3234
3924 3679 3200
3911 3472 3460
3154 3257 3921
3774 3878 3149
3019 4073 3301
3433 3655 3681
3292 4103 3107
4009 3444 3216
3415 4064 3067
3596 3329 3773
3972 3568 3143
3962 3510 3300
3777 3477 3596
3448 3141 3859
3413 3153 3877
3607 4001 3088
3845 3526 3514
3442 3163 3863
3726 3669 3533
3705 3948 3132
3286 3292 3907
3386 3285 3883
3539 3226 3804
3201 3861 3612
3087 4035 3382
3797 3452 3609
3395 3708 3624
3131 3442 3875
3993 3439 3302
3551 3224 3801
3282 3240 3916
3692 3334 3706
3814 3671 3409
3780 3818 3249
3061 3919 3572
3833 3620 3420
3144 3846 3634
3252 3349 3897
3255 3749 3695
3291 3197 3911
3510 3466 3785
3561 3537 3712
3332 4099 3131
3135 3752 3707
3337 4065 3204
3325 3833 3557
3175 3379 3889
3565 3931 3362
3288 3273 3907
3028 4002 3462
3879 3620 3347
3530 3583 3673
3180 3755 3687
3116 3839 3635
3535 3498 3745
3069 3999 3454
3150 3990 3445
4002 3337 3332
3219 3754 3699
3057 4039 3384
3760 3925 3101
3748 3945 3056
3978 3540 3196
3740 3345 3663
3991 3514 3254
3261 3170 3921
3523 3633 3669
3583 3519 3714
3594 3262 3774
3395 3207 3887
3405 3307 3851
3961 3450 3359
3420 3575 3741
3723 3863 3306
3412 3689 3643
3978 3430 3335
3439 3356 3829
3359 3221 3897
3838 3517 3530
3372 3280 3888
3168 3904 3584
3451 3589 3731
3194 3243 3916
3958 3529 3289
3811 3800 3269
3560 3995 3145
3864 3426 3547
3235 4067 3284
3553 4007 3128
3380 3870 3550
3482 3533 3758
3786 3596 3501
3677 3969 3092
3081 3992 3448
3232 3874 3592
3599 3626 3631
3351 4054 3151
3957 3587 3197
3667 3777 3474
3871 3779 3155
3355 3614 3743
3467 4045 3141
3217 3706 3737
3648 3834 3378
3888 3607 3333
3465 3649 3670
3877 3661 3301
3931 3579 3313
3137 4021 3388
4024 3419 3221
3601 3718 3551
3126 3755 3710
3184 3541 3825
3417 3350 3841
3284 3968 3445
3264 4051 3370
3804 3841 3094
3704 3743 3428
3741 3371 3658
3055 3941 3554
4007 3315 3332
3990 3414 3339
3301 3952 3539
3099 3908 3603
3000 4008 3459
3837 3488 3565
3031 3971 3486
3266 3815 3626
3165 3914 3590
3938 3357 3462
3574 3725 3608
3185 3638 3764
3305 4048 3362
3244 3895 3545
3320 3816 3608
3038 4104 3254
2919 4073 3321
3905 3556 3373
3045 3864 3649
2925 4072 3317
3075 4032 3389
3917 3447 3482
3596 3922 3357
3331 4044 3309
3697 3958 3073
3860 3790 3096
3204 4096 3245
3979 3474 3296
3486 3557 3727
3361 4090 3052
3366 3792 3615
3537 3202 3812
3511 3147 3824
3914 3542 3349
3497 3173 3834
3261 3300 3901
3365 3508 3800
3373 3406 3843
3480 3320 3808
3484 4019 3228
3401 3636 3692
3454 3387 3813
3224 3177 3928
3630 3712 3553
3480 3468 3805
3597 3933 3329
3613 3900 3379
3844 3653 3364
3625 3984 3075
3566 3271 3792
3387 3322 3857
3751 3654 3499
3771 3852 3168
3699 3756 3450
3671 3723 3493
3828 3497 3535
3383 3496 3806
3251 3837 3633
3750 3861 3263
3885 3398 3516
3402 3624 3725
3627 3770 3519
3273 3341 3899
3826 3768 3242
3718 3594 3562
3297 3230 3902
3209 4062 3318
3259 3836 3604
3199 3789 3660
3203 3183 3930
3379 3733 3625
3476 3404 3809
3026 4082 3276
3914 3463 3435
3766 3613 3526
3465 3241 3827
3693 3842 3339
3310 4108 3094
3550 3980 3218
3721 3796 3341
3299 3254 3894
3400 3688 3676
3755 3824 3268
3454 3207 3857
3225 3577 3795
3993 3353 3314
3598 3436 3732
3502 3151 3845
3367 3735 3688
3536 3821 3528
3735 3407 3627
3556 3123 3802
3642 3266 3740
3915 3448 3458
3078 3996 3442
3387 3574 3759
3049 3814 3666
3799 3502 3571
3347 3552 3771
3858 3619 3403
3862 3693 3313
3582 3718 3576
3081 3830 3641
3849 3458 3548
3854 3601 3406
3834 3728 3278
3580 3461 3729
3952 3449 3361
3902 3697 3188
3250 4080 3207
3996 3490 3200
3606 3980 3145
3960 3501 3316
3695 3699 3489
3687 3660 3561
3782 3659 3461
4018 3390 3224
3815 3651 3394
3540 3975 3224
3168 4071 3294
3505 3277 3815
3393 3553 3764
3674 3375 3713
3651 3658 3580
3904 3487 3460
3933 3529 3305
3340 3574 3763
3745 3361 3645
2968 4041 3372
3212 4094 3230
3810 3535 3541
3935 3502 3393
3456 3995 3276
3790 3641 3437
3049 3814 3666
2991 3761 3706
3568 3944 3324
3275 3717 3733
3084 3829 3649
3524 3359 3794
3033 3783 3688
3231 3810 3652
2993 3991 3477
3897 3716 3227
3892 3724 3135
3194 3243 3916
3398 4075 3079
3537 3958 3241
3194 3225 3923
3497 3586 3677
3226 3160 3925
3769 3888 3134
3512 3127 3820
3596 3211 3781
3739 3831 3273
3770 3916 3091
3361 4090 3052
3448 3916 3468
3345 4092 3129
3723 3680 3503
3594 3330 3749
3761 3683 3466
3619 3975 3124
3369 3363 3853
3757 3732 3401
3247 4078 3265
3767 3820 3235
3498 3987 3286
3523 3445 3778
3643 3433 3720
3539 3336 3803
3671 3854 3375
3131 3879 3605
3224 3177 3928
3398 4049 3206
3823 3629 3413
3200 3258 3914
3631 3291 3744
3639 3949 3183
3610 3799 3480
3505 3277 3815
3783 3896 3114
3528 3910 3433
3549 3382 3788
3512 3891 3446
3250 3325 3905
3470 3220 3844
3741 3371 3658
3963 3411 3374
3451 3630 3689
3432 3247 3871
3297 3230 3902
3163 3965 3494
3443 3285 3855
3614 3939 3190
3689 3936 3154
3425 3533 3786
3349 4088 3119
3840 3731 3268
3436 3689 3630
3377 3825 3595
3737 3879 3260
3624 3956 3182
3487 3764 3575
3362 4091 3016
3520 3852 3505
3662 3383 3702
3441 3319 3837
3432 3247 3871
3245 3418 3865
3522 3918 3411
3076 4070 3337
3271 4069 3177
3899 3591 3314
3280 3309 3892
3314 4011 3395
3444 4079 3065
3608 3763 3525
3235 4067 3284
3375 3652 3701
4011 3302 3319
3406 3940 3388
3886 3471 3471
3295 3297 3895
3964 3475 3336
3279 3961 3502
3433 3504 3770
3793 3886 3105
3415 4064 3067
3661 3727 3510
3316 3624 3748
3303 3673 3724
3817 3811 3172
3407 3856 3540
3485 3998 3258
3717 3435 3648
3917 3447 3482
3358 4074 3125
3349 4088 3119
4009 3444 3216
3375 3667 3683
3712 3907 3167
3604 3565 3644
3765 3485 3585
3827 3643 3405
3411 3746 3620
3665 3213 3732
3357 3415 3865
3773 3478 3585
3724 3702 3477
3772 3480 3613
3397 3284 3862
3855 3528 3507
3043 3868 3619
3419 3257 3858
3757 3600 3546
3421 3393 3831
3384 3261 3891
3097 4030 3410
3628 3856 3419
3036 3966 3497
3270 4023 3385
3548 3198 3802
3971 3548 3232
3979 3452 3326
3754 3586 3559
3592 3802 3482
3341 3557 3779
3701 3864 3274
3927 3646 3257
3764 3740 3370
2984 4037 3407
3322 4081 3161
3494 3525 3769
3052 3970 3491
3987 3493 3255
3337 4065 3204
3502 3739 3588
3646 3828 3386
3173 3678 3751
3640 3848 3430
3965 3602 3185
3901 3509 3419
3206 3987 3455
3986 3460 3295
4024 3419 3221
3949 3424 3426
3825 3784 3166
3690 3771 3433
3874 3473 3498
3091 3809 3682
3554 3573 3686
3846 3627 3392
3308 3563 3797
3211 3645 3753
3542 3560 3696
3746 3730 3439
3973 3559 3139
3571 3903 3377
3247 3840 3595
3132 4013 3436
3095 3760 3699
3209 3216 3921
3871 3571 3430
3528 3622 3654
3088 3994 3447
3982 3477 3289
3883 3441 3509
3578 3884 3429
3942 3522 3354
3023 4036 3389
2987 3853 3653
3331 3358 3886
3065 3966 3487
3216 4116 3142
2996 4040 3400
3806 3720 3334
3489 3249 3816
3069 3999 3454
3686 3422 3686
3997 3422 3308
3014 3785 3685
3489 4057 3085
3642 3967 3126
3669 3596 3638
3768 3759 3355
3633 3973 3110
3697 3913 3238
3235 3286 3912
3725 3795 3347
3442 3924 3416
3662 3430 3659
3511 3147 3824
3449 3281 3848
3749 3901 3113
3238 4107 3179
3292 3519 3818
3736 3939 3136
3366 4034 3312
3138 3318 3910
3529 3997 3193
3620 3743 3543
3407 3919 3422
3331 3358 3886
3693 3968 3087
3997 3422 3308
3889 3562 3397
3822 3787 3202
3620 3915 3265
3572 3304 3783
3572 3304 3783
3615 3250 3761
3256 3804 3628
3379 3308 3873
3593 3936 3331
3770 3844 3189
3822 3787 3202
3567 3935 3352
3486 3665 3651
3595 3989 3159
3714 3911 3165
3537 3312 3811
3778 3758 3368
3838 3772 3222
3212 4094 3230
3716 3622 3582
3511 3889 3472
3884 3713 3234
3404 3551 3776
3469 3483 3795
3402 3960 3480
3886 3593 3412
3520 3536 3722
3668 3342 3722
3493 3538 3745
3199 3917 3564
3449 3281 3848
3442 3163 3863
3332 4099 3131
3905 3556 3373
3638 3705 3527
3085 4027 3417
3481 3233 3839
3699 3377 3683
3637 3807 3462
3608 3952 3206
3521 3875 3478
3481 3233 3839
3314 4011 3395
3257 3664 3738
3041 4005 3451
3487 3764 3575
3364 3741 3627
3445 3138 3872
3618 3930 3222
3768 3331 3655
3648 3465 3656
3262 3893 3566
3206 3987 3455
3633 3973 3110
3511 3338 3795
3729 3634 3528
3821 3774 3262
3356 3991 3390
3343 3386 3867
3286 4056 3210
3343 3386 3867
3752 3550 3568
3657 3730 3523
3776 3619 3485
3664 3972 3081
3196 3722 3705
3258 3900 3544
3793 3886 3105
3472 3549 3730
3273 3341 3899
3373 3362 3847
3603 3306 3765
3759 3694 3440
3730 3504 3621
3823 3549 3531
4005 3511 3175
3308 3563 3797
3475 3312 3823
3842 3618 3434
3506 3352 3798
3426 3598 3729
3860 3547 3453
3734 3635 3506
3142 4058 3342
4011 3302 3319
3114 3859 3618
3953 3421 3398
3897 3716 3227
3124 4018 3399
3698 3801 3386
3299 3254 3894
3806 3720 3334
3364 3676 3698
3394 3844 3554
3669 3872 3323
3246 3495 3827
3955 3544 3287
3842 3671 3376
3590 3470 3711
3409 3581 3739
3644 3640 3624
3672 3827 3391
3446 3802 3531
3429 3344 3840
3413 3153 3877
3710 3737 3437
3778 3647 3464
3140 3812 3674
3204 3893 3578
3558 3598 3672
3345 3268 3890
3097 4030 3410
3422 3492 3810
3377 3314 3874
3795 3584 3507
3197 4110 3187
3857 3453 3546
3616 3434 3696
3631 3697 3558
3610 3295 3752
3775 3674 3465
3585 3236 3785
3321 3748 3644
4005 3511 3175
3875 3500 3445
3991 3514 3254
2974 3980 3512
3453 3560 3708
4027 3378 3279
3459 3782 3577
3462 3494 3777
3497 3173 3834
3003 3721 3719
3390 3714 3623
3500 3799 3539
3976 3531 3242
3091 3809 3682
2971 3964 3518
3544 3541 3708
3237 3545 3812
3680 3731 3490
3852 3573 3439
2968 4041 3372
3892 3724 3135
3889 3562 3397
2971 3964 3518
3000 4008 3459
3930 3534 3328
2987 3853 3653
3269 3838 3587
4013 3298 3330
3660 3608 3622
3868 3639 3360
3094 3826 3650
2996 4040 3400
3507 3983 3363
3761 3703 3384
4027 3378 3279
3727 3609 3558
3462 3494 3777
4030 3365 3268
3791 3611 3480
3053 3993 3458
3065 3966 3487
3633 3973 3110
3493 3538 3745
3022 3815 3674
3511 4042 3048
3778 3758 3368
3697 3913 3238
3793 3604 3470
3322 4106 3019
3277 3384 3881
3811 3638 3425
3597 3763 3537
3682 3682 3555
3271 4093 3171
3604 3347 3747
3502 3151 3845
3349 3695 3713
3345 3268 3890
3448 3141 3859
3638 3394 3733
3610 3295 3752
3250 3325 3905
3610 3700 3565
3468 3344 3822
3438 4040 3173
3547 4039 3122
3209 3216 3921
3277 3384 3881
3597 3825 3476
3479 3611 3703
3521 3875 3478
3238 4107 3179
3278 4117 3034
3731 3351 3662
3475 3870 3517
3697 3958 3073
3801 3521 3569
3438 3816 3563
3715 3523 3640
3675 3963 3117
4003 3454 3226
3664 3972 3081
3293 3287 3904
3733 3776 3423
3965 3602 3185
3524 3359 3794
3427 3685 3637
3944 3457 3343
3625 3984 3075
3760 3925 3101
3360 3350 3869
3153 3684 3755
3884 3610 3345
3764 3740 3370
3638 3738 3508
3769 3605 3488
3322 4081 3161
3617 3274 3753
3851 3744 3198
3645 3681 3556
3468 4061 3140
3173 3678 3751
3716 3828 3383
3476 3498 3775
3865 3448 3521
3759 3545 3606
3271 4069 3177
3874 3737 3259
3567 3935 3352
3447 3641 3671
3398 4075 3079
3786 3655 3452
3200 3258 3914
3627 3665 3590
3595 3989 3159
3547 4039 3122
3802 3849 3138
3971 3548 3232
3645 3756 3475
3447 3352 3828
3382 3299 3861
3624 3956 3182
3725 3570 3591
3856 3616 3404
3739 3831 3273
3409 3581 3739
3654 3238 3736
3437 3252 3864
3662 3818 3427
3437 3252 3864
3368 3396 3852
3829 3583 3438
3676 3374 3693
3769 3592 3557
3603 3306 3765
3642 3266 3740
3440 3465 3819
3654 3238 3736
3749 3901 3113
3756 3806 3338
3401 3240 3878
3672 3622 3613
3821 3774 3262
3181 3793 3667
3732 3686 3465
3950 3412 3413
3573 3506 3734
3596 3211 3781
3669 3872 3323
3584 3195 3789
3204 3893 3578
3424 3373 3835
3263 3959 3506
3435 3289 3856
3733 3776 3423
3256 3804 3628
3543 3391 3762
3593 3938 3316
3745 3361 3645
3578 3884 3429
3604 3565 3644
3313 4101 3084
3573 3943 3244
3883 3441 3509
3585 3236 3785
3075 4032 3389
3856 3616 3404
3313 4101 3084
3365 3667 3694
3132 4013 3436
3689 3605 3614
3368 3396 3852
3261 3170 3921
3617 3274 3753
3469 3180 3857
3450 4037 3208
3042 3975 3463
3352 3534 3792
3537 3773 3523
3865 3448 3521
3312 4090 3163
3696 3641 3538
3484 3363 3798
3427 3685 3637
3138 3318 3910
3819 3791 3280
3303 3673 3724
3802 3849 3138
3382 3299 3861
3152 4087 3246
3863 3475 3525
3424 3373 3835
3140 3812 3674
3142 4058 3342
3077 3758 3700
3655 3780 3430
3435 3289 3856
3861 3694 3281
3590 3470 3711
3712 3907 3167
3849 3458 3548
3116 3839 3635
3404 3552 3743
3801 3521 3569
3296 3770 3642
3817 3674 3327
3310 3773 3620
3651 3658 3580
3944 3457 3343
4013 3298 3330
3163 3965 3494
3470 3220 3844
3036 3966 3497
3369 4005 3296
3714 3911 3165
3293 3287 3904
3819 3791 3280
3840 3726 3325
3124 4018 3399
3682 3745 3473
3630 3712 3553
3955 3544 3287
4003 3454 3226
3489 3249 3816
3458 3311 3836
3976 3531 3242
3622 3618 3642
3085 4027 3417
3041 4005 3451
3937 3609 3166
3719 3422 3660
3587 3853 3453
3927 3646 3257
3783 3896 3114
3968 3456 3347
3683 3781 3427
3968 3456 3347
3924 3679 3200
3026 4082 3276
3867 3520 3518
3787 3524 3547
3061 3919 3572
3710 3737 3437
3860 3790 3096
3573 4006 3032
3595 4016 3030
3573 4006 3032
3619 3985 3103
3505 3407 3791
3884 3610 3345
3226 3160 3925
3181 3793 3667
3360 4105 3083
3617 3520 3675
3573 3943 3244
3375 3646 3735
3573 3506 3734
3604 3347 3747
3498 3921 3418
3014 3785 3685
3366 4034 3312
3364 3676 3698
3668 3385 3700
3633 3885 3324
3594 3518 3693
3390 3714 3623
3774 3604 3490
3662 3425 3677
3625 3439 3689
3469 3180 3857
3393 3655 3697
3312 4090 3163
3619 3985 3103
3529 3997 3193
3986 3460 3295
3571 3903 3377
3912 3699 3155
3052 3970 3491
3494 3525 3769
3216 4116 3142
3774 3546 3560
3507 3983 3363
3868 3639 3360
3943 3462 3385
3498 3921 3418
3197 4110 3187
3846 3627 3392
3152 4087 3246
3459 3782 3577
3676 3773 3458
4017 3503 3186
3621 3650 3607
3419 3257 3858
3740 3738 3415
3756 3806 3338
3196 3722 3705
3232 3874 3592
3566 3553 3694
3499 3744 3583
3360 4105 3083
3798 3482 3581
3174 3850 3631
3546 4036 3150
3715 3523 3640
3811 3800 3269
3774 3546 3560
3043 3868 3619
3675 3963 3117
3683 3781 3427
3473 3896 3498
3295 3297 3895
3943 3462 3385
3736 3609 3530
3399 3751 3614
3269 3838 3587
3660 3608 3622
3834 3728 3278
3930 3534 3328
3543 3391 3762
3987 3493 3255
3094 3826 3650
3798 3482 3581
3768 3331 3655
3621 3650 3607
3615 3250 3761
3260 3869 3579
3643 3433 3720
3639 3949 3183
3963 3411 3374
3231 3810 3652
3346 3481 3830
3752 3550 3568
3949 3424 3426
3260 3869 3579
3844 3653 3364
3397 3284 3862
3953 3421 3398
3472 3938 3405
3549 3382 3788
3440 3465 3819
3384 3261 3891
4017 3503 3186
3787 3524 3547
3579 3288 3780
3257 3664 3738
3725 3570 3591
3458 3311 3836
3078 3996 3442
