24583 540.126
25314 27778
25845 26925
27163 26438
26840 24425
23936 21908
26256 27536
28350 25784
25990 23992
26194 26248
25229 25451
26906 26772
24187 23558
27447 24794
25938 25674
25709 27901
27534 26922
26507 26815
25128 26221
27121 27265
26929 26919
25736 27302
26841 27481
25947 25932
27214 26197
26412 28014
27252 25284
24236 25836
26659 25878
27513 27148
26873 27293
25985 23516
25880 28131
26322 26671
26162 28217
25791 24726
26890 27965
27513 24961
26251 26272
26604 27773
26449 26964
27201 24812
27689 26562
26680 27827
26411 27978
27527 26333
25706 26042
26670 26711
27136 27609
27727 26254
26705 25611
26598 26897
27155 25791
26656 27275
26615 26785
27299 27487
26177 27026
25543 24132
24539 26669
28109 25504
27895 25826
23516 22303
25830 28051
27358 27107
23699 24735
26392 27676
28156 25900
27345 27347
26053 25388
25289 24049
24640 25382
27397 25421
26431 25316
26313 27526
26274 27669
27820 26262
25623 26905
26369 27715
26683 27106
26626 25974
24874 25517
26962 25096
26540 24986
26380 27432
27257 27428
26694 27877
25090 26046
25013 25237
27464 26280
26932 26282
26603 27948
26703 26547
26307 27295
27355 24889
27762 26804
25530 26850
27064 26898
25803 27152
27761 25516
26061 27168
26807 25146
25873 23876
27309 27298
23944 26355
27087 25833
26600 28149
27380 25892
26184 25022
26908 26572
26892 24353
26975 26163
26347 25536
25707 26185
27444 27201
26230 25406
26771 25070
25873 26571
25779 26099
25415 24577
27187 26399
26852 27390
26319 26937
25743 26265
26889 26805
28223 25760
26618 27671
25637 24058
27008 27479
24949 24325
27101 26434
27825 26264
26109 28377
27308 27197
27042 25934
27689 26167
26744 24760
25448 23743
27803 26289
26302 26869
27322 27005
25544 25931
24770 26191
25915 26897
26863 27607
26431 27380
28019 26222
26769 25904
25442 26850
25752 25065
26819 27391
24865 26245
24866 24739
26390 27906
25756 27871
25789 25930
27950 25684
26599 24305
27957 25340
26137 26021
26980 25593
27783 26011
25696 27354
26683 27046
27480 25174
27182 27225
24954 24788
28193 25849
27083 26143
27051 27311
25741 26587
27460 24698
26675 27843
27278 26246
26706 24960
26051 27313
27421 27149
27245 25657
27418 25523
25136 26852
25870 27508
26181 27114
26923 26304
26154 28091
27226 26167
25915 27271
26387 26343
27252 27038
27169 25617
27760 26656
27296 25839
27729 25256
27864 26333
27324 26026
26361 24959
26777 27815
26991 27473
27832 26526
27136 27039
25861 25476
25358 24324
25697 27650
28054 25562
26459 24932
26178 24632
25937 27473
26600 27687
25074 26136
25062 27124
25527 27527
26237 26940
24995 24519
26244 27671
26358 28164
26099 27882
26286 25237
25558 27448
26788 26795
26999 25318
25848 25648
25825 25945
26036 24443
24250 22652
27626 25506
27214 26980
27528 25405
26983 27850
26818 27320
27462 27244
27575 26552
27399 24907
27018 24283
27016 27151
27167 26195
26132 27813
26681 26984
26385 27848
26028 26600
24264 24506
27263 25113
26412 26247
27388 25754
26516 25434
27577 24906
26712 27881
26508 27838
25773 26638
28051 26285
26420 27069
26122 25813
23275 23337
25848 23426
27820 26081
26226 23379
