30327 660.138
18149 18262
18230 17965
18198 18100
17963 18413
18035 18310
18025 18337
18254 17919
18076 18288
18151 18188
18012 18354
17937 18433
18018 18349
17933 18435
18068 18289
18039 18291
18158 18130
18160 18129
18267 17913
17914 18447
18126 18273
17996 18389
17979 18404
18169 18127
18169 18127
18213 18086
18213 18086
17979 18404
17996 18389
18126 18273
18113 18269
17936 18429
18203 18084
18012 18341
17967 18404
18160 18118
17891 18433
18146 18204
18069 18283
18025 18309
18220 17957
18212 18027
17995 18369
18209 18059
18131 18217
18225 17929
18148 18187
17804 18440
18168 18089
17988 18374
17982 18376
18049 18287
18029 18292
17968 18390
18053 18286
18132 18208
18221 17930
18263 17891
17795 18442
18123 18158
18030 18189
18136 18146
18014 18258
18147 18114
17543 17478
17672 17612
17684 17600
17566 17585
17614 17704
17609 17672
17752 17840
17547 17419
17625 17539
17489 17574
17731 17764
17503 17776
17846 17671
17398 17250
17725 17497
17780 17999
17959 17830
17416 17662
17761 17748
17611 17654
17628 17593
17466 17678
17305 17717
17865 17940
17860 17603
17567 17643
17657 17402
17671 17493
17519 17658
17446 17733
17600 17470
17356 17302
17815 17779
17699 17716
17759 17682
17707 17771
17691 17841
17358 17705
17952 17681
17520 17664
17474 17551
17480 17665
17631 17773
17707 17617
17531 17675
17531 17875
17607 17552
17647 17444
17564 17431
17624 17422
17464 17579
17807 17511
17672 17852
17425 17446
17906 17681
17563 17502
17462 17568
17744 17735
17792 17762
17768 17759
17788 17666
17513 17361
17723 17724
17432 17606
17623 17298
17471 17715
17778 17614
17479 17701
17677 17371
17888 17713
17519 17624
17381 17508
17459 17553
17526 17403
17741 17819
17538 17321
17697 17695
17459 17478
17682 17732
17681 17600
17898 17876
17500 17614
17572 17779
17829 17899
17507 17475
17334 17494
17673 17650
17644 17467
17695 17657
17780 17680
17679 17839
17621 17667
17743 18008
17339 17337
17703 17245
17707 17764
17493 17650
17585 17573
17531 17527
17696 17512
17621 17564
17499 17483
17595 17662
17312 17500
17518 17721
17534 17560
17557 17611
17673 17545
17879 17628
17512 17457
17694 17601
17752 17727
17499 17670
17799 17670
17486 17656
17747 17519
17472 17710
17600 17566
17484 17735
17619 17625
17637 17617
17769 18070
17647 17461
17927 17678
17821 17869
17795 17673
17611 17915
17736 17731
17523 17647
17617 17725
17350 17510
17539 17642
17781 17612
17642 17389
17655 17648
17512 17737
17647 17809
