400923 2160.1
4262 3274
3271 4029
4041 3697
3415 4017
4230 3367
4220 3368
4121 3595
4122 3569
3364 4021
4218 3400
4236 3338
4250 3278
3332 4024
3295 4025
4019 3700
3540 3982
3732 3908
3749 3893
3332 4024
3364 4021
4175 3491
3512 3986
3907 3806
4089 3635
4094 3612
4246 3319
4236 3338
3595 3966
3616 3956
3732 3908
4215 3423
3635 3938
4218 3400
4050 3680
3672 3925
3929 3778
4248 3300
3632 3949
4014 3705
3453 4003
3431 4009
4128 3560
3271 4029
3295 4025
3653 3936
3751 3891
4215 3423
4205 3437
4102 3602
3704 3912
3481 3998
3497 3989
4185 3466
4139 3546
4199 3443
4248 3300
4246 3319
4197 3462
3888 3812
3415 4017
3431 4009
3969 3747
3690 3914
3556 3975
3616 3956
3666 3926
4164 3521
4168 3505
4056 3666
3964 3748
3996 3722
3762 3881
4182 3478
3688 3919
3763 3878
3834 3842
3855 3832
3870 3826
4071 3649
3977 3738
3990 3731
4009 3717
4151 3534
3963 3761
3952 3769
4071 3649
4064 3660
3839 3836
3855 3832
4164 3521
4100 3603
3822 3857
3831 3848
3879 3817
3870 3826
3797 3862
3822 3857
3806 3860
4152 3528
3977 3738
3787 3870
3938 3773
3952 3769
3704 3912
3511 3987
3469 4000
3778 3875
4082 3640
4182 3478
4010 3716
4050 3680
3582 3970
3595 3966
3963 3761
3994 3724
4094 3612
3660 3935
3918 3792
4082 3640
4136 3553
3556 3975
4262 3274
4197 3462
3568 3971
3918 3792
3497 3989
3787 3870
3540 3982
4056 3666
4064 3660
3453 4003
3879 3817
3909 3801
3938 3773
3888 3812
3778 3875
3924 3786
3582 3970
3568 3971
4142 3537
3481 3998
3466 4001
4205 3437
4174 3499
4199 3443
4168 3505
3924 3786
3909 3801
4089 3635
3990 3731
4142 3537
3839 3836
