4 0.0284156
3143 3123 3153
3288 3111 2974
2996 3269 3097
3202 3075 3098
3096 2946 3282
2950 3360 3075
3029 3385 2945
3179 3278 2923
2968 2983 3267
3123 3154 3009
3050 3217 3000
3279 2955 3002
2939 3057 3181
3181 2968 3114
3168 3084 3084
3044 3238 2945
3056 3204 2933
3281 2917 3096
3077 3329 2902
2911 3052 3188
3023 2876 3220
2938 3330 2999
3225 3036 2917
3152 3076 3026
3117 3238 2833
2990 3175 3052
2860 3031 3138
3151 2873 3082
2958 3251 3026
3064 2966 3089
2846 2938 3188
2910 3080 3088
3206 3093 2788
2995 3203 3008
3013 3109 3044
3148 3144 2791
3106 2830 3095
3083 3179 2870
2996 2926 3098
3089 2995 3038
3243 2734 2850
2931 3082 3068
3078 3102 2892
2952 3268 2846
2869 2920 3147
2838 3224 3030
3090 3167 2856
3020 3190 2870
3106 3142 2841
2988 3207 2895
2856 2948 3141
2968 3356 2731
3196 2710 2983
2737 3089 3077
3209 2976 2872
2930 3240 3024
2970 3129 3052
2860 3300 2989
3054 3073 3006
3094 2792 3041
3046 2911 3054
2909 2781 3104
3138 3040 2864
2967 2776 2971
2824 3074 2894
3126 3063 3008
3144 2987 3045
3011 2958 2912
3017 2878 2892
2936 2775 2846
2564 3050 2900
2838 3051 2653
2763 2913 2691
3089 3033 3098
2947 3037 3089
3057 2973 3000
2785 2753 2671
2809 3024 2964
2806 3035 3015
2916 3057 2808
3011 2852 2897
2762 2899 2812
3087 3053 3068
3263 2813 2913
2917 2951 2849
2876 2895 2862
3077 2853 2854
3181 2888 2824
2933 3127 3099
3159 2837 2974
2951 2826 2867
2810 3036 2892
2868 2776 2770
3077 2872 2812
2966 2942 2716
3237 3197 2931
2978 2817 2668
2955 3112 2928
2994 2932 2976
2863 2702 2618
2847 2934 2712
2906 2970 2555
3135 2901 2909
2848 2774 2537
2970 2950 3086
2641 2893 2727
2894 3155 2935
3019 2928 2839
2769 2892 2898
2984 3129 2964
2825 2736 2847
2765 2829 2588
2732 2905 2818
2569 2917 2474
3084 2877 2787
2960 2689 2962
3092 2780 2971
2979 3048 3053
2594 2626 2788
2847 2977 2677
2906 3094 2785
2738 2778 2821
2918 2768 2906
2801 2775 3002
2859 2654 2806
3164 3113 2764
2989 2902 3046
2999 3086 2895
2721 2748 2645
2923 3159 2813
2976 3208 2973
3130 3131 2928
2865 2988 3054
2694 3008 2808
3004 3210 3089
2753 2652 2675
2953 3004 2881
2766 2803 2726
3053 2885 2939
2983 3132 3038
2852 2866 2814
3173 3160 2919
3087 2897 2986
2930 3139 2861
2902 2637 2901
2763 2909 3011
3126 2707 2774
3131 2819 2849
3174 2788 2915
3097 3201 2889
2962 3002 2687
2879 3000 2972
3041 2945 2832
3057 2953 3087
3059 2999 3005
2962 3168 2998
2814 2965 2986
2734 2709 2773
3211 3060 2965
3147 3224 3093
2994 2703 2959
2834 2803 2869
2889 2670 2874
2954 3058 3080
3232 2651 3103
2867 2976 2850
2809 2862 2940
3259 2934 2907
2848 2813 2732
3006 2929 2592
3193 2880 3006
2852 2792 2531
2964 2622 2885
3053 3096 2963
2763 2833 2928
3055 2936 2790
2917 2848 2879
2772 2745 2937
3106 2895 3023
2921 2832 2893
3254 2890 3107
2818 2924 2848
2869 3019 2900
2906 2953 3027
3073 3035 3054
2942 3086 2958
2977 2753 2762
2785 2834 2584
2712 2560 2879
2733 2839 2957
3008 2943 3022
2428 2874 2625
2934 2792 2829
3108 2873 2936
2885 2758 2773
3020 2987 2916
2974 3061 2849
3331 3119 3150
2954 3161 2943
3063 2942 3037
