222080 1440.1
25453 23750
24075 25311
25272 24383
25453 23750
24075 25311
24531 25199
24615 24976
25159 24621
24766 24969
25272 24383
25267 24615
24531 25199
24531 25199
24531 25199
25272 24383
24901 24839
24531 25199
25159 24621
24615 24976
25115 24736
24955 24754
24889 24880
24766 24969
25267 24615
24075 25311
24889 24880
24889 24880
24889 24880
24766 24969
24615 24976
25267 24615
25267 24615
25453 23750
24889 24880
24889 24880
25267 24615
24766 24969
24075 25311
25453 23750
24531 25199
24531 25199
24889 24880
24889 24880
25267 24615
24766 24969
24889 24880
24889 24880
25267 24615
24075 25311
24531 25199
24889 24880
24889 24880
24889 24880
24889 24880
24889 24880
25267 24615
25267 24615
24889 24880
24889 24880
24889 24880
24889 24880
24889 24880
24889 24880
24889 24880
24889 24880
24889 24880
24531 25199
24889 24880
25453 23750
25272 24383
24531 25199
24075 25311
25453 23750
24889 24880
24889 24880
24889 24880
24075 25311
24889 24880
24889 24880
25453 23750
24889 24880
24889 24880
25272 24383
24889 24880
24889 24880
25267 24615
25272 24383
24889 24880
24889 24880
24531 25199
24889 24880
24889 24880
24889 24880
24531 25199
24889 24880
24889 24880
24889 24880
24889 24880
25453 23750
24889 24880
24889 24880
24889 24880
24889 24880
24889 24880
24889 24880
25453 23750
24889 24880
25272 24383
24889 24880
24889 24880
24889 24880
25453 23750
24889 24880
24531 25199
24075 25311
25453 23750
24889 24880
25453 23750
24889 24880
24075 25311
24889 24880
25272 24383
24889 24880
24889 24880
24889 24880
24889 24880
25267 24615
24889 24880
24889 24880
25453 23750
24889 24880
24889 24880
24889 24880
24889 24880
24889 24880
24889 24880
25453 23750
24889 24880
24889 24880
24889 24880
24889 24880
24889 24880
24889 24880
24889 24880
24889 24880
25267 24615
25267 24615
24889 24880
24889 24880
24889 24880
24889 24880
25272 24383
24766 24969
24889 24880
24889 24880
24889 24880
24531 25199
24889 24880
25453 23750
25272 24383
24531 25199
24075 25311
25453 23750
24889 24880
24889 24880
24075 25311
24889 24880
24889 24880
25453 23750
25267 24615
25159 24621
25115 24736
24955 24754
24889 24880
24766 24969
25267 24615
24075 25311
24889 24880
24615 24976
25267 24615
25267 24615
25453 23750
24889 24880
24889 24880
24766 24969
24075 25311
25453 23750
24531 25199
24531 25199
24889 24880
25267 24615
24766 24969
24889 24880
24889 24880
25267 24615
24075 25311
24531 25199
24889 24880
25453 23750
24889 24880
24531 25199
24075 25311
25453 23750
24889 24880
25453 23750
24889 24880
24075 25311
24889 24880
25272 24383
24889 24880
24889 24880
24889 24880
25267 24615
24889 24880
24889 24880
25453 23750
24889 24880
24889 24880
24889 24880
24889 24880
25272 24383
24889 24880
25453 23750
24889 24880
24889 24880
24889 24880
24889 24880
25272 24383
24889 24880
24889 24880
25267 24615
25272 24383
24889 24880
24889 24880
24531 25199
24889 24880
24889 24880
24889 24880
24531 25199
24889 24880
24889 24880
24889 24880
24889 24880
25453 23750
24889 24880
24889 24880
24889 24880
24889 24880
25453 23750
24889 24880
25272 24383
24889 24880
