41034 600.09
9010 8702 8199
8391 8585 8652
8463 9126 8252
8642 8736 8535
8537 8836 8506
8590 8640 8589
8938 8621 8320
8918 8575 8358
8359 9070 8414
8432 8955 8483
8733 8693 8531
8806 8681 8462
8780 8956 8314
8825 8698 8439
8735 8802 8398
8557 9058 8311
8683 9018 8288
8428 8465 8667
8360 8809 8573
8347 9171 8251
8764 8920 8335
8827 8926 8296
8730 8629 8542
8566 8961 8406
8619 8637 8579
8482 8983 8442
8810 8999 8214
8512 9013 8370
8596 8826 8478
8356 8893 8540
8703 9070 8242
8677 8756 8492
8869 8901 8258
8978 8776 8228
8515 8670 8583
8515 8940 8456
8844 8563 8440
8827 8801 8343
8766 8567 8494
8909 8819 8263
8969 8814 8200
8629 8903 8398
8950 8715 8270
8852 8786 8315
8384 9092 8337
8879 8510 8392
8534 9088 8273
8762 9018 8239
8664 8849 8408
8402 8414 8692
8695 9081 8210
8868 8951 8179
8586 9105 8167
8970 8705 8247
9018 8617 8145
8738 9057 8166
8844 8994 8161
8499 9142 8121
8312 8632 8642
8941 8832 8111
8287 8354 8710
8332 9172 8138
9073 8484 8095
8324 8646 8148
8158 8520 8243
8766 8432 7967
8566 8692 8019
8113 8190 8071
8660 8396 8021
8727 8496 7952
8514 8483 7786
8635 8447 8096
8823 8564 8028
8597 8517 7808
8731 8426 7999
8499 8294 7956
8720 8513 7992
8595 8488 7869
8563 8629 8046
8475 8382 7808
8564 8489 8108
8584 8570 7924
8452 8650 7924
8682 8734 7926
8122 8174 8127
8573 8387 8014
8804 8680 8179
8584 8307 7788
8291 8101 7903
8063 8197 8044
8805 8664 8076
8433 8242 7735
8490 8369 7827
8595 8288 8006
8656 8583 8003
8496 8617 8056
8197 8358 8147
8628 8613 8009
8502 8364 8221
8182 8395 8163
8560 8564 8036
8490 8541 7987
8313 8459 8183
8292 8470 8065
8536 8431 7825
8696 8711 8012
8606 8561 8155
8766 8614 7972
8403 8484 7991
8540 8491 7952
8467 8198 7552
8403 8365 7843
8625 8585 8003
8593 8599 7983
8650 8609 7912
8040 8363 8318
8172 8463 8103
8643 8570 7976
8475 8382 7940
8377 8330 7892
8472 8486 7810
8416 8819 7974
8436 8581 7900
8125 8419 8336
8532 8575 7965
8510 8567 8074
8400 8346 7984
8448 8357 7891
8512 8226 7894
8604 8360 7904
8804 8606 7853
8602 8290 7862
8567 8302 8039
8361 8402 7866
8769 8601 7847
8618 8298 7985
8601 8640 8030
8697 8517 7973
8118 8272 8101
8570 8830 7986
8577 8473 8030
8466 8119 8046
8637 8673 8182
8467 8704 7789
8506 8421 7965
8660 8564 7976
8506 8518 7940
8536 8572 7930
8689 8602 8185
8356 8480 8071
8511 8442 8068
8752 8738 8161
8280 8431 8229
8623 8301 7780
8327 8515 8279
8484 8429 7782
8648 8414 7947
8575 8422 8181
8154 8362 8276
8171 8309 7981
8453 8560 7939
8619 8402 7774
8516 8369 7881
8655 8419 7852
8625 8307 7818
7953 8330 8151
8473 8199 7588
8566 8696 8166
8210 8580 7901
8038 8160 7920
8765 8455 8050
8056 8150 8010
8579 8412 7873
8643 8320 7829
8130 8263 8038
7966 8210 8296
8678 8706 7942
8495 8460 8042
8442 8347 7857
8693 8440 8032
8451 8656 7993
8014 8353 8057
8545 8652 7936
8365 8416 7842
8485 8665 8022
8638 8588 8145
8515 8463 8098
8428 8591 7822
8084 8373 8218
7834 7988 8061
8723 8573 8112
8628 8550 7975
8388 8328 8020
8255 8164 7732
8564 8205 7808
8632 8503 7821
8647 8419 7740
8554 8589 7928
7953 8178 8132
8464 8547 7985
