80091 2160.54
17268 20185
19669 17885
19669 17885
18694 19408
19218 18818
18046 19875
19314 18695
17476 20136
18602 19485
19035 19041
18903 19195
17810 20005
17763 20030
17906 19958
19283 18732
19496 18363
19107 18968
19587 18179
18150 19819
19253 18788
19139 18924
18584 19499
19237 18811
18805 19305
17286 20179
19652 17969
18136 19823
19258 18764
19525 18299
17692 20058
18180 19798
18422 19629
19565 18207
18870 19234
19271 18746
17598 20092
17577 20104
18226 19770
19521 18304
17852 19991
17810 20005
19341 18667
17936 19939
18863 19247
19060 19035
18329 19698
19204 18857
18253 19752
18750 19337
17443 20149
19364 18626
17984 19912
18321 19709
19543 18266
19021 19070
18999 19099
18955 19141
18979 19114
17726 20041
18011 19898
19455 18461
19573 18201
18101 19849
19660 17928
19640 18000
17852 19991
17871 19961
18559 19522
17928 19946
18656 19448
19342 18644
18717 19383
18569 19517
18077 19858
19391 18568
17543 20111
18296 19717
19514 18343
18663 19424
19421 18533
18441 19608
17450 20141
19478 18406
19465 18438
19305 18709
18273 19739
18235 19755
18836 19268
17634 20087
17661 20070
17506 20122
19556 18241
18101 19849
19646 17975
19021 19070
18736 19359
18717 19383
19183 18879
18772 19321
19204 18857
19090 18981
17353 20163
17324 20177
17688 20063
19063 19006
18183 19794
19615 18099
19601 18126
17993 19904
17543 20111
17634 20087
18436 19613
19353 18631
17965 19928
17324 20177
19124 18946
19072 19005
19556 18241
19543 18266
19514 18343
18823 19285
18764 19334
19615 18099
17413 20157
19637 18015
19628 18043
17871 19961
18883 19210
19124 18946
18921 19176
18501 19566
18524 19552
19385 18575
19379 18605
19428 18504
17758 20036
17726 20041
17506 20122
18955 19141
18941 19163
18736 19359
19379 18605
19617 18064
18468 19599
19434 18490
17379 20159
17413 20157
19601 18126
19590 18150
18384 19654
18399 19634
17965 19928
18622 19463
18883 19210
18999 19099
18979 19114
19434 18490
18354 19688
19660 17928
19662 17896
18210 19786
19396 18539
18491 19590
18501 19566
18849 19267
18541 19538
17661 20070
19150 18880
19183 18879
19455 18461
19465 18438
18622 19463
18941 19163
18921 19176
18273 19739
17583 20094
18077 19858
19590 18150
19628 18043
18354 19688
18369 19671
18369 19671
18384 19654
18210 19786
18468 19599
18491 19590
18668 19414
19493 18391
18656 19448
18032 19892
18541 19538
18524 19552
18296 19717
19416 18538
18823 19285
19493 18391
19478 18406
17379 20159
17353 20163
19146 18902
