14 0.274315
7396 7703
7073 7620
7482 7331
7203 7450
7186 7230
7008 7650
7530 7105
7419 7413
7009 7373
7278 7345
7598 7083
7628 7522
7416 7480
7510 7145
7410 7309
7375 7481
7601 7108
7306 7629
7297 7680
7048 7383
7163 7375
7592 7375
7307 7463
7361 7235
7272 7600
7604 7143
7472 7367
7342 7496
7464 7702
7549 7497
7687 7455
7383 7224
7530 7105
7301 7088
7802 7194
7410 7309
7437 7645
7043 7377
7301 7548
7564 7094
6955 7427
7058 7591
7268 7290
7218 7365
7699 7254
7608 7628
7134 7480
7545 7427
7279 7511
7168 7314
7507 7371
7447 7496
7019 7334
7581 6811
7658 7082
7363 7461
6819 7475
7203 7450
7463 7356
7267 7686
7551 7284
7372 7604
7358 7563
7372 7604
7539 7505
7399 7229
7567 7095
7535 7328
7244 7428
7452 7449
6847 7491
7134 7396
7397 7183
6936 7402
7360 7305
7347 7166
7063 7594
7388 7643
7525 7333
7334 7222
7388 7306
7466 7439
7398 7154
7447 7438
7687 7455
7334 7222
7419 7413
7584 7148
7466 7439
7173 7460
7600 7401
7448 7286
7319 7661
7340 7427
7383 7483
7427 7469
7378 7278
7364 7330
7309 7434
7604 7143
7146 7549
7403 7354
7163 7375
7264 7480
7448 7286
7303 7082
7347 7430
7352 7455
7345 7161
6984 7432
7338 7388
7386 6936
6963 7389
7452 7270
7545 7427
7375 7573
7103 7490
7479 7535
7402 7078
7431 7191
7447 7496
7646 7789
7402 7078
7354 7486
7097 7543
7459 7181
7416 7480
7687 7455
7431 7191
7321 6912
7474 7563
7425 7640
7329 7590
7103 7481
7658 7082
7375 7481
7442 7197
7347 7166
7346 7667
6955 7427
7595 7353
7279 7511
7519 7608
7390 7603
7418 7400
7288 7506
6979 7472
7412 7521
7412 7521
7405 7590
7437 7645
7553 7386
7410 7319
7384 7207
7570 7395
7362 7802
7687 7455
7416 7517
7549 7497
7567 7095
7427 7469
7146 7549
7464 7702
7412 7333
7286 7670
7209 7326
7446 7423
7048 7383
7150 7551
7431 7634
7802 7194
7332 7434
7431 7634
7628 7522
7488 7329
7519 7608
7229 7391
7477 7438
7198 7521
7486 7537
7347 7430
7356 7534
7452 7449
7198 7521
7103 7481
7547 7409
7535 7328
7388 7643
7315 7329
7407 7649
7195 7426
7353 7752
7383 7606
7479 7535
7097 7543
7577 7466
7207 7353
7510 7145
7386 7401
7340 7566
7383 7224
7340 7566
7539 7505
7600 7401
7290 7478
7254 7469
7386 7063
7383 7606
7152 7747
7455 7265
7361 7235
7097 7403
7646 7789
7608 7628
6979 7472
7569 7469
7383 7483
7276 7377
7340 7566
7301 7548
7326 7129
7569 7469
7547 7391
7408 7594
7152 7413
7381 7411
7402 7078
7378 7278
7497 7181
7497 7181
7304 7411
7436 7512
7440 7482
7397 7183
7492 7441
6963 7389
7341 7197
7402 7078
7595 7353
7410 7319
7311 7104
7266 6996
7444 7611
7204 7410
7488 7227
7134 7578
7130 7403
7551 7284
7384 7207
6819 7475
7150 7551
7064 7522
7404 7086
7473 7440
7424 7679
7396 7479
6847 7491
7367 7706
7218 7365
7452 7270
7103 7490
7276 7377
7581 6811
7063 7594
7130 7403
7261 7340
7267 7686
7407 7649
7403 7354
7455 7159
7446 7423
7553 7386
7507 7371
7267 6970
7353 7752
7492 7441
7019 7654
7288 7506
7318 7093
7341 7197
7256 7554
7412 7333
7534 7558
7306 7629
7246 7442
7268 7672
7396 7703
7195 7426
7251 7517
7267 6970
7097 7403
7259 7588
7107 7335
7577 7466
7329 7337
7442 7197
7345 7161
7325 7584
7186 7230
7326 7705
