2525 180.214
16360 16475 16326 15807
16260 16502 15989 15931
16629 16272 16103 15779
16526 16327 16315 15652
16424 16350 16352 15743
16691 16245 16148 15627
16705 16344 15925 15658
16197 16216 15833 16162
16121 16209 15960 16136
16168 16300 16454 15698
16180 16054 16585 15584
16236 16016 16530 15823
16311 16601 16111 15452
16284 16563 16234 15589
16489 16248 16213 15821
16193 16289 15822 16060
16403 16552 16182 15588
16399 16306 16150 15890
16115 16629 16005 15503
16147 16425 16397 15504
16080 16161 16362 15914
16666 16416 16095 15410
16350 16398 16083 15880
16511 16405 16203 15598
16524 16499 16069 15461
16404 16514 16079 15709
16259 16189 16379 15849
16721 16398 15905 15451
16188 16125 16493 15728
15932 16123 16157 15986
16256 16220 15824 16054
16044 16170 16004 16071
16263 16325 16242 15866
16607 16554 16010 15309
16272 16135 16268 15907
16155 16568 16078 15640
16469 16486 15996 15628
15872 16671 15838 15493
16583 16318 16166 15565
16195 16190 16464 15739
16261 16061 16515 15561
16012 16386 15890 15958
16367 16188 16386 15453
16258 16539 15914 15699
16282 16203 15909 15968
16449 16430 16018 15723
16459 16282 15948 15851
16633 16012 15827 15814
16519 16315 15813 15802
16240 16101 16439 15807
16426 16254 16106 15869
16337 16540 16090 15653
15994 16623 15850 15543
16031 16196 16442 15811
16290 16005 15946 15986
16528 16370 15944 15688
15923 16360 16065 15934
16120 16261 16123 15914
16210 16481 16250 15753
15759 15871 15568 16250
16180 16054 16585 15584
15845 16685 15812 15258
16758 16189 15976 15441
15850 15539 15520 15039
15417 15329 15513 15021
15232 15750 15292 15147
15261 15505 15460 14841
15634 15814 15371 15094
15588 15823 14894 15015
15378 15277 15241 15119
15569 15774 15265 15139
15531 15570 15513 14975
15670 15602 15568 15299
16075 15917 15734 15440
15563 15716 15606 14872
15200 15193 15235 15084
15469 15552 15428 15043
15642 15643 15804 15155
15290 15546 15519 15216
15421 15352 15304 14928
15505 15496 15678 14923
15267 15430 15256 14886
15564 15673 15392 15084
15565 15589 15312 15332
15597 15578 15139 15155
15512 15958 15504 14900
15503 15206 15248 15189
15532 15947 15650 15208
15412 15360 15433 14822
15729 15840 15778 15657
15804 15664 15461 15400
15012 15333 14827 14678
15414 15216 15234 14955
15348 15529 15363 15056
15861 15442 15428 15066
15777 15966 15419 15085
15556 15385 15391 15406
15622 15461 15108 15023
15791 15716 15566 15444
15795 15790 15550 15269
15734 15756 15497 14791
15844 15783 15565 15248
15398 15850 15528 14611
15769 15649 15646 15172
15548 15635 15194 14844
15481 15804 15222 15158
15759 15754 15212 15155
15467 15122 14923 14877
15058 15420 14869 14315
15734 15620 15055 15010
15602 15582 15223 15489
15495 15100 15378 14960
15296 15505 15229 15177
15419 15638 15069 14726
15876 15721 15498 15286
15793 15414 15619 15114
15549 15428 15167 15160
16158 15951 15974 15661
15593 15948 15398 15216
15491 16043 15435 15060
16073 15935 15585 15171
15530 15533 15231 14807
15770 15829 15540 15023
15713 15792 15509 14989
15661 15665 15217 15234
15340 15400 15790 14940
15714 15903 15316 15033
15312 15757 15356 14643
15825 15821 15697 15297
15553 15748 15094 14971
15850 15713 15387 15125
15817 15764 15424 15120
15853 15843 15546 14895
15592 16026 15367 15136
15213 15262 15257 14822
15781 15634 15501 15347
15705 15397 15330 15235
15363 15354 14983 14887
15599 15691 15735 15196
15632 15635 15356 15255
15729 15633 15406 15441
15832 15538 15508 15256
15325 15402 15444 14735
15608 15927 15316 15555
15249 15661 15231 14903
15728 15675 15794 15193
15463 15467 15405 15426
15470 15586 15488 15095
16058 16047 15501 15065
16050 15789 15591 15000
15965 15770 15310 15314
15673 15662 15438 15048
15518 15772 15517 15042
15411 15754 15405 15369
15449 15500 15312 15195
15402 15318 15039 14412
15758 15721 15360 15249
15663 15619 15409 15169
15424 15604 15246 14743
15587 15631 15331 15078
15712 16161 15743 15074
15534 15646 15443 15001
15682 15670 15447 14842
15576 15461 15417 15055
15703 15807 15512 15270
15655 16026 15486 15439
15831 15874 15852 14829
15327 15454 15220 14912
15464 15894 15303 15394
15524 15489 14916 14458
15942 15716 15437 15319
15668 15441 15184 14887
15568 15510 15559 15418
15882 15825 15862 15142
15741 15533 15065 15009
15427 15633 15439 15089
15848 15656 15393 15020
15575 15266 15180 14864
15247 15315 15193 14523
15798 16042 15669 15130
15383 15478 14927 15255
15884 15557 15939 15084
15860 15721 15580 15494
15754 15955 15472 15011
15199 15499 15077 14951
15835 15908 15670 15303
15897 15662 15226 15396
15470 15447 15516 15005
15744 15183 15078 15251
15377 15458 14994 14806
15852 15664 15515 15310
15802 15668 15626 15226
15551 15673 15434 15172
15448 15676 15303 14931
15887 15642 15545 15020
15703 15935 15548 15060
15368 15542 15244 14753
15608 15325 15461 15045
15626 15832 15857 15289
15171 15096 15013 14459
16062 15855 15377 15248
15743 15659 15507 14939
16011 15896 16121 15409
16084 15810 15635 15298
15744 15413 15459 15262
15588 15377 15275 15025
15803 15671 15652 15271
15436 15653 15175 14868
15638 15351 15187 14872
15844 15838 15628 15213
15573 15675 15269 15026
15216 15697 15227 15391
15736 16184 15679 15053
15425 15502 15783 15339
15529 15718 15924 14679
15724 15529 15481 14757
15512 15856 15436 14808
15938 15957 15561 15123
15548 15573 15198 14999
15762 15900 15715 15143
15959 16032 15353 15267
15198 15182 14887 14651
15683 15568 15494 15247
15884 16017 15807 15216
15500 15597 15959 15059
15687 16135 15606 15281
15831 15645 15619 15252
15903 15817 16030 15513
16025 15480 15365 15153
16027 15745 15599 15015
15598 15648 15483 15361
15697 15765 15498 15168
15733 15672 15321 15096
15431 15899 15394 15239
15591 16097 15394 15444
15411 15505 15197 15168
15433 15546 15090 14789
15423 14785 15235 14256
15946 15574 15721 15298
15985 15666 15339 15023
15947 15575 15639 15224
15527 15422 15217 14830
15368 15629 15632 15306
15613 15512 15124 14847
15666 15358 15406 15026
15714 15946 15708 15476
15805 15457 15079 14886
15912 15627 15370 14847
15903 15589 15619 15400
15464 15582 15548 14992
15431 15741 15119 14449
15937 15997 15153 15242
15966 16113 15453 15384
15631 15336 15259 14841
15500 15467 15176 14865
15606 15259 15668 15151
15117 15042 14902 14845
15688 15705 15520 14929
15273 15805 15681 15586
15805 15851 15388 15479
15633 15598 15462 14835
15675 15637 15299 14870
15573 15595 14967 14527
15470 15680 15187 15217
15183 15667 15236 15237
15993 15802 15734 15662
15717 15414 15420 15043
15682 15689 15921 15257
15159 15592 15030 14900
15998 16147 15433 15335
15637 15625 15191 14963
15135 15333 15522 14614
15506 15708 15296 15100
15810 15655 15702 15173
15209 15445 15141 14750
15593 15561 15397 15061
15492 15795 15493 14911
15542 15719 15181 15269
15464 15549 15158 14721
15596 15415 15335 15284
16133 15673 15263 15451
15632 15737 15654 15678
15832 15505 15375 14928
15224 15356 15350 14888
15602 15570 15153 14939
15647 15704 15294 15443
15714 16017 15766 15470
15536 15794 15619 15244
16019 15490 15533 14945
15838 15648 15118 14978
15421 15747 15192 14885
15470 15652 15257 15201
15309 15291 15040 14723
15864 15441 15812 14965
15405 15449 15328 14948
15880 16022 15353 15529
15490 15568 14877 15121
15336 15446 15010 14990
15647 15677 15403 15177
15390 15923 15139 15435
15204 15379 15214 14675
15393 15657 15271 14813
15793 16014 15673 15435
15679 15976 15643 14850
15917 15535 15299 15147
15779 15688 15491 15318
15884 15614 15686 15477
15715 15895 15688 14850
15847 15765 15357 15285
15423 15479 15730 14848
15135 15105 15085 14483
15711 15739 15685 15390
15803 15389 15299 15065
15686 15904 15385 15167
15982 15513 15655 15493
15744 16124 15474 15228
15873 15425 15428 15028
15799 15935 15581 15061
15555 15352 15355 14992
15556 15373 15274 15224
15545 15428 15079 15170
15591 15403 15507 15090
14886 15508 14935 14848
15829 15756 15779 15297
15689 15934 15904 14977
16026 15886 15685 15456
16084 16028 15309 15284
15523 15747 15541 15419
15599 15827 14999 14869
15488 15575 15377 15523
15597 15907 15266 15129
15524 15337 15058 15233
15921 15331 15421 15216
15861 15746 15620 14949
15725 15588 15510 15293
15606 15662 15589 15164
15765 16171 15784 15531
15035 15289 15027 14703
15689 15489 15151 15111
15323 15258 15089 14864
15627 15716 15246 15082
15589 15589 15464 14957
15422 15470 15451 14846
15959 15798 15433 14915
15450 15778 15223 15272
15650 15548 15637 14702
15639 15394 15625 15215
15431 15376 15873 15131
15361 15801 15395 15084
15430 15374 15428 15291
15745 15562 15223 15045
15605 15707 15258 15111
15821 16113 15616 15247
15791 15893 15413 15179
15877 15455 15498 15245
15690 15673 15346 15016
15777 15486 15426 15112
15503 15168 15277 15064
15727 15656 15184 15032
15481 15834 15175 14919
15849 15588 15306 15108
15824 15267 15602 14873
15522 15847 15245 15065
16180 15644 15429 15355
15751 15802 15348 15318
15709 15585 15717 15045
15576 15948 15602 15173
15406 15194 15085 14890
15419 15383 15268 15069
15663 15781 15479 15400
16007 15421 15549 15437
15538 15790 15378 14618
15354 15435 15455 14781
15604 15694 15728 15517
15719 15879 15236 15273
15836 15434 15630 15040
15591 15803 15446 14890
15600 15507 15383 14809
15977 15741 15612 15016
15602 15769 15414 15125
15454 15748 15214 14882
15137 15120 15100 14933
15278 15476 15441 15152
15618 15850 15526 15443
15600 15838 15329 15103
15201 15181 15225 15055
15591 15480 14879 14964
15674 15626 15251 15337
15503 15538 15268 14886
15560 15552 15382 14899
15692 15710 15456 15318
15412 15338 15202 15261
15714 15701 15388 15107
15013 15662 15249 15142
15835 15534 15501 15434
16104 15948 15676 15317
15459 15950 15513 15332
14886 15239 15136 14866
15892 15651 15359 15558
15081 15825 15312 14517
15807 15965 15236 15355
15808 15644 15485 15351
15367 15539 15402 15040
15458 15788 15182 15374
15536 15873 15200 15085
15834 15596 15584 15204
15593 15712 15196 14839
15563 15521 14915 14861
15910 15658 15381 15170
15710 15681 15378 15102
15574 15638 15269 15240
15956 15826 15282 15141
15642 15712 15227 15101
15433 15598 15417 15116
15369 15657 14959 14982
15795 15672 15279 15050
15761 15732 15339 15348
15594 15715 15377 15134
16016 15738 15347 15112
15616 15815 15424 14947
15522 15233 15110 15203
15509 15540 15342 14932
15024 15385 14643 14691
15523 15556 15610 15074
15904 15537 15308 15410
15444 15379 15332 15152
15938 15831 15052 15044
15537 15752 15550 15085
15134 15408 15352 15065
15623 16005 15414 15235
15432 15690 15202 15269
15261 15528 15267 14720
15655 15694 15527 15615
15281 15551 15220 14874
15666 15685 15236 15054
15666 15924 15337 14987
15544 15697 15495 15015
15754 15795 15183 15134
15718 15846 15416 15093
15647 15633 15488 15119
14918 15455 14857 14750
15543 15483 15333 15233
15149 15591 15103 14622
15798 15902 15192 14901
15716 15937 15244 15380
15536 15655 15242 15047
15659 15911 15467 15139
15505 15664 15105 15166
15286 15293 14960 14729
15736 16049 15486 15171
15596 15454 15281 14921
14934 15159 14548 14302
15597 15883 15531 15006
15929 15945 15669 15304
15446 15585 15777 15133
15285 15156 15110 15046
15391 15796 15372 14996
15574 15722 15187 14734
15808 15476 15360 15311
15622 15815 15580 15266
16039 15992 15824 15436
15565 15774 14932 15016
15680 15676 15465 15019
15599 15688 15294 15331
15612 15915 15460 15172
15690 15574 15334 15098
15848 15527 15168 14979
15687 15532 15087 15072
15845 15513 15106 14855
15671 15704 15356 15259
15375 15738 15279 14999
15606 15671 15334 14650
15467 15154 15226 14869
15978 16034 15730 15321
15514 16160 15550 15369
15406 15545 15354 15134
15450 15799 15604 15366
15107 15492 15367 15082
16152 15882 15510 15482
15651 15532 15339 15241
15390 15586 15336 14959
15534 15267 15173 15003
15750 15717 15326 15591
15675 15689 15369 14887
15859 15529 15379 15176
15650 15625 15480 14928
15387 15028 15168 15141
15163 15614 15669 14826
15897 15630 15223 15327
15788 15799 15693 15392
16199 15771 15558 15066
15412 15612 15328 15043
15673 15483 15224 15224
15699 15346 15121 15074
15544 15858 16067 15186
15556 15786 15146 14952
16091 15735 15859 15160
15109 15468 15464 15111
15465 15737 15339 14991
15684 15506 15497 15233
15822 15860 15438 15120
15940 15589 15504 15219
15579 15451 15496 14740
15796 15930 15138 15406
15752 15335 15369 14957
15388 15789 15442 15529
15668 15496 15242 14882
15490 15745 15744 15384
15761 15996 15458 15489
15941 15652 15375 15104
16006 15510 15284 15418
15731 15709 15302 14826
15605 15693 15797 15259
15224 15607 15556 15084
15673 15774 15707 15238
15800 15418 15633 15178
15392 15765 15229 15137
15804 15661 15505 15113
15517 15986 15092 15318
15843 15986 15685 15315
15996 15935 15565 15446
15253 14835 15317 15134
15459 15568 15167 15157
15503 15689 15231 14715
15260 14894 14846 14435
15545 15778 15443 14720
15819 15773 15545 15215
15543 15637 15396 15267
14988 15246 15268 14946
15682 16070 15329 15093
15656 15397 15594 14988
15828 15997 15630 15408
15696 15452 15504 15346
15567 15175 15391 15039
15716 15954 15493 15190
15853 15941 15596 15285
15347 15416 14794 14748
15291 15171 15080 14952
15665 15703 15466 15363
15403 15960 15017 14988
15311 15260 15271 14878
16056 15467 15268 15112
15859 15586 15709 15217
15312 15289 14749 14644
15330 15510 15234 14804
15915 15564 15335 15341
15392 15706 15593 14982
15624 15541 15487 15191
15982 15812 15246 14788
15929 15848 15453 15145
15756 15420 15394 15028
15497 15280 14898 14964
15416 15864 15146 15266
15392 15611 15048 14951
15680 15486 15508 14887
15566 15829 15274 15171
15844 15875 15591 15180
15220 15644 15186 14667
15618 15522 15267 15133
15479 15505 15352 15087
15746 15773 15624 14919
15342 15781 15264 14730
15548 15626 15168 14732
15699 15592 15172 15242
14904 15557 14944 14757
15813 15811 15280 15038
15806 15433 15727 14907
15329 15492 15401 15117
15738 15548 15362 15131
15072 15319 15190 14819
15807 16002 15694 15326
15747 15757 15590 15656
15867 15797 15451 15543
15325 15258 15195 14858
15633 15644 15447 14982
15137 15457 15362 15000
15639 15583 15307 15411
15419 15797 15549 14888
15669 15429 15531 15206
15940 15610 15466 15319
16079 15866 15681 15048
15659 15967 15875 15397
15527 15428 15490 15065
15607 15770 15334 15247
15660 15844 15858 15364
15052 15179 15133 14880
15342 15196 15498 14810
15775 15732 15259 14836
15539 15190 15015 14817
15846 15756 15459 15273
15572 15454 14997 15198
15652 15756 15428 14574
16089 15674 15659 15373
15662 15504 15581 14715
15683 16114 15633 15447
16176 15777 15485 15014
15632 15533 15430 15025
15125 15370 14744 14632
15854 16078 15397 15669
15727 15729 15555 15351
15662 15501 15674 15012
15760 15569 15747 15169
15421 15758 15526 15201
15458 15818 15589 14921
15733 15971 15264 15368
15973 15791 15308 15465
15155 15752 15134 14924
15648 15334 15311 15183
15438 15643 15245 15104
15389 15521 15364 15250
15781 15769 15484 15473
15581 15441 15007 15062
15384 15125 15029 14891
15818 15948 15618 15396
15892 15828 15631 15057
15419 15452 15121 14848
15844 15862 15257 15322
15201 15400 15238 14710
15437 15601 15389 15165
15644 15780 15311 15365
15736 15574 15193 15017
15489 15309 15137 15033
15801 15832 15304 15038
15756 15676 15806 15359
16060 15947 15462 15195
15580 15374 15419 14819
15394 15362 15209 15055
15653 15422 15497 14967
15415 15595 15181 14828
15658 15891 15894 15226
15763 15676 15580 15367
15736 15630 15646 14694
15185 15471 15189 15032
15859 15746 15372 14884
15528 15640 15358 14908
16014 15717 15476 15375
15620 15586 15205 15079
15676 15768 15759 15312
15549 15885 15538 15487
15764 15650 15516 15404
15451 15447 15483 15146
15948 15828 15571 15189
15617 15374 15213 14962
15838 15840 15599 15247
15769 15815 15571 15244
15967 16138 15783 15132
15686 15789 15408 15318
15917 15543 15623 15505
15916 15853 15394 15325
15637 15325 15310 15047
15702 15941 15937 15285
15378 15379 15425 15002
15460 15486 15101 15214
15730 16084 15733 15323
15599 15888 15434 15000
15767 15585 15162 14858
16014 16146 15580 15255
15828 15365 15284 14757
15213 15349 15194 14786
15549 16024 15449 15163
15452 15931 15703 15500
15158 15567 15204 14379
15695 15960 15623 15154
15802 15787 15435 15126
16005 16069 15536 15297
15474 15473 15624 15253
15048 15515 15185 15196
15415 15794 15308 15226
15312 15535 15294 15056
15546 15644 15118 15245
15474 15243 15416 14860
15700 15738 15328 15104
15864 15968 15649 15058
15868 15742 15290 15306
15598 15662 15048 14910
15773 15804 15408 15357
15648 15973 15535 15673
16024 15635 15652 15259
15358 15284 15319 14713
15451 15545 15245 15062
15316 15372 15042 15011
15478 15480 15154 15060
15401 15684 15507 15215
15853 15822 15778 15301
16009 16311 15476 15387
15969 15665 15224 15201
15806 15796 15333 15405
15920 15780 15712 15433
15807 15807 15447 15075
15746 15871 15787 15055
15608 15681 15186 14978
15540 15693 15656 15136
15163 15623 15061 14741
15553 15566 15366 15348
15317 15360 15308 15094
15477 15737 15396 15153
15539 15319 15019 15307
15779 16014 15327 15346
15772 15795 15254 15304
15490 15642 15548 15024
15767 16092 15351 15499
15668 15538 15566 15036
15975 15797 15271 15219
15952 15660 15695 15325
16093 16029 15856 15388
15544 15999 15364 15225
15782 15540 15202 14959
15160 15383 14889 14594
15780 15679 15528 15312
15818 15636 15352 14907
15922 15769 15650 15312
15780 15494 15127 14587
15338 15180 14988 14761
15786 15416 15439 15076
15478 15395 15055 14864
15815 15658 15645 14973
15605 15768 15633 15148
15708 15759 15382 15301
15749 15399 15081 14967
16119 15751 15927 15386
15756 15763 15207 15382
15224 15637 15012 14719
15863 15552 15329 15197
15677 15773 15204 15319
15514 15314 15351 15212
15597 15992 15652 15321
15715 15401 15439 15433
15441 15646 15578 14713
16073 15686 15566 15221
15497 15558 15406 15034
15812 15835 15687 15221
15797 15950 15490 15620
15884 15783 15422 15437
15597 15935 15658 15026
15778 16087 15953 15412
15276 15685 15282 15034
15491 15578 15183 14801
15434 15629 15277 14947
16161 15930 15604 15311
15728 15750 15093 15309
15399 15768 15654 14995
15526 15491 15177 15027
15705 15601 15520 15039
15343 15293 15077 14801
15539 15166 14872 14942
15646 15717 15325 15188
15539 15857 15061 14571
15562 15486 15077 14707
15603 15361 15129 15022
15527 15705 15476 15344
15159 15424 14873 14683
15548 15508 15295 15108
15666 15594 15232 15137
15837 16130 15500 15666
15573 15943 15112 14955
15350 15578 15035 14757
15634 15222 15267 15303
15195 15354 15271 15062
15299 15281 15017 14778
15447 15435 15375 14647
15791 15459 15329 14913
15665 15791 15479 15115
15933 15667 15411 15301
15782 15689 15649 15107
15925 15874 15314 15288
15461 15590 15130 14956
15472 15182 14981 14831
15587 15667 15287 14972
15271 15403 15232 14854
15769 15440 15549 14812
15538 15798 15329 15384
15666 15586 15791 15414
15729 15488 15320 14619
15317 15755 15037 14933
15558 15290 15148 14609
15420 15372 15945 15077
15571 15500 15529 15045
15367 15442 15009 15015
15791 15788 15329 15214
15608 15875 15254 15077
15650 15504 15451 15329
15849 15819 15363 14829
15800 15830 15517 15425
15417 15464 15681 14605
15814 15744 15521 15374
15504 15491 15293 14968
15531 15462 15604 15103
15734 15850 15429 15064
15654 15633 15677 15141
15603 15441 15647 15322
15536 15621 15428 15207
15776 15390 15142 14977
15805 15616 15335 15275
15718 15625 15691 15300
15509 15707 15685 15423
15732 15438 15201 14859
15636 15384 14866 15033
15525 15531 15520 14966
15401 15631 15514 14987
15467 15732 15607 15301
15953 15826 15522 15155
15364 15004 14946 15103
15586 15540 14991 15092
15861 15625 15598 15301
15523 15795 15418 15214
15703 15992 15396 15283
15743 15596 15244 14949
16050 15659 15974 15258
15429 15752 15391 15327
15301 15715 15294 14849
15327 15409 14840 14732
15530 15770 15201 15405
16022 15573 15764 15342
15771 15707 15355 15260
15467 15509 15515 14750
15469 15937 15265 14734
15643 16011 15375 15135
15523 15545 15215 14962
15632 15869 15321 14990
15541 15731 15810 15394
15116 15491 14993 15015
15579 15801 15418 15122
15730 15678 15271 15078
15487 15922 15522 15474
15462 15630 15260 15062
15763 15523 14896 15190
15120 15350 15173 14967
15699 15563 15583 14993
15479 15807 15398 15159
15660 15522 15168 15072
15694 15279 15089 14936
15590 15352 15362 14973
15187 15102 15373 14765
15624 15777 15383 15385
15675 15983 15566 15030
16095 15803 15435 15311
15624 15764 15591 15481
15541 15520 15199 15263
15425 15417 15146 15004
15603 15705 15052 14648
15665 15359 15207 15031
15737 15684 15577 15537
15627 15341 15262 14889
15091 15326 15189 15139
15925 15298 15266 14884
15952 15655 15540 15077
15321 15333 15199 14860
15341 15507 15161 15159
15399 15504 15337 14913
15617 15760 15512 15439
15595 15588 15903 15192
15439 15288 15242 15082
15564 15496 15309 14995
15686 15557 15338 15192
15576 15605 15232 14964
16212 16415 15856 15407
15730 15638 15695 15162
15012 15542 15272 15158
15522 15410 15518 15099
15932 15446 15607 15008
15773 15447 15439 15013
15626 15590 15271 15090
15666 15502 15593 15263
15524 15635 15251 14562
15906 15407 15552 15332
15591 16046 15454 15053
15812 15674 15536 15279
16221 15748 15414 15251
15564 15570 15057 15217
15560 15692 15427 14858
15439 15844 15509 15143
15661 15551 15622 14859
15854 15819 15396 15238
15896 15542 15233 15305
15398 15453 15318 15342
15472 15693 15404 15084
15550 15802 15564 15229
15671 15595 15284 14865
15854 15606 15568 15130
15636 15536 15412 15432
15683 15888 15642 15291
15676 15258 14950 15119
15722 15475 15398 15092
15310 15603 15318 14942
15792 15832 15689 14968
15251 15299 15264 15270
15930 15326 15679 15107
15940 15733 15587 15139
15555 15846 15723 15078
15768 16029 15673 15196
15470 15825 15428 15312
15329 15829 15439 15046
15687 15610 15566 14978
15265 15325 15347 14910
15172 15441 14908 15146
15751 15782 15744 15333
15629 15690 15566 14942
15876 15754 15266 15087
15684 15638 15420 15543
15686 15742 15482 15028
15575 15671 15232 14803
15415 15329 15309 15544
15512 15539 15441 15379
15640 15484 15392 14904
15814 15103 15137 15232
15371 15217 15456 14729
15513 15565 15403 15019
15329 15538 15205 14901
15311 15649 15597 15360
15774 15774 15720 15162
15863 15562 15552 14927
15873 15767 15679 15386
15563 15415 15297 15110
15756 15827 15781 15172
15732 15333 15317 15215
15452 15443 15201 15036
15609 15814 15755 15547
15637 15951 15533 15184
15575 15355 15431 15059
15126 15303 14573 14716
15806 15810 15404 15233
16171 15781 15267 15204
15382 15728 15517 15132
15526 15384 15339 15107
15198 15384 15404 15308
15755 15726 15393 15001
15821 15848 15523 15321
16027 15794 15625 15335
15550 15601 15368 15298
15501 15278 15647 15276
15685 15341 15445 15183
16111 15554 15567 15206
15750 15500 15340 15211
15448 15469 15381 14949
15362 15423 15137 14531
15396 15551 15295 14790
15886 15878 15629 15384
15375 15798 15541 15150
15741 15541 15370 15169
15223 15287 15170 14832
15541 15915 15554 15070
15216 15701 15334 14937
15720 15468 15381 14947
15867 15382 15203 14991
15446 15481 15430 14752
15843 15703 15791 15214
15436 15898 15192 15037
15443 15973 15228 14788
15767 15801 15440 15304
15535 15565 15617 15431
15829 15535 15413 15092
15339 15577 15256 14851
15910 15683 15566 15047
15537 15592 15255 15175
14888 15441 15046 14559
15854 15662 15585 15207
15761 15769 15407 15100
15566 15698 15358 15264
15471 15639 15539 15062
15498 15400 15154 14833
15219 15435 14969 14787
15792 15741 15451 15473
15857 15725 15239 15373
15419 15629 15445 15152
15502 15824 15326 15290
15323 15966 15841 15161
15575 15413 15587 14890
15653 15839 15538 15200
15463 15536 15293 14775
15689 15803 15940 15411
15630 15518 15370 15033
15184 15239 14929 14481
15135 15165 14953 14924
15446 15793 15431 14854
15513 15657 15638 15022
15415 15422 15351 14860
15332 15565 15208 14960
15607 15508 15360 15235
15855 15228 15386 15252
15827 15801 15459 15278
14869 15058 14797 14250
15295 15544 15137 14851
15505 15587 15339 15102
16008 15557 15270 15101
15595 16057 15461 15314
15355 15255 15554 15091
15596 15677 15485 15380
15141 15144 14982 14965
15904 15438 15500 15304
15475 15541 15250 15383
15290 15374 15435 15054
15294 15903 15103 14954
15657 15897 15499 15239
15651 15008 15390 14965
15573 15643 15269 14888
15132 15257 15469 15016
15569 15714 15581 15363
15761 15848 15509 15093
15552 15493 15358 15068
15346 15813 15263 15193
