8274 720.546
18065 17898
17995 18004
17972 18053
17857 18093
18026 17938
17894 18081
18092 17812
17785 18115
17933 18062
18102 17762
18029 17913
18095 17789
17973 18024
18130 17595
18066 17825
18094 17790
17766 18133
18137 17586
18111 17737
18128 17652
18128 17652
18111 17737
17963 18052
17857 18085
17988 18002
18065 17839
18094 17776
18117 17632
18124 17600
17900 18062
18128 17562
17874 18076
18015 17928
18098 17715
18084 17786
18101 17674
18037 17896
17991 17968
18047 17849
18022 17909
18108 17641
18074 17789
18039 17869
18038 17888
17994 17939
18066 17796
18025 17898
17668 18098
18130 17499
18003 17933
18003 17933
18015 17901
17984 17974
17998 17926
18018 17758
17988 17949
17978 17987
18003 17914
17989 17939
18004 17907
17979 17978
18041 17739
17974 17998
17685 17504
17766 17530
17654 17623
17378 17366
17421 17222
17677 17537
17580 17352
17688 17732
17624 17708
17907 17683
17691 17733
17501 17366
17030 17003
17871 17589
17767 17559
17795 17557
17571 17417
17557 17350
17628 17654
17827 17557
17389 16995
17531 17408
17719 17550
17573 17547
17428 16971
17635 17187
17751 17693
17654 17452
17641 17495
17702 17428
17692 17607
17402 17386
17421 17151
17490 17370
17291 17069
17237 16871
17616 17474
17520 17472
17702 17672
17500 17317
17650 17477
17230 16926
17454 17166
17674 17495
17765 17598
17469 17259
17748 17376
17619 17632
17403 17086
17655 17699
17541 17241
17527 17520
17524 17455
17454 17069
17710 17375
17736 17393
17159 16811
17469 17007
17565 17457
17576 17585
17537 17327
17691 17370
17824 17532
17559 17539
17673 17298
17235 16950
17412 17029
17624 17247
17348 16795
17794 17313
17486 17367
17772 17601
17754 17547
17717 17607
17577 17553
17810 17597
17632 17283
17161 16677
17508 17416
17558 17409
17650 17592
17170 17066
17670 17315
17472 17524
17805 17438
17294 17154
17575 17454
17480 17217
17767 17707
17631 17480
17443 17218
17599 17408
17831 17458
17402 17200
17670 17479
17494 17481
17560 17210
17470 17465
17549 17612
17577 17346
17769 17456
17564 17428
17742 17528
17817 17517
17642 17601
17667 17595
17574 17319
17761 17432
17647 17567
17883 17750
17391 17333
17577 17557
17497 17367
17556 17474
17326 17035
17518 17481
17790 17673
17765 17622
17557 17512
17408 17506
17806 17565
17680 17543
17824 17524
17634 17531
17475 17405
17441 17368
17606 17436
17727 17478
17611 17237
17687 17496
17653 17515
17630 17437
17597 17511
17738 17574
17673 17676
17658 17274
17723 17656
17430 17163
17389 17122
17840 17751
17879 17703
17514 17131
17363 16862
17655 17281
17176 16930
17618 17499
17904 17726
17707 17444
17781 17649
17464 17350
17790 17669
17496 17306
17796 17865
16925 16752
17792 17238
17382 17068
17837 17765
17457 17302
17613 17649
17666 17650
17321 17262
17854 17666
17536 17329
17232 17193
17657 17438
17641 17647
17430 17079
17671 17495
17639 17544
17413 17223
17855 17561
17416 17274
17677 17564
17675 17470
17588 17358
17588 17195
17634 17339
17707 17553
17418 16904
17652 17468
17724 17483
17501 17398
17698 17611
17502 17152
17944 17716
17625 17705
16487 16473
17579 17165
17555 17407
17381 17072
17472 17215
17786 17515
17509 17233
17509 17321
17569 17275
17687 17358
17368 17097
17654 17531
17714 17641
17752 17786
17201 17069
17620 17525
17665 17512
17517 17304
17792 17590
17448 17404
17718 17808
17625 17505
17349 16962
17346 17209
17495 17469
17205 17203
17454 17460
17523 17545
17782 17611
17588 17539
17609 17581
17408 17267
17772 17735
17503 17561
17801 17527
17241 17277
17573 17410
17706 17639
17841 17685
17576 17301
17655 17582
17580 17542
17463 17210
17714 17596
17767 17593
17280 16906
17120 16802
17599 17341
17626 17255
17545 17425
17697 17309
17559 17376
17552 17420
17655 17457
17485 17171
17625 17453
17389 17277
17617 17557
17681 17347
17772 17411
17551 17248
17148 16954
17714 17518
17802 17545
17767 17636
17774 17552
17636 17647
17695 17334
17549 17386
17457 17404
17509 17241
17674 17484
17565 17230
17737 17515
17699 17379
17581 17348
17851 17415
17281 16899
17813 17573
17941 17556
17601 17370
17754 17319
17452 17411
17052 16846
17628 17359
17075 16712
17605 17354
17697 17533
17699 17461
17834 17383
17682 17431
17507 17251
17649 17581
17735 17768
17128 16964
17607 17476
17823 17517
17671 17398
17595 17263
17712 17679
17694 17718
17581 17468
17655 17555
17337 16848
17649 17355
17348 17025
17357 17070
17355 17162
17851 17577
17645 17424
17745 17503
17741 17598
17424 17167
17396 17090
17504 17105
17829 17758
17841 17694
17594 17291
17352 17244
17516 17529
17659 17200
17722 17749
17829 17867
17731 17492
17780 17522
17338 17501
17782 17389
17705 17527
17580 17236
17738 17667
17544 17328
17344 17500
17456 17355
17328 17075
17553 17267
17776 17595
17746 17538
17311 17159
17614 17491
16963 16899
17260 16987
17635 17541
17886 17538
17071 16682
17683 17567
17756 17486
17352 17519
17586 17237
17443 17140
17583 17283
17496 17483
17784 17537
17769 17463
17658 17594
17561 17335
17513 17295
17769 17540
17302 16991
17580 17387
17776 17748
17835 17532
17747 17346
17766 17640
17279 16985
17601 17200
17533 17445
17458 17183
17761 17751
17654 17526
17826 17469
17749 17646
17407 17554
17321 17061
17461 17169
17942 17499
17514 17199
17643 17492
17080 16828
17829 17643
17716 17551
17705 17400
17704 17577
17649 17300
17636 17602
17630 17531
17568 17578
17334 17108
17729 17688
17610 17455
17489 17497
17180 16920
17289 17411
17699 17424
17285 16824
17470 17362
17756 17493
17645 17578
17356 17163
17725 17397
17741 17508
17535 17406
17309 16976
17588 17005
17499 17168
17482 17291
17690 17601
17448 17244
17479 16954
17686 17701
17337 17186
17418 17158
17799 17519
17686 17414
17599 17481
17575 17069
17776 17657
17551 17321
17659 17389
17664 17384
17474 17245
17674 17428
17829 17368
17444 17344
17857 17769
17726 17557
17766 17367
17160 16916
17827 17538
17819 17506
17600 17397
17751 17493
17599 17713
17307 17321
17629 17424
17604 17657
17903 17719
17822 17509
17683 17286
17700 17909
17592 17470
17588 17474
17695 17547
17750 17627
17627 17606
17369 17034
17654 17385
17689 17497
17439 16905
17547 17254
17579 17332
17572 17369
17279 16834
17469 17336
17694 17586
17481 17148
17520 17176
17681 17427
17750 17569
17533 17428
17599 17603
17537 17569
17374 17376
17895 17636
17694 17541
17862 17535
17617 17454
17784 17443
17031 16972
17740 17421
17538 17067
17602 17479
17498 17379
17727 17391
17585 17460
17527 17452
17785 17324
17569 17493
17784 17705
17830 17666
17651 17319
17447 17234
17571 17308
17578 17465
17597 17260
17678 17362
17779 17587
17589 17541
17604 17081
17377 17288
17708 17449
17485 17324
17484 17368
17588 17477
17669 17381
17732 17737
17708 17328
17517 17302
17574 17423
17625 17271
17383 17017
17513 17152
17585 17651
17062 16799
17659 17330
17543 17388
17429 17164
17684 17487
17566 17038
17178 16758
17593 17226
17361 17251
17494 16950
17812 17634
17086 16723
17347 17161
17722 17474
17815 17671
17447 17059
17766 17527
17755 17543
17617 17405
17494 17364
17618 17413
17780 17598
17805 17677
17668 17604
17336 17100
17649 17361
17214 16908
17796 17850
17695 17331
17520 17306
17695 17548
17589 17350
17609 17397
17476 17016
17451 17465
17750 17558
17850 17516
17627 17485
17834 17562
17353 17270
17262 16935
17421 17313
17376 17141
17277 16748
17727 17386
17401 17061
17104 16833
17624 17467
17587 17238
17431 17202
17512 17397
17580 17531
17563 17154
17787 17524
17577 17567
17283 17344
17579 17556
17671 17490
17623 17269
17709 17344
17595 17353
17246 16888
17486 17196
17741 17636
17561 17365
17728 17743
17283 17363
17636 17493
17655 17649
17645 17491
17552 17517
17457 16969
17732 17541
17497 16884
17467 17167
17790 17539
17541 17097
17716 17583
17609 17475
17728 17465
17647 17530
17512 17489
17799 17707
17593 17236
17734 17417
17444 16963
17167 16748
17654 17541
17202 17051
17695 17175
17681 17460
17689 17282
17641 17728
17472 17374
17415 17352
17872 17689
17631 17218
17357 17245
17578 17743
17291 16815
17792 17373
17358 17054
17698 17759
17507 17431
17771 17343
17758 17585
17665 17460
17353 17201
17604 17209
16935 16627
17608 17680
17630 17572
17552 17327
17829 17469
17555 17245
16991 16987
17149 16856
17712 17471
17460 17152
17670 17568
17945 17547
17671 17539
17709 17494
17645 17531
17895 17381
17618 17426
17719 17790
17637 17667
17822 17697
17379 17017
17759 17631
17677 17593
17559 17477
17604 17572
17711 17538
17499 17360
17628 17569
17528 17438
17218 16965
17508 17294
17653 17520
17623 17163
17654 17211
17683 17430
17940 17610
17404 17474
17813 17555
17787 17590
17625 17514
17886 17643
17666 17610
17835 17758
17727 17599
17807 17944
16967 16628
17645 17212
17867 17723
17539 17550
17492 17181
17665 17489
17694 17507
17455 17313
17706 17409
17471 17418
17550 17248
17713 17603
16973 16826
17451 17221
17198 16953
17542 17377
17075 16944
17789 17665
17703 17645
17607 17535
17528 17408
17827 17586
17674 17667
17608 17249
17759 17525
17422 17323
17351 17185
17629 17480
17459 17210
17777 17587
17722 17780
17448 17027
17619 17423
17645 17394
17670 17465
17672 17442
17724 17481
17455 17333
17653 17470
17619 17349
17293 17084
17622 17468
17666 17577
17692 17370
17679 17587
17209 17018
17732 17557
17852 17483
17780 17556
17808 17926
17651 17592
17449 17422
17677 17433
17484 17037
17730 17777
17544 17317
17695 17507
17752 17562
17606 17264
17694 17394
17569 17219
17528 17279
17197 16965
17315 17151
17458 17317
17436 16993
17660 17430
17517 17076
17583 17320
17751 17444
17536 17173
17600 17433
17571 17491
17502 17343
17694 17512
17316 17057
16970 16652
17241 16741
17621 17107
17747 17359
17688 17526
17767 17599
17446 16868
17369 17040
17570 17471
17552 17187
17647 17641
17426 17086
17697 17561
17633 17382
17726 17245
17651 17479
17565 17257
17707 17629
17774 17650
17681 17689
17852 17579
17569 17435
17403 17093
17689 17814
17747 17556
17560 17285
17675 17404
17629 17352
17309 16993
17882 17733
17211 16839
17822 17632
17398 17299
17645 17443
17485 17265
17621 17473
17838 17404
17700 17292
17497 17459
17140 16797
17532 17369
17025 16852
17569 17252
17440 17618
17552 17341
17713 17634
17474 17276
17543 17313
17599 17563
17707 17605
17483 17037
17551 17291
17291 17329
17287 17186
17646 17582
17432 17318
17379 17038
17107 16566
17579 17591
17547 17463
17322 16847
16732 16400
17772 17332
17462 17239
17819 17555
17523 17453
17567 17096
17365 17060
17321 17362
17551 17563
17234 16899
17632 17534
17433 17237
17564 17182
16910 16742
17698 17383
17698 17426
17536 17400
17579 17300
17808 17618
17130 16749
17119 16919
17507 17361
17481 17226
17258 16997
17519 17240
17663 17587
17784 17638
17702 17465
17548 17540
17723 17533
17666 17689
17622 17391
17587 17304
17603 17424
17606 17315
17419 17554
17532 17517
17024 16731
17235 17309
17635 17419
17714 17712
17159 16857
17756 17495
17727 17739
17727 17497
17756 17700
17667 17497
17526 17207
17735 17622
17484 17419
17722 17510
17130 16970
17580 17172
17668 17620
17681 17417
17786 17594
17700 17582
17514 17364
17635 17531
17879 17579
17528 17464
17424 17207
17715 17313
17703 17515
17373 16874
17692 17485
17735 17751
17748 17499
17797 17699
17718 17534
17868 17489
17699 17471
17400 17491
17282 17049
17774 17652
17235 16823
17446 17083
17692 17598
17720 17608
17484 17029
17760 17754
17548 17243
17420 17176
17558 17282
17582 17311
17700 17677
17450 17180
17436 17133
17718 17596
16802 16707
17515 17116
17668 17637
17356 16994
17635 17491
17883 17641
17786 17423
17614 17595
16973 16520
17432 17294
17438 17152
17740 17398
17257 17110
17763 17483
17772 17569
17661 17412
17653 17565
17699 17635
17639 17237
17676 17526
17319 17195
17900 17607
17267 17040
17549 17505
17376 17150
17614 17579
17727 17529
17209 17104
17525 17455
17857 17632
17583 17318
17604 17392
17648 17557
17684 17547
17591 17691
17701 17448
17765 17527
17305 17037
17682 17437
17600 17567
17422 17362
17829 17576
17734 17397
17485 17505
17383 17125
17715 17527
17571 17667
17780 17553
17891 17656
17384 17087
17612 17265
17430 17388
17761 17639
17588 17506
17467 17217
17777 17537
17715 17447
17636 17402
16884 16617
17559 17224
17676 17313
17661 17511
17620 17272
17472 17343
17141 17057
17669 17589
17620 17631
17736 17549
17529 17145
