269595 1200.06
9713 8329
9450 9009
9574 8883
9705 8556
9516 8903
9483 8936
9452 8958
9604 8818
9578 8833
9616 8792
9503 8928
9652 8758
9682 8653
9702 8627
9629 8770
9664 8708
9664 8708
9704 8573
9626 8790
9667 8682
9675 8676
9641 8760
9705 8556
9508 8911
9652 8758
9641 8760
9515 8905
9690 8640
9578 8833
9675 8676
9690 8640
9695 8637
9704 8573
9695 8637
9506 8915
9702 8627
9667 8682
9506 8915
9705 8556
9705 8556
9705 8556
9705 8556
9705 8556
9705 8556
9705 8556
9705 8556
9705 8556
9705 8556
9705 8556
9704 8573
9704 8573
9704 8573
9704 8573
9704 8573
9704 8573
9704 8573
9704 8573
9704 8573
9704 8573
9704 8573
9704 8573
9704 8573
9704 8573
9704 8573
9704 8573
9704 8573
9704 8573
9704 8573
9704 8573
9704 8573
9704 8573
9704 8573
9704 8573
9704 8573
9704 8573
9704 8573
9704 8573
9704 8573
9704 8573
9704 8573
9704 8573
9704 8573
9704 8573
9704 8573
9704 8573
9695 8637
9695 8637
9700 8572
9385 8795
9584 8758
9682 8638
9639 8713
9664 8689
9655 8701
9685 8512
9519 8736
9624 8702
9679 8594
9566 8715
9665 8620
9561 8716
9657 8687
9659 8666
9679 8594
9679 8594
9679 8594
9679 8594
9679 8594
9672 8559
9541 8701
9563 8684
9650 8677
9651 8645
9657 8565
9657 8565
9657 8565
9672 8553
9535 8700
9649 8617
9620 8648
9595 8670
9561 8680
9653 8561
9644 8550
9614 8646
9634 8610
9633 8608
9597 8642
9631 8603
9407 8642
9550 8632
9607 8607
9595 8622
9568 8623
9618 8587
9572 8609
9618 8494
9526 8588
9605 8585
9609 8497
9607 8549
9607 8549
9601 8519
9286 8571
9447 8557
9587 8554
9599 8429
9479 8550
9504 8441
9505 8347
9420 8502
9438 8498
