19138 114.754
16097 15344 15698 15266
15060 15581 15211 15939
15645 15308 16412 14934
15716 15596 15999 14511
15292 15029 15013 15736
15016 16202 15348 14686
15594 14918 15526 15832
14623 15101 16065 15390
15292 15029 15013 15736
15292 15029 15013 15736
15409 15012 16262 15358
14859 15735 16094 15304
15380 16116 15531 15157
15594 14918 15526 15832
15060 15581 15211 15939
15564 15543 16167 14690
15645 15308 16412 14934
15452 15658 16070 14806
16054 15726 15459 15336
15016 16202 15348 14686
15409 15012 16262 15358
15868 15230 15269 15554
15229 15624 15624 15855
15374 15631 16051 15662
15380 16116 15531 15157
15173 15991 16047 15301
15016 16202 15348 14686
15180 15288 16234 15323
15956 15199 15818 14862
14999 15071 16153 15371
15622 15887 15835 15052
15292 15029 15013 15736
14881 15412 15764 15714
15060 15581 15211 15939
15982 15925 15641 14848
15878 15475 15945 15232
15673 15268 15609 15431
14859 15735 16094 15304
15822 15434 15567 15414
15716 15596 15999 14511
16020 15520 15370 15470
15897 15574 15215 15675
15292 15029 15013 15736
14859 15735 16094 15304
15177 15925 15718 14939
15897 15574 15215 15675
15673 15268 15609 15431
15390 15542 15591 15611
15060 15581 15211 15939
15956 15199 15818 14862
15868 15230 15269 15554
15995 15219 15788 14902
15628 15149 15383 15529
15982 15925 15641 14848
15716 15596 15999 14511
15878 15475 15945 15232
15956 15199 15818 14862
15956 15199 15818 14862
16097 15344 15698 15266
15729 15221 15563 15434
15437 15522 16150 15142
15353 15754 15752 15568
15518 15688 15612 15333
15392 15774 15922 15091
15982 15925 15641 14848
15380 16116 15531 15157
15599 15607 15878 15504
15673 15268 15609 15431
15878 15475 15945 15232
15622 15887 15835 15052
15060 15581 15211 15939
15629 15877 15752 14903
16020 15520 15370 15470
15822 15434 15567 15414
15564 15543 16167 14690
15564 15543 16167 14690
15229 15624 15624 15855
15982 15925 15641 14848
15716 15596 15999 14511
15748 15437 16042 14828
15374 15631 16051 15662
15878 15475 15945 15232
15060 15581 15211 15939
14999 15071 16153 15371
14999 15071 16153 15371
15741 15776 15416 15146
15060 15581 15211 15939
15599 15607 15878 15504
15911 15302 15789 14844
15049 16026 15787 14559
15284 15062 15312 15851
15741 15776 15416 15146
15173 15991 16047 15301
15415 15597 15976 15332
15229 15624 15624 15855
15518 15688 15612 15333
15284 15062 15312 15851
16020 15520 15370 15470
15473 15831 15680 15414
16054 15726 15459 15336
15686 15411 15765 15310
15564 15543 16167 14690
15748 15437 16042 14828
15458 15855 15725 15279
15673 15268 15609 15431
15392 15774 15922 15091
15645 15308 16412 14934
15956 15199 15818 14862
15049 16026 15787 14559
15564 15543 16167 14690
15706 15838 15900 15033
15454 15582 15900 15073
15437 15522 16150 15142
15748 15437 16042 14828
16020 15520 15370 15470
15458 15855 15725 15279
15353 15754 15752 15568
15409 15012 16262 15358
15911 15302 15789 14844
15822 15434 15567 15414
15390 15542 15591 15611
15911 15302 15789 14844
16020 15520 15370 15470
15437 15522 16150 15142
15706 15838 15900 15033
15392 15774 15922 15091
15741 15776 15416 15146
15380 16116 15531 15157
14999 15071 16153 15371
15622 15887 15835 15052
15380 16116 15531 15157
15473 15831 15680 15414
15629 15877 15752 14903
15177 15925 15718 14939
15982 15925 15641 14848
15180 15288 16234 15323
15628 15149 15383 15529
15878 15475 15945 15232
15878 15475 15945 15232
14623 15101 16065 15390
15180 15288 16234 15323
15454 15582 15900 15073
15458 15855 15725 15279
15706 15838 15900 15033
15353 15754 15752 15568
15458 15855 15725 15279
15292 15029 15013 15736
15729 15221 15563 15434
15629 15877 15752 14903
15574 15974 15522 15527
15628 15149 15383 15529
15878 15475 15945 15232
16097 15344 15698 15266
15060 15581 15211 15939
14999 15071 16153 15371
15452 15658 16070 14806
14859 15735 16094 15304
15177 15925 15718 14939
15741 15776 15416 15146
15353 15754 15752 15568
15911 15302 15789 14844
15622 15887 15835 15052
15686 15411 15765 15310
15518 15688 15612 15333
15741 15776 15416 15146
15060 15581 15211 15939
16097 15344 15698 15266
15982 15925 15641 14848
15956 15199 15818 14862
15458 15855 15725 15279
15982 15925 15641 14848
14859 15735 16094 15304
15628 15149 15383 15529
15292 15029 15013 15736
15458 15855 15725 15279
15741 15776 15416 15146
15437 15522 16150 15142
15177 15925 15718 14939
15518 15688 15612 15333
15177 15925 15718 14939
15284 15062 15312 15851
15564 15543 16167 14690
15995 15219 15788 14902
15390 15542 15591 15611
14623 15101 16065 15390
15353 15754 15752 15568
15645 15308 16412 14934
15518 15688 15612 15333
15594 14918 15526 15832
15390 15542 15591 15611
16097 15344 15698 15266
15049 16026 15787 14559
15878 15475 15945 15232
15645 15308 16412 14934
15518 15688 15612 15333
15594 14918 15526 15832
14881 15412 15764 15714
15390 15542 15591 15611
15564 15543 16167 14690
15437 15522 16150 15142
15822 15434 15567 15414
15229 15624 15624 15855
15177 15925 15718 14939
15229 15624 15624 15855
14859 15735 16094 15304
15473 15831 15680 15414
15016 16202 15348 14686
15177 15925 15718 14939
15353 15754 15752 15568
15564 15543 16167 14690
15353 15754 15752 15568
15284 15062 15312 15851
16054 15726 15459 15336
14859 15735 16094 15304
15292 15029 15013 15736
15594 14918 15526 15832
14623 15101 16065 15390
15353 15754 15752 15568
15284 15062 15312 15851
15594 14918 15526 15832
15956 15199 15818 14862
15518 15688 15612 15333
16020 15520 15370 15470
15473 15831 15680 15414
16054 15726 15459 15336
15686 15411 15765 15310
15564 15543 16167 14690
15748 15437 16042 14828
15173 15991 16047 15301
15392 15774 15922 15091
15645 15308 16412 14934
15415 15597 15976 15332
15049 16026 15787 14559
15564 15543 16167 14690
15706 15838 15900 15033
15454 15582 15900 15073
15458 15855 15725 15279
15353 15754 15752 15568
15409 15012 16262 15358
15822 15434 15567 15414
15392 15774 15922 15091
15518 15688 15612 15333
15822 15434 15567 15414
15716 15596 15999 14511
14859 15735 16094 15304
15177 15925 15718 14939
15390 15542 15591 15611
15868 15230 15269 15554
15878 15475 15945 15232
15956 15199 15818 14862
16097 15344 15698 15266
14999 15071 16153 15371
15629 15877 15752 14903
15229 15624 15624 15855
15716 15596 15999 14511
15374 15631 16051 15662
15180 15288 16234 15323
15060 15581 15211 15939
15049 16026 15787 14559
15284 15062 15312 15851
15016 16202 15348 14686
15822 15434 15567 15414
14623 15101 16065 15390
15409 15012 16262 15358
15390 15542 15591 15611
15016 16202 15348 14686
15049 16026 15787 14559
15645 15308 16412 14934
15518 15688 15612 15333
14881 15412 15764 15714
15437 15522 16150 15142
15995 15219 15788 14902
15177 15925 15718 14939
14859 15735 16094 15304
15473 15831 15680 15414
15353 15754 15752 15568
15645 15308 16412 14934
15284 15062 15312 15851
14859 15735 16094 15304
15594 14918 15526 15832
15353 15754 15752 15568
15911 15302 15789 14844
15380 16116 15531 15157
15982 15925 15641 14848
15878 15475 15945 15232
15353 15754 15752 15568
15729 15221 15563 15434
15878 15475 15945 15232
16097 15344 15698 15266
14999 15071 16153 15371
15353 15754 15752 15568
15594 14918 15526 15832
15622 15887 15835 15052
15686 15411 15765 15310
16097 15344 15698 15266
15982 15925 15641 14848
15868 15230 15269 15554
15741 15776 15416 15146
15437 15522 16150 15142
15177 15925 15718 14939
