425578 2100.08
3757 2576
3315 3909
3646 2715
3492 3367
3160 3306
3005 3472
3337 3689
2987 3252
3295 3075
3409 2766
3457 2849
3101 2999
4119 3022
3404 3187
3328 2960
3680 3510
3418 3240
3101 2295
3528 2576
3620 3150
3936 2762
3638 3424
3110 3086
3506 3129
3345 3172
3638 2988
3963 3003
3378 3684
3189 3100
2930 2838
2754 2536
3359 3719
3878 2939
2652 2951
3434 2513
3400 2995
3978 3008
3192 3206
3599 3521
4088 3022
3493 3873
3579 3780
3927 3140
3418 3137
3116 3839
2959 3171
3459 2661
3903 2865
3428 3120
3164 2544
2733 2140
3881 3659
3654 2557
3399 3533
3540 3497
3434 2498
3567 3295
3688 3147
3421 3608
3691 3146
4011 3111
4032 3239
2994 3442
3340 2832
3589 2963
3666 2586
3485 2817
3014 2792
3277 3363
3593 2941
3513 3825
2865 2184
2851 2628
3561 3708
2936 3272
3151 3173
3701 3703
3931 2915
3173 3473
2530 2991
3132 3527
3101 2385
3417 3772
3542 3413
3548 3214
2549 2662
3459 2944
3450 2472
3973 3207
3602 3535
3561 3180
3200 3187
3358 3131
3819 2896
3674 2719
3523 3670
3686 3611
3303 3037
3950 3508
2914 3188
3832 3763
3680 3353
3733 3829
2990 2285
3806 3483
3131 3046
3278 3683
4087 3185
3647 3435
2951 3034
3129 3822
3293 2595
3487 3829
2917 2784
3320 2589
3739 3635
3093 2350
3259 3814
3410 3277
3888 3087
3151 3761
3206 3576
2931 2476
3501 3830
2907 3113
3490 3757
4106 3073
2930 3278
3565 3516
3796 2865
3579 2437
3294 3640
2894 3178
3594 3844
3101 3112
3954 3342
2690 2871
3278 2475
4101 3208
3428 3870
3218 2534
3350 2609
3504 3161
2424 2621
3201 3577
3207 2337
3688 2868
3258 3165
3642 3309
3009 3079
3740 3296
3678 3441
