18039 120.011
9405 8828
9427 8746
9042 9336
9080 9313
9003 9368
9374 8948
9246 9146
9130 9263
9162 9238
9206 9195
9353 8978
9385 8880
9104 9295
9342 9006
8969 9377
9172 9227
9256 9113
9223 9166
9011 9353
9310 9042
9367 8954
9294 9053
9283 9081
9192 9204
9115 9271
9215 9172
9261 9090
9314 9035
9184 9207
9248 9131
9285 9078
9316 9025
9389 8855
9331 9010
9287 9061
9093 9296
9108 9274
9388 8859
9326 9011
9343 8987
9134 9240
9193 9196
9429 8698
8946 9388
8946 9388
9429 8698
8946 9388
8946 9388
8946 9388
8946 9388
8946 9388
9429 8698
8946 9388
9429 8698
8946 9388
8946 9388
8946 9388
9429 8698
8946 9388
9429 8698
9429 8698
8946 9388
9429 8698
9048 8537
8944 8535
9171 8553
8996 8536
9140 8692
9041 8577
9044 8451
9050 8552
8910 8617
9130 8290
8851 8628
8960 8654
9007 8522
9019 8619
9084 8600
9016 8577
9080 8395
8933 8755
9173 8572
9025 8373
9092 8700
9027 8471
9262 8798
9111 8550
8827 8459
8939 8527
9133 8802
9077 8447
9054 8639
9076 8500
9109 8541
9009 8414
8953 8531
9062 8650
9096 8545
8894 8575
9035 8568
9018 8418
9131 8465
8912 8641
8909 8561
8982 8554
9098 8570
8935 8477
8971 8587
9019 8562
8976 8597
8818 8536
9108 8609
9069 8495
8971 8534
9020 8324
9113 8504
9160 8665
8811 8677
8722 8484
8929 8423
9180 8669
9069 8361
9221 8630
8943 8447
8926 8266
9148 8621
9167 8622
9001 8491
9100 8588
9063 8671
9285 8502
9014 8735
9014 8643
8905 8614
8873 8661
8891 8403
9038 8588
9100 8746
9181 8759
9041 8521
8941 8650
9025 8412
8777 8666
9126 8702
9058 8359
9020 8499
9158 8573
9132 8774
9197 8635
8880 8413
9179 8514
9235 8491
