22844 540.126
8700 8672 8585 7587
8791 8501 8758 7535
8754 8594 8683 7558
8841 8458 8754 7499
8762 8640 8671 7456
8709 8485 8861 7469
8508 8580 8786 7621
8469 8668 8619 7705
8537 8618 8819 7460
8565 8667 8747 7534
8705 8704 8610 7435
8629 8700 8716 7438
8568 8520 8854 7544
8672 8456 8727 7652
8361 8498 8949 7515
8646 8618 8591 7632
8650 8420 8899 7401
8544 8530 8706 7678
8362 8765 8719 7559
8882 8517 8552 7433
8477 8399 8564 7825
8481 8557 8884 7397
8924 8446 8584 7362
8517 8749 8585 7548
8730 8465 8723 7609
8681 8521 8846 7460
8668 8611 8739 7475
8461 8416 8939 7496
8880 8385 8758 7415
8499 8746 8714 7429
8430 8723 8513 7703
8535 8645 8482 7712
8403 8493 8873 7606
8469 8765 8618 7510
8507 8674 8797 7333
8779 8432 8794 7488
8845 8553 8650 7353
8531 8715 8696 7520
8384 8509 8604 7774
8437 8687 8702 7670
8599 8397 8614 7722
8426 8591 8857 7484
8978 8413 8500 7344
8708 8369 8829 7596
8435 8668 8728 7665
8603 8516 8757 7630
8703 8619 8668 7571
8638 8475 8791 7605
8805 8617 8568 7449
8424 8531 8675 7739
8553 8349 8668 7805
8514 8377 8686 7775
8852 8485 8606 7497
8828 8600 8580 7403
8386 8551 8701 7736
8452 8813 8652 7306
8500 8345 8934 7621
8407 8360 8952 7633
8459 8821 8658 7282
8288 8318 8401 7875
8295 8348 9048 7477
8459 8821 8658 7282
8985 8426 8548 7203
8454 8304 8224 7360
8715 8293 8427 7092
8312 8286 8147 6987
8225 8304 8077 6986
8377 8271 8245 7206
8313 7883 8143 7057
8539 8390 8379 7465
8198 8116 8369 7317
8472 8349 8448 7445
8385 8211 8165 7298
8474 8395 8439 7317
8195 8197 8119 6909
8316 8160 8038 7071
8371 8203 8338 7121
8254 8187 8316 7106
8458 8484 8293 7317
8294 8263 8258 7226
8213 8156 8071 7323
8371 8075 8297 7202
8287 8103 8301 7319
8196 8121 8314 7189
8040 8061 7961 7131
8470 7983 8121 6894
8410 8340 8476 7526
8513 8015 8236 6913
8234 8390 8201 7073
8269 8340 8288 7166
8182 8138 8273 7137
8196 8350 8105 7161
8346 7992 8267 7320
8112 8013 8225 7239
8286 7954 8262 7287
8372 8130 8432 7325
8077 8152 7838 6878
8369 8387 8170 7215
8334 8297 8166 7228
8293 7964 8090 7259
8303 8185 8270 6983
8407 8302 8220 7217
8235 8443 8381 7368
8218 8185 8074 7434
8383 8158 8267 7271
8571 8178 8281 7192
8245 8250 8323 7324
8175 8155 8224 7041
8249 8032 8420 7129
8387 8237 8410 7289
8086 8137 8131 7140
8281 8064 8262 7148
8322 8321 8471 7439
8331 8185 7943 7245
8518 8252 8162 7241
8347 8301 8406 7421
8428 8537 8241 7270
8295 8262 8376 7324
8219 8018 8172 7140
8376 8347 8206 7211
8023 8098 7960 7013
8477 8292 8455 7248
8253 8001 8350 7097
8209 8256 8101 7087
8394 8352 8112 7254
8078 8348 8231 7104
8387 8090 8240 7139
8260 8238 8207 7358
8353 8351 8314 7362
8245 8145 8259 7158
8271 8310 8105 7014
8584 8282 8657 7444
8282 7952 8255 7112
8315 8301 8408 7188
8226 8255 8260 7376
8300 8115 8198 7268
8392 8238 8202 7293
8109 8044 8131 7117
8153 8102 8170 7276
8486 8353 8247 7274
8422 8080 8256 7234
8316 8345 8358 7309
8121 8041 8125 7148
8076 8179 8184 6973
8442 8291 8135 7316
8410 8258 8228 7497
8181 8282 8147 7376
8048 8067 8481 7181
8299 8130 8018 7048
8261 8259 8232 7174
8463 8196 8235 7160
8356 8338 8424 7322
8326 8355 8444 7159
8340 8251 8075 7027
7989 8267 7946 7084
8406 8047 8227 7064
8332 8211 8354 7325
8339 8326 8292 7187
8397 8412 8271 7302
8378 8282 8378 7226
8429 8229 8253 7061
8524 8256 8476 7470
8180 8090 8245 7205
8454 8095 8490 7100
8462 8359 8364 7380
8225 8247 8192 7190
8226 8259 7834 7203
8378 8267 8379 7363
8336 8125 8160 7329
8274 8202 8178 7391
8267 8296 8195 7111
8171 8025 8104 7087
8413 8313 8307 7207
8082 7881 7992 7081
8139 8152 8010 7114
8649 8164 8153 6871
8301 8344 8222 7254
8327 8401 8417 7311
8555 8326 8518 7457
8116 8164 7988 7303
8480 7968 8331 7122
8233 8315 8194 7342
8163 8068 8002 7024
8516 8370 8298 7250
8276 8222 8085 7045
8652 8361 8389 7327
8165 8030 8190 6920
8333 7981 8242 7149
8544 8107 8371 7026
8636 8356 8444 7428
8132 8299 7837 7056
8196 8146 8108 7207
8051 8214 8010 6986
8565 8235 8588 7529
8031 8350 8156 7162
8239 8252 7972 6928
8055 7936 8354 7215
8279 8219 8079 7171
8453 8428 8372 7414
8363 8434 8408 7288
8357 8256 8348 7439
8224 8222 8194 7158
8568 8396 8301 7274
8342 8141 8281 7083
8273 8385 8236 7316
8275 7890 8081 7060
8158 7970 8123 7308
8404 8248 8265 7271
8278 8124 8054 7016
8492 8098 8249 7105
8039 8293 8093 7266
8465 8159 8373 7232
8476 8412 8472 7504
8212 8086 8050 7095
8517 8186 8339 7168
8259 8227 8219 7324
8277 8314 8139 7187
8433 8441 8379 7183
8419 8045 8395 7208
8255 7962 8148 6888
8250 8113 8109 7139
8320 7723 8020 7074
8276 8457 8221 7278
8270 8020 8386 7148
8598 8109 8457 7147
8140 8278 8200 7504
8385 8121 8507 7347
8235 8186 8122 7302
8186 8253 8169 7355
8552 8356 8375 7238
8534 8462 8441 7372
8079 8138 8144 7200
8142 8216 8078 7152
8409 8363 8113 7323
8164 8172 8369 7378
8314 8485 8352 7216
8300 8209 8324 7238
8318 8265 8415 7302
8348 8002 8053 7148
8245 8049 8282 7132
8232 8272 8317 7286
8148 8302 8264 7244
8110 8101 8036 7105
8468 8029 8312 7066
8240 8312 8206 7276
8359 8293 8290 7402
8299 8505 8395 7381
8269 8074 8212 7184
8212 7902 8113 7113
8336 8095 8147 7240
8337 8262 8080 7007
8305 8352 8274 7246
