18500 1861.73
3760 2937
3425 4008
3242 3668
3208 3465
3715 3360
4034 3519
3494 3572
3417 3879
3479 3580
3823 3327
3613 2969
3756 2924
3596 3634
3149 3593
3630 3519
3223 3484
3871 3433
3290 3645
3287 3774
3824 3257
3183 3779
3044 3302
4064 3319
3963 3009
3411 3777
3130 3452
2912 3720
3248 3862
3006 3251
3076 3670
3648 3562
3567 3147
3098 3637
3441 3756
3000 3653
3016 3539
4009 3335
3999 3206
3443 3360
3438 3703
3392 3782
3156 3850
3641 3462
3304 3662
3805 3461
3458 2532
3764 3703
3653 3811
3196 3732
3624 3285
3318 3783
3417 3466
3176 3623
3286 3791
3600 3814
3232 3570
3225 3673
3684 2949
3842 3181
3576 3822
3834 3842
3627 3621
3396 3434
3667 3741
3530 3616
3857 3394
3431 3750
3029 3529
3389 3807
3389 3850
3583 3552
3685 3448
3250 3778
3610 3637
3048 3505
3532 3346
3681 3577
3720 3171
3960 3263
3422 3802
3311 3537
3336 3604
3503 3889
3700 3596
3132 3259
3602 3875
3146 3120
3303 2802
3091 3715
3328 3872
3339 3835
3650 2947
3764 3655
3915 3576
3572 3603
3680 3578
3662 3774
3856 3224
3506 3906
3607 3001
3237 3461
3412 3678
2997 3675
3385 3861
3776 3723
3741 3566
3619 3496
3003 3613
3684 3687
3176 3737
3637 3815
3836 3337
3304 3877
3939 3492
3175 3477
3498 3521
3353 3407
3634 3569
3691 3447
3336 3622
3242 3371
3711 3384
3220 3182
3686 3375
3550 3546
3464 3887
3493 3942
3528 3936
3287 3927
3520 2786
3660 3475
3933 3289
3466 3663
3591 3407
3351 3815
3607 3396
3584 3717
3827 3642
3499 3459
3605 3500
3062 3566
3627 3348
3515 3604
3919 3770
3806 3239
3897 3682
3122 3668
3693 3168
3231 3065
4002 3559
3456 3812
3628 3091
3621 3471
3427 3900
3614 3577
3200 3704
3544 3626
3130 3577
3658 3667
3631 3633
3157 3724
3461 3615
3655 3518
2997 3368
3578 3732
3214 3679
3280 3623
3094 3778
3394 3707
3482 3904
3674 3722
3668 3780
3490 3386
3753 3499
3355 2980
3507 3689
3256 3451
3287 3867
3447 3361
3210 3750
3440 3529
2955 3674
3777 3522
3352 3857
3062 3721
3617 3100
3834 3441
3562 3663
3264 3890
3888 3242
3054 3428
3114 3580
3602 3108
3266 3659
3663 3690
3629 3736
3362 2834
3139 3301
4017 3272
3409 3411
3259 3055
3744 3074
3706 3711
3869 3183
3243 3566
3379 3417
3412 3492
3715 3694
3390 3647
3368 3808
3594 3760
3744 3495
3156 3568
3163 3662
3355 3829
3868 3450
3553 3533
3732 3787
3225 3861
3725 3046
3217 3741
3326 3730
3242 3730
3489 3807
3274 3784
2985 3548
3671 3416
3257 3740
3271 3396
3386 3298
3278 3462
3641 3809
3281 3417
3383 3728
3444 3304
3270 3649
3218 3776
3666 3596
3809 3695
3629 3542
4063 3310
3227 3646
3540 3896
3680 3884
3478 3845
3986 3714
3674 3669
3758 3715
3515 3818
3670 3630
3495 3911
3345 3709
3479 3643
3600 3720
3069 3675
3499 3633
3332 3801
3556 3975
3217 3698
3940 3589
3489 3671
3695 3742
3551 3734
3294 3820
3413 3892
3387 3574
3500 3797
3160 3567
3718 3751
3606 3696
3709 3269
3512 3756
4019 3407
3756 3695
3571 3632
3112 3577
3154 3557
3113 3075
3359 3753
3110 3764
3715 3171
3327 3824
3348 3257
3540 3555
3291 3491
3848 3731
3511 3886
3473 3969
3747 3217
3499 3805
3800 3225
3170 3630
3403 3800
3492 3837
3912 3335
3471 3608
3905 3721
3319 3913
3296 3757
3532 3724
3898 3421
3352 3810
3308 3633
3341 3618
3349 3548
3565 3872
3353 3834
3327 3791
3336 3622
3019 3531
3475 3555
3730 3531
3920 3541
3663 3670
3595 3721
2788 3455
3964 3648
3492 3637
3220 3837
3319 3417
3857 3298
3904 3625
3588 2934
3111 3412
3586 3950
3235 3390
3243 3679
3390 3950
3684 3832
3215 3708
3715 3686
3652 3473
3918 3792
3320 3599
3458 3863
3150 3593
3319 3502
3594 3570
3444 3832
3347 3647
3168 3170
3533 3803
3428 3546
3345 3203
3292 3716
3395 3906
3375 3885
3429 3920
3047 3670
3343 3869
3720 3777
3349 3911
3017 3614
3315 3966
3273 3653
3626 3633
3408 3156
3482 3537
3612 3424
3418 3974
3332 3224
3017 3474
3282 3899
3415 3731
2705 3340
3498 3646
3506 3297
3970 3739
3766 3709
3282 3407
3281 3875
3371 3491
3825 3158
3449 3670
3476 3321
3147 3411
3497 3732
3100 3563
3200 3547
3277 3591
3433 3232
3208 3695
3355 3755
3314 3875
3608 3535
3571 3691
3501 3703
3725 3804
3049 3573
3730 3699
3539 3859
3730 3867
3187 3710
3237 3674
3516 3633
3198 3677
3783 3719
3660 3671
3431 3479
3729 3104
3650 3279
3546 3644
3679 2850
3237 3467
3133 3688
3350 3511
3559 3669
3391 3540
3169 3702
3239 3731
3471 3836
3476 3641
3348 3842
3525 3572
3406 3848
3571 3555
3257 3474
3250 3758
3697 2983
3709 3351
3565 3785
3345 3746
3463 3513
3730 3699
3363 3832
3630 3750
3389 3873
3439 3341
3490 3534
3873 3066
3299 3704
3329 3824
3672 3700
3624 3791
3502 3802
3416 3629
3123 3577
3118 3495
3197 3458
3315 3754
3805 3258
3323 3755
3489 3548
3332 3490
3392 3732
3572 3623
3576 3583
3806 3400
3466 3360
3432 3782
3571 3750
3293 3521
3368 3727
3274 3665
3570 3674
3215 3754
3424 3878
3472 3707
3613 3618
3447 3378
3688 3633
3084 3731
3301 3813
3733 3421
3138 3719
3574 3050
3651 3879
3103 3642
3165 3548
3278 3843
3872 3749
3413 3721
3556 3975
3226 3404
3420 3692
4130 3049
3135 3743
3726 2986
3538 3930
3804 3637
3353 3943
3522 3803
3109 3805
3899 3571
3436 3946
3234 3703
3875 3487
3590 3407
3332 3358
3779 3604
3531 3745
3407 3527
3330 3765
3351 3541
3399 3671
3383 3755
3683 3490
3521 3625
3176 3536
3209 3818
3936 3187
3189 3782
3452 3435
3615 3733
3738 3703
3442 3775
3608 3626
3754 3439
4016 3443
3180 3603
3915 3214
3720 3402
3677 3115
3414 3910
3062 3518
3506 3587
3737 3114
3363 3891
3339 3775
3737 3332
3418 3613
4030 3371
3413 3834
3652 3708
3356 3770
3774 3780
3267 3801
3241 3771
3512 3889
3583 2734
4089 3251
3569 3717
3456 3658
3368 3719
3482 3893
3259 3792
4064 3587
2918 3475
3167 3850
3739 3592
2894 3540
3575 3137
3104 3735
3322 3405
3790 3709
3668 3706
3240 3592
3639 3592
3290 3606
4031 3227
3434 3705
3369 3778
3131 3575
3390 3812
3503 3492
3627 3668
3484 3801
3567 3556
3248 3577
3683 3777
3530 3530
3510 3823
3504 3831
3493 3902
3687 3410
3757 3648
3375 3789
3281 3603
3759 3496
3597 3684
3426 3236
3406 3662
3504 3701
3616 3619
3641 3667
3482 3219
3394 3710
3350 3876
3749 3486
3241 3170
2949 3264
3489 3697
3576 3732
3416 3867
3323 3263
3715 3821
3512 3683
3386 3419
3372 3875
3070 3570
3304 3875
3394 3136
3329 3265
3580 3878
3094 3685
3284 3709
3534 3735
3435 3939
3218 3736
3338 3889
3415 3949
3656 3672
3144 3631
3432 3814
3637 3518
3434 3478
3734 3067
3589 3588
3739 3319
3192 3804
3168 3665
3593 3675
3306 3909
3572 3454
3439 3477
3290 3877
3676 3823
3504 3283
3413 3601
3417 3904
3526 3651
3226 3804
3703 3850
3179 3654
3265 3751
3638 3835
3308 3781
2972 3719
3297 3725
3151 3548
3477 3321
3638 3651
3465 3855
3848 2995
3741 3636
3358 3630
3259 3677
3637 3679
3569 3567
3551 3817
3745 3740
3464 3833
3428 3897
2853 3221
3427 3920
3401 3821
3576 3865
3566 3765
3577 3483
3160 3914
3268 3761
3256 3810
3689 3342
3386 3606
3587 3870
3546 2671
3328 3704
3037 3611
3392 3519
3551 3649
3428 3362
3428 3732
3466 3527
3221 3813
3332 3591
3140 3531
3319 3728
3008 3723
3144 3638
3317 3743
3394 3917
3285 3456
3151 3590
3604 3293
3322 3680
3344 3585
3615 3700
3515 3296
3582 3859
3379 3971
2682 3370
3220 3655
3371 3495
3664 3818
3299 3604
3417 3569
3377 3819
3336 3949
3071 3645
3563 3773
3066 3657
3308 3778
3141 3587
3171 3559
3846 3284
3556 3762
3577 3776
3263 3630
3445 3659
3158 3414
3147 3471
3617 3363
3302 3452
3162 3154
3777 3772
3414 3949
3465 3885
3840 3445
3068 3516
3531 3574
3097 3438
3126 3690
3629 3697
3537 3374
3318 3526
3302 3231
3392 3843
3409 3699
3690 3780
3254 3527
3450 3820
3182 3547
3295 3601
3507 3867
3423 3678
3460 3528
3726 3453
3179 3628
3781 3591
3503 3683
3335 3664
3197 3567
3777 3501
3345 3659
3290 3280
3435 3525
3334 3600
3506 3253
3390 3925
3376 3865
3599 3063
3108 3476
3028 3293
3557 3422
3218 3822
3104 3538
3322 3463
3554 3726
3232 3929
3767 3397
3324 3877
3308 3542
3336 3645
3658 3743
3314 3615
3334 3729
3360 3883
3541 3613
3401 3462
3756 3579
3556 3034
3321 3252
3172 3654
3279 3619
3460 3734
3701 3693
3423 3928
3300 3741
3403 3661
3543 3758
3397 3665
3186 3665
2996 3491
3266 3512
3337 3680
3341 3477
3231 3488
3419 3681
3215 3509
3243 3750
3648 3347
2812 3407
3163 3641
3457 3841
3740 3549
3265 3716
3601 3700
2982 3395
3135 3617
3797 3697
3519 3719
3654 3336
3226 3792
3428 3912
3475 3211
3760 3316
3660 3893
3462 3548
3758 3722
3840 3481
3603 3139
3481 3667
3276 3303
3388 3739
4105 3320
3770 3230
3393 3832
3412 3736
3691 3221
3465 3734
3409 3919
3291 3643
3271 3760
3471 3502
3342 3739
3829 3528
3358 3593
3004 3434
3618 3500
3308 3896
3823 3205
3421 3798
3312 3885
3502 3548
3385 3791
3797 3344
3526 3897
3406 3533
3189 3471
3489 3987
3703 3729
3763 3736
3736 3242
3334 3616
3562 3794
3329 3824
3601 3605
3400 3184
3436 3773
2991 3572
3501 3717
3539 3767
3473 3846
3856 3475
2976 3537
2981 3570
3155 3416
3310 3886
3577 3738
3654 3710
3062 3767
3390 3780
3489 3976
3901 3448
3493 3391
3535 3569
3515 3904
3448 3768
3452 3464
3365 3689
3657 3722
3301 3686
3640 3860
3322 3211
3581 3629
3108 3591
3409 3755
3333 3447
3243 3702
3520 3899
3366 3809
3623 3698
3434 3506
4043 3016
4096 3466
3446 2866
3369 3184
3576 3738
3312 3301
3548 3846
3327 3737
3500 3749
3000 3168
3410 3932
3472 3494
3639 3565
3171 3452
3608 3558
3500 3389
3807 3621
3499 3601
3224 3798
3552 3180
3586 3695
3410 3418
3444 3894
3689 3657
3417 3842
3475 3919
3382 3543
3219 3832
3924 3648
3566 3633
2990 3367
3392 3793
3467 3833
3098 3777
3344 3944
3427 3749
3935 3148
3652 3660
3468 3828
3454 3656
3455 3484
3556 3603
3804 3632
3128 3576
3304 3745
3374 3713
3140 3315
3532 3727
3654 3622
3461 3880
3334 3309
3769 3457
3177 3844
3173 3706
3561 3941
2846 3446
3797 3862
3694 3415
3350 3927
3632 3664
3180 3442
3662 3764
3341 3518
3181 3787
3433 3843
3424 3274
3556 3975
3713 3778
3488 3837
3148 3662
3074 2967
3157 3524
3038 3171
3217 3494
3671 3625
3230 3891
3184 3884
3281 3689
3554 3641
3408 3135
3683 3381
3431 3723
3680 3721
3524 3648
3512 3497
3426 3976
3493 3638
3702 3484
3465 3848
3412 3803
2916 3201
3306 3796
2919 3484
3508 3951
3350 3685
3989 3217
3393 3442
3623 3571
3309 3735
3439 3591
3401 3742
4017 3328
3318 3893
3027 3594
3317 3761
3853 3784
3884 3803
3419 3808
3515 3802
3515 2872
3417 3488
3974 3581
3535 3824
2942 3505
3623 3877
3624 3416
3436 3287
3260 3820
3194 3530
3325 3393
3252 3364
3724 3782
3799 3274
3541 3785
3398 3655
3102 3641
3790 3274
