1544 601.974
15414 14959 17747
16354 15467 17830
15266 14689 19009
14914 15670 18310
15311 17620 16533
16644 17498 17134
15825 15433 17778
15932 18048 15489
16244 17494 15926
17456 16394 16840
17853 17056 16649
15620 15826 18724
16532 16379 17907
16765 17881 16185
14771 16269 17186
16921 16549 16999
15806 15428 18859
14805 18086 16888
16130 15121 17900
15847 16573 18377
15803 16903 18361
15751 14829 18437
15354 15569 19165
17178 17077 17234
16719 15536 18399
15723 17532 16187
16446 17581 14947
16682 16631 14818
15426 15755 18908
16553 15076 17419
15892 16382 18568
16433 15573 18048
17973 15774 16780
17028 15121 17800
13953 16877 14885
15337 15037 18205
16103 16928 15777
16696 16889 15119
15415 16240 18769
15910 18359 15886
16537 17048 17889
15513 14802 18432
16015 16092 18612
16623 17582 16360
17189 16557 17728
16914 17808 15330
15049 16230 17288
16563 17321 17228
16523 15719 18352
16291 18196 15045
16056 18041 17408
15463 16827 18247
15660 15127 18408
17608 16743 15910
15616 15726 16451
16585 16107 17301
17477 16361 16189
16261 17440 15866
17137 16838 17531
16888 17122 16210
16861 17825 15509
15200 14834 18298
17166 16333 17432
15309 15089 19014
16788 17360 16174
15724 18365 15616
15589 15351 18115
15912 15163 18787
15844 17643 14502
15647 17544 17095
15745 16375 16825
15887 16147 18010
15819 17507 16439
16701 17446 16170
15338 14721 18518
16178 17594 15991
16196 16901 17145
16896 17137 17123
17264 16290 18023
16872 16308 17584
16364 15775 17893
16342 16798 16771
16841 16561 16911
17311 17064 17430
16394 16535 18024
16682 16447 15517
16817 17224 15720
16665 17767 15155
16033 17404 16176
16650 15668 15747
17393 15886 16276
16816 16964 15549
15970 18021 16131
16713 17941 16223
17030 17324 16417
17234 16620 17240
15477 16191 17825
17018 16645 16727
17570 16511 16665
16904 16991 15847
16036 16778 17190
16256 16729 17803
15793 18128 16270
15747 14985 18817
16773 15964 17985
15269 15496 18861
16316 16253 18729
16231 17617 17132
17049 16560 16621
17175 17352 16684
16486 16949 17359
17738 16241 16726
16548 16023 17897
16835 14616 16833
16167 17497 16953
16141 18072 16493
14611 14568 15048
16749 15777 16584
16687 17521 16430
16156 17676 17066
15604 17401 15432
15972 15560 18153
16243 18286 16074
16489 15993 17139
15816 15076 18634
17412 16625 16226
15869 14703 17776
18026 16106 17045
15268 15794 17116
16662 16687 17827
16706 17091 16668
15902 17572 17028
16060 17294 17256
16201 17983 15915
16191 15793 16712
16275 16448 17305
15972 17586 16772
15543 17667 16014
16531 16308 15858
16711 18203 15907
16513 18235 16144
16066 17176 17887
16445 15461 16230
16816 17359 16021
17422 16120 17469
15745 15904 18565
16977 16633 16004
17168 16229 17808
15460 15341 17462
16760 15828 18415
16877 17654 16246
14812 13300 14489
16571 17659 15587
16546 16386 17578
16224 17978 15206
15801 17620 14799
15306 15873 17038
16692 15599 16074
16469 16244 17862
15706 17201 16878
17197 16848 15728
17291 16641 16818
15671 15112 18026
16423 16152 17393
15871 14910 17333
17147 17292 16496
15710 15464 18678
16730 17711 16474
15829 17792 15332
16780 15751 16355
15735 16252 17741
16438 18145 15414
15976 17797 16593
16550 15360 16734
17089 17155 17296
16168 17096 15073
17538 16669 16067
17409 17747 16864
15475 17802 14439
18024 16556 15954
14978 17128 17555
17047 15773 18314
17116 15886 16151
16858 17077 16478
15379 15296 18487
15655 16412 17968
15733 17351 16599
15574 16089 18546
15849 16019 16669
17365 17499 16035
16462 16978 17773
16635 15494 17999
16162 16823 17618
16083 18201 16125
17428 16657 16678
17305 15940 17740
16351 17747 17430
16927 16734 17793
15992 16312 17653
15985 17062 16784
16091 17261 17782
17345 17001 16266
15595 16196 17888
16552 15810 18146
16856 17384 16753
16814 17467 15705
16547 17884 17202
16039 16292 17188
15922 17925 15127
15086 17516 15869
15641 15366 18057
17056 16034 17503
16993 15929 17980
16582 17071 18190
17042 16648 14956
16615 16475 17843
16107 16953 16884
16104 17314 14846
15491 16636 17437
15326 16926 17476
16771 17001 16596
17435 17670 16368
17604 15689 16305
15291 15114 17732
16377 17704 15022
14818 15637 18140
16954 16147 16477
17085 16650 14950
16303 17815 17275
16908 15480 17362
15858 16866 18265
16585 17123 15465
15868 18120 14437
15616 16047 17974
16009 17109 17836
16134 16255 18315
16069 17700 17358
16716 17045 16120
16566 15899 16441
17295 16864 17049
16470 17920 14796
16057 17423 15800
16293 16354 18707
17186 15935 17269
15994 17425 15284
16452 16029 15923
16084 17728 17388
16432 17669 17398
15615 17358 17009
17234 15519 17488
14716 15333 18049
16857 17484 17178
16936 16762 17394
17143 17546 16646
16368 15238 17692
17079 16238 17102
17214 16515 17624
16641 16204 17723
15168 15899 16628
15096 15066 16227
15415 17656 16446
16532 17658 17293
16052 17400 15778
15715 16211 17569
16514 17207 15799
17360 16169 16432
17433 16900 15392
16104 16590 17284
16397 17052 17597
17424 17347 17221
16445 17792 16144
15534 16034 16976
16073 16484 17497
17026 18028 16156
15535 15676 18281
17019 15628 17854
16083 16334 17579
16885 15507 18043
15643 16432 15725
15726 14719 17742
15609 16940 16107
16753 17433 16548
16172 17101 18049
16760 15371 17422
17600 17571 16559
16384 17893 16654
16840 16070 18260
16036 15905 18394
14926 15901 15206
17317 17136 17667
17063 17721 15269
16717 17173 17590
17257 17072 17689
16625 17142 18482
17851 15808 16271
15751 15306 18233
15096 17091 16385
16946 16048 17820
17397 17571 16919
16168 17032 17140
16974 15919 17777
15802 15235 18711
16172 16823 14144
16962 16850 16943
14978 14203 13499
16372 16684 18666
17334 16944 17778
17294 16974 16864
16760 16686 16231
16133 17810 16984
16587 15173 16792
15536 17984 16690
17314 16923 16797
16306 18238 16608
16286 16564 18084
16270 16832 17508
15383 16634 15655
16567 16741 16463
16520 17579 17124
15149 16935 17005
16907 17087 17890
16015 15126 17792
16529 17215 16880
16607 17416 16407
13950 14326 17419
15818 15058 19086
15314 15360 18839
16245 16135 16263
16629 17068 15081
16591 17265 16928
15792 16893 17309
16783 18163 15748
16119 16166 16924
16924 16874 16846
17118 15596 15940
16386 15471 17739
16416 16408 16961
15917 16466 17486
16363 16723 16748
16947 16688 18203
16317 17134 18690
16179 16251 16734
16167 16820 17442
16966 16007 18495
16987 16212 16825
16888 16478 18331
16165 16238 17808
16675 17446 16656
15672 17002 15486
15683 16673 16040
15539 17954 16780
17155 17568 16883
17151 16229 17305
16940 15978 18301
16642 16420 17191
15442 17865 16547
16477 17608 17019
17041 16462 17286
16359 18306 15071
16783 17353 17382
16501 17404 17664
16718 16477 17806
17147 16020 16809
15910 17391 17644
16041 16697 15727
17079 15778 17220
16609 17571 17254
17174 17890 16180
15946 17538 17055
15952 17809 17477
15621 16815 15868
16567 15638 17418
17176 17760 16563
14815 13768 16388
15694 17219 16379
16118 15652 18778
16932 16811 18100
16564 16050 18168
16813 16789 17420
17258 16657 16490
17518 17186 16933
17302 17628 16515
16611 17038 17869
16484 15863 18411
16284 17659 16358
15524 17109 16911
16528 18388 16867
16558 17594 16500
15950 16188 17372
17511 16679 16447
15864 15496 18784
17956 16845 16622
16715 17356 16736
16600 16597 18143
16744 16051 17769
16277 16266 18294
15680 18048 15816
16579 17412 16643
15311 16359 15857
15522 16386 17456
17199 15529 17597
17098 17122 15456
17375 16143 17646
17268 16641 17140
15597 16105 17920
15583 17671 15853
17154 15917 15406
15672 15265 18699
16598 17248 16973
16254 17254 16653
16712 17134 15878
16372 15628 18619
15863 15434 18842
16775 15705 17158
16804 17932 15688
16310 16985 18138
14901 14972 18711
15199 16471 17575
15376 15236 18900
16783 17715 16582
16674 15852 17842
16444 17620 16313
15346 17755 14011
16451 16444 18273
17396 17209 16569
16420 16411 17867
15284 17004 14523
17542 15896 16988
16758 17632 15575
14611 15551 18012
16467 17013 17885
15681 17172 17294
16105 17821 16583
16997 16055 15894
16297 17324 16579
15179 16000 18563
15705 15845 18205
16778 17788 15975
16159 17927 15444
15817 17525 16879
17224 17263 15871
17419 17217 16635
15589 17273 15083
17111 17843 15580
16230 17539 16106
15602 15032 18489
16070 15466 16317
16879 18117 16506
14722 15845 18698
17595 15214 15567
16390 15849 18130
14587 17365 14641
15620 15651 17535
16958 15691 18615
16387 16925 16807
16015 18088 16326
17261 16425 17541
16636 17257 15152
17419 16794 17372
17358 16531 16056
15174 17136 17037
17266 15812 16529
16689 17366 15874
16482 16684 16623
16811 15039 17698
17110 16617 15767
16524 17543 16944
16642 17084 16321
16913 17503 16663
15525 16516 18614
16902 16353 18197
15243 16229 17435
17536 15872 15778
15396 15231 18516
15699 16317 18705
16305 18092 15778
15530 16036 18762
16389 17671 16563
16712 16716 17653
15950 17178 15064
14026 16663 13598
16142 18414 16639
16429 15969 15328
17470 16391 16936
17400 15668 16030
13791 16724 14778
16082 17035 17446
16680 17981 16809
16684 15387 18029
14916 15538 19107
17363 15947 18214
16173 16590 17910
16795 16635 15894
16961 16912 17136
15806 17420 13693
16376 16254 17550
14911 16977 17310
15318 15554 18711
16488 17620 16256
16884 17235 16262
17570 16867 16916
16514 17045 14513
16196 17790 16971
16661 15232 16413
17049 15919 17001
17163 15673 17175
16610 17395 17273
15770 17295 16273
14848 15842 18668
17265 16349 17954
17058 16335 17336
16559 16315 17022
15182 17659 16076
16616 17915 15977
16760 16705 18598
16678 16647 17365
15062 17263 16682
16941 17295 16778
16204 17098 16630
17438 16340 17493
16669 15474 16753
17653 17274 16353
17161 17776 16744
16422 16294 17286
15858 15512 18732
15696 15496 18248
15844 16778 17881
15918 15522 17836
17311 17436 16771
16981 16871 16994
15576 17523 16447
16916 16753 18114
15656 14467 17900
14557 14390 17297
16947 17017 16877
15957 17356 17917
16233 17865 15906
15334 17743 14767
16189 15429 18675
14854 14950 18827
16726 17423 15388
16228 16686 17197
17335 16661 17618
16143 15810 18486
15556 17004 17470
15212 14581 14511
15648 15145 18604
16795 17886 15621
16916 16387 18068
15795 17158 15941
14729 17352 17142
17269 16477 17031
15959 16077 18285
16530 16470 14689
14558 13849 16910
17375 16404 17940
16173 18001 16762
17082 15632 17742
15985 16132 18220
16295 15425 17982
14061 14316 17634
16518 16385 17682
16822 17438 17062
15244 15594 17995
16101 17301 17049
14416 14506 18603
17365 15942 16042
15925 16213 16978
16523 17674 17155
17030 17565 15420
16109 16355 18680
16188 17964 16138
16930 17089 17079
15202 17237 16875
17561 16515 16607
17534 16647 16953
17127 17001 16547
16937 15379 16340
17048 15690 17493
17619 16104 16774
15412 16865 16840
16246 17725 16027
17162 17776 16299
16873 16554 17473
15785 15987 17986
17350 16129 17699
13685 16110 13543
14442 15368 14571
16255 17342 16394
17538 15976 17460
16835 16274 17384
16901 17427 16512
17428 16874 17215
16628 16904 18022
16396 16705 16194
16862 16476 16780
17199 16211 15732
16555 15780 18881
16254 18028 15303
16975 16448 16327
17376 16373 18024
16243 16678 14950
15632 16942 18191
15968 15313 18611
17717 16088 17730
16212 17381 15648
17001 16726 16853
16982 17172 16331
16186 17264 14019
14144 16200 14078
16751 16664 17311
15787 16945 17628
15571 15727 17957
16677 17596 15778
17242 15562 17257
17111 16340 17188
17044 16111 18423
14950 17011 16089
16161 16920 17988
16695 17341 15435
16181 17808 17085
16561 17916 16001
16505 17085 14795
15731 16273 17864
16536 17689 16083
17815 17184 16569
17119 17075 17459
16354 18126 15315
17447 15542 15674
16565 16485 16980
16707 15766 17596
16844 15824 18095
16674 17920 15651
15975 17948 16041
16931 15546 17091
16085 15340 17840
17104 16700 15691
16533 17368 16502
16842 16171 17918
16079 15423 18203
16951 17034 16831
16689 16930 16095
15996 16546 17531
17654 16583 16521
17367 16758 16691
17112 16295 17514
16165 14778 18316
15586 15325 18800
16814 15926 17731
15760 17946 17046
16220 17617 16223
17121 16553 17904
17650 16704 17234
17304 17359 16502
15451 15517 17021
15736 15672 15623
16042 17757 17045
16031 17660 17194
15596 16848 17598
15359 14148 17487
15915 15270 18402
17229 16999 16646
16760 15983 15971
16091 16437 16619
15319 18203 15177
16722 16323 17459
16826 17872 16236
16357 17025 16450
16471 17523 15716
16549 17302 16683
17851 16075 16354
16854 16223 18205
16919 17533 17003
15427 15711 18574
17262 15316 16769
17229 16611 17086
17259 16882 17565
16685 17167 17055
16876 17133 16869
15685 14813 17658
16138 17106 16721
15466 17747 15419
16922 16806 17471
16934 17044 15898
16759 17727 15408
15373 17293 15242
16847 16342 18759
16449 15734 16518
15266 15977 17335
17138 15386 16190
16567 16789 15374
15998 16587 15763
15707 16596 17700
17235 16893 17136
16338 14682 16059
16562 16940 16666
17471 16847 15964
16729 17673 16320
16831 16721 17926
14094 15889 15529
16654 16682 14813
15704 17103 17733
17187 16399 17931
14540 16077 17864
16394 16415 16634
16836 16045 17783
16072 16239 18749
16712 17863 16545
17656 17285 17365
17135 15673 15878
15670 14860 15916
14919 17336 16243
15735 14980 18572
16124 17836 16547
14646 15443 18090
16218 18326 14961
17328 15913 15998
15770 17396 15747
16700 17220 16944
17640 16782 17039
16297 17014 17136
17139 16798 16362
16003 16868 17709
15632 17437 17060
15861 16435 16879
16806 16855 17834
13738 15211 15028
17063 16776 16903
16055 17746 16655
14325 16908 14360
16913 17283 16802
15599 16712 18090
15961 15476 16659
16725 15792 18040
16673 17391 15756
17287 16726 17745
15463 15931 18155
15388 17658 15128
16824 16680 15886
15596 15236 16106
16688 15874 17640
17063 16400 17223
16559 16497 16988
15897 15788 17826
16229 16354 17797
16983 17682 16768
16785 18014 17325
17236 15540 17186
15227 17638 16199
15664 16618 18356
15866 17514 16741
15574 15589 18056
16991 16174 18007
16065 17565 14789
16328 15981 17003
17226 17529 17166
17526 16727 16765
15380 16763 16504
16698 17869 16689
15895 16970 15486
15610 16738 16710
16619 16673 16473
15063 15481 18336
16445 15680 17952
17005 17032 16464
17116 16779 17973
16127 15782 18308
17143 17346 17850
16085 18123 15410
17078 17148 16932
16955 16881 17622
17124 17311 16808
16599 16791 16830
16906 16539 16894
15892 16896 15826
16304 17774 14658
16614 16443 16842
16645 15298 17607
16752 16989 17956
16478 15625 17607
15285 16858 15681
16593 17384 16648
16136 14525 16060
15573 16654 16631
15961 16117 17129
15743 17255 16035
16418 18246 16450
16126 17444 14879
16431 16444 17334
17016 16661 17286
17038 16740 17194
13903 14180 15001
15390 17102 16785
17262 16491 17695
15265 16544 17093
16894 17233 15861
17026 17163 17848
17663 16674 17297
16613 16188 16879
14952 16421 17578
17141 15380 17456
17227 17359 16917
16297 17583 17534
16921 16401 17846
16370 17641 17536
14521 15702 17283
16435 17853 16999
15614 15834 17114
16960 17697 16739
17148 16588 17551
16217 17165 17176
15321 16371 17678
15850 17552 16164
15623 15631 16754
16541 16929 17702
17100 15918 15892
17481 16796 16798
17647 17454 16733
16513 17035 16728
16738 16177 18338
15902 16374 16788
16043 17438 16616
15515 15251 18665
15605 16747 16196
16643 18082 15578
17139 15711 16420
16556 15948 17276
15950 18320 16737
16137 16909 17312
16868 17175 16504
16297 17491 15697
16949 16916 15225
16884 17281 16959
17306 16660 17197
17296 16222 18001
16302 18022 16551
15894 17108 17356
17466 15984 16465
15924 16604 15127
15757 16750 18163
16773 16893 15903
15414 17821 14911
15770 15366 18842
17173 17221 16285
15652 16111 17717
14330 16241 14678
16412 16555 17193
17029 15926 16949
16892 17235 15683
16901 16269 17515
16837 17501 16222
15906 15679 18245
14763 16800 16202
16419 17959 15850
15193 17411 14546
16249 17015 15534
15826 16400 17776
16958 16914 16447
15908 16958 17372
16208 17110 15778
16646 16606 18628
15972 16730 18343
17590 16547 17413
16457 16396 17193
16238 15192 18267
17135 16034 17648
17149 16023 15991
16442 16073 18188
16185 17734 15986
15546 17759 15299
17435 16989 16458
17126 15294 17346
16190 15282 18242
15316 15358 18612
15922 16711 17835
15935 16070 18228
17129 16365 17430
16657 16088 17272
15501 17575 15656
14476 14767 17133
16105 17827 16677
16946 16789 17209
17269 16012 17385
16292 15452 18433
16702 17597 15611
16549 17647 15977
16364 17673 15973
16985 17022 17510
17300 17846 16349
16625 17524 15941
16849 15100 18442
16346 16040 17544
16102 17236 16834
14848 16804 17080
17060 16744 16117
15612 15698 17575
15821 17204 15623
17737 17209 17206
16179 15271 17887
17060 14858 17683
16249 16674 16346
16544 15995 15741
17655 16464 17347
17138 15884 16221
16013 16651 18430
16639 16155 17573
16149 17060 14992
16860 16573 17166
15741 16042 18349
17568 16428 17331
16106 17143 16263
15765 17731 16405
15879 17378 16911
16493 16550 18228
16907 15673 17521
15635 16626 17761
16536 18047 17106
17188 17912 16424
15457 15677 18754
16791 15135 17681
16385 15700 16977
17603 17322 16347
17570 15759 17683
16371 17827 16250
16784 16768 17830
16421 17114 16706
16875 16114 16268
16806 17187 16017
17096 17819 16304
15983 17966 14727
16438 17201 16609
16740 16466 15865
16451 15757 17566
17063 17620 17112
15477 15517 16149
17260 15663 17349
16566 16387 17360
16686 18267 16267
16369 17595 16240
17243 16722 16094
17218 15875 17361
14683 17271 14667
16505 16720 16758
17088 16842 16871
16257 15843 16867
17431 17042 17505
15793 17762 17147
16835 17511 17434
16989 17289 15965
17576 16863 16358
14879 15442 16680
16329 16767 17495
16466 16910 16950
16501 16208 18919
16893 16453 17046
15282 15490 13958
17654 15540 15922
17517 16217 16188
15596 16689 16799
15160 17060 16259
17011 15934 17873
15233 17823 15796
16800 16454 17883
15375 16881 17076
15669 17692 16002
16578 15815 17662
16135 15753 19022
16667 16691 18049
16494 16544 18261
16294 17526 15630
15978 16818 18211
17457 17223 16135
16428 17069 17497
15458 16012 18495
15885 15437 18443
16402 16165 18156
17191 16102 17620
17235 17601 16328
17084 16226 17607
16642 17691 16870
15530 15481 16675
15881 16785 17426
17071 17426 15979
16463 17454 16297
17281 17061 17755
15522 14722 17888
17221 17539 16684
16363 17931 15274
16316 16996 13979
17616 17341 17112
15565 16761 16550
16044 14466 16510
14908 16974 16586
16152 17823 16522
14920 14004 18436
16425 16279 17920
15866 16386 17994
17365 15841 17717
14716 16215 14244
16209 17387 15411
