33467 3600.09
4262 3274
3350 4024
4262 3274
3415 4017
3364 4021
3732 3908
4041 3697
4236 3338
4218 3400
4220 3368
4230 3367
3749 3893
4197 3462
4236 3338
3704 3912
4121 3595
4122 3569
4218 3400
3616 3956
3632 3949
4248 3300
3540 3982
3512 3986
4094 3612
4215 3423
4089 3635
4205 3437
4250 3278
3888 3812
3595 3966
4248 3300
3822 3857
3431 4009
4246 3319
4199 3443
4246 3319
3688 3919
3453 4003
3431 4009
4019 3700
4182 3478
3977 3738
3595 3966
3556 3975
3839 3836
3963 3761
4050 3680
4215 3423
3778 3875
4164 3521
4168 3505
4102 3602
4121 3595
3907 3806
3364 4021
3582 3970
3763 3878
3855 3832
3660 3935
3350 4024
4185 3466
4014 3705
3672 3925
4050 3680
4056 3666
3732 3908
4185 3466
3963 3761
4175 3491
3497 3989
3704 3912
4151 3534
3806 3860
3616 3956
3415 4017
3540 3982
4182 3478
3964 3748
4174 3499
3466 4001
3791 3863
3481 3998
4010 3716
4082 3640
3952 3769
3938 3773
3511 3987
3690 3914
3568 3971
4139 3546
3879 3817
3753 3885
3938 3773
4094 3612
4071 3649
3635 3938
4064 3660
4205 3437
4056 3666
3918 3792
3469 4000
4089 3635
3582 3970
3990 3731
3453 4003
3909 3801
4136 3554
3762 3881
4164 3521
3990 3731
3616 3956
4262 3274
4164 3521
3556 3975
3997 3718
4250 3278
3568 3971
4009 3717
4152 3528
4168 3505
4230 3367
4014 3705
3952 3769
3666 3926
3870 3826
4142 3537
3918 3792
3879 3817
3969 3747
4071 3649
4125 3566
3481 3998
3485 3993
4220 3368
3860 3830
4215 3423
3635 3938
3645 3937
3870 3826
4246 3319
3860 3830
3970 3739
3952 3769
3431 4009
4175 3491
4139 3546
3831 3848
3753 3885
3751 3891
3927 3783
4128 3560
4050 3680
3870 3826
4142 3537
3806 3860
3929 3778
3797 3862
3918 3792
3909 3801
4041 3697
4019 3700
4102 3602
3787 3870
4121 3595
3556 3975
3632 3949
4098 3605
3990 3731
4152 3528
3540 3982
3994 3724
3797 3862
3977 3738
3497 3989
4130 3555
3929 3778
3787 3870
4074 3646
3645 3937
3653 3936
3779 3871
4064 3660
4056 3666
4199 3443
3924 3786
4074 3646
4064 3660
3453 4003
3688 3919
4128 3560
4082 3640
4174 3499
3672 3925
4152 3528
3825 3851
3907 3806
4136 3554
4064 3660
4082 3640
3490 3990
3653 3936
4175 3491
3970 3739
4197 3462
4250 3278
4142 3537
3994 3724
4098 3605
3490 3990
3969 3747
3690 3914
3909 3801
3929 3778
3907 3806
3938 3773
4019 3700
3666 3926
4130 3555
4168 3505
4199 3443
3924 3786
3660 3935
4050 3680
3825 3851
4230 3367
3672 3925
3666 3926
3996 3722
3512 3986
3888 3812
3791 3863
4089 3635
3855 3832
3884 3813
3879 3817
3485 3993
3964 3748
3415 4017
3540 3982
3568 3971
3870 3826
3855 3832
3595 3966
3997 3718
3952 3769
3884 3813
3762 3881
3732 3908
3779 3871
3763 3878
4122 3569
3834 3842
3838 3839
3839 3836
4100 3603
3996 3722
3635 3938
3466 4001
3834 3842
3838 3839
4010 3716
4094 3612
3884 3813
3787 3870
3832 3845
3838 3839
3927 3783
3825 3851
3778 3875
3806 3860
4041 3697
4151 3534
4074 3646
3490 3990
3822 3857
4125 3566
3924 3786
3364 4021
3831 3848
3485 3993
3832 3845
4100 3603
4220 3368
3924 3786
4122 3569
3469 4000
4125 3566
4071 3649
4139 3546
3632 3949
3822 3857
4074 3646
4182 3478
3825 3851
3511 3987
3833 3843
3749 3893
3690 3914
3806 3860
3469 4000
3751 3891
3453 4003
3860 3830
3833 3843
3779 3871
3964 3748
3997 3718
3749 3893
4102 3602
4128 3560
4098 3605
4199 3443
4246 3319
3994 3724
3907 3806
3690 3914
3688 3919
3927 3783
3751 3891
3511 3987
4010 3716
3653 3936
4130 3555
4102 3602
3787 3870
3660 3935
3645 3937
3582 3970
3797 3862
3970 3739
3884 3813
3834 3842
4009 3717
3568 3971
3645 3937
3666 3926
3512 3986
4009 3717
3653 3936
3762 3881
4152 3528
3778 3875
3833 3843
3831 3848
4009 3717
3832 3845
3970 3739
3511 3987
4174 3499
4151 3534
4121 3595
3556 3975
4175 3491
3909 3801
3779 3871
3415 4017
3762 3881
4122 3569
3938 3773
4139 3546
3568 3971
4136 3554
3616 3956
3540 3982
3672 3925
3632 3949
3918 3792
3778 3875
4071 3649
4121 3595
4139 3546
4197 3462
4050 3680
4056 3666
3749 3893
4102 3602
3749 3893
4168 3505
3666 3926
3994 3724
3964 3748
3490 3990
4130 3555
3909 3801
3927 3783
3929 3778
4014 3705
3763 3878
4050 3680
4168 3505
3490 3990
3918 3792
3512 3986
3996 3722
3855 3832
3879 3817
4089 3635
3969 3747
3653 3936
4009 3717
3672 3925
3825 3851
3704 3912
4122 3569
3831 3848
3870 3826
3996 3722
3635 3938
3595 3966
3831 3848
3838 3839
4151 3534
4041 3697
3653 3936
3778 3875
3822 3857
3924 3786
3490 3990
3762 3881
3832 3845
3688 3919
4168 3505
4064 3660
4175 3491
3797 3862
3806 3860
3833 3843
4100 3603
4130 3555
4250 3278
4125 3566
3822 3857
3924 3786
3825 3851
3952 3769
4098 3605
3832 3845
3860 3830
4010 3716
3511 3987
4128 3560
3751 3891
3927 3783
3907 3806
3909 3801
3688 3919
3977 3738
3778 3875
3497 3989
3797 3862
4009 3717
3415 4017
3645 3937
4121 3595
4151 3534
3963 3761
4102 3602
4151 3534
3834 3842
3833 3843
3832 3845
4174 3499
4009 3717
3778 3875
4102 3602
4098 3605
3860 3830
3778 3875
4071 3649
3466 4001
3778 3875
4164 3521
3870 3826
3924 3786
4009 3717
3879 3817
3879 3817
3924 3786
4197 3462
4152 3528
3582 3970
3512 3986
3466 4001
3909 3801
3969 3747
4220 3368
3595 3966
3952 3769
4230 3367
3660 3935
3778 3875
3511 3987
3749 3893
3997 3718
3879 3817
4175 3491
4094 3612
4071 3649
3952 3769
3870 3826
4142 3537
4041 3697
4009 3717
4056 3666
4175 3491
4130 3555
3497 3989
3688 3919
3666 3926
3556 3975
3485 3993
3825 3851
4041 3697
4019 3700
4050 3680
4102 3602
4102 3602
3753 3885
3924 3786
3466 4001
3666 3926
3635 3938
3907 3806
3568 3971
3415 4017
3415 4017
3635 3938
3540 3982
4152 3528
4009 3717
3963 3761
3732 3908
3511 3987
4130 3555
4152 3528
4205 3437
4205 3437
3990 3731
3834 3842
3964 3748
3635 3938
3481 3998
3996 3722
3645 3937
3635 3938
4009 3717
3806 3860
3653 3936
4056 3666
3952 3769
4056 3666
4056 3666
3732 3908
3990 3731
3918 3792
4197 3462
3929 3778
4009 3717
3645 3937
3884 3813
3924 3786
3927 3783
4050 3680
3879 3817
3918 3792
4050 3680
4236 3338
3870 3826
3834 3842
3834 3842
3909 3801
3512 3986
3582 3970
4151 3534
4098 3605
3595 3966
4098 3605
4041 3697
3924 3786
3963 3761
3645 3937
4082 3640
3653 3936
4056 3666
4074 3646
4152 3528
4056 3666
4125 3566
4174 3499
3997 3718
3879 3817
3635 3938
3970 3739
3568 3971
3582 3970
3453 4003
3977 3738
3806 3860
4142 3537
4151 3534
3952 3769
3918 3792
3879 3817
3970 3739
4098 3605
4074 3646
4164 3521
3364 4021
4218 3400
4220 3368
3540 3982
4218 3400
4248 3300
3672 3925
3753 3885
3704 3912
4056 3666
3431 4009
4197 3462
4246 3319
3645 3937
4246 3319
3732 3908
3990 3731
3497 3989
4128 3560
3870 3826
3929 3778
4050 3680
4041 3697
4152 3528
4102 3602
3556 3975
3364 4021
3909 3801
3834 3842
3834 3842
3831 3848
3907 3806
3831 3848
3688 3919
3929 3778
3797 3862
3870 3826
4050 3680
3870 3826
3797 3862
4094 3612
3797 3862
3870 3826
3595 3966
4071 3649
4041 3697
3825 3851
3834 3842
4089 3635
3490 3990
4175 3491
4128 3560
4041 3697
4041 3697
4174 3499
4205 3437
4220 3368
4205 3437
3969 3747
3977 3738
4074 3646
3929 3778
3870 3826
3927 3783
3556 3975
3797 3862
3870 3826
3415 4017
4151 3534
4142 3537
3797 3862
3645 3937
3806 3860
3994 3724
3666 3926
3952 3769
4262 3274
4050 3680
3632 3949
3688 3919
3997 3718
3831 3848
4230 3367
3512 3986
3996 3722
3469 4000
3791 3863
3879 3817
3964 3748
3860 3830
3969 3747
3540 3982
3595 3966
3704 3912
3952 3769
3860 3830
4168 3505
3415 4017
4262 3274
3762 3881
3832 3845
3778 3875
3763 3878
3635 3938
4014 3705
4164 3521
4094 3612
3834 3842
3787 3870
4151 3534
3490 3990
3653 3936
3838 3839
3855 3832
3918 3792
4082 3640
4151 3534
3924 3786
3825 3851
3453 4003
4152 3528
4064 3660
3907 3806
4168 3505
3822 3857
4128 3560
3927 3783
4082 3640
3490 3990
4071 3649
3753 3885
4142 3537
3490 3990
4014 3705
3929 3778
3666 3926
3924 3786
4199 3443
3660 3935
3825 3851
4050 3680
3833 3843
4136 3554
3884 3813
4009 3717
3969 3747
3653 3936
4100 3603
3834 3842
3672 3925
4102 3602
4130 3555
3969 3747
3831 3848
4152 3528
4151 3534
3833 3843
3666 3926
4009 3717
3834 3842
4122 3569
4121 3595
3838 3839
4197 3462
4185 3466
3616 3956
4246 3319
3595 3966
4121 3595
4215 3423
3964 3748
3660 3935
3994 3724
3364 4021
4071 3649
4125 3566
4122 3569
3831 3848
3763 3878
3831 3848
4125 3566
3632 3949
4139 3546
3825 3851
3822 3857
3749 3893
3806 3860
3787 3870
3860 3830
3997 3718
3964 3748
4010 3716
3779 3871
3927 3783
3907 3806
4128 3560
4100 3603
3749 3893
3751 3891
4246 3319
3797 3862
3787 3870
3977 3738
3749 3893
3660 3935
4182 3478
4205 3437
4050 3680
3749 3893
4197 3462
4175 3491
3690 3914
3497 3989
3806 3860
3540 3982
3616 3956
3415 4017
4136 3554
3364 4021
3778 3875
3763 3878
4185 3466
3791 3863
3481 3998
3977 3738
4082 3640
3568 3971
3952 3769
3511 3987
3938 3773
3762 3881
4094 3612
4014 3705
3907 3806
3415 4017
4121 3595
4218 3400
4236 3338
3732 3908
4122 3569
4089 3635
4164 3521
3704 3912
4019 3700
3512 3986
4094 3612
4218 3400
3963 3761
3672 3925
3453 4003
4168 3505
3431 4009
4182 3478
3688 3919
3431 4009
4041 3697
3990 3731
4064 3660
3595 3966
3556 3975
4050 3680
4041 3697
3839 3836
4151 3534
3870 3826
3884 3813
4174 3499
3969 3747
3963 3761
4175 3491
4139 3546
3952 3769
3751 3891
3927 3783
3929 3778
3879 3817
3938 3773
3918 3792
4205 3437
3797 3862
3909 3801
4050 3680
3753 3885
4019 3700
3485 3993
4152 3528
4164 3521
3787 3870
3632 3949
4121 3595
3556 3975
3797 3862
3970 3739
3888 3812
4009 3717
3595 3966
3453 4003
3466 4001
4041 3697
3806 3860
4098 3605
3595 3966
3616 3956
4185 3466
4262 3274
3997 3718
4152 3528
3469 4000
4236 3338
4220 3368
4230 3367
3952 3769
4139 3546
3666 3926
4142 3537
3879 3817
3909 3801
3918 3792
3870 3826
3994 3724
4125 3566
4074 3646
3860 3830
3870 3826
3778 3875
3453 4003
3938 3773
4168 3505
3822 3857
3666 3926
3938 3773
4071 3649
3453 4003
3466 4001
3994 3724
3568 3971
4152 3528
3556 3975
3635 3938
3832 3845
4071 3649
4102 3602
3938 3773
4130 3555
3994 3724
4050 3680
3929 3778
3540 3982
3952 3769
3797 3862
3870 3826
3481 3998
3860 3830
4246 3319
3855 3832
3929 3778
4009 3717
3688 3919
3540 3982
4121 3595
3879 3817
3466 4001
4100 3603
4041 3697
4102 3602
3568 3971
3791 3863
3660 3935
3855 3832
4205 3437
4152 3528
3879 3817
3839 3836
4168 3505
3453 4003
3918 3792
3779 3871
4098 3605
3952 3769
3838 3839
3938 3773
3918 3792
3797 3862
3778 3875
3924 3786
4041 3697
4056 3666
4050 3680
4050 3680
3831 3848
4064 3660
3870 3826
3879 3817
