140333 1320.13
3576 3946 3322
3739 3778 3374
3521 3972 3310
3746 3662 3496
3799 3585 3470
3744 3563 3566
3397 3842 3539
3644 3532 3650
3389 3540 3762
3541 3912 3426
3798 3804 3255
3439 3931 3442
3527 3891 3458
3916 3532 3377
3638 3578 3605
3658 3836 3331
3506 3606 3677
3444 3379 3814
3860 3673 3298
3728 3479 3609
3366 3885 3515
3857 3514 3451
3346 3474 3790
3892 3411 3492
3460 3953 3368
3842 3626 3350
3633 3796 3480
3360 3793 3577
3781 3706 3385
3472 3704 3634
3394 3580 3734
3531 3481 3722
3501 3583 3697
3977 3428 3282
3661 3693 3521
3476 3735 3586
3701 3734 3465
3826 3736 3269
3339 4004 3303
3884 3625 3279
3748 3835 3238
3471 3488 3740
3414 4023 3233
3798 3463 3522
3930 3492 3364
3595 3437 3704
3677 3481 3648
3441 4043 3200
3441 3724 3625
3929 3549 3285
3897 3451 3452
3760 3505 3566
3526 3810 3489
3391 3670 3650
3652 3422 3681
3602 3888 3273
4005 3425 3230
3656 3779 3480
3666 3664 3528
3756 3712 3409
3411 3344 3850
3249 4061 3171
4005 3425 3230
2979 3428 2881
3107 3214 2850
2929 3174 3155
3224 3284 2877
3125 3208 2854
3205 3246 3203
3369 3448 3056
2848 3349 3154
3138 2955 2822
3387 3225 3082
3204 3297 2850
2863 3104 2596
3129 3333 3052
3071 3145 3106
3244 3251 3144
3130 3382 3238
3200 3280 3248
3000 3518 3007
3139 3235 2850
3191 3103 3046
3177 3305 3312
3001 3218 3051
3257 3177 3015
3198 3216 3025
3114 3130 3044
3073 3311 2832
3383 3341 3079
3301 3132 3135
3498 3470 3076
3248 3120 2934
3093 3132 3120
3156 3244 3087
2970 3063 2930
2809 3425 2974
3038 2993 3153
3263 3167 2849
3208 3198 3133
3148 3463 2951
3187 3328 3257
3310 3379 3202
3295 3320 2990
3178 3079 3108
3358 3207 2952
3323 3463 3076
3266 2928 2903
3082 3094 3045
3159 2818 2932
3195 3261 2859
3153 2995 2756
2999 3489 2879
3280 3192 3009
3021 3314 3035
3278 3292 3007
2966 3128 2867
3300 3150 2951
3090 3403 2991
3158 3217 3099
3162 3074 2855
3242 3225 2983
3072 3184 2896
3378 3678 3186
3018 3081 2956
3159 3344 2976
3235 3358 3175
3029 3220 2801
3267 3480 3003
3403 3336 3219
3077 3155 2792
3161 3137 2829
3224 3240 2972
2945 3070 3191
3074 3146 2652
3299 3148 3009
3068 3109 2689
3179 3330 3189
3273 3348 2818
3106 3425 2926
3059 3093 2929
3278 3102 3195
3152 3214 2860
3236 3189 2871
2758 3160 3005
3070 3351 2876
3324 3244 3068
2934 3045 2975
3251 3156 3193
3043 3188 3102
3178 3297 2801
3272 3004 3011
3338 3381 3048
3163 3463 3007
3188 3297 2922
3303 3223 3154
3331 3282 2939
3055 3244 3025
2843 3056 2866
3100 3342 2983
3360 3404 3242
3028 3194 3012
3178 3147 2929
2802 3228 2985
3007 3015 2984
3080 3290 3072
3004 3299 2912
3228 3391 3178
3215 3287 2897
3106 3412 2651
3264 3469 3173
3061 3228 2934
2912 2887 2808
2943 2821 2726
3293 3302 3080
3366 3570 3249
3277 3228 3100
2970 2850 2992
3086 3179 2700
3372 3701 3285
2821 2828 2840
3099 3147 2855
3237 2971 2827
3475 3490 3273
3121 2977 3083
3448 3405 3127
3105 3084 3065
2917 3044 2795
3319 3050 2857
3128 3251 3012
2857 3055 2644
3115 3458 3083
3261 3326 2899
3137 3310 3165
3219 3281 2963
3285 3421 2954
3297 3374 3092
3203 3383 2818
3120 3323 2959
3046 3229 3097
