780044 2160.06
8851 8119 7907
8784 8752 7670
8211 7876 8560
8150 8986 7779
7911 8508 8589
7911 8508 8589
8101 8947 7875
8851 8119 7907
8101 8947 7875
8032 8838 8221
8784 8752 7670
7911 8508 8589
8837 8452 7913
8562 8771 8077
8317 8384 8474
8562 8771 8077
8833 8027 8162
8605 8757 7982
8797 8612 7762
8032 8838 8221
8851 8119 7907
8361 8028 8556
8266 8246 8519
8237 8309 8513
8851 8119 7907
8460 8216 8400
8784 8752 7670
8725 8149 8408
8567 7952 8508
8747 8649 8103
8554 8664 8209
8211 7876 8560
8817 8435 8175
8686 8245 8265
8410 8582 8412
8332 8881 7769
8410 8582 8412
8289 8437 8491
8618 8651 7969
8650 8611 8127
8788 8327 8258
8650 8611 8127
8466 8603 8308
8191 8633 8550
8317 8384 8474
8211 7876 8560
8509 8171 8527
8562 8771 8077
8424 8788 8291
8745 8703 7771
8647 8537 8376
8635 8590 8136
8358 8702 8358
8725 8149 8408
8618 8651 7969
8485 8617 8239
8833 8027 8162
8797 8612 7762
8509 8171 8527
8600 8554 8180
8788 8327 8258
8647 8537 8376
8317 8868 8114
8374 8826 8247
8266 8246 8519
8317 8384 8474
8195 8600 8505
8851 8119 7907
8424 8788 8291
8725 8149 8408
8374 8826 8247
8851 8119 7907
8686 8245 8265
8593 8643 8235
8554 8664 8209
8494 8195 8507
8747 8649 8103
8593 8643 8235
8485 8617 8239
8237 8309 8513
8424 8788 8291
8211 7876 8560
8562 8771 8077
8289 8437 8491
8317 8868 8114
8485 8617 8239
8605 8757 7982
8562 8771 8077
8554 8664 8209
8410 8582 8412
8509 8171 8527
8509 8171 8527
8410 8582 8412
8797 8612 7762
8442 8555 8401
8317 8384 8474
8463 8318 8385
8466 8603 8308
8788 8327 8258
8494 8195 8507
8605 8757 7982
8817 8435 8175
8317 8384 8474
8509 8171 8527
8494 8195 8507
8618 8651 7969
8618 8651 7969
8195 8600 8505
8460 8216 8400
8605 8757 7982
8788 8327 8258
8237 8309 8513
8032 8838 8221
8797 8612 7762
8817 8435 8175
7911 8508 8589
8374 8826 8247
8361 8028 8556
8237 8309 8513
8332 8881 7769
8361 8028 8556
8593 8643 8235
8211 7876 8560
8851 8119 7907
8191 8633 8550
8788 8327 8258
8647 8537 8376
8494 8195 8507
8686 8245 8265
8494 8195 8507
8374 8826 8247
8647 8537 8376
7911 8508 8589
8797 8612 7762
8442 8555 8401
8317 8384 8474
8317 8384 8474
8745 8703 7771
8424 8788 8291
8851 8119 7907
8424 8788 8291
8797 8612 7762
8605 8757 7982
8317 8384 8474
8833 8027 8162
7911 8508 8589
8211 7876 8560
8635 8590 8136
8266 8246 8519
8725 8149 8408
8784 8752 7670
8605 8757 7982
8567 7952 8508
8747 8649 8103
8211 7876 8560
8485 8617 8239
8266 8246 8519
8150 8986 7779
8788 8327 8258
8195 8600 8505
8317 8868 8114
7911 8508 8589
8211 7876 8560
8618 8651 7969
8593 8643 8235
8191 8633 8550
8317 8384 8474
7911 8508 8589
8618 8651 7969
8424 8788 8291
8851 8119 7907
8237 8309 8513
8361 8028 8556
8317 8384 8474
7911 8508 8589
8745 8703 7771
8647 8537 8376
8374 8826 8247
8032 8838 8221
8686 8245 8265
8635 8590 8136
8851 8119 7907
8725 8149 8408
8485 8617 8239
8618 8651 7969
8191 8633 8550
8195 8600 8505
8460 8216 8400
8788 8327 8258
8650 8611 8127
8466 8603 8308
8266 8246 8519
8494 8195 8507
8032 8838 8221
8747 8649 8103
8837 8452 7913
8605 8757 7982
8784 8752 7670
8725 8149 8408
8817 8435 8175
