22 0.114009
4052 3331
3900 3592
3830 3679
4052 3331
3830 3679
3642 3763
3900 3592
3655 3741
3969 3525
3481 3829
4052 3331
3750 3733
3638 3766
3493 3825
3400 3843
4052 3331
3830 3679
3927 3567
3568 3792
3857 3661
3750 3733
4052 3331
4044 3468
3830 3679
3501 3811
3793 3689
3830 3679
4052 3331
3655 3741
3969 3525
3641 3753
3890 3573
3864 3578
3602 3756
3602 3756
3600 3765
3602 3756
3925 3563
3562 3790
3505 3791
3562 3790
3562 3790
3562 3790
3856 3582
3850 3600
3708 3721
4029 3403
3979 3465
3479 3795
3820 3621
3820 3621
3830 3617
3820 3621
3758 3641
3820 3621
3817 3632
3750 3666
3740 3674
3752 3643
3820 3621
3750 3666
3820 3621
3649 3733
3950 3524
3612 3741
3612 3741
3580 3754
3596 3752
3914 3558
3914 3558
3863 3563
3914 3558
3914 3558
3534 3768
3844 3566
3839 3572
3844 3566
3680 3698
3670 3699
3680 3698
3707 3676
3670 3699
3698 3690
3680 3698
3986 3382
3997 3275
3987 3380
3964 3388
3280 3791
3451 3773
3451 3773
3280 3791
3437 3788
3824 3614
3828 3575
3754 3640
3812 3626
3743 3666
3748 3647
3640 3729
3648 3720
3648 3720
3648 3720
3640 3729
3648 3720
3648 3720
3648 3720
3648 3720
3640 3729
3648 3720
3648 3720
3948 3426
3937 3481
3937 3481
3929 3482
3925 3510
3937 3481
3925 3510
3925 3510
3429 3784
3966 3376
3936 3437
3509 3764
3946 3404
3681 3686
3754 3608
3582 3746
3513 3761
3924 3489
3705 3658
3799 3606
3619 3725
3627 3703
3924 3489
3905 3526
3605 3739
3824 3585
3747 3638
3812 3598
3886 3548
3897 3544
3638 3688
3833 3562
3862 3561
3731 3654
3582 3746
3905 3526
3717 3656
3830 3567
3742 3647
3638 3688
3867 3558
