113936 1530.38
14568 15974 15373 15928
15592 15718 15200 15667
15543 15778 16433 15636
15757 14877 15796 15767
16128 15990 15752 14676
16192 15668 16128 15579
15332 15769 15251 16196
15387 16351 16106 15768
14600 15088 15395 16151
15932 16206 16217 14950
15387 16351 16106 15768
16128 15990 15752 14676
15502 16171 16270 14847
14790 15859 15330 16063
15084 16123 16409 15411
14790 15859 15330 16063
15611 15916 16382 15304
15717 15213 15573 16083
14790 15859 15330 16063
14955 15911 16270 15738
15241 15603 16325 15743
15855 16264 15913 15615
16128 15990 15752 14676
15402 16265 15253 15102
15303 15328 16157 15895
14939 15971 15511 16037
16075 15761 15251 15650
15719 15496 16053 15853
15717 15213 15573 16083
15763 15119 15664 15656
15133 15672 15902 15798
15729 16046 16108 15190
15717 15213 15573 16083
15723 15699 15856 15657
15717 15213 15573 16083
15375 15860 16357 15416
15729 16046 16108 15190
15719 15496 16053 15853
15495 15267 16268 16114
16192 15668 16128 15579
15635 15511 15613 15836
15502 16171 16270 14847
15635 15511 15613 15836
15540 16019 15218 15632
15855 16264 15913 15615
15387 16351 16106 15768
15102 15801 16255 15618
15766 15486 15435 15751
15241 15603 16325 15743
15298 15748 15743 15799
15084 16123 16409 15411
15785 15610 15304 15683
15611 15916 16382 15304
15338 15861 15609 15973
16128 15990 15752 14676
15863 15700 15532 15612
15341 15881 15974 15780
15435 15466 15883 15934
15611 15916 16382 15304
16076 15486 15661 15690
15691 15673 15732 15810
15334 15540 15867 15817
15974 15857 16120 15479
15440 15939 15423 15792
15603 15358 15479 15903
15298 15748 15743 15799
14939 15971 15511 16037
15763 15119 15664 15656
15423 15822 15299 16184
15414 15861 16094 15496
15375 15860 16357 15416
15332 15769 15251 16196
15769 15773 15953 15508
16007 15767 15941 15351
15592 15718 15200 15667
15440 15939 15423 15792
16128 15990 15752 14676
15863 15700 15532 15612
15621 15635 15363 15982
15603 15358 15479 15903
15540 16019 15218 15632
15717 15213 15573 16083
15298 15748 15743 15799
15495 15267 16268 16114
14939 15971 15511 16037
14939 15971 15511 16037
15414 15861 16094 15496
14939 15971 15511 16037
15543 15778 16433 15636
15635 15511 15613 15836
15575 15842 15910 15775
14568 15974 15373 15928
15729 16046 16108 15190
16007 15767 15941 15351
15502 16171 16270 14847
16076 15486 15661 15690
15478 15898 16151 15399
15863 15700 15532 15612
16007 15767 15941 15351
15621 15635 15363 15982
15478 15898 16151 15399
15691 15673 15732 15810
15332 15769 15251 16196
15469 16034 15688 15655
15298 15748 15743 15799
15863 15700 15532 15612
16007 15767 15941 15351
15621 15635 15363 15982
15495 15267 16268 16114
15487 15773 15713 15871
15487 15773 15713 15871
15863 15700 15532 15612
15133 15672 15902 15798
15416 15913 15490 15701
16076 15486 15661 15690
15375 15860 16357 15416
16007 15767 15941 15351
15557 15606 16318 15506
15469 16034 15688 15655
16007 15767 15941 15351
15375 15860 16357 15416
14600 15088 15395 16151
15375 15860 16357 15416
15785 15610 15304 15683
15763 15119 15664 15656
15338 15861 15609 15973
15435 15466 15883 15934
15303 15328 16157 15895
15478 15898 16151 15399
15487 15773 15713 15871
15133 15672 15902 15798
14568 15974 15373 15928
14600 15088 15395 16151
15332 15769 15251 16196
15611 15916 16382 15304
15729 16046 16108 15190
15334 15540 15867 15817
15621 15635 15363 15982
15729 16046 16108 15190
15621 15635 15363 15982
15375 15860 16357 15416
15635 15511 15613 15836
15785 15610 15304 15683
16007 15767 15941 15351
15102 15801 16255 15618
16076 15486 15661 15690
14568 15974 15373 15928
16007 15767 15941 15351
14790 15859 15330 16063
15729 16046 16108 15190
14600 15088 15395 16151
15785 15610 15304 15683
15341 15881 15974 15780
14568 15974 15373 15928
15543 15778 16433 15636
15691 15673 15732 15810
15102 15801 16255 15618
14568 15974 15373 15928
15303 15328 16157 15895
15416 15913 15490 15701
15469 16034 15688 15655
15611 15916 16382 15304
15769 15773 15953 15508
15487 15773 15713 15871
15769 15773 15953 15508
15691 15673 15732 15810
15611 15916 16382 15304
16128 15990 15752 14676
15102 15801 16255 15618
15338 15861 15609 15973
15543 15778 16433 15636
15729 16046 16108 15190
15298 15748 15743 15799
15863 15700 15532 15612
15719 15496 16053 15853
15592 15718 15200 15667
14600 15088 15395 16151
15416 15913 15490 15701
15241 15603 16325 15743
15863 15700 15532 15612
15469 16034 15688 15655
15557 15606 16318 15506
16007 15767 15941 15351
15241 15603 16325 15743
15540 16019 15218 15632
15423 15822 15299 16184
15769 15773 15953 15508
16076 15486 15661 15690
15133 15672 15902 15798
15855 16264 15913 15615
15635 15511 15613 15836
15402 16265 15253 15102
15487 15773 15713 15871
14955 15911 16270 15738
15487 15773 15713 15871
15133 15672 15902 15798
15387 16351 16106 15768
15387 16351 16106 15768
15855 16264 15913 15615
15133 15672 15902 15798
15691 15673 15732 15810
14568 15974 15373 15928
15435 15466 15883 15934
15375 15860 16357 15416
15334 15540 15867 15817
15621 15635 15363 15982
15621 15635 15363 15982
16075 15761 15251 15650
16192 15668 16128 15579
15502 16171 16270 14847
14790 15859 15330 16063
15241 15603 16325 15743
15729 16046 16108 15190
15133 15672 15902 15798
16075 15761 15251 15650
15729 16046 16108 15190
15621 15635 15363 15982
15719 15496 16053 15853
15757 14877 15796 15767
15543 15778 16433 15636
15495 15267 16268 16114
15387 16351 16106 15768
15729 16046 16108 15190
15635 15511 15613 15836
15717 15213 15573 16083
15691 15673 15732 15810
14600 15088 15395 16151
15932 16206 16217 14950
15375 15860 16357 15416
14600 15088 15395 16151
15502 16171 16270 14847
15495 15267 16268 16114
15387 16351 16106 15768
16192 15668 16128 15579
15502 16171 16270 14847
15402 16265 15253 15102
14790 15859 15330 16063
14955 15911 16270 15738
15763 15119 15664 15656
15084 16123 16409 15411
16007 15767 15941 15351
15084 16123 16409 15411
15603 15358 15479 15903
15621 15635 15363 15982
15478 15898 16151 15399
14955 15911 16270 15738
15241 15603 16325 15743
14790 15859 15330 16063
15502 16171 16270 14847
16192 15668 16128 15579
16075 15761 15251 15650
16007 15767 15941 15351
15303 15328 16157 15895
15375 15860 16357 15416
15416 15913 15490 15701
15469 16034 15688 15655
14568 15974 15373 15928
15133 15672 15902 15798
15592 15718 15200 15667
15133 15672 15902 15798
15487 15773 15713 15871
15440 15939 15423 15792
15863 15700 15532 15612
14939 15971 15511 16037
15423 15822 15299 16184
15603 15358 15479 15903
15241 15603 16325 15743
15495 15267 16268 16114
15557 15606 16318 15506
15298 15748 15743 15799
15729 16046 16108 15190
15592 15718 15200 15667
15416 15913 15490 15701
15375 15860 16357 15416
15478 15898 16151 15399
15621 15635 15363 15982
15375 15860 16357 15416
16007 15767 15941 15351
15102 15801 16255 15618
14790 15859 15330 16063
15766 15486 15435 15751
15241 15603 16325 15743
16192 15668 16128 15579
15084 16123 16409 15411
15495 15267 16268 16114
15785 15610 15304 15683
15785 15610 15304 15683
14955 15911 16270 15738
15932 16206 16217 14950
14600 15088 15395 16151
16007 15767 15941 15351
15469 16034 15688 15655
16128 15990 15752 14676
15332 15769 15251 16196
15435 15466 15883 15934
16007 15767 15941 15351
15785 15610 15304 15683
15719 15496 16053 15853
15691 15673 15732 15810
15478 15898 16151 15399
