210463 3360.51
24488 22590 23176 23339
22546 23194 23664 24427
23151 22551 24814 23014
23524 23840 24351 23088
22869 23171 24754 22886
23051 22679 23919 24675
23785 22199 22751 24624
23785 22199 22751 24624
23833 23688 24168 23822
23110 22301 23802 24510
22930 23692 23705 23314
23440 23493 24027 24046
24403 22579 23147 23453
23596 23094 22983 24068
23898 23261 24275 23581
23524 23840 24351 23088
22684 23189 24448 24040
23031 22952 24552 23705
23845 22810 24614 23358
24332 22538 24216 23195
23292 22405 23867 24451
23596 23094 22983 24068
22834 23075 23375 24482
23110 22301 23802 24510
23151 22551 24814 23014
22638 23294 24375 24233
23724 23424 23693 23938
23975 22757 23557 24388
24017 23183 24472 23797
23276 23483 24417 23453
23524 23840 24351 23088
23845 22810 24614 23358
22930 23692 23705 23314
23151 22551 24814 23014
24164 23049 24416 23896
23932 23309 23593 23591
23779 23001 23219 24001
23436 22836 23570 24513
23022 23090 24365 23955
23313 23369 24307 23278
23367 22915 23577 24476
23310 22231 23749 24463
24164 23049 24416 23896
23628 22864 24165 24172
23628 22864 24165 24172
23648 22959 23870 24088
24200 23479 24099 23483
23255 23164 23179 24340
23543 22764 23516 24198
24211 22468 23623 24144
23925 22936 23279 24168
23310 22231 23749 24463
24164 23049 24416 23896
23472 22754 24103 24414
23601 22539 24786 23639
22546 23194 23664 24427
24049 23174 24092 23862
23313 23369 24307 23278
24240 22698 23881 23566
23809 22802 23393 24309
23856 22504 23929 24064
24354 22872 23480 23670
23738 22740 23741 23961
22869 23171 24754 22886
22834 23075 23375 24482
22638 23294 24375 24233
23540 22483 23236 24630
24240 22698 23881 23566
23749 23030 23474 24121
23809 22802 23393 24309
23367 22915 23577 24476
24308 22460 24068 23514
23975 22757 23557 24388
22676 22834 24004 24310
23256 23104 24070 24186
24080 22943 24501 23931
23652 22708 24292 24184
23292 22405 23867 24451
23749 23030 23474 24121
23601 22539 24786 23639
23524 23840 24351 23088
24332 22538 24216 23195
24276 23237 23445 22919
23031 22952 24552 23705
23628 22634 23979 24276
23313 23369 24307 23278
23472 22754 24103 24414
23436 22836 23570 24513
23628 22634 23979 24276
23255 23164 23179 24340
24488 22590 23176 23339
23436 22836 23570 24513
22930 23692 23705 23314
24354 22872 23480 23670
23517 23102 24177 23956
23932 23309 23593 23591
23738 22740 23741 23961
23932 23309 23593 23591
23255 23164 23179 24340
24240 22698 23881 23566
23785 22199 22751 24624
24211 22468 23623 24144
23856 22504 23929 24064
24308 22460 24068 23514
23779 23001 23219 24001
24308 22460 24068 23514
24276 23237 23445 22919
24403 22579 23147 23453
23809 22802 23393 24309
23313 23369 24307 23278
24403 22579 23147 23453
24403 22579 23147 23453
22930 23692 23705 23314
23256 22840 24322 24215
24354 22872 23480 23670
24308 22460 24068 23514
23466 22628 24288 24223
23310 22231 23749 24463
24354 22872 23480 23670
23255 23164 23179 24340
22546 23194 23664 24427
22834 23075 23375 24482
22684 23189 24448 24040
24308 22460 24068 23514
24188 22549 23168 23919
24049 23174 24092 23862
23367 22915 23577 24476
24488 22590 23176 23339
24188 22549 23168 23919
23466 22628 24288 24223
23273 23301 23669 24285
23022 23090 24365 23955
23472 22761 23600 24212
24488 22590 23176 23339
24488 22590 23176 23339
23313 23369 24307 23278
24080 22943 24501 23931
22546 23194 23664 24427
23440 23493 24027 24046
22638 23294 24375 24233
23031 22952 24552 23705
23255 23164 23179 24340
23543 22764 23516 24198
23440 23493 24027 24046
24276 23237 23445 22919
23472 22754 24103 24414
22684 23189 24448 24040
22869 23171 24754 22886
24080 22943 24501 23931
24240 22698 23881 23566
22676 22834 24004 24310
23490 22588 24187 24217
23724 23424 23693 23938
23809 22802 23393 24309
22676 22834 24004 24310
22638 23294 24375 24233
23925 22936 23279 24168
24276 23237 23445 22919
24017 23183 24472 23797
22546 23194 23664 24427
23845 22810 24614 23358
23367 22915 23577 24476
23648 22959 23870 24088
23543 22764 23516 24198
24403 22579 23147 23453
24080 22943 24501 23931
22676 22834 24004 24310
23749 23030 23474 24121
22834 23075 23375 24482
23779 23001 23219 24001
23490 22588 24187 24217
23524 23840 24351 23088
24080 22943 24501 23931
23845 22810 24614 23358
23856 22504 23929 24064
23925 22936 23279 24168
23273 23301 23669 24285
22638 23294 24375 24233
23628 22634 23979 24276
23975 22757 23557 24388
23466 22628 24288 24223
23466 22628 24288 24223
22930 23692 23705 23314
22546 23194 23664 24427
23601 22539 24786 23639
23466 22628 24288 24223
23472 22761 23600 24212
23785 22199 22751 24624
23276 23483 24417 23453
24403 22579 23147 23453
23436 22836 23570 24513
23724 23424 23693 23938
24211 22468 23623 24144
22834 23075 23375 24482
24080 22943 24501 23931
23256 22840 24322 24215
23472 22761 23600 24212
23313 23369 24307 23278
22869 23171 24754 22886
24443 22658 23379 23004
23022 23090 24365 23955
23472 22754 24103 24414
24080 22943 24501 23931
23466 22628 24288 24223
23845 22810 24614 23358
23440 23493 24027 24046
23367 22915 23577 24476
24443 22658 23379 23004
24211 22468 23623 24144
24080 22943 24501 23931
24332 22538 24216 23195
24080 22943 24501 23931
22684 23189 24448 24040
23440 23493 24027 24046
22834 23075 23375 24482
23273 23301 23669 24285
24308 22460 24068 23514
23292 22405 23867 24451
23833 23688 24168 23822
22546 23194 23664 24427
23256 23104 24070 24186
23648 22959 23870 24088
23031 22952 24552 23705
22930 23692 23705 23314
23466 22628 24288 24223
23151 22551 24814 23014
24017 23183 24472 23797
23785 22199 22751 24624
24240 22698 23881 23566
23276 23483 24417 23453
23809 22802 23393 24309
23869 22768 23497 24073
24164 23049 24416 23896
23932 23309 23593 23591
24080 22943 24501 23931
23276 23483 24417 23453
24200 23479 24099 23483
23524 23840 24351 23088
23440 23493 24027 24046
23809 22802 23393 24309
24240 22698 23881 23566
23628 22864 24165 24172
24164 23049 24416 23896
23809 22802 23393 24309
23652 22708 24292 24184
23601 22539 24786 23639
24211 22468 23623 24144
24049 23174 24092 23862
23022 23090 24365 23955
23472 22761 23600 24212
23292 22405 23867 24451
23596 23094 22983 24068
23313 23369 24307 23278
23856 22504 23929 24064
22638 23294 24375 24233
23540 22483 23236 24630
23975 22757 23557 24388
24488 22590 23176 23339
22546 23194 23664 24427
23524 23840 24351 23088
23051 22679 23919 24675
23785 22199 22751 24624
23022 23090 24365 23955
24017 23183 24472 23797
23110 22301 23802 24510
22930 23692 23705 23314
23596 23094 22983 24068
23524 23840 24351 23088
23031 22952 24552 23705
23256 23104 24070 24186
23845 22810 24614 23358
24332 22538 24216 23195
23652 22708 24292 24184
23310 22231 23749 24463
23256 23104 24070 24186
23652 22708 24292 24184
23596 23094 22983 24068
23932 23309 23593 23591
23110 22301 23802 24510
23749 23030 23474 24121
23724 23424 23693 23938
24017 23183 24472 23797
23932 23309 23593 23591
23256 22840 24322 24215
23779 23001 23219 24001
23436 22836 23570 24513
23779 23001 23219 24001
23367 22915 23577 24476
22869 23171 24754 22886
22834 23075 23375 24482
24080 22943 24501 23931
23472 22761 23600 24212
23856 22504 23929 24064
24488 22590 23176 23339
23628 22634 23979 24276
23975 22757 23557 24388
23466 22628 24288 24223
23809 22802 23393 24309
22546 23194 23664 24427
23472 22761 23600 24212
23440 23493 24027 24046
23524 23840 24351 23088
23276 23483 24417 23453
24403 22579 23147 23453
23724 23424 23693 23938
23524 23840 24351 23088
23472 22761 23600 24212
23472 22754 24103 24414
24080 22943 24501 23931
24240 22698 23881 23566
23466 22628 24288 24223
24017 23183 24472 23797
23151 22551 24814 23014
23466 22628 24288 24223
22930 23692 23705 23314
23845 22810 24614 23358
23440 23493 24027 24046
23256 23104 24070 24186
22546 23194 23664 24427
24211 22468 23623 24144
22684 23189 24448 24040
23256 23104 24070 24186
23436 22836 23570 24513
24354 22872 23480 23670
24308 22460 24068 23514
23517 23102 24177 23956
23255 23164 23179 24340
24017 23183 24472 23797
24308 22460 24068 23514
23313 23369 24307 23278
24354 22872 23480 23670
23652 22708 24292 24184
23256 23104 24070 24186
22546 23194 23664 24427
22834 23075 23375 24482
24308 22460 24068 23514
23845 22810 24614 23358
23313 23369 24307 23278
23022 23090 24365 23955
23440 23493 24027 24046
23596 23094 22983 24068
22930 23692 23705 23314
23031 22952 24552 23705
24017 23183 24472 23797
23255 23164 23179 24340
24276 23237 23445 22919
22684 23189 24448 24040
23524 23840 24351 23088
23490 22588 24187 24217
23925 22936 23279 24168
22676 22834 24004 24310
23856 22504 23929 24064
