53183 1260.27
8081 7921 8477
8050 8857 7764
7788 8563 8325
8643 8267 7952
8050 8857 7764
7924 8197 8470
8477 8444 7871
8643 8267 7952
8209 8738 7784
8210 8690 7868
8111 8672 7985
8231 8501 8375
7788 8563 8325
7862 8824 8165
7960 8768 8115
8209 8738 7784
8070 8357 8386
8207 8832 7927
7960 8768 8115
8428 8425 8377
7960 8768 8115
8248 8628 8215
7862 8824 8165
7788 8563 8325
8301 8481 7978
7788 8563 8325
8273 8503 8032
8247 8446 8254
8137 8664 7951
8026 8430 8422
8182 8247 8467
7960 8768 8115
7862 8824 8165
7984 8518 8285
7788 8563 8325
7877 8652 8245
8428 8425 8377
8381 8428 8221
8473 8307 8139
8182 8247 8467
8473 8307 8139
8428 8425 8377
8017 8712 8055
8356 8481 7941
8111 8672 7985
8473 8307 8139
7984 8518 8285
7914 8752 8229
8334 8640 7948
7984 8518 8285
8334 8640 7948
8368 8469 8132
8474 8227 7956
8473 8307 8139
7862 8824 8165
7931 8719 8239
7960 8768 8115
8334 8640 7948
8017 8712 8055
8273 8503 8032
7924 8197 8470
8474 8227 7956
8299 8500 8239
8026 8430 8422
8273 8503 8032
8248 8628 8215
8050 8536 8245
7788 8563 8325
7960 8768 8115
8050 8857 7764
7984 8518 8285
8026 8430 8422
8209 8738 7784
8050 8857 7764
8368 8469 8132
8050 8857 7764
8207 8832 7927
8026 8430 8422
8061 8272 8403
8210 8690 7868
8231 8501 8375
7924 8197 8470
8643 8267 7952
8474 8227 7956
8182 8247 8467
8190 8292 8391
8182 8247 8467
8061 8272 8403
8210 8690 7868
8080 8696 8130
7960 8768 8115
8299 8500 8239
8209 8738 7784
7931 8719 8239
8207 8832 7927
8190 8292 8391
8207 8832 7927
8050 8536 8245
7984 8518 8285
8643 8267 7952
7862 8824 8165
8473 8307 8139
7862 8824 8165
7877 8652 8245
8017 8712 8055
8080 8696 8130
7960 8768 8115
7914 8752 8229
8061 8272 8403
8190 8292 8391
8050 8857 7764
8273 8503 8032
7984 8518 8285
8381 8428 8221
8477 8444 7871
7914 8752 8229
8026 8430 8422
8368 8469 8132
7914 8752 8229
7931 8719 8239
8061 8272 8403
8050 8857 7764
8210 8690 7868
8334 8640 7948
8473 8307 8139
7877 8652 8245
8183 8295 8388
8428 8425 8377
8247 8446 8254
7877 8652 8245
7960 8768 8115
7914 8752 8229
7914 8752 8229
8381 8428 8221
8210 8690 7868
8381 8428 8221
8017 8712 8055
8061 8272 8403
8026 8430 8422
8334 8640 7948
8301 8481 7978
8356 8481 7941
8473 8307 8139
8207 8832 7927
7862 8824 8165
7931 8719 8239
7877 8652 8245
8190 8292 8391
8183 8295 8388
7931 8719 8239
7924 8197 8470
7931 8719 8239
8080 8696 8130
8643 8267 7952
8061 8272 8403
8182 8247 8467
8477 8444 7871
7984 8518 8285
7924 8197 8470
8334 8640 7948
8183 8295 8388
8474 8227 7956
7788 8563 8325
8183 8295 8388
7862 8824 8165
8381 8428 8221
8428 8425 8377
8428 8425 8377
8080 8696 8130
8070 8357 8386
8183 8295 8388
8210 8690 7868
8209 8738 7784
8207 8832 7927
7984 8518 8285
8026 8430 8422
8477 8444 7871
8643 8267 7952
8026 8430 8422
8474 8227 7956
8210 8690 7868
8183 8295 8388
8182 8247 8467
8247 8446 8254
8080 8696 8130
8299 8500 8239
8381 8428 8221
8474 8227 7956
8207 8832 7927
7788 8563 8325
8017 8712 8055
8477 8444 7871
8050 8857 7764
7924 8197 8470
7924 8197 8470
8273 8503 8032
8209 8738 7784
7862 8824 8165
7984 8518 8285
8428 8425 8377
8182 8247 8467
7960 8768 8115
8474 8227 7956
8247 8446 8254
8080 8696 8130
8356 8481 7941
7877 8652 8245
8061 8272 8403
8190 8292 8391
8381 8428 8221
8643 8267 7952
7931 8719 8239
7984 8518 8285
8428 8425 8377
8428 8425 8377
8473 8307 8139
8207 8832 7927
8473 8307 8139
7924 8197 8470
8247 8446 8254
7914 8752 8229
7914 8752 8229
8381 8428 8221
8207 8832 7927
8210 8690 7868
8070 8357 8386
8334 8640 7948
7788 8563 8325
8210 8690 7868
8210 8690 7868
7960 8768 8115
8428 8425 8377
7862 8824 8165
8381 8428 8221
8334 8640 7948
8070 8357 8386
8473 8307 8139
7862 8824 8165
8428 8425 8377
7914 8752 8229
8299 8500 8239
7984 8518 8285
7788 8563 8325
8207 8832 7927
7862 8824 8165
7924 8197 8470
8050 8857 7764
8473 8307 8139
8334 8640 7948
8428 8425 8377
8356 8481 7941
7931 8719 8239
8381 8428 8221
8183 8295 8388
7931 8719 8239
8183 8295 8388
7931 8719 8239
7924 8197 8470
8474 8227 7956
8026 8430 8422
8061 8272 8403
7924 8197 8470
8210 8690 7868
7960 8768 8115
8473 8307 8139
8428 8425 8377
8299 8500 8239
8299 8500 8239
8210 8690 7868
8182 8247 8467
8247 8446 8254
8301 8481 7978
8207 8832 7927
8381 8428 8221
8061 8272 8403
8473 8307 8139
8473 8307 8139
8080 8696 8130
8381 8428 8221
8210 8690 7868
7984 8518 8285
8428 8425 8377
8477 8444 7871
7877 8652 8245
8428 8425 8377
8182 8247 8467
7877 8652 8245
7931 8719 8239
7924 8197 8470
8473 8307 8139
8207 8832 7927
8182 8247 8467
8477 8444 7871
7862 8824 8165
7924 8197 8470
7877 8652 8245
8474 8227 7956
7862 8824 8165
8381 8428 8221
8061 8272 8403
8334 8640 7948
8273 8503 8032
7984 8518 8285
8207 8832 7927
8474 8227 7956
8473 8307 8139
8643 8267 7952
8183 8295 8388
7931 8719 8239
7924 8197 8470
8381 8428 8221
8080 8696 8130
8381 8428 8221
8473 8307 8139
8428 8425 8377
8477 8444 7871
8428 8425 8377
7877 8652 8245
8247 8446 8254
8061 8272 8403
8334 8640 7948
7931 8719 8239
8207 8832 7927
8381 8428 8221
7960 8768 8115
8381 8428 8221
7984 8518 8285
8207 8832 7927
7984 8518 8285
8477 8444 7871
7984 8518 8285
8381 8428 8221
8381 8428 8221
8061 8272 8403
8643 8267 7952
8474 8227 7956
8643 8267 7952
8061 8272 8403
8050 8857 7764
8209 8738 7784
7984 8518 8285
8183 8295 8388
8061 8272 8403
7924 8197 8470
8207 8832 7927
8061 8272 8403
8334 8640 7948
8209 8738 7784
7984 8518 8285
7984 8518 8285
7984 8518 8285
8273 8503 8032
8183 8295 8388
8207 8832 7927
8247 8446 8254
8299 8500 8239
8381 8428 8221
8183 8295 8388
8026 8430 8422
8207 8832 7927
8183 8295 8388
7984 8518 8285
8183 8295 8388
8643 8267 7952
8428 8425 8377
8473 8307 8139
7984 8518 8285
8210 8690 7868
8050 8857 7764
7960 8768 8115
8183 8295 8388
8080 8696 8130
8070 8357 8386
8477 8444 7871
8207 8832 7927
8643 8267 7952
8248 8628 8215
7984 8518 8285
7788 8563 8325
8207 8832 7927
7862 8824 8165
7788 8563 8325
8381 8428 8221
8182 8247 8467
8207 8832 7927
8050 8857 7764
7931 8719 8239
8273 8503 8032
8017 8712 8055
8070 8357 8386
8643 8267 7952
8273 8503 8032
8207 8832 7927
8643 8267 7952
8190 8292 8391
8210 8690 7868
8050 8857 7764
7984 8518 8285
7960 8768 8115
8334 8640 7948
8473 8307 8139
8643 8267 7952
8050 8857 7764
8643 8267 7952
8207 8832 7927
8473 8307 8139
8080 8696 8130
8050 8857 7764
7788 8563 8325
8207 8832 7927
7984 8518 8285
8273 8503 8032
7984 8518 8285
7862 8824 8165
7960 8768 8115
7984 8518 8285
8473 8307 8139
8273 8503 8032
8428 8425 8377
7984 8518 8285
8477 8444 7871
8210 8690 7868
8473 8307 8139
8207 8832 7927
8210 8690 7868
7931 8719 8239
7984 8518 8285
8474 8227 7956
8061 8272 8403
7877 8652 8245
8334 8640 7948
8026 8430 8422
7931 8719 8239
8190 8292 8391
8050 8857 7764
8477 8444 7871
8207 8832 7927
8080 8696 8130
8473 8307 8139
8381 8428 8221
8183 8295 8388
7877 8652 8245
7931 8719 8239
8473 8307 8139
7984 8518 8285
8080 8696 8130
8182 8247 8467
8334 8640 7948
8334 8640 7948
8207 8832 7927
8183 8295 8388
7984 8518 8285
8080 8696 8130
8334 8640 7948
8183 8295 8388
8381 8428 8221
8477 8444 7871
7931 8719 8239
8207 8832 7927
8428 8425 8377
7924 8197 8470
7931 8719 8239
8474 8227 7956
8381 8428 8221
8061 8272 8403
8070 8357 8386
8207 8832 7927
8356 8481 7941
8061 8272 8403
8070 8357 8386
8473 8307 8139
7984 8518 8285
8247 8446 8254
7984 8518 8285
7931 8719 8239
8050 8857 7764
8301 8481 7978
8050 8857 7764
7960 8768 8115
8210 8690 7868
8026 8430 8422
8248 8628 8215
7914 8752 8229
8080 8696 8130
8273 8503 8032
8428 8425 8377
8080 8696 8130
8477 8444 7871
8209 8738 7784
8207 8832 7927
8207 8832 7927
8356 8481 7941
8381 8428 8221
8182 8247 8467
8334 8640 7948
8080 8696 8130
8182 8247 8467
8210 8690 7868
8643 8267 7952
7862 8824 8165
7984 8518 8285
7984 8518 8285
8183 8295 8388
8050 8857 7764
8207 8832 7927
8273 8503 8032
8210 8690 7868
7931 8719 8239
8381 8428 8221
8209 8738 7784
8428 8425 8377
8207 8832 7927
8273 8503 8032
8207 8832 7927
8207 8832 7927
8183 8295 8388
7788 8563 8325
8381 8428 8221
8050 8857 7764
8381 8428 8221
8428 8425 8377
8474 8227 7956
8428 8425 8377
8299 8500 8239
7931 8719 8239
8381 8428 8221
8477 8444 7871
7924 8197 8470
7914 8752 8229
8334 8640 7948
8428 8425 8377
7788 8563 8325
8334 8640 7948
8210 8690 7868
8381 8428 8221
8207 8832 7927
8026 8430 8422
8381 8428 8221
8273 8503 8032
7984 8518 8285
8207 8832 7927
8061 8272 8403
7931 8719 8239
7924 8197 8470
7960 8768 8115
7931 8719 8239
8182 8247 8467
7862 8824 8165
8080 8696 8130
8247 8446 8254
8080 8696 8130
8299 8500 8239
8474 8227 7956
8207 8832 7927
8017 8712 8055
8477 8444 7871
8050 8857 7764
7924 8197 8470
7924 8197 8470
8209 8738 7784
7862 8824 8165
8428 8425 8377
7960 8768 8115
8474 8227 7956
8247 8446 8254
8356 8481 7941
7877 8652 8245
8061 8272 8403
8190 8292 8391
8381 8428 8221
8643 8267 7952
7931 8719 8239
7984 8518 8285
8428 8425 8377
8428 8425 8377
8473 8307 8139
7924 8197 8470
8247 8446 8254
8080 8696 8130
7931 8719 8239
8080 8696 8130
8643 8267 7952
8061 8272 8403
8182 8247 8467
8477 8444 7871
7984 8518 8285
7924 8197 8470
8334 8640 7948
8183 8295 8388
8474 8227 7956
8183 8295 8388
8428 8425 8377
7914 8752 8229
8070 8357 8386
8183 8295 8388
8210 8690 7868
8209 8738 7784
8207 8832 7927
7984 8518 8285
8477 8444 7871
8643 8267 7952
8026 8430 8422
8474 8227 7956
8210 8690 7868
8183 8295 8388
8182 8247 8467
8299 8500 8239
8381 8428 8221
8183 8295 8388
7931 8719 8239
8183 8295 8388
7931 8719 8239
8474 8227 7956
8026 8430 8422
8061 8272 8403
7924 8197 8470
8210 8690 7868
7960 8768 8115
8473 8307 8139
8428 8425 8377
7931 8719 8239
8210 8690 7868
8182 8247 8467
8247 8446 8254
8301 8481 7978
8207 8832 7927
8381 8428 8221
8061 8272 8403
8473 8307 8139
8080 8696 8130
8381 8428 8221
8210 8690 7868
7984 8518 8285
8428 8425 8377
8334 8640 7948
7914 8752 8229
8381 8428 8221
8207 8832 7927
8210 8690 7868
8070 8357 8386
8334 8640 7948
7788 8563 8325
8210 8690 7868
8210 8690 7868
7960 8768 8115
8428 8425 8377
7862 8824 8165
8381 8428 8221
7924 8197 8470
8070 8357 8386
8473 8307 8139
7862 8824 8165
7914 8752 8229
7984 8518 8285
7788 8563 8325
8207 8832 7927
7862 8824 8165
8050 8857 7764
8473 8307 8139
8334 8640 7948
8428 8425 8377
8356 8481 7941
7924 8197 8470
8017 8712 8055
8356 8481 7941
7984 8518 8285
7914 8752 8229
8334 8640 7948
8368 8469 8132
8474 8227 7956
8473 8307 8139
7862 8824 8165
7931 8719 8239
7960 8768 8115
8334 8640 7948
8017 8712 8055
8273 8503 8032
8428 8425 8377
8474 8227 7956
8299 8500 8239
8273 8503 8032
8248 8628 8215
8050 8536 8245
7788 8563 8325
7960 8768 8115
8050 8857 7764
8026 8430 8422
8209 8738 7784
8368 8469 8132
8050 8857 7764
8207 8832 7927
7862 8824 8165
8050 8857 7764
7788 8563 8325
8643 8267 7952
7924 8197 8470
8477 8444 7871
8111 8672 7985
7788 8563 8325
8209 8738 7784
8070 8357 8386
8207 8832 7927
8428 8425 8377
7960 8768 8115
8248 8628 8215
8026 8430 8422
7788 8563 8325
8273 8503 8032
8247 8446 8254
8137 8664 7951
8182 8247 8467
7960 8768 8115
7862 8824 8165
7788 8563 8325
7877 8652 8245
8428 8425 8377
8381 8428 8221
8182 8247 8467
8473 8307 8139
8210 8690 7868
7914 8752 8229
8368 8469 8132
7914 8752 8229
7931 8719 8239
8050 8857 7764
8210 8690 7868
8334 8640 7948
8473 8307 8139
7877 8652 8245
8247 8446 8254
7960 8768 8115
7914 8752 8229
8381 8428 8221
8477 8444 7871
8381 8428 8221
8017 8712 8055
8061 8272 8403
8026 8430 8422
8334 8640 7948
8356 8481 7941
8473 8307 8139
8207 8832 7927
7931 8719 8239
7877 8652 8245
8190 8292 8391
8183 8295 8388
7931 8719 8239
8050 8536 8245
8061 8272 8403
8231 8501 8375
7924 8197 8470
8643 8267 7952
8474 8227 7956
8190 8292 8391
8061 8272 8403
8080 8696 8130
8299 8500 8239
7931 8719 8239
8207 8832 7927
8190 8292 8391
8207 8832 7927
7877 8652 8245
7984 8518 8285
8643 8267 7952
7862 8824 8165
8473 8307 8139
7877 8652 8245
8017 8712 8055
8080 8696 8130
7960 8768 8115
7914 8752 8229
8190 8292 8391
8050 8857 7764
8273 8503 8032
8381 8428 8221
8061 8272 8403
7984 8518 8285
8080 8696 8130
8183 8295 8388
8381 8428 8221
8477 8444 7871
7931 8719 8239
8207 8832 7927
7924 8197 8470
7931 8719 8239
8474 8227 7956
8381 8428 8221
8061 8272 8403
8070 8357 8386
8207 8832 7927
8183 8295 8388
8070 8357 8386
8473 8307 8139
7984 8518 8285
8247 8446 8254
7984 8518 8285
7931 8719 8239
8301 8481 7978
8050 8857 7764
7960 8768 8115
8210 8690 7868
8026 8430 8422
8248 8628 8215
7914 8752 8229
8061 8272 8403
7862 8824 8165
7960 8768 8115
7984 8518 8285
8473 8307 8139
8428 8425 8377
7984 8518 8285
8477 8444 7871
8473 8307 8139
8207 8832 7927
8210 8690 7868
7931 8719 8239
7984 8518 8285
8474 8227 7956
8080 8696 8130
7877 8652 8245
8334 8640 7948
7931 8719 8239
8190 8292 8391
8207 8832 7927
8080 8696 8130
8473 8307 8139
8381 8428 8221
8183 8295 8388
7877 8652 8245
8473 8307 8139
8334 8640 7948
8207 8832 7927
8334 8640 7948
8381 8428 8221
8050 8857 7764
8381 8428 8221
8474 8227 7956
8428 8425 8377
8299 8500 8239
7931 8719 8239
8381 8428 8221
8477 8444 7871
7924 8197 8470
7914 8752 8229
8334 8640 7948
8428 8425 8377
8183 8295 8388
8210 8690 7868
8381 8428 8221
8207 8832 7927
8026 8430 8422
8381 8428 8221
8273 8503 8032
7984 8518 8285
8207 8832 7927
8061 8272 8403
7931 8719 8239
7924 8197 8470
7960 8768 8115
7931 8719 8239
7862 8824 8165
8273 8503 8032
8428 8425 8377
8477 8444 7871
8209 8738 7784
8207 8832 7927
8207 8832 7927
8381 8428 8221
8182 8247 8467
8334 8640 7948
8080 8696 8130
8182 8247 8467
8210 8690 7868
8643 8267 7952
7984 8518 8285
8081 7921 8477
7984 8518 8285
8050 8857 7764
8207 8832 7927
8273 8503 8032
8210 8690 7868
7931 8719 8239
8381 8428 8221
8209 8738 7784
8207 8832 7927
8273 8503 8032
8207 8832 7927
8207 8832 7927
8381 8428 8221
8477 8444 7871
8247 8446 8254
8061 8272 8403
8334 8640 7948
7931 8719 8239
8207 8832 7927
8381 8428 8221
8381 8428 8221
7984 8518 8285
8207 8832 7927
7984 8518 8285
8477 8444 7871
7984 8518 8285
8381 8428 8221
8428 8425 8377
8061 8272 8403
8643 8267 7952
8474 8227 7956
8643 8267 7952
8061 8272 8403
8050 8857 7764
8209 8738 7784
7984 8518 8285
8183 8295 8388
8061 8272 8403
7924 8197 8470
8207 8832 7927
8061 8272 8403
8061 8272 8403
8182 8247 8467
7877 8652 8245
7931 8719 8239
7924 8197 8470
8473 8307 8139
8207 8832 7927
8182 8247 8467
8477 8444 7871
7862 8824 8165
7924 8197 8470
7877 8652 8245
7862 8824 8165
8381 8428 8221
8209 8738 7784
8334 8640 7948
7984 8518 8285
8207 8832 7927
8474 8227 7956
8473 8307 8139
8643 8267 7952
8183 8295 8388
7931 8719 8239
7924 8197 8470
8381 8428 8221
8080 8696 8130
8381 8428 8221
8473 8307 8139
8643 8267 7952
8207 8832 7927
7788 8563 8325
8381 8428 8221
8182 8247 8467
8207 8832 7927
8050 8857 7764
7931 8719 8239
8273 8503 8032
8017 8712 8055
8070 8357 8386
8643 8267 7952
8273 8503 8032
8207 8832 7927
7788 8563 8325
8190 8292 8391
8210 8690 7868
7984 8518 8285
7960 8768 8115
8473 8307 8139
8050 8857 7764
8643 8267 7952
8207 8832 7927
8050 8857 7764
7788 8563 8325
8207 8832 7927
7984 8518 8285
8273 8503 8032
8183 8295 8388
7984 8518 8285
7984 8518 8285
7984 8518 8285
8273 8503 8032
8183 8295 8388
8207 8832 7927
8247 8446 8254
8299 8500 8239
8381 8428 8221
8183 8295 8388
8026 8430 8422
8183 8295 8388
7984 8518 8285
8182 8247 8467
8643 8267 7952
8473 8307 8139
7984 8518 8285
8210 8690 7868
8050 8857 7764
7960 8768 8115
8183 8295 8388
8080 8696 8130
8070 8357 8386
8207 8832 7927
8643 8267 7952
8248 8628 8215
