301 11.2174
9284 8749 8375
9226 8916 8251
8785 9132 8450
8478 8146 8929
8478 8146 8929
8433 8191 8916
8693 8403 8869
8994 9066 8318
9150 8675 8562
8548 8783 8838
8617 8587 8891
9045 8956 8427
8610 8613 8879
9212 8830 8359
9181 8850 8338
8516 8181 8920
9174 8701 8444
8702 8531 8806
9247 8760 8371
8767 8511 8814
8650 8627 8852
9117 8772 8626
8468 8762 8865
8731 8494 8829
9075 8991 8264
8663 8438 8849
8892 8600 8782
8900 8980 8540
8939 9010 8481
8797 9048 8524
8499 8971 8720
8625 9112 8636
9083 8787 8499
8683 8890 8775
9060 8854 8465
8832 9086 8522
9108 8967 8282
8807 8933 8758
8663 8438 8849
8999 8959 8593
9108 8967 8282
8731 8494 8829
8915 8732 8739
8802 8625 8805
8940 8929 8604
8959 8817 8622
8867 8992 8546
8762 8783 8775
8718 9037 8584
8826 8994 8579
8723 9024 8702
8933 9029 8432
8627 8940 8718
8919 8866 8644
8854 8856 8709
8708 9030 8614
8648 8919 8835
8814 8937 8674
8915 8732 8739
9022 8906 8572
8881 8807 8658
8880 8880 8669
9022 8906 8572
8724 9090 8472
9083 8787 8499
8889 8948 8621
8831 8960 8558
8812 8855 8730
8856 8927 8640
8837 8885 8666
8891 8798 8689
8959 8817 8622
8891 8798 8689
8841 8898 8654
8841 8898 8654
8807 8938 8645
8724 9090 8472
9011 8820 8409
8994 8888 8406
8705 8554 8778
8621 9090 8465
8400 8612 8833
8502 8822 8756
8701 9029 8514
8561 8742 8730
8666 9007 8615
8794 8960 8563
8560 8695 8781
8764 8691 8737
8905 8706 8667
8984 8941 8441
8816 8920 8638
8834 8841 8675
8952 8807 8598
8857 8952 8526
8903 8794 8614
8763 8796 8694
8970 8764 8501
8970 8873 8471
8777 8899 8693
8955 8701 8546
8848 8817 8657
8839 8826 8643
8857 8705 8717
8660 8933 8694
8853 8879 8585
8952 8943 8581
8959 8929 8493
8959 8929 8493
8944 8816 8527
8820 8952 8400
8677 8453 8748
8542 8914 8589
8713 8561 8706
8578 8669 8675
8584 8883 8653
8840 8777 8600
8818 8685 8606
8943 8861 8484
8914 8905 8500
8888 8807 8595
8747 8941 8536
8761 8781 8674
8721 8869 8633
8780 8842 8610
8740 8916 8567
8895 8931 8509
8757 8859 8628
8785 8912 8514
8942 8864 8573
8785 8839 8580
8738 8912 8605
8937 8734 8566
8929 8806 8355
8745 8658 8659
8699 8906 8601
8698 8839 8623
8919 8786 8425
8850 8763 8555
8923 8818 8414
8892 8894 8477
8769 8903 8495
8806 8876 8491
8796 8804 8592
8715 8742 8639
8878 8863 8521
8826 8861 8572
8733 8894 8605
8932 8736 8356
8914 8796 8534
8912 8839 8514
8921 8760 8512
8833 8828 8565
8902 8804 8527
8715 8898 8569
8834 8861 8557
8920 8679 8494
8774 8866 8412
8731 8849 8593
8721 8898 8487
8907 8681 8512
8737 8873 8432
8768 8793 8556
8813 8774 8537
8843 8832 8502
8866 8858 8420
8830 8836 8503
8781 8782 8549
8790 8856 8520
8801 8848 8518
8723 8865 8529
8864 8777 8519
8807 8834 8542
8849 8686 8494
8788 8848 8420
8699 8797 8590
8588 8855 8513
8725 8754 8545
8780 8821 8511
8719 8776 8554
8741 8777 8537
8699 8808 8515
8721 8807 8534
8849 8603 8469
8812 8623 8274
8631 8829 8371
8566 8477 8583
8780 8760 8440
8757 8795 8352
8694 8638 8512
8804 8670 8480
8718 8631 8554
8639 8780 8483
8759 8774 8511
8762 8714 8368
8736 8715 8476
8716 8674 8470
8591 8702 8461
8644 8667 8405
8641 8514 8394
9284 8749 8375
9254 8767 8241
8736 9201 8518
8478 8146 8929
8478 8146 8929
8433 8191 8916
8693 8403 8869
8831 9148 8441
8677 8470 8849
8516 8181 8920
9071 9007 8293
8610 8613 8879
9163 8800 8478
8619 8578 8838
8590 8927 8675
8557 8486 8899
9226 8916 8251
8959 8784 8722
8854 9079 8390
9076 8953 8419
8922 9047 8490
8656 8916 8737
9188 8680 8463
9188 8985 8342
8880 8877 8666
8767 8511 8814
9214 8771 8326
9125 8720 8551
9122 8801 8566
8624 8547 8858
8910 9059 8389
8733 8665 8804
9243 8720 8412
8468 8762 8865
8881 8856 8694
8885 8950 8565
8754 8522 8843
8816 8815 8777
8952 9103 8372
8805 8961 8601
8778 8908 8789
9002 8697 8590
8992 9018 8322
8693 8644 8809
9057 8635 8581
8772 8954 8659
8545 8703 8866
8971 9020 8501
8654 9019 8635
9046 8979 8449
8713 9100 8579
8816 9109 8545
9190 8708 8452
9034 8982 8383
8626 8727 8814
8720 8964 8584
8830 8711 8769
8789 8921 8616
8990 8910 8512
8998 8895 8499
8566 8857 8843
8940 8920 8543
9017 8847 8533
8827 9005 8513
8851 8898 8612
9021 8840 8574
8654 9019 8635
8943 8850 8578
9021 8840 8574
9017 8847 8533
8830 8711 8769
8789 8921 8616
8851 8898 8612
8566 8857 8843
8971 9020 8501
8626 8727 8814
8816 9109 8545
9118 8736 8418
9029 8846 8405
8734 9005 8440
8600 8445 8785
8491 8637 8761
8604 8505 8753
8836 8705 8583
8826 8849 8659
8651 8877 8698
8727 8654 8735
8587 8848 8749
8747 8492 8715
8794 8673 8686
8910 8774 8557
8946 8730 8501
9002 8842 8448
8817 8857 8544
8842 8817 8516
8895 8945 8428
8871 8994 8461
8745 8964 8509
8808 8903 8559
8881 8867 8480
8972 8846 8421
8845 8824 8495
8835 8885 8468
8758 8791 8696
8852 8802 8574
8770 9003 8431
8791 8923 8552
8738 8852 8732
8783 8924 8559
8867 8795 8581
8880 8734 8570
9001 8775 8428
8854 8895 8371
8828 8553 8523
8772 8929 8426
8537 8649 8747
8462 8857 8664
8908 8747 8488
8770 8677 8630
8781 8606 8656
8565 8869 8608
8646 8918 8434
8712 8784 8701
8646 8632 8712
8865 8859 8405
8603 8763 8731
8745 8790 8687
8523 8868 8633
8781 8818 8559
8889 8807 8381
8618 8848 8719
8802 8775 8598
8833 8782 8492
8763 8898 8548
8800 8835 8521
8824 8753 8627
8852 8848 8459
8718 8908 8466
8803 8804 8557
8748 8832 8647
8754 8766 8640
8828 8855 8468
8787 8927 8380
8981 8758 8401
8775 8421 8543
8698 8890 8364
8696 8893 8460
8546 8532 8712
8855 8688 8486
8610 8562 8709
8658 8606 8671
8838 8838 8384
8745 8650 8562
8645 8662 8662
8803 8816 8388
8661 8785 8617
8665 8862 8517
8686 8678 8650
8753 8889 8502
8649 8811 8593
8663 8566 8692
8726 8701 8641
8617 8836 8627
8769 8710 8506
8736 8730 8552
8738 8725 8574
8738 8580 8641
8785 8691 8503
8672 8830 8592
8743 8813 8521
8727 8772 8625
8697 8823 8584
8730 8812 8555
8949 8680 8327
8565 8842 8355
8560 8504 8669
8832 8663 8434
8727 8741 8570
8622 8691 8613
8755 8700 8506
8695 8828 8474
8746 8826 8443
8716 8708 8605
8754 8596 8493
8675 8739 8463
8566 8385 8603
8714 8725 8546
8700 8695 8597
8633 8730 8488
8746 8603 8477
8742 8438 8438
8661 8712 8354
8634 8598 8580
8571 8714 8529
8611 8653 8551
8659 8711 8538
8572 8495 8447
8519 8541 8567
8517 8709 8524
8436 8494 8472
9284 8749 8375
9226 8916 8251
8785 9132 8450
8478 8146 8929
8478 8146 8929
8468 8762 8865
8622 8343 8918
8693 8403 8869
8617 8587 8891
8516 8181 8920
9245 8786 8301
8544 8911 8730
9212 8827 8328
9028 8973 8510
8701 9055 8559
8986 8777 8658
8587 8893 8705
8650 8732 8887
8729 8921 8682
9257 8667 8385
9231 8731 8458
9193 8832 8363
8678 8971 8673
8762 8794 8802
8867 9076 8439
8824 8604 8852
8844 9123 8520
8809 8629 8822
8955 8710 8711
8836 8718 8788
8941 8877 8596
9089 9023 8428
8879 8947 8640
9145 8849 8425
9220 8795 8350
8908 8635 8761
9034 8855 8621
8743 8960 8632
8509 8871 8740
8910 9001 8574
9084 8698 8605
9022 9035 8412
8864 8819 8780
9051 8918 8530
8912 8738 8740
8772 9046 8548
8923 8885 8691
8806 8771 8827
8777 8607 8853
8847 8988 8624
9170 8766 8411
9066 8949 8436
9108 8665 8596
8901 8649 8769
8926 8812 8701
8952 8983 8442
9160 8814 8399
8881 8797 8707
9103 8708 8543
9010 8967 8539
9084 8698 8605
8801 8895 8651
9133 8812 8439
8901 8649 8769
9010 8919 8577
9154 8794 8518
9120 8864 8397
9062 8773 8652
9231 8731 8458
9010 8919 8577
9183 8871 8391
9063 8806 8541
9120 8864 8397
8903 8915 8632
9183 8871 8391
8801 8895 8651
9183 8774 8378
9085 8803 8315
8993 8635 8632
8931 8962 8518
8783 8665 8776
8725 8703 8764
9089 8760 8432
8744 8786 8738
9136 8738 8457
9139 8727 8404
9037 8859 8506
8884 8698 8683
9020 8877 8485
9081 8857 8379
8946 8812 8563
8831 8860 8640
8844 8836 8606
8900 8652 8672
8975 8960 8486
8963 8895 8562
8793 8906 8568
8900 8804 8612
8857 8789 8643
9000 8735 8600
8935 8713 8644
8984 8937 8468
8787 8849 8691
8967 8855 8534
8880 8721 8677
8984 8937 8468
8778 8851 8681
8843 8714 8708
8998 8911 8509
9021 8636 8522
8899 8905 8584
8840 8889 8610
8989 8714 8637
8998 8910 8528
8899 8905 8584
9166 8695 8371
8845 8899 8368
8732 8531 8759
8658 8813 8594
8974 8655 8635
9093 8658 8430
8683 8766 8672
8998 8847 8508
9051 8733 8436
8750 8686 8680
8940 8755 8535
8971 8897 8485
8887 8880 8559
8806 8742 8618
8867 8846 8580
8783 8799 8588
8966 8731 8570
8976 8701 8562
8776 8682 8678
8787 8743 8605
8917 8657 8576
8891 8752 8559
8879 8685 8677
8999 8705 8384
8886 8868 8427
8618 8473 8682
8409 8695 8644
8770 8632 8660
8703 8672 8670
8822 8654 8602
8977 8784 8462
8990 8764 8425
8858 8786 8536
8945 8648 8564
8969 8823 8408
8849 8810 8578
8762 8836 8529
8911 8859 8481
8890 8632 8622
8888 8728 8527
8965 8849 8476
8895 8703 8506
8894 8720 8512
8928 8701 8567
8966 8806 8478
8945 8833 8431
8764 8412 8608
8697 8487 8637
8630 8805 8530
8666 8529 8637
8907 8581 8499
8706 8734 8543
8835 8764 8532
8857 8592 8597
8778 8707 8571
8894 8674 8562
8870 8818 8446
8899 8473 8559
8865 8743 8456
8898 8629 8560
8848 8826 8476
8857 8700 8505
8839 8694 8574
8841 8728 8485
8658 8714 8572
8845 8718 8553
8691 8758 8535
8693 8755 8536
8943 8750 8339
8918 8789 8426
8874 8657 8539
8837 8709 8551
8687 8762 8492
8787 8751 8525
8902 8753 8375
8864 8504 8485
8831 8616 8536
8708 8673 8519
8783 8617 8427
8753 8744 8517
8890 8699 8424
8878 8647 8337
8802 8593 8525
8452 8692 8473
8729 8606 8433
