17915 210.042
2257 2535 3433 2882
3330 2887 2529 2845
3175 2918 2224 3148
2714 2538 2932 3512
2413 2467 3140 3322
2154 2821 3325 3150
2731 2729 2966 2437
2178 3078 2808 2796
3047 2721 2314 3286
2846 3447 2968 2206
2591 2689 3026 3055
2712 3082 3098 2666
2626 3386 2873 2949
2654 3118 3020 2612
2765 2940 2557 3546
2660 3260 2577 3139
2704 3158 2267 3215
2595 2281 3192 3230
2966 3083 3009 2725
2375 3083 2564 3129
2365 3233 2895 2964
2311 3096 2821 3318
2528 2843 2634 3464
2434 2511 3410 3135
2948 2515 2795 2933
2906 2704 3077 2728
2430 2316 3299 3219
3273 3475 2658 2584
2591 2992 3234 2686
2923 3037 2729 3272
3034 3386 2347 2594
3272 3050 2297 2767
3265 2667 2370 2980
3116 2894 2516 2869
2692 3448 2714 2366
2295 2918 3497 2686
2635 2510 2912 3271
2674 2744 2917 3490
3135 2859 2058 3102
2654 2207 2879 3167
3285 2903 2349 2767
2941 3050 2130 2563
2612 3025 3040 2563
2990 2556 3033 2852
2602 3786 2627 2819
2315 3043 3228 2686
2753 3293 2601 2411
2244 2829 3375 3207
3216 3437 2441 2810
3016 2791 2464 2730
2373 2722 3420 2859
3331 3036 2411 2739
2342 2717 3148 3065
3336 3402 2412 2576
2605 3594 2629 2654
3018 2998 2413 3133
2838 2605 2742 3095
2453 3031 3574 2822
3109 3331 2477 2658
2733 3245 2344 3039
2691 2936 3214 3094
2559 3064 2381 3368
2769 3012 3251 2734
2495 3620 3082 2848
3200 2967 2028 3112
2255 2422 3388 3091
2428 3386 2986 3010
2689 3123 2577 3141
2803 2874 3123 2849
2596 2702 3044 3382
3121 3442 2526 2533
2531 3433 2801 3043
2480 2319 3181 3361
3296 3073 2544 3091
2597 3302 2785 2867
2614 2477 2678 3238
2963 3085 2832 2822
2673 2834 2577 3416
2503 3001 3454 2952
2301 2427 3285 2935
3103 3345 2550 2558
3136 3144 2028 2757
2076 2470 3356 3085
2994 3237 2853 2838
2944 2638 3093 3063
2382 3513 2782 2858
2117 2897 3006 2741
2473 3088 3175 2544
2494 2885 3144 2380
2816 3734 2464 2594
2696 2773 2532 3148
2339 2842 3488 3075
2866 3460 2644 2568
3188 2917 2163 2701
2959 3191 2359 3304
2836 2428 3274 2968
3127 2686 2577 2679
2534 2972 3506 2717
3324 3135 2622 2419
2540 2997 3212 2169
2927 2733 2769 3275
2862 2827 3057 2940
2782 2501 2804 3333
2933 3858 2609 2732
2745 3411 2585 2422
2469 2908 3463 2644
3166 2712 2506 2683
2386 2650 3271 3304
2941 3104 2678 2742
2470 2643 2992 3456
3073 3353 2369 2581
3085 2992 2510 2880
2678 2632 2626 3392
3505 3012 2381 2906
2937 3331 2392 2441
2928 2622 2573 3228
2558 2904 3130 3007
2390 2739 2922 3260
2694 3140 2692 2484
2419 3510 2683 2518
2572 3308 2946 2851
2354 2810 3373 2835
2206 2710 3050 3216
3056 2493 2326 2510
2550 2585 2874 3587
2738 2332 3147 2910
2626 2614 2850 3366
3188 2763 2444 3334
3020 2610 2319 2632
2891 3259 2872 2988
2461 2928 3471 2861
2385 3132 2937 2666
2385 2505 3187 3366
3324 3148 2188 2942
2656 3281 3185 2348
2447 3178 2905 2718
2450 2505 2853 3208
2995 2587 2348 3082
2477 3173 2821 3109
2799 3167 3040 2965
2633 2968 2865 3152
2325 2590 3467 3332
3489 3074 2465 3026
2831 2896 2857 3453
2536 3475 2475 3067
2915 3603 2500 2712
2814 3288 3395 2570
2515 3426 2619 2419
2461 2736 3129 3256
3520 3079 2340 2955
2469 2276 3156 3258
3286 2650 2347 2947
2730 3834 2663 2585
2306 2977 2256 3316
2480 2963 2483 3208
3180 2927 2028 3207
2646 3659 3021 2790
3289 3139 2231 2881
3413 3195 2392 2872
3396 2967 2418 2938
2812 3553 2864 2952
3255 2912 2202 2824
3099 3190 2860 2478
2410 3793 2660 2821
2416 3011 2906 2796
2699 3400 2899 2411
3190 3169 2380 2315
3028 3305 2355 2638
2539 2727 3021 3224
3525 2966 2539 2873
2827 3630 2914 2705
3275 3103 2134 2828
3132 3121 2143 3093
2242 2873 3100 3322
2600 3091 2768 2979
2932 2703 3086 2840
3314 3127 2271 3056
2468 2501 3394 3158
3127 2555 2492 3150
2883 2946 2576 2860
2534 2473 2865 2841
2777 2330 2857 3197
2903 3480 3002 3051
2778 2819 2092 3075
2962 2718 2440 3179
2660 2678 3081 3208
2257 3042 3425 3200
2726 3559 2749 2554
2504 3059 3005 2254
3083 2795 2644 3346
2868 3511 2859 2593
2385 3127 2779 3435
2466 3021 2825 3078
3334 2964 2286 2547
3012 3300 2441 2627
2966 3276 2422 2942
2933 3350 3018 2687
2892 2990 2151 3119
2396 3589 3017 2537
2717 2611 2810 3237
3203 3623 2507 2640
2617 2688 3041 3107
3340 3034 2375 3079
2711 2805 2465 2601
2451 2758 2955 3244
2117 2406 3215 2787
3187 3209 2115 2998
3009 3322 2278 2959
2606 3145 2934 2908
2675 2999 3291 2435
2528 3193 2876 2337
2845 3846 2603 2738
2477 2444 3207 2866
3339 3158 2375 2741
2645 3503 2533 2714
2685 2597 3211 2990
3364 2930 2174 2781
3203 3141 2492 2713
3372 3427 2612 2631
2129 2843 3380 2837
3291 3170 2429 2740
2811 2631 3100 3201
3145 3037 2637 3003
2954 3260 2643 2541
2576 2723 3295 2916
2546 2421 2690 3214
3152 2818 2353 3036
2519 2511 2475 3060
2938 3231 2822 2400
2899 2441 2694 2678
2830 3178 2374 2980
3100 3037 2590 2861
2892 3430 2533 2807
2956 3489 2919 2804
3070 2567 2704 3112
2670 2921 3173 3178
3232 2895 2402 2877
2197 2674 2848 2919
2479 2948 3070 2510
2280 2614 3452 2995
2915 2798 2655 3106
2580 2758 2728 3471
2323 3163 2952 3027
2515 2580 3032 2973
2837 3418 2998 2341
2744 3035 2662 2432
2516 3541 2660 2858
2895 2588 2562 3348
2345 2626 3025 3210
2895 3161 3056 2964
2867 3135 3034 2638
2493 2249 2880 3274
