764 2029.49
27008 25432 24267 25385
25629 27072 25817 24153
23701 24278 27358 26533
27506 24893 24863 24959
24699 24075 26088 27713
25479 22777 27149 26313
24709 24257 28403 25123
26180 26374 26605 22935
26259 26153 26693 23111
26419 26288 26187 23176
26353 26293 26446 23106
26876 25461 24343 25560
26792 25370 24392 25623
24734 24001 26091 27644
23752 24258 27313 26712
23836 24482 27566 26438
26180 26374 26605 22935
26103 26179 26758 23047
26122 26174 26728 23002
24832 24460 28360 25258
25135 23780 26124 27411
24342 24143 26332 27504
24702 24040 26062 27696
24894 23350 26888 26973
27008 25432 24267 25385
27471 24896 24951 24901
27013 25401 24295 25368
26808 25855 25452 23699
25792 27046 25919 23964
24447 23912 27914 26146
24958 22808 27207 26755
25153 23378 26914 26724
24978 22921 27401 26536
27142 25310 24598 24917
26344 25246 24414 26050
25763 25758 27170 23684
24602 24512 28326 25265
24120 24203 26292 27379
23930 24204 27718 26227
25296 23071 27219 26589
24993 23936 25910 27528
24516 23770 28266 25963
24783 24294 28381 25137
26122 26174 26728 23002
26103 26179 26758 23047
27290 25035 24664 25105
24801 23889 26383 27234
24040 24896 27705 26077
26922 25583 25513 24431
25095 22989 27251 26707
24875 23413 27550 26258
27433 24957 24989 24921
26839 25302 24410 25617
24851 24349 28211 25218
26817 25386 25181 24878
27059 24929 24877 25232
24753 23898 26197 27470
26522 25899 26600 23296
26746 25137 24467 25662
24460 24527 28309 25174
24551 23741 28225 25742
24116 24242 28077 25694
27017 25370 24543 25445
26484 25411 24885 25343
25115 22900 27316 26686
26239 26203 26708 23195
24940 23048 27116 26849
26978 25611 24364 25039
24774 23751 26282 27425
25357 23140 26914 26762
25702 26811 26277 23798
23903 24313 27289 26579
25113 24501 27897 25068
27414 25063 25249 24542
25744 27032 25892 24106
24603 24168 26206 27591
26591 25661 25582 24783
25290 22844 27303 26245
25664 26983 25834 24196
24167 24872 27783 25919
27345 24916 24935 25078
23809 24316 27308 26614
25191 22858 27473 26532
27364 25025 25151 25002
26036 25049 24563 26072
25324 23009 27246 26503
26170 26434 26114 23999
25443 22832 26925 26639
25152 22978 27345 26591
24196 24194 26895 26769
24506 24139 26319 27567
24537 24109 28341 25488
24752 24483 28119 25214
25555 26818 26104 24193
24049 23662 27435 26674
24270 23899 27323 26635
27207 25247 25278 24643
24950 24318 27998 25639
25124 24143 25906 27059
26842 25538 24354 25120
24419 24045 26131 27633
26565 25988 26573 23209
26159 26518 26232 23279
24490 24061 28375 25460
24681 23929 26451 27188
24729 23547 26607 27205
26805 24838 25335 25041
26402 26551 26058 23407
26477 25174 24655 25983
23762 24239 27515 26497
24305 24299 27037 26744
24721 24492 28102 25586
23786 24621 27649 26345
27493 24980 24828 24986
24070 23856 27621 26342
27195 25366 24801 24601
26934 25585 24845 24950
23774 23895 27669 26508
26463 25905 26652 23244
27129 25325 25052 24625
27027 25551 25254 24494
24842 24101 26822 26731
24750 23168 26790 27108
24516 24390 27845 25798
25540 26869 26053 24173
24231 24095 27841 26153
24215 25285 27188 25796
25597 26120 25722 24739
25943 25574 25476 25412
25905 26751 25915 24066
25420 22967 26766 26632
25137 23462 25933 27159
24961 23923 26136 27440
24719 24296 28399 25340
25393 23024 27123 26359
27013 25401 24295 25368
26080 26523 25525 24463
26110 26148 26854 23499
25173 24337 25789 27070
26957 25448 24502 25080
27277 25224 24660 25023
27268 25259 24525 24921
25119 22799 27106 26711
25571 26923 25949 24236
25971 25638 26410 24504
25731 26948 25877 24214
26515 26107 26495 23485
23991 24290 27984 25903
24970 24033 25939 27488
25671 26991 25823 24262
25940 26323 25267 24673
27297 25224 25169 24609
26482 26255 25891 23676
26987 25495 25012 24584
24589 23479 26595 27234
26905 25486 24622 25206
24894 23678 26337 27208
25073 23920 26357 27175
26068 26726 26068 23362
26694 25065 25806 24587
24011 24480 27807 26009
25425 25811 26987 23893
26540 25921 25998 23847
24975 24427 28089 25532
24486 24367 26182 27327
23884 24790 27608 26135
24210 24426 27440 26348
25617 24252 25416 27081
27390 25149 25041 24653
25083 24802 27652 25188
24260 24663 27617 26204
25808 26957 25982 24055
24793 24178 26143 27311
27325 25120 24569 24962
27159 25440 24806 24881
24238 24363 26566 27240
24024 24631 27382 26366
24358 24409 26798 26718
26756 25529 26016 23643
24438 24620 28010 25172
23871 24141 26971 26953
26735 25145 24737 25553
25062 23809 25930 27458
25995 25646 26235 24184
27217 25291 24508 25150
26054 26791 25631 24186
26906 25346 24445 25555
24500 23767 27486 26444
24098 24439 27273 26394
24296 23790 27274 26801
23947 24309 27081 26862
26990 25363 25828 23588
25964 26516 25847 24299
26127 23955 26344 25926
26335 25979 26496 23535
24259 24494 27769 25983
25117 22802 27142 26701
25926 26677 25469 24266
27462 25185 24891 24895
23958 24326 27357 26572
27305 25253 25104 24608
25602 24524 25863 26371
24569 23630 26777 27145
24323 25391 26717 25195
26247 25890 26365 23878
24062 24162 27711 26293
25772 26895 25854 24211
24327 24328 26395 27247
26781 25564 25362 24549
25364 25634 26634 24866
24135 24496 26862 26899
25003 23034 27165 26850
26866 25512 24818 25048
24663 24291 26468 27294
26724 25169 24451 25677
24676 24301 28300 25496
25237 23200 26707 26830
25656 26892 25924 24239
26152 26415 25683 24058
25661 26903 26113 23913
26109 26421 26224 23681
26582 25176 24862 25764
27335 25162 25023 24741
27100 25305 25266 25012
23857 24330 27636 26470
24786 23305 27477 26507
26208 26333 26334 23612
26668 25715 25554 24575
25794 23383 27126 25388
25013 22892 27234 26741
26875 25401 24495 25507
26061 23571 26523 25328
23825 24450 27484 26489
25710 26742 26337 23868
23856 24325 27492 26506
26814 25185 24782 25518
24620 24447 27682 25810
26585 24759 25534 25713
26071 26406 26645 23385
26728 24170 25755 25315
24798 24134 26641 26894
25932 25767 26270 24677
25218 23079 26557 26937
23965 24466 27437 26313
25915 26768 26045 23936
26796 25032 25003 25224
24992 24247 27986 25351
27320 24949 25057 25115
25473 23120 26955 26323
24585 23984 27890 26063
24648 23699 28017 26027
26849 25394 24692 25514
26471 25380 25760 24793
25413 26690 26338 23529
27456 24973 24840 24955
27108 25262 24587 25359
23976 24371 27426 26451
23767 24165 27328 26790
24658 24645 27287 25853
26094 26502 26379 23321
26132 26268 26531 23552
24698 23578 27626 26095
24820 23683 27968 25751
25799 25746 26725 23950
24889 23440 27024 26872
26952 25498 25243 24808
24367 24161 27086 26621
26230 25948 26621 23600
26234 26246 26491 23440
24777 23728 26910 26575
26507 25682 24920 25301
24893 24395 28196 25299
26110 26283 26682 23233
24882 23214 27365 26582
24889 23154 27423 26335
24667 23019 27145 26904
26994 25447 24575 25382
25463 25556 26084 25187
26831 25779 24720 24886
24111 24306 26655 26998
25059 24067 25732 27276
24599 24126 27821 25888
25578 23504 27101 25535
27015 25501 24606 25077
24529 24385 27462 26113
26696 26003 25589 23556
24892 24249 28028 25718
24632 24222 27203 26351
27114 25320 25196 24945
25629 27072 25817 24153
25355 24876 27644 24799
25539 23106 27334 25841
25069 23295 27195 26447
24857 24595 27525 25391
24420 23910 26218 27596
24458 24260 26557 27048
24524 23098 27392 26659
26447 24739 24710 26054
25338 24601 27600 25141
26374 25835 24960 25067
25937 25249 26671 24634
26279 25594 24705 25348
25845 26635 26128 23735
24650 23341 27298 26705
27216 24816 25317 24857
24608 24961 27343 25656
26313 25706 26498 23514
24104 24942 27597 26171
25760 26858 26063 23818
24667 23488 27520 26270
25567 24905 26581 25358
23877 24018 27338 26657
25954 25157 26935 23787
24247 23793 26975 26967
25166 22936 27311 26470
26841 25752 25188 24142
26078 25051 24909 25929
26627 24215 25326 25935
24972 23245 27419 26340
26649 25033 24712 25690
24301 24266 27596 26240
25515 24008 27130 25287
25213 26218 26300 24616
26715 25622 24577 25163
25299 26310 26176 24685
25983 26223 26682 23394
24954 23057 27102 26985
25176 24564 27018 25772
27408 25018 25070 24974
27246 24967 25321 24854
26419 25435 24743 25607
25410 23690 26939 26123
25047 23258 27277 26466
24827 24551 28055 25526
24380 24705 27857 25865
24090 24728 27883 25995
23916 24417 27506 26419
25278 22885 27308 26331
27334 25376 25045 24444
23980 24701 27661 26167
26740 25670 26048 23810
25237 22879 26865 26856
26132 26335 26365 23969
25788 26774 26226 23894
24572 23809 26558 27355
24595 24531 27538 25952
24871 24752 28138 24750
24484 23671 27560 26289
25862 26796 25599 24394
24709 24078 25948 27553
24946 23276 27615 26131
25507 26045 26462 24669
27292 25032 24866 25154
25478 23183 27393 26235
24664 23516 27695 26428
26289 25397 26068 24701
26654 25217 24755 25481
25231 23311 27422 26042
25928 26534 25670 24391
25623 23269 27056 26168
25307 24405 27234 25979
25657 23005 26733 26644
26306 26019 25629 24037
27152 25262 25093 24925
24193 24339 26590 27256
26358 24944 25145 25570
25095 23503 26424 27088
24923 22911 27723 26169
24796 23832 28034 25846
25997 24853 25979 25732
26178 25685 25961 24619
26155 23820 26578 25168
25748 26614 25688 24370
26211 25056 24774 25992
24814 24558 27676 25726
25414 23870 26468 26196
26638 24782 25871 24819
24508 24460 28245 25316
26148 26089 26288 23943
25883 25208 25727 25453
25301 26508 26158 24481
25917 26658 25707 24334
24592 23931 28283 25663
24559 23658 28104 25885
26834 25844 25205 24084
26841 26029 25831 23381
24093 24978 27284 25911
25284 24182 26514 26154
25532 26734 26251 24088
27080 25488 24411 25062
23924 24303 27657 26288
26626 25717 24947 25081
25049 23764 27258 26141
25847 25615 26160 24726
25087 23537 26740 26651
25643 26928 25992 23984
25538 25980 26588 24592
25158 24720 27582 25238
25279 22871 27036 26780
24742 24216 28286 25401
26545 25353 25665 24647
25545 24614 26318 25578
25073 23345 26598 27004
26203 26395 26601 23322
27258 25085 25395 24585
24712 24082 26622 27101
24392 24859 27753 25430
26309 24993 26153 24657
25643 25994 26398 24424
25856 26094 26880 23308
25875 26709 26261 23577
24933 24921 25737 26278
25253 24436 27007 25396
24907 23803 27750 25726
24355 24586 27409 26306
27405 24884 25082 24966
24937 23865 26543 27125
25104 24069 27639 25425
26703 25201 24870 25650
26384 25136 24982 25696
26970 24543 25489 24991
26325 25347 25262 25340
25688 26853 26261 24033
25752 26797 26088 23901
26057 26541 25784 24285
25348 25332 26072 25319
26191 26130 25460 24253
26331 25235 24671 25821
25551 27001 26006 24260
25033 23393 26155 27390
25523 25108 26886 24554
26125 26355 26552 23709
25979 25106 26429 24475
25272 24575 27826 24736
25166 23754 26944 26551
26329 26112 25147 24827
24244 24236 27264 26529
26207 25600 25781 24788
27429 25140 24929 24850
26051 26507 26248 23346
24862 23679 27875 25862
25527 25471 26934 24166
25494 24697 27137 24990
26025 26071 26401 23917
26633 24592 25986 24383
23890 24121 27743 26250
26929 25417 24481 25407
24182 23647 27363 26677
25837 26366 26339 23801
26570 26229 25578 24134
26578 25530 24528 25270
26532 24232 25841 25676
24679 23565 27973 25885
26163 26366 26213 23454
27174 25367 25437 24475
24679 24216 28227 25567
26662 25690 24972 24863
24827 24551 28055 25526
26340 24999 25610 25268
25590 26628 26310 23873
25712 26165 26065 24632
26604 25736 26259 23528
26951 25168 25347 24771
26822 25478 25086 25222
27358 25074 24730 25027
24865 24341 28339 25306
25310 23825 26754 26116
26826 25699 25338 24401
26676 25525 25761 24120
26599 25898 24958 24886
23912 24219 27928 25993
24442 24201 27964 25895
27248 25222 25071 24613
25911 25726 27080 23888
26907 24899 25654 24747
24002 24769 27660 26098
26861 25487 24485 25559
25922 26546 25970 24348
25292 23979 27072 26021
26200 26530 26140 23921
24278 24137 27466 26542
25615 26649 26308 23997
26654 25542 24631 25198
24542 24635 26372 26559
24425 23590 27510 26410
26115 26584 25731 24224
25491 26296 26554 24284
24756 23970 26371 27353
25039 23092 27366 26411
25746 26715 26275 24078
24085 23849 27375 26629
26414 25991 26792 23253
25841 26290 26647 23425
27087 25203 24628 25434
24456 24192 28278 25611
24512 23328 27418 26464
27493 24980 24828 24986
26388 25836 26099 23653
25171 23191 27573 25949
25178 25195 27181 24843
25889 26838 25841 24057
24615 24319 27447 26149
26938 25094 25502 24920
24022 24079 27594 26558
26072 26641 26154 23263
25864 26759 25740 24359
25957 24764 25505 26034
26624 24425 25713 25231
25366 23906 25767 26736
27071 25268 25299 25057
26761 25327 25063 25250
26914 25281 24537 25512
24727 24649 27780 25208
27343 25089 24757 25048
25140 23262 26031 27108
26551 25113 25424 25369
25147 23115 27114 26617
25140 22941 26835 26946
24146 24643 27867 25825
25131 23031 26895 26877
26195 26480 26302 23220
25173 23564 27249 26306
24398 24870 26996 25998
26049 24886 25313 25893
24860 24085 26010 27541
23947 24454 27892 25906
25393 23133 26377 26985
24639 23641 27725 26310
24349 24361 27606 26100
24607 24011 27759 26177
27040 25134 25342 24774
24411 24139 26734 27269
26636 25787 25097 24410
25315 25082 25628 26191
24626 23886 26784 26846
26528 25772 25614 24082
26369 25917 26387 23765
26039 26565 25967 24020
25401 23492 26537 26612
24844 24757 27554 25255
25056 23237 26649 26917
24972 24305 26165 27199
26294 26348 25870 23665
25244 24092 25478 27140
25033 23393 26155 27390
24897 23882 26749 26670
26913 25337 25018 25123
26084 23835 26380 25779
26619 25239 25782 24306
24760 24474 26685 26555
25267 24106 26113 26646
25099 23128 26863 26866
25088 22836 27385 26686
26885 25674 25768 23663
25517 26137 26420 24520
27261 25118 24897 24975
26603 25894 25865 23511
26233 25586 25658 24449
26857 25415 24871 25378
27019 25253 24604 25303
24674 23637 27791 26132
27120 25358 24904 24913
24925 23745 26983 26216
24288 24676 27188 26418
27156 24795 25037 25182
25837 26712 26055 23691
26015 26758 26000 23452
24431 23704 27093 26785
26440 25900 24579 24758
26511 25775 26311 23833
25200 23316 26780 26815
27232 24652 25035 25273
24440 24494 28133 25396
25208 23419 27153 26424
24869 24200 25996 27302
25804 27016 25771 24120
25005 24583 26257 26755
24055 24087 27665 26381
27375 25025 24639 24982
27229 25211 25293 24656
26402 25295 25410 24836
24467 24741 26953 25835
25015 22952 27278 26680
24966 24810 27325 25310
25435 23700 26521 26303
24865 23500 26296 27447
24082 24455 27294 26485
27146 25183 24687 25405
25135 26132 26328 24594
26213 26206 26244 23718
26864 25875 24981 24712
26739 25561 24683 25197
25885 26666 26116 23746
27143 25233 25208 24893
26285 26375 25597 24045
25576 23495 27063 25812
25362 24507 25871 27001
24776 23539 28037 25789
26279 26177 26265 23744
26277 26277 26097 23604
24383 25020 26954 25938
24174 24380 26922 26735
25856 25942 25281 25309
23797 24355 27718 26044
24743 24672 27923 24884
24506 24025 26979 26410
24531 24049 26803 26890
26633 25908 25944 23445
26882 25894 25202 24059
26898 25524 25476 24564
25347 24512 26854 25592
26065 26495 26438 23435
25032 23446 27260 26428
26452 25256 26091 24232
25203 25226 25640 25768
26023 24711 25695 26119
24727 24684 28184 25074
27382 25056 24955 24980
25868 26081 26837 23900
24473 25075 27050 25775
25208 23936 25662 27099
26249 26478 26126 23218
24678 24413 26195 27024
26143 26226 25935 24249
25754 26389 25647 24536
25447 23653 27090 26229
25788 26973 25950 24111
26004 25404 26174 24918
26365 26195 26519 23231
26394 24476 25289 25767
24406 24076 27873 26018
25440 26402 26259 24411
26149 26620 25973 23750
24473 23581 26917 27118
24508 24460 28245 25316
26563 25505 25198 24908
26187 26039 26280 23624
24540 24676 27453 25705
25776 26014 26322 24525
24416 24876 26609 26380
25452 26381 26247 24440
25964 26526 25565 24365
24153 24913 27425 25968
25170 23603 26726 26787
26263 25450 25840 24775
26975 25378 24969 25024
26609 25912 25266 24340
25817 26726 26127 23930
25657 27012 25705 24220
27029 24485 25369 25131
25735 24988 25794 25638
25504 25938 26632 24578
24638 24295 26331 27357
24404 23737 27511 26262
25734 26171 25645 24932
25613 23516 26786 26581
26667 25171 25215 25398
25877 26653 25517 24376
25108 24971 26809 25708
26304 25793 26569 23470
25949 26592 26065 24048
27044 25372 24479 25491
26645 24628 25066 25604
24948 24733 27673 25092
24724 23911 26249 27369
25986 25510 25674 25495
25028 24520 26187 26657
27040 25115 25029 25143
25128 22834 27059 26916
25955 26699 25715 24163
26493 24432 25541 25252
25660 26886 25998 24292
24860 24096 25867 27538
25101 24563 27270 25422
25853 24943 25702 25956
25117 23271 27353 26106
26561 25956 25117 24349
26568 25614 25122 24941
26032 26575 26143 23889
24185 24984 27815 25764
24415 23959 27448 26401
25560 23759 25947 26516
25590 25426 26932 24377
25782 25446 26939 24319
27032 25374 25080 24459
26663 25183 25898 24274
27201 25206 25411 24629
26107 26184 25227 24457
26016 25242 25225 25628
24883 23891 26209 27342
25715 24433 25955 26183
25583 23459 26864 26502
24254 24253 28021 25959
26947 25328 25430 24763
26512 25700 25745 24084
26770 25596 25494 24500
24751 24030 26140 27498
26162 26339 26457 23435
25777 26881 26057 24172
25194 23234 26851 26926
24690 23428 27579 26414
24915 23068 27386 26814
25280 22939 27467 26316
25561 25626 25373 25381
25032 24748 27798 25082
24409 24541 26504 27018
25879 24884 25383 25500
26007 24057 26017 25373
24946 24687 27936 24859
26407 25968 25771 24099
26369 25862 26402 23872
25189 23286 26881 26545
24825 23793 28163 25626
26239 24708 25572 25679
25241 23840 26980 26335
25195 23032 27160 26626
27110 24807 25222 25035
26248 26333 26278 23370
24476 24697 27492 25756
24138 25192 26928 26147
24923 23948 27497 26067
25697 24880 25773 25738
25399 26182 26746 24149
24867 24242 28201 25285
24375 25274 27449 25205
24856 23471 27452 26332
27234 25142 24787 25109
25309 24036 26871 25802
25861 25677 26800 24473
27375 25025 24639 24982
25753 25815 27110 23662
25473 23206 26322 26709
25206 24321 25978 26601
25742 26456 26489 23723
23995 24826 27733 25981
26825 25517 24761 24995
24809 24823 26477 26299
24934 24284 26742 26209
27173 24691 25164 25470
25996 26616 26210 23566
25723 26000 26505 24186
24925 25005 26934 25879
26249 25766 25923 24276
26137 25363 26122 24625
26878 25364 24836 25411
26618 24229 25390 25541
25259 26300 26227 24761
25386 24888 26730 25394
24975 24953 27881 24513
24378 24192 27606 26456
24748 23773 26529 27274
25964 25663 26981 23474
26658 25793 26019 23632
24766 23956 26006 27614
26105 26397 26449 23426
26182 26342 26229 23870
26415 25061 25269 25477
24478 23981 26806 27111
24983 23543 26603 27144
24053 24395 27387 26486
26457 24606 25857 25192
26944 25521 25301 24715
24776 23421 27534 26286
25826 24517 25464 26242
25375 26239 26619 24580
25000 23530 26718 26838
24562 23230 27339 26669
27049 25267 25321 24719
25017 23084 27583 26178
25257 23028 26415 26957
25761 24169 25234 26807
26172 26273 26487 23467
25030 23431 27331 26616
24746 24372 28081 25674
25348 23716 26856 25846
25682 26310 26313 24495
24281 24844 27408 25903
27398 25002 25115 25050
24171 24863 26839 26276
25272 23607 26661 26233
26496 26264 25354 24419
25315 24383 26393 26386
26076 25304 25445 25327
26629 25590 24868 25034
24558 24574 27944 25550
25904 23731 26486 25509
26241 25349 25499 25016
27074 25291 25449 24180
25735 26970 25801 24316
24471 24358 26443 26889
26777 25191 25116 25148
25497 24833 25428 26213
26423 24625 24922 25768
26299 25459 26628 24316
25062 24750 26615 25956
25707 23100 27146 25898
25736 23450 26648 26011
25313 23966 26655 26477
26417 25727 25507 24690
25331 23771 26950 26207
26226 24173 26580 25072
25670 23713 26851 25993
26313 25125 25298 25483
26769 25520 26024 23729
26092 25519 26793 24010
25364 27041 25954 24091
25378 22949 26661 27021
27423 25073 25093 24946
24607 24668 26816 26028
24852 23523 26799 26958
24986 24518 25483 26921
25825 26054 26296 24071
25902 25003 26771 24256
26711 25749 25218 24522
25693 26640 26032 24498
25568 24657 26756 24664
26085 24774 25368 25969
24997 24473 27736 25183
24466 24704 27795 25473
25580 25838 25890 24999
26268 25584 25412 25176
24749 24160 28158 25375
26242 26346 26029 23707
25227 24196 26784 26058
24824 24611 27069 25631
24809 24286 26874 26520
26364 26010 26809 23266
24704 23973 26310 27253
24737 25263 26531 25547
24567 23918 27948 25996
26090 24763 25379 26289
25102 25546 26961 24512
26395 24687 25133 25749
24687 25591 26626 25523
25813 25525 26848 24375
26092 25080 26699 24015
26387 26233 26335 23271
26160 26221 26078 24023
25786 25962 25801 24572
24910 25046 27366 24952
24668 24199 26902 26507
25003 23578 26515 27027
26396 26062 26720 23343
24916 23617 26874 26606
25607 23659 26891 25865
26345 25990 26764 23439
25843 26835 26052 24109
25122 23854 26220 27319
26064 25627 26078 24651
24875 24370 28146 25543
25596 23611 26209 26008
26342 26036 26196 23897
25471 24532 26302 25831
26780 25490 25487 24559
26763 25483 24996 25002
25202 24925 27815 25018
25811 26362 26470 23853
26172 25819 26255 23954
26190 26026 26877 23854
24147 24420 27202 26612
25446 26063 26714 24847
25980 26554 25551 24436
26254 26099 25231 24780
26319 26236 26564 23338
27314 25202 25159 24892
27089 24980 24993 25189
24988 25040 27284 25376
24599 24498 28177 25361
25895 24656 26887 24327
25303 24860 27211 24860
26193 25277 25631 24999
27043 25423 24450 25113
26437 25724 26332 23748
25430 25924 26828 24150
25856 25882 26478 24332
25634 23523 26067 26001
26895 25380 24471 25457
25877 26606 26359 23716
24652 24536 26005 26785
24885 23587 26958 26790
23797 24355 27718 26044
25759 24923 24691 26128
26010 26700 26015 23919
26066 25707 26541 24160
25680 26096 26619 24318
24923 24813 27731 25096
24176 24786 27586 25845
25204 23059 27027 26861
24426 24151 28148 25792
26010 25932 26918 23601
24960 23229 27003 26840
25100 23221 26481 27037
26244 25799 25882 23935
26846 24613 25302 25082
25891 26468 26158 24257
25922 26468 26526 23437
26829 24475 25391 25243
25987 25344 26443 24467
27358 25074 24730 25027
23890 24121 27743 26250
26911 25273 25102 25178
26432 25843 26309 23569
26573 25694 25982 24093
24689 24174 27405 25970
27115 25460 24789 24820
24389 23816 28198 25905
25477 25818 25976 24803
26099 25621 26649 24273
25902 23747 26840 25463
24902 24556 27018 25786
24919 24710 26481 26158
25911 26724 25548 24281
26049 26074 25968 24227
27456 24973 24840 24955
26059 25511 26911 23668
25610 25164 26296 24977
25897 25130 26035 25055
24540 24402 26515 26822
25961 25933 24771 24914
26611 25497 24796 25252
25244 24719 26074 25797
26103 26559 26027 23986
24948 23316 26709 27035
26281 25615 26174 24304
25962 26595 25819 24100
26320 25331 24895 25899
24542 24591 27038 26123
24603 24572 27831 25462
26219 24883 25449 25735
26411 25613 25358 24911
24973 23814 26207 27343
26895 25474 25054 25172
24493 24139 27589 26248
24997 24682 26110 26402
24689 24204 28172 25478
24390 24286 26781 26882
24752 23804 27052 26751
26379 25696 25400 25127
24836 23627 27271 26414
26743 25566 25689 24205
25044 23845 26813 26405
25379 26490 26374 24589
25283 24066 27179 26003
25549 25788 26573 24389
26328 25269 25877 24469
26612 25666 26253 23463
25777 23284 27192 25705
25650 23307 27002 25897
25467 24783 27495 25114
24652 24178 27810 25815
26402 25476 26852 23576
24190 24604 26536 26859
26559 24549 26171 24830
24566 24952 27504 25409
26089 26289 25731 24531
26433 25797 25411 24569
25156 24219 27311 25876
26317 26194 26257 23647
27269 24932 25218 25112
25639 23500 26359 26042
27378 25121 25403 24580
26285 26230 26012 23773
27427 24862 24903 24979
25119 24478 26844 25921
25147 24855 25692 26543
26116 26440 26093 23944
25643 26928 25992 23984
26160 26188 25914 24357
24856 24007 26546 26664
25294 23316 27519 25684
24702 24040 26062 27696
26047 25004 25259 25596
25382 24012 25938 26511
26364 25822 26504 23465
27030 25390 25543 24316
24512 23328 27418 26464
24481 24041 26169 27607
24911 23944 26238 26779
26687 25213 24978 25596
25985 25783 25566 25147
25831 26733 26035 24214
25070 23998 26387 26593
25441 26829 26002 24282
24537 23644 28182 25793
26865 25609 24676 24879
25450 24690 27199 25363
24454 24253 26657 26634
26320 25372 25144 25146
26039 26569 25939 24101
24954 24544 27266 25881
25831 25169 24811 26073
25452 23452 27242 25948
25033 23739 27698 26063
25127 24159 25913 26903
26462 24867 25238 25499
26339 24333 25938 25612
26310 26193 25594 23724
25025 23462 27829 26003
25565 25547 26785 24766
26421 25210 25589 24822
