24621 780.215
16768 17509 17112
16877 17318 17435
16964 17449 17142
17091 17018 17293
17072 17188 17275
17107 17454 16952
17043 17009 17353
17061 17364 17132
16709 16822 17630
16858 17421 17262
16645 17023 17623
16786 17391 17362
17278 16841 17020
16782 16871 17562
17004 17498 16842
16664 17466 17224
17160 17289 16780
17223 16975 16989
17187 17106 16936
17001 17265 17309
17098 17207 17168
17165 16879 17154
17139 17141 17084
17112 17467 16873
16823 16757 17547
17182 17027 17076
16851 16832 17490
16977 17312 17288
17252 16931 16927
16918 17219 17401
17271 16878 17016
17162 16751 17185
17010 16870 17386
16808 16987 17485
16654 17227 17478
16831 17241 17449
17131 17271 16898
16883 17366 17311
16704 17002 17537
17098 17313 17018
16909 17484 16926
16981 17116 17377
16769 16713 17587
16874 17462 17109
16946 17362 17214
16958 17155 17387
16755 17159 17470
16598 16968 17633
16573 17049 17615
16717 17068 17503
16796 17521 16845
16866 17522 16767
16937 16872 17407
16676 17146 17491
17170 17070 17066
16782 17308 17444
17027 17383 17091
17110 17022 17167
16777 17398 17318
17325 16716 16653
16501 16552 17659
16707 17528 16807
17325 16716 16653
16506 16583 16762
16537 16949 16717
16550 16713 17006
16649 17018 17166
16414 17009 16754
16604 16898 16666
16711 16696 16797
16439 16833 16669
16569 16849 16745
16670 16901 16816
16800 16854 17137
16758 16860 16939
16340 16971 16785
16304 16762 16730
16650 16984 16814
16651 17033 16686
16498 16894 16623
16274 16803 16839
16732 16928 16895
16380 16965 16824
16516 16896 16570
16490 16609 16592
16696 16773 16875
16377 16505 16325
16614 17035 16665
16506 17060 16916
16510 16903 16754
16583 16975 16947
16657 16710 16694
16614 17023 16700
16439 16867 16725
16600 16726 16633
16451 16813 16847
16473 16781 16675
16357 16892 17154
16616 16960 16801
16663 17125 16835
16585 16909 16728
16707 16648 16854
16422 17045 16646
16540 16990 16731
16347 16801 16648
16583 16969 17016
16487 17230 16835
16598 16778 16888
16464 17011 16758
16491 16989 16582
16458 16552 16322
16451 16864 16932
16343 16806 16499
16405 16517 16726
16702 17126 17029
16723 16941 17016
16546 16977 16869
16408 16873 16476
16724 17069 16810
16586 16771 16855
16524 17218 16970
16363 16808 16699
16548 17185 16974
16577 17092 16990
16532 16889 16700
16510 16995 17194
16338 16850 16934
16499 17042 16655
16444 16946 16883
16530 16938 16853
16415 17117 16872
16604 17033 16868
16353 16981 16788
16692 16898 16594
16446 16735 16618
16773 16894 17096
16424 16830 16781
16550 16805 16748
16528 16777 16823
16457 17028 16666
16693 16961 16661
16377 16696 16539
16670 16881 16948
16652 17005 16836
16605 17000 16756
16602 17103 17005
16664 17093 16811
16606 17006 16748
16424 16665 16714
16293 16812 16574
16697 16927 16559
16414 16765 16634
16656 17135 16981
16329 16952 16469
16497 16814 17058
16577 16822 16684
16716 16863 16864
16768 16974 17016
16482 16984 16760
16621 16854 16972
16589 16981 16771
16543 16834 16917
16412 16661 16727
16707 16950 17028
16768 17022 16797
16582 16921 16437
16329 16924 16528
16724 16892 16869
16215 16597 16811
16646 16933 17071
16577 16781 16643
16550 17022 16890
16341 16969 16795
16290 16711 17053
16591 16848 16858
16654 17083 16836
16764 17111 16996
16540 16780 16863
16482 16884 16360
16656 16733 16964
16493 17042 16905
16406 16766 16756
16491 16916 16820
16416 16623 16428
16476 16921 16684
16623 16939 16962
16364 16923 16968
16554 16886 16839
16742 16954 16579
16418 16802 16715
16632 17024 16902
16412 16964 16663
16469 16886 16800
16482 16737 16977
16623 17001 16759
16411 16755 16644
16650 17178 16857
16688 16992 16961
16522 16718 16794
16484 16975 16905
16395 16921 16724
16658 16800 16815
16707 16942 16781
16700 16894 16887
16559 16852 16742
16487 16912 16852
16638 16982 17017
16227 16891 16796
16318 16929 16908
16794 17227 16830
16301 16925 16715
16320 16763 16872
16722 16895 16902
16689 16884 16935
16623 17124 16598
16473 16853 16886
16454 16841 16881
16756 17139 16898
16425 16865 16743
16578 16826 16705
16450 16712 16470
16574 16782 16759
16453 16815 17088
16477 16700 16780
16565 16832 16765
16356 16594 16519
16713 16934 16762
16420 16648 16612
16463 17033 16693
16555 16921 16808
16463 16744 16906
16506 16786 16718
16308 16869 16659
16619 16877 16906
16544 17136 16788
16462 16683 16688
16667 16852 16578
16502 17033 17059
16920 16957 17082
16506 16608 16574
16391 16833 16749
16643 16984 16881
16808 17205 16889
16570 16913 16742
16500 17051 16817
16565 16892 16424
16659 16987 16705
16643 16885 16874
16037 16792 16738
16689 16855 16832
16521 17155 16928
16535 17125 17075
