28767 420.113
7013 7596 9469
8264 8489 8360
8865 7750 7753
7077 7816 9170
7952 7608 7455
7344 6811 8073
8822 8811 7978
6545 7240 8838
7508 8341 8402
8633 7963 8278
7315 8878 8165
7015 7228 8802
7669 6853 9191
7937 6959 8648
9139 7892 6977
7038 7539 9312
7683 7244 9306
7594 7911 8906
7503 6856 9006
8061 8428 8828
8662 9042 7856
7467 6634 9109
8571 8146 7081
7460 7920 7805
6910 6674 8799
7888 9172 7536
8613 7704 8639
8705 8478 8269
8326 8054 6284
8191 7828 8650
7516 7767 9043
8603 7288 8303
7906 7422 8856
7930 8249 8924
8388 7657 8008
7910 8322 8154
9076 8040 6651
6854 6756 8328
8802 8262 8520
9382 8131 7429
8439 8088 8389
7644 8432 9103
7815 9001 8482
7334 6754 8691
8078 8635 8294
8364 9355 7659
7932 8665 7647
6430 7582 8972
8148 8793 8078
9515 8077 7245
6558 7078 8265
7558 8592 8473
7833 7329 8807
6593 7698 8418
7359 8790 8561
7662 8781 8598
7932 8399 8004
6485 6972 8730
8145 7690 8648
9109 8724 7422
8050 9471 7842
8757 8412 8129
8973 9081 7897
6768 7655 8670
6074 7418 8064
7288 7070 9328
7274 9020 8425
8101 9168 7842
8233 8516 8140
8640 8786 7558
7118 7859 9111
8652 7787 7171
7821 7701 8770
8034 7872 8142
6808 7405 9516
7263 6723 8741
6842 7883 8841
7050 7611 8873
7604 7884 9125
9106 7669 7777
9368 8254 7833
6756 7600 9591
7726 8174 7811
7739 7721 8677
9437 8435 7706
8097 8160 7337
7537 7434 9224
8448 7658 7325
8192 8939 7226
9203 8795 7527
8948 8897 7443
7104 7627 8985
7870 8379 7290
8749 7673 7128
8425 8785 8074
8875 8537 7460
8666 8678 7007
9301 8323 8074
7828 7763 8607
7392 6940 9292
7877 7516 8704
7481 8955 6849
8052 7174 7648
8771 8434 7092
7035 8723 6369
7671 8648 7181
7990 8297 8679
8008 7679 8817
6945 7947 8598
8468 8351 8025
9359 8306 7914
6543 7778 8142
8672 7816 8635
7226 8692 8261
8109 8587 8796
6393 6846 8872
8637 8610 7937
9224 8218 7391
7883 8666 7993
9050 8243 8020
7735 8028 7666
9108 7903 7600
7632 7443 8693
9230 8533 7807
7431 7380 9381
8231 7721 8825
7529 7727 8528
7800 9384 8135
7893 7681 8476
8873 7670 7294
8069 8358 8892
7867 8588 8832
7591 6692 9009
7480 8209 9283
8690 8122 8172
9096 8815 7922
8031 7649 9271
7398 7241 9053
8723 8366 7567
7344 8420 8949
7347 9014 7884
8117 6934 9018
8183 7655 9111
9041 8668 8218
8055 7715 9001
7786 8865 8121
9493 8009 7644
8590 9053 8109
7297 8048 8077
7670 8026 7927
8940 8553 7505
9277 8072 6852
8646 7959 7312
7986 8382 8593
7579 7391 8681
8427 7838 7858
7086 8010 8430
7712 8258 8690
7223 8249 8226
7159 9017 7903
7974 6901 8661
8518 7586 7442
8217 7574 8926
7058 7167 9387
7991 8599 8694
7258 7806 8769
8335 8617 7061
8115 7671 8708
7927 7033 8779
8653 9191 7543
8671 8877 7958
9094 8353 6930
7136 7634 9083
8751 8002 7573
7654 8776 8575
7421 7717 9445
9092 8215 8026
9224 7646 6940
8367 8195 7145
9077 8455 8589
8590 6836 7843
9396 8612 7494
7763 9410 7949
9275 8225 8053
9321 8531 7184
7923 7575 8655
7368 7482 9014
7768 8315 7713
7543 7752 9237
8132 8569 8612
8282 7852 8963
8284 8052 8844
6961 7132 8662
7729 8715 8723
7416 8733 8353
6791 7885 7702
8424 8133 7235
7888 8459 8708
8885 8181 6941
8458 7556 8445
