269996 2760.23
2943 3426 3443 3217
3284 3450 3217 3130
2885 3747 3151 3202
2948 3388 3491 3155
3007 3574 3304 3131
3033 3377 3271 3348
3186 3403 3221 3270
3082 3558 3172 3270
3252 3440 3082 3262
3051 3407 3082 3459
2956 3523 3181 3379
3113 3695 3042 3160
3078 3639 3156 3178
2960 3508 3274 3306
3185 3322 3346 3150
2884 3645 3284 3149
3052 3760 3084 3125
2975 3808 3081 3128
3103 3489 3089 3362
3043 3459 3319 3210
3047 3246 3503 3142
3004 3606 3217 3205
2912 3513 3113 3476
2946 3641 3032 3332
3157 3365 3123 3372
3107 3588 3216 3133
3139 3427 3271 3203
3327 3365 3124 3154
3083 3403 3096 3433
3348 3418 3097 3075
2913 3399 3555 3045
3305 3345 3037 3253
3244 3388 3025 3325
3102 3585 3012 3317
2968 3402 3224 3414
3085 3488 3236 3276
3070 3441 3419 3057
2861 3431 3228 3469
3177 3569 3066 3196
3222 3544 3092 3159
2893 3385 3253 3448
3226 3365 3302 3107
3282 3507 3072 3142
2964 3338 3337 3328
3100 3303 3420 3142
2896 3709 3096 3282
2988 3266 3309 3377
2957 3495 3398 3077
2964 3421 3374 3250
3312 3309 3271 3070
3178 3324 3159 3343
2879 3758 3073 3273
2992 3512 3046 3434
3288 3411 3176 3166
2922 3837 3005 3140
2840 3425 3374 3310
3215 3315 3183 3283
2911 3469 3081 3484
3006 3320 3418 3188
2850 3161 2939 3630
2766 3252 3603 2994
2948 3873 2913 3027
3504 3194 2913 3035
2656 3157 3045 2945
2807 2940 2901 2985
2684 2966 2832 2749
2475 2773 2618 2750
2751 3130 3026 3072
2445 2703 2835 3077
2719 3252 2847 2804
2920 3084 3087 2788
2639 3056 2950 2853
2756 3072 3005 2858
2511 2509 2823 2596
2899 3301 3150 2998
2539 3098 2832 2955
2820 2833 3021 2667
2631 3070 2744 2891
2794 3261 3071 2956
2735 3304 3161 3016
2993 3158 2944 2743
2510 3241 2920 2944
2723 3089 2762 3024
2719 2817 2962 2961
2381 2429 2579 2624
2721 3301 2744 2949
2734 3033 2953 2848
2839 3170 2773 2839
2795 2854 2834 2871
2636 2975 3161 2673
2663 2859 2779 2885
2463 2627 2804 2991
2650 3131 3071 3076
2424 2915 2689 2916
2752 3025 3040 2925
2693 3007 3031 2968
2918 3367 2830 2684
2733 2936 2854 2657
2741 2862 2966 2952
2615 3132 3060 3020
2927 3033 2755 2843
2668 2956 2991 3060
2635 3138 3031 2830
2751 2944 2744 2898
2670 3113 3024 2952
2581 2943 2916 2972
2915 3137 2942 2977
2710 3187 3066 3049
2799 3085 2948 2916
2710 2910 2785 2616
2841 3174 2916 2857
2671 3055 3175 2889
2749 3060 3127 2908
2743 3011 3028 2914
2724 3245 3032 2911
2756 3200 2687 2873
2817 3357 2906 3157
2956 3233 2921 2941
2864 2928 2862 2996
2671 3067 2833 2981
2646 3076 2907 3055
2628 2800 2900 2935
2585 2891 2957 2893
2755 3356 2610 2934
2787 3194 2944 3052
2602 2866 2979 2856
2853 2830 3093 2971
2864 2796 2924 2951
2551 2894 2737 2604
2605 3053 3061 3076
2918 3308 3132 3197
2689 3144 2985 3077
2567 3096 2806 3169
2875 3272 3006 2925
2627 2835 2647 2921
2457 2925 2915 3146
2949 2985 2967 2842
2699 3374 2916 3046
2678 3192 3057 2866
2783 3193 2781 2871
2757 3231 2880 3100
2676 2889 2712 3030
2817 3258 2956 3076
2962 3007 2835 2997
2509 2640 2705 2758
2733 3224 2619 3090
2807 2771 2962 2967
2885 3272 2789 3056
2786 3142 2896 2902
2792 2820 2913 3041
2496 3064 2710 2808
2872 2998 2904 2956
2739 3191 2883 2986
2660 2898 2794 3025
2779 2930 3034 3122
2464 2911 2845 2960
2792 3216 2808 2752
2771 3227 2783 3073
2703 3342 2965 2944
2721 3002 2868 2912
2813 3023 3096 2890
2638 3139 2958 2988
2694 3047 2901 3008
2946 3042 3022 2968
2578 3009 2909 2994
2592 3005 3178 2899
2646 3104 2926 3347
2802 2978 3035 2877
2479 3090 3116 2989
2442 3095 2834 2867
2770 3027 3021 2748
2606 3139 2623 2831
2811 2970 2840 2944
2805 2951 2875 2849
2982 3162 2893 2853
2653 3109 2807 3098
2943 3194 2933 3011
2525 3097 2650 2744
2478 2915 2901 3060
2601 3089 2928 3015
2653 3071 2947 3014
2882 2898 2899 2863
2697 3075 3011 3139
2580 3126 2839 2802
2886 2980 2968 3109
2722 3080 2976 3067
2575 2876 2691 2919
2846 3038 2848 3060
2665 3099 2845 3087
2782 3423 2920 2892
2715 2943 3018 3086
2891 3225 2931 3010
2564 3022 2690 2761
2722 2898 3229 3000
2545 3104 2780 2708
2865 3245 2795 3107
2850 3209 3032 2995
2854 2952 2457 2700
2915 3176 3177 2892
2827 3133 2789 2939
2761 3296 2917 3072
2645 2946 2902 2938
2770 3255 2956 2940
2791 3109 2868 2994
2633 2937 2701 2632
2671 3148 2943 3046
2773 3075 2772 3071
2898 3141 2852 2993
2715 3017 3140 3063
2814 3299 3083 2994
2768 2998 2887 3048
2621 2753 2691 2772
2637 2896 2941 2916
2630 3100 2818 3072
2780 3071 2852 3045
2561 2747 2900 2971
2937 3009 2762 3028
2552 3034 2624 2690
2788 3191 3126 3095
2799 3317 3112 3221
2642 3174 2885 2826
2803 3067 3061 3011
2686 3131 2948 2827
2716 3201 2982 3004
2827 3201 2807 2869
2669 2943 2721 3005
2696 3083 2825 2845
2530 2667 2975 2916
2706 3155 2904 3172
2676 2884 2732 2662
2444 2786 2999 2785
2701 3009 2880 2727
2613 3381 3039 2917
2409 2718 2733 2751
2579 2835 2732 2977
2808 2867 2987 2771
2682 2966 3196 3013
2952 3226 2743 2921
2876 2975 2957 2747
2736 2944 2937 3070
2592 3122 3032 2881
2961 2968 2945 2916
2719 3030 2997 2977
2801 2826 2826 2959
2705 3012 2812 3062
2734 3115 2832 2632
2695 2865 3090 2922
2820 3119 2882 3135
2527 3135 2821 2791
2703 2979 2885 3042
2920 3003 3014 2940
2641 2979 3043 3017
