1010 120.363
25366 23673 24673 23364
24643 24289 24971 23591
24218 23522 25958 23742
23913 23353 24513 25089
24060 23785 25651 24327
24334 24165 25098 24546
24782 23451 24735 24848
25113 23524 25405 23831
24103 24050 25594 23926
24374 24107 25370 24255
24113 23798 24684 24926
24918 24013 24861 24391
24220 23307 25284 24739
24979 23378 24428 24619
25054 23929 24709 23967
24718 23581 25832 23526
23795 23769 25407 24643
25113 23524 25405 23831
24030 23562 25634 24523
25268 23962 25084 23617
24238 23470 25676 24378
24392 23507 25301 24518
24937 23376 24419 24679
25241 23603 24651 24073
24172 23762 25811 23643
24451 24088 24879 24687
24718 23581 25832 23526
24138 23941 25608 24117
24428 23471 25165 24576
25153 23459 24234 24359
23961 23266 25418 24787
24718 23581 25832 23526
24110 23902 25444 24367
24770 23881 24860 24679
24792 24083 25310 23946
24466 24173 25270 24154
24281 23570 25007 24887
24921 23511 24760 24559
24969 23801 24803 24572
24851 24169 24820 24151
24007 23316 25447 24720
24893 23796 25309 24099
24743 23487 25000 24687
25138 23597 24582 24295
24926 24227 25077 23635
23933 23365 25668 24539
24912 23379 24471 24794
25165 23644 25326 23823
24067 23438 25706 24533
24945 23410 25476 23235
24003 23895 25782 24017
24459 23627 25603 24104
24360 23661 25172 24591
25113 23524 25405 23831
23886 23939 25557 24245
24072 23925 25782 23983
23996 23377 25621 24621
24335 23822 24957 24714
24848 23889 24961 24553
25196 23721 24419 24103
24426 23640 24374 24992
24888 23853 24975 24527
24945 23410 25476 23235
24103 24050 25594 23926
24040 24004 25696 23923
24340 23944 25299 24477
24715 23373 24454 24942
24962 23739 25082 24312
24655 24133 24980 24455
24757 23873 25357 23779
24418 23516 25158 24711
25165 24110 24853 23347
23910 23384 25594 24640
24962 23739 25082 24312
25005 23959 25254 23599
23964 23547 25735 24263
24220 23307 25284 24739
25026 23775 25155 23982
24782 23601 24859 24651
25301 23715 25118 23398
24669 23563 25921 23516
23788 23528 25249 24673
24782 23451 24735 24848
25138 23597 24582 24295
24132 23227 25927 24140
24201 23911 25191 24605
24620 23623 25325 24164
24638 23699 25588 23759
24302 24129 24992 24609
25166 23881 24804 23972
23861 23281 25301 24868
24757 23472 25535 23670
24856 23867 24996 24600
24606 24147 24884 24663
24908 23434 25553 23312
24749 24112 25235 23930
24289 23732 24943 24872
24979 23378 24428 24619
25115 24180 25144 23464
24343 24118 25401 23713
23857 23329 25315 24796
24782 24039 24781 24551
24570 23613 24768 24854
25113 23524 25405 23831
24515 24269 24873 24571
23869 23497 25481 24671
24522 23544 25193 24494
25115 24180 25144 23464
23937 23503 25652 24627
25006 23922 25138 24000
24202 23908 25194 24579
24497 23594 25763 23698
24238 23930 24580 24858
25102 23399 24258 24372
24718 23581 25832 23526
24447 24057 25326 24308
24664 23546 25718 23670
24500 24048 24922 24663
24762 23511 25298 24250
25278 23895 24842 23396
24466 23533 24545 24963
24928 23420 24489 24656
24979 23643 25232 24041
24935 24177 25006 24191
24642 23805 25509 23793
24318 24162 25339 24205
23961 23266 25418 24787
24852 23317 25601 23362
24334 24165 25098 24546
24509 23752 25447 24220
23946 23432 25315 24741
24898 24156 24929 24225
24320 23597 24931 24881
25045 23500 24254 24480
25115 24180 25144 23464
23956 23443 25825 24193
24113 23798 24684 24926
24973 23577 24810 24492
24164 23468 25504 24557
25152 23921 24927 24017
24076 23429 25718 24295
24487 23520 25412 24432
24955 23473 24353 24667
25269 23879 24791 23548
24132 23227 25927 24140
24433 23770 24848 24754
24562 23498 25335 24415
24469 23967 25279 24359
24339 23892 25287 24427
25212 23846 25069 23407
24118 23794 24758 24865
24589 23930 25438 23765
24072 23925 25782 23983
24001 24006 24791 24720
24730 23437 25355 23963
24515 24269 24873 24571
24715 23373 24454 24942
24956 23646 24930 24396
25070 23642 25376 23870
25115 24180 25144 23464
23937 23503 25652 24627
24812 23499 25649 23432
24276 23632 25098 24730
24910 23849 24839 24537
24574 24078 25389 23976
23937 23503 25652 24627
24912 23379 24471 24794
25152 23921 24927 24017
23933 23365 25668 24539
25113 23524 25405 23831
24714 23473 25720 23692
24125 23844 25669 24196
24559 23442 25110 24716
25153 23459 24234 24359
24289 23813 25721 23737
24040 24004 25696 23923
23975 23451 25733 24284
24767 23503 24734 24739
24739 23762 24799 24658
25262 23578 25247 23636
24217 23341 24906 24995
24564 23587 25195 24449
24929 23644 25188 24212
24574 24078 25389 23976
24181 23998 25602 24114
24157 24047 25382 24357
24833 23358 24428 24873
25054 23710 25302 23976
24724 24045 25370 23896
24318 24162 25339 24205
24289 23732 24943 24872
24792 24083 25310 23946
23869 23497 25481 24671
24962 23739 25082 24312
25115 24180 25144 23464
24311 23382 25635 24431
24276 23632 25098 24730
25113 23524 25405 23831
23947 23888 25596 24462
25115 24180 25144 23464
24067 23438 25706 24533
24154 23303 25399 24603
24912 23379 24471 24794
25217 23668 24703 24235
24501 23489 25646 24022
24451 24088 24879 24687
24812 23499 25649 23432
24040 24004 25696 23923
24401 24061 25318 24579
25159 23725 24918 24141
24490 23470 24812 24954
24762 23511 25298 24250
24464 23894 25545 23909
24925 23848 24971 24562
25070 23642 25376 23870
24960 24236 25004 23489
23861 23281 25301 24868
24920 23411 24448 24685
24912 23833 24939 24496
24926 24227 25077 23635
24362 23407 25216 24722
24984 23929 24897 24284
24720 23604 24583 24708
25165 23644 25326 23823
24590 24274 25050 24243
24012 23295 25546 24641
24680 23422 24677 24826
24997 23795 24903 24391
24099 23336 25572 24597
25070 23659 25176 24093
24125 23844 25669 24196
24763 23461 25701 23620
24229 23938 24944 24687
25113 23524 25405 23831
24115 23868 25708 24035
24125 23844 25669 24196
24429 23476 25517 24276
24566 23771 25089 24534
24973 23577 24810 24492
25326 23661 25130 23605
23861 23281 25301 24868
24896 23478 24539 24635
24813 23540 25561 23303
24515 24269 24873 24571
24718 23581 25832 23526
24606 24147 24884 24663
24206 23816 24709 24860
24945 23410 25476 23235
24606 24147 24884 24663
24606 23857 25482 23750
23883 23820 25082 24743
24935 24177 25006 24191
24281 23570 25007 24887
24951 23864 24893 24452
25087 23689 24536 24330
24061 23726 25884 23823
24117 23587 25153 24718
25014 23678 25312 23992
24430 23572 25398 24450
25154 23568 24564 24311
24268 23407 25878 23818
23869 23497 25481 24671
24912 23379 24471 24794
25216 23727 24903 24019
23956 23443 25825 24193
24167 23912 24664 24874
24709 23399 25631 23628
24762 23511 25298 24250
24743 23999 24828 24598
25239 23898 24685 23486
23961 23266 25418 24787
24822 23427 25642 23392
24451 24088 24879 24687
24313 24012 25355 24467
24812 23499 25649 23432
24515 24269 24873 24571
24662 23336 24393 24954
24979 23378 24428 24619
25113 23524 25405 23831
24653 24219 25206 24274
23857 23329 25315 24796
24876 23888 24875 24598
24570 23613 24768 24854
25070 23659 25176 24093
24873 24097 25017 24336
23937 23503 25652 24627
24835 23401 24735 24672
25165 24110 24853 23347
24067 23438 25706 24533
24917 23466 25468 23438
24158 23419 25650 24517
24429 23476 25517 24276
24238 23930 24580 24858
25216 23727 24903 24019
24822 23427 25642 23392
24574 24078 25389 23976
24072 23925 25782 23983
24001 24006 24791 24720
24645 23488 25379 23974
25262 23578 25247 23636
24127 23631 24895 24988
24560 23863 25175 24502
25014 23678 25312 23992
24642 23805 25509 23793
24157 24047 25382 24357
24103 24050 25594 23926
24113 23798 24684 24926
24949 23634 25310 24034
24606 24147 24884 24663
24798 24057 25304 24233
24167 23912 24664 24874
25053 24154 24848 23711
23907 23336 25187 24796
25045 23500 24254 24480
25115 24180 25144 23464
24132 23227 25927 24140
24833 23358 24428 24873
25056 23534 24345 24400
24479 23847 25221 24461
25165 24110 24853 23347
23944 23578 25774 24164
24829 23395 24587 24735
24770 23881 24860 24679
25178 23472 25405 23814
24061 23726 25884 23823
23795 23769 25407 24643
24477 23430 25258 24496
24192 24012 25649 23989
23986 23868 25096 24660
25118 23738 24782 24264
24119 23688 24870 24946
24714 23706 25238 24337
24629 23725 25604 23738
24451 24088 24879 24687
24808 23567 25509 23523
24343 24118 25401 23713
24281 23570 25007 24887
24955 23473 24353 24667
24918 24013 24861 24391
24915 24121 24973 24088
24097 23471 25644 24603
24937 23903 25308 24008
24233 23863 24865 24759
25052 24005 25185 23819
24343 24118 25401 23713
24164 23468 25504 24557
24843 23377 24576 24730
25169 23843 24659 24145
24459 23627 25603 24104
25178 23472 25405 23814
24040 24004 25696 23923
24082 23801 25811 23734
