10902 1292.1
26913 25909 28134
28505 27011 25065
29527 25631 25620
26221 27195 27390
26924 28089 25961
28940 25194 26733
28899 25300 26688
26296 26927 27553
28989 25215 26655
28992 26441 25240
26266 27298 27311
29497 25645 25604
28873 26540 25175
27098 27951 25926
29210 25399 26236
27371 27386 26366
26637 27769 26331
28715 25418 26952
28274 26981 25434
29142 25446 26522
27326 27606 26165
28394 26885 25455
29088 25352 26629
28968 26363 25326
29168 25382 26435
26983 26097 28109
28640 26770 25357
28688 26790 25283
28454 25517 27111
27046 26133 28050
26395 27188 27222
26889 27845 26263
26690 26895 27443
26993 28020 25927
28855 26620 25109
28548 26367 26196
26538 27558 26585
28186 27216 25455
26703 27417 26825
26348 26958 27487
28821 26585 25348
29191 26121 25563
27665 27406 25938
27565 25802 27626
28793 26264 25996
29276 25748 25922
27059 27989 25980
29011 26353 25382
28530 26170 26458
29381 25759 25817
26790 27864 26167
27062 26456 27562
28150 26604 26359
27269 26331 27753
27035 27990 26086
27815 26755 26599
26873 27442 26686
27138 26074 27956
27378 26318 27523
28954 25576 26648
26933 27826 26217
29250 25974 25499
28291 26036 26767
26613 27167 27036
27355 26519 27360
27421 25845 27760
27626 25857 27497
26795 26266 27981
26623 27422 26856
28421 26108 26663
28971 26436 25253
28099 26052 26833
28338 26874 25581
27923 27164 25919
27888 26238 26929
28505 27011 25065
28026 27124 25860
26560 27344 27049
27026 26494 27676
27719 26037 27408
26353 27175 27321
27285 25831 27870
27184 26016 27910
29116 25953 25680
28310 27013 25407
27079 27792 26120
27473 26233 27400
28356 26820 25695
26978 26582 27647
29458 25665 25616
26425 27108 27386
27162 26566 27430
28496 26728 25736
26583 27424 26899
27614 26646 26978
26455 26942 27530
27390 25816 27779
27343 27550 26406
28764 25653 26578
27365 26073 27720
26971 28041 25951
27458 27690 25766
27444 27172 26621
26918 26211 28022
27565 27578 25655
27833 26116 27091
28161 27025 25709
29051 25602 26133
26662 26524 27770
28477 26766 25498
26742 26745 27610
27082 26131 27899
26375 27341 27263
27038 27748 26140
27988 26701 26537
26756 27132 27177
28786 25544 26700
29322 25697 26035
27842 26485 26922
26889 26306 27859
28723 26002 26067
27377 27489 26351
28442 26783 25546
28749 25660 26521
26829 26955 27286
26222 27173 27357
29081 25370 26598
27151 26047 27996
26903 27512 26565
28917 26112 25994
29343 25526 25981
26745 27279 26986
27696 26413 27152
27868 27257 26137
28255 26993 25607
26729 27140 27056
27298 25980 27793
27753 27268 26069
27636 27262 26286
26858 27154 26884
28721 26201 26096
27253 27695 26018
27682 27370 25947
27398 26994 26723
28212 26923 25624
28239 25926 26904
26787 26721 27471
29321 25964 25415
28708 25807 26327
28466 25736 26788
26949 26188 27914
28019 26178 26919
27479 26913 26395
27729 27055 26229
29137 25929 25725
27030 27893 26153
26760 26472 27847
27970 26935 26049
28733 26844 25139
27603 27238 26342
27655 26117 27290
26594 27083 27333
26650 27358 27004
27709 26096 27105
29030 26295 25639
29001 25863 26176
26504 27324 27203
28172 26581 26127
26984 25868 28075
29527 25631 25620
29293 25883 25571
27947 25939 27258
27209 25933 27878
26386 27531 26779
26520 26906 27492
28544 26149 26305
29086 26288 25447
27523 25873 27709
28407 26480 25891
27126 25935 28013
28063 27096 25762
27035 26216 27837
27119 27666 26281
28959 26455 25283
28825 26452 25342
29174 25474 26174
28656 26207 26109
26934 27571 26498
27179 27251 26503
27498 27650 25744
29072 25490 26113
27124 26852 27202
28482 25893 26560
26460 26718 27707
28681 26018 26173
27743 27535 25901
27795 25981 27392
28666 25926 26425
27052 27623 26314
28984 25553 26281
27708 26274 27273
27310 26657 27352
27410 27733 26000
28711 26668 25506
28612 25522 26817
27837 25988 27238
27630 27539 25834
26938 28070 25999
27508 26430 27332
27311 26549 27127
26651 27019 27302
26847 26375 27821
27429 27736 25776
28054 26843 25889
27834 27315 25670
27153 27922 25878
28222 26804 25987
26949 27323 26748
28069 27075 25752
28369 26143 26539
27764 27048 26157
29448 25718 25592
28381 25686 26965
28267 26902 25827
28143 26713 26340
28658 26962 25099
27171 27247 26553
27691 25631 27683
27680 26966 26301
26871 27704 26416
27241 25867 27826
26834 26635 27633
28884 25471 26713
26785 26634 27705
28024 26682 26573
27050 27719 26284
28869 26572 25165
28229 26773 26006
29467 25539 25781
28051 27143 25628
28483 26127 26481
28477 26081 26670
28509 26744 25506
27539 27328 26315
27586 26892 26727
26927 26477 27703
27030 27893 26153
27484 25916 27728
27594 26537 27047
27041 27936 26120
28088 27040 25850
28320 25755 27020
27114 26170 27853
29358 25771 25787
27296 27027 26640
28081 26865 25880
28888 26326 25822
28612 25522 26817
28832 25788 26474
27784 26671 26679
29402 25587 25833
28520 26856 25451
29072 25490 26113
28121 25460 27348
27245 27703 26249
26449 27350 27135
28138 26380 26416
29106 25914 25951
26749 27229 26887
29030 26295 25639
28562 26913 25385
26947 27246 26797
28129 27116 25731
26807 26861 27333
27982 26880 25990
27735 25729 27489
27904 25968 27168
28586 25706 26899
28562 26913 25385
28074 26443 26710
26425 27108 27386
27008 27022 26959
28097 25962 27006
28586 25706 26899
27153 27922 25878
29139 25775 26037
28067 26161 26898
28733 26844 25139
29293 25883 25571
26488 27577 26698
26998 26358 27729
27498 27650 25744
28298 26531 26002
27518 27466 25957
27079 27792 26120
28989 25215 26655
26748 26772 27592
27996 26346 26914
27264 27672 26025
28945 26184 25663
