15069 3367.25
17472 16265 16184 15695
15420 17425 16442 15867
16770 16764 17611 16439
16822 16887 17276 17003
17123 17084 17471 16842
17123 17084 17471 16842
17123 17084 17471 16842
17123 17084 17471 16842
17123 17084 17471 16842
16955 16906 17383 16869
17123 17084 17471 16842
17123 17084 17471 16842
17123 17084 17471 16842
17123 17084 17471 16842
17123 17084 17471 16842
17123 17084 17471 16842
17123 17084 17471 16842
17123 17084 17471 16842
17123 17084 17471 16842
17123 17084 17471 16842
17123 17084 17471 16842
17123 17084 17471 16842
17123 17084 17471 16842
17123 17084 17471 16842
17123 17084 17471 16842
17123 17084 17471 16842
17123 17084 17471 16842
17123 17084 17471 16842
17123 17084 17471 16842
17123 17084 17471 16842
17123 17084 17471 16842
17123 17084 17471 16842
17123 17084 17471 16842
17123 17084 17471 16842
17123 17084 17471 16842
17123 17084 17471 16842
17123 17084 17471 16842
17123 17084 17471 16842
17123 17084 17471 16842
17123 17084 17471 16842
17123 17084 17471 16842
17123 17084 17471 16842
17123 17084 17471 16842
17123 17084 17471 16842
17123 17084 17471 16842
17123 17084 17471 16842
17123 17084 17471 16842
17123 17084 17471 16842
17123 17084 17471 16842
17123 17084 17471 16842
17123 17084 17471 16842
17123 17084 17471 16842
17072 17158 17357 16828
17123 17084 17471 16842
17123 17084 17471 16842
17123 17084 17471 16842
17123 17084 17471 16842
17123 17084 17471 16842
17123 17084 17471 16842
17123 17084 17471 16842
17123 17084 17471 16842
17123 17084 17471 16842
17123 17084 17471 16842
17123 17084 17471 16842
17123 17084 17471 16842
17123 17084 17471 16842
17123 17084 17471 16842
17123 17084 17471 16842
17123 17084 17471 16842
17123 17084 17471 16842
17123 17084 17471 16842
17123 17084 17471 16842
17123 17084 17471 16842
17123 17084 17471 16842
17123 17084 17471 16842
17123 17084 17471 16842
17123 17084 17471 16842
16960 17154 17398 16825
17123 17084 17471 16842
17123 17084 17471 16842
17123 17084 17471 16842
17123 17084 17471 16842
17123 17084 17471 16842
17123 17084 17471 16842
17123 17084 17471 16842
17123 17084 17471 16842
17123 17084 17471 16842
17123 17084 17471 16842
17123 17084 17471 16842
17123 17084 17471 16842
17038 16979 17412 16849
17123 17084 17471 16842
17123 17084 17471 16842
17123 17084 17471 16842
17123 17084 17471 16842
17123 17084 17471 16842
17123 17084 17471 16842
17123 17084 17471 16842
17123 17084 17471 16842
17123 17084 17471 16842
17123 17084 17471 16842
17123 17084 17471 16842
17123 17084 17471 16842
17123 17084 17471 16842
17123 17084 17471 16842
17123 17084 17471 16842
17123 17084 17471 16842
17123 17084 17471 16842
17109 17039 17476 16790
17123 17084 17471 16842
17123 17084 17471 16842
17123 17084 17471 16842
17123 17084 17471 16842
17123 17084 17471 16842
17123 17084 17471 16842
17123 17084 17471 16842
17123 17084 17471 16842
17123 17084 17471 16842
17123 17084 17471 16842
17123 17084 17471 16842
17123 17084 17471 16842
17123 17084 17471 16842
17123 17084 17471 16842
16915 17110 17419 16681
17123 17084 17471 16842
17123 17084 17471 16842
17123 17084 17471 16842
17123 17084 17471 16842
17123 17084 17471 16842
17123 17084 17471 16842
17123 17084 17471 16842
17123 17084 17471 16842
17123 17084 17471 16842
17123 17084 17471 16842
17123 17084 17471 16842
17123 17084 17471 16842
17123 17084 17471 16842
17123 17084 17471 16842
17123 17084 17471 16842
17123 17084 17471 16842
17123 17084 17471 16842
17123 17084 17471 16842
17123 17084 17471 16842
17123 17084 17471 16842
17123 17084 17471 16842
17123 17084 17471 16842
17123 17084 17471 16842
17123 17084 17471 16842
17123 17084 17471 16842
17123 17084 17471 16842
17123 17084 17471 16842
17123 17084 17471 16842
17123 17084 17471 16842
17123 17084 17471 16842
17123 17084 17471 16842
17062 16977 17357 16851
17123 17084 17471 16842
17123 17084 17471 16842
17123 17084 17471 16842
17123 17084 17471 16842
17123 17084 17471 16842
17123 17084 17471 16842
17123 17084 17471 16842
17123 17084 17471 16842
17123 17084 17471 16842
17123 17084 17471 16842
17123 17084 17471 16842
17123 17084 17471 16842
17123 17084 17471 16842
17123 17084 17471 16842
17123 17084 17471 16842
17123 17084 17471 16842
17123 17084 17471 16842
17123 17084 17471 16842
17123 17084 17471 16842
17123 17084 17471 16842
17123 17084 17471 16842
17123 17084 17471 16842
17068 17091 17487 16736
17123 17084 17471 16842
17123 17084 17471 16842
17123 17084 17471 16842
17123 17084 17471 16842
17123 17084 17471 16842
17123 17084 17471 16842
17123 17084 17471 16842
17123 17084 17471 16842
17123 17084 17471 16842
17123 17084 17471 16842
17123 17084 17471 16842
17123 17084 17471 16842
16955 16906 17383 16869
17123 17084 17471 16842
17123 17084 17471 16842
17123 17084 17471 16842
17123 17084 17471 16842
17123 17084 17471 16842
17123 17084 17471 16842
17123 17084 17471 16842
17123 17084 17471 16842
17123 17084 17471 16842
17002 17086 17332 16731
17123 17084 17471 16842
17123 17084 17471 16842
17123 17084 17471 16842
17123 17084 17471 16842
17123 17084 17471 16842
17123 17084 17471 16842
17123 17084 17471 16842
17123 17084 17471 16842
17123 17084 17471 16842
17123 17084 17471 16842
17123 17084 17471 16842
17123 17084 17471 16842
17123 17084 17471 16842
17123 17084 17471 16842
17123 17084 17471 16842
17123 17084 17471 16842
17123 17084 17471 16842
17123 17084 17471 16842
17123 17084 17471 16842
17123 17084 17471 16842
17123 17084 17471 16842
17123 17084 17471 16842
17123 17084 17471 16842
17123 17084 17471 16842
17123 17084 17471 16842
17123 17084 17471 16842
17123 17084 17471 16842
17123 17084 17471 16842
17123 17084 17471 16842
17123 17084 17471 16842
17123 17084 17471 16842
17123 17084 17471 16842
16886 17112 17381 16908
17123 17084 17471 16842
17123 17084 17471 16842
17123 17084 17471 16842
17123 17084 17471 16842
17123 17084 17471 16842
17123 17084 17471 16842
17123 17084 17471 16842
17123 17084 17471 16842
17123 17084 17471 16842
17123 17084 17471 16842
17123 17084 17471 16842
17123 17084 17471 16842
17123 17084 17471 16842
17123 17084 17471 16842
17123 17084 17471 16842
17123 17084 17471 16842
17123 17084 17471 16842
17123 17084 17471 16842
17123 17084 17471 16842
17123 17084 17471 16842
17123 17084 17471 16842
17123 17084 17471 16842
17123 17084 17471 16842
17123 17084 17471 16842
17123 17084 17471 16842
17123 17084 17471 16842
17123 17084 17471 16842
17123 17084 17471 16842
17123 17084 17471 16842
17123 17084 17471 16842
17123 17084 17471 16842
17123 17084 17471 16842
17123 17084 17471 16842
17123 17084 17471 16842
17123 17084 17471 16842
17123 17084 17471 16842
17123 17084 17471 16842
17123 17084 17471 16842
17123 17084 17471 16842
17123 17084 17471 16842
17123 17084 17471 16842
17123 17084 17471 16842
17123 17084 17471 16842
17123 17084 17471 16842
17123 17084 17471 16842
17123 17084 17471 16842
17123 17084 17471 16842
17123 17084 17471 16842
17123 17084 17471 16842
17123 17084 17471 16842
17123 17084 17471 16842
17123 17084 17471 16842
17123 17084 17471 16842
17123 17084 17471 16842
17123 17084 17471 16842
17123 17084 17471 16842
17123 17084 17471 16842
17123 17084 17471 16842
17123 17084 17471 16842
17123 17084 17471 16842
17123 17084 17471 16842
17123 17084 17471 16842
17123 17084 17471 16842
17123 17084 17471 16842
17123 17084 17471 16842
17123 17084 17471 16842
17123 17084 17471 16842
17123 17084 17471 16842
17023 17090 17404 16735
17123 17084 17471 16842
17123 17084 17471 16842
17123 17084 17471 16842
17123 17084 17471 16842
17123 17084 17471 16842
17123 17084 17471 16842
17123 17084 17471 16842
17123 17084 17471 16842
17123 17084 17471 16842
17123 17084 17471 16842
17123 17084 17471 16842
17123 17084 17471 16842
17123 17084 17471 16842
17131 17061 17464 16830
17123 17084 17471 16842
17123 17084 17471 16842
17123 17084 17471 16842
17123 17084 17471 16842
17123 17084 17471 16842
17123 17084 17471 16842
17123 17084 17471 16842
17123 17084 17471 16842
17123 17084 17471 16842
17123 17084 17471 16842
17123 17084 17471 16842
17123 17084 17471 16842
17123 17084 17471 16842
17123 17084 17471 16842
17123 17084 17471 16842
17123 17084 17471 16842
17123 17084 17471 16842
17123 17084 17471 16842
17123 17084 17471 16842
17123 17084 17471 16842
17123 17084 17471 16842
17123 17084 17471 16842
17123 17084 17471 16842
17123 17084 17471 16842
17123 17084 17471 16842
17123 17084 17471 16842
17123 17084 17471 16842
17123 17084 17471 16842
17002 17086 17332 16731
17123 17084 17471 16842
17123 17084 17471 16842
17123 17084 17471 16842
17123 17084 17471 16842
17123 17084 17471 16842
17123 17084 17471 16842
17123 17084 17471 16842
17123 17084 17471 16842
17123 17084 17471 16842
17123 17084 17471 16842
17123 17084 17471 16842
17123 17084 17471 16842
17123 17084 17471 16842
17123 17084 17471 16842
17123 17084 17471 16842
17123 17084 17471 16842
17123 17084 17471 16842
17123 17084 17471 16842
17123 17084 17471 16842
17123 17084 17471 16842
17123 17084 17471 16842
17123 17084 17471 16842
17123 17084 17471 16842
17123 17084 17471 16842
17123 17084 17471 16842
17123 17084 17471 16842
17123 17084 17471 16842
17123 17084 17471 16842
17123 17084 17471 16842
17123 17084 17471 16842
17123 17084 17471 16842
17123 17084 17471 16842
17123 17084 17471 16842
17123 17084 17471 16842
17123 17084 17471 16842
17123 17084 17471 16842
17123 17084 17471 16842
17123 17084 17471 16842
17123 17084 17471 16842
17123 17084 17471 16842
17123 17084 17471 16842
17123 17084 17471 16842
17123 17084 17471 16842
17123 17084 17471 16842
17123 17084 17471 16842
17123 17084 17471 16842
17123 17084 17471 16842
17123 17084 17471 16842
17123 17084 17471 16842
17123 17084 17471 16842
17123 17084 17471 16842
17123 17084 17471 16842
17123 17084 17471 16842
17123 17084 17471 16842
17123 17084 17471 16842
17123 17084 17471 16842
17123 17084 17471 16842
17123 17084 17471 16842
17123 17084 17471 16842
17123 17084 17471 16842
17123 17084 17471 16842
17123 17084 17471 16842
17126 17048 17444 16773
17123 17084 17471 16842
17123 17084 17471 16842
17123 17084 17471 16842
17123 17084 17471 16842
17123 17084 17471 16842
17123 17084 17471 16842
16960 17154 17398 16825
17123 17084 17471 16842
17123 17084 17471 16842
17123 17084 17471 16842
17123 17084 17471 16842
17123 17084 17471 16842
17123 17084 17471 16842
17123 17084 17471 16842
17123 17084 17471 16842
17123 17084 17471 16842
17123 17084 17471 16842
17123 17084 17471 16842
17123 17084 17471 16842
17123 17084 17471 16842
17131 17061 17464 16830
17123 17084 17471 16842
17123 17084 17471 16842
17123 17084 17471 16842
17123 17084 17471 16842
17123 17084 17471 16842
17123 17084 17471 16842
17123 17084 17471 16842
17062 16977 17357 16851
17123 17084 17471 16842
17123 17084 17471 16842
17123 17084 17471 16842
17123 17084 17471 16842
17123 17084 17471 16842
17123 17084 17471 16842
17123 17084 17471 16842
17123 17084 17471 16842
17123 17084 17471 16842
17123 17084 17471 16842
17123 17084 17471 16842
17123 17084 17471 16842
17123 17084 17471 16842
17123 17084 17471 16842
17123 17084 17471 16842
17123 17084 17471 16842
17123 17084 17471 16842
17123 17084 17471 16842
17123 17084 17471 16842
17123 17084 17471 16842
17123 17084 17471 16842
17123 17084 17471 16842
17123 17084 17471 16842
17123 17084 17471 16842
17123 17084 17471 16842
17123 17084 17471 16842
17123 17084 17471 16842
17123 17084 17471 16842
17123 17084 17471 16842
17123 17084 17471 16842
17123 17084 17471 16842
17123 17084 17471 16842
17123 17084 17471 16842
17123 17084 17471 16842
17123 17084 17471 16842
17109 17039 17476 16790
17123 17084 17471 16842
17123 17084 17471 16842
17123 17084 17471 16842
17123 17084 17471 16842
17123 17084 17471 16842
17123 17084 17471 16842
17123 17084 17471 16842
17123 17084 17471 16842
17123 17084 17471 16842
17123 17084 17471 16842
17123 17084 17471 16842
17123 17084 17471 16842
17123 17084 17471 16842
17123 17084 17471 16842
17123 17084 17471 16842
17123 17084 17471 16842
17123 17084 17471 16842
17123 17084 17471 16842
17123 17084 17471 16842
17123 17084 17471 16842
17123 17084 17471 16842
17123 17084 17471 16842
17123 17084 17471 16842
17123 17084 17471 16842
17123 17084 17471 16842
17123 17084 17471 16842
17123 17084 17471 16842
17123 17084 17471 16842
17123 17084 17471 16842
17123 17084 17471 16842
17123 17084 17471 16842
17123 17084 17471 16842
17123 17084 17471 16842
17123 17084 17471 16842
16881 17102 17248 16508
17123 17084 17471 16842
17123 17084 17471 16842
17123 17084 17471 16842
17123 17084 17471 16842
17123 17084 17471 16842
17123 17084 17471 16842
17123 17084 17471 16842
17123 17084 17471 16842
17123 17084 17471 16842
17123 17084 17471 16842
17123 17084 17471 16842
17123 17084 17471 16842
17123 17084 17471 16842
17123 17084 17471 16842
17123 17084 17471 16842
17123 17084 17471 16842
17123 17084 17471 16842
17123 17084 17471 16842
17123 17084 17471 16842
17123 17084 17471 16842
17123 17084 17471 16842
17123 17084 17471 16842
17123 17084 17471 16842
17123 17084 17471 16842
17123 17084 17471 16842
17123 17084 17471 16842
17123 17084 17471 16842
17123 17084 17471 16842
17123 17084 17471 16842
17123 17084 17471 16842
17123 17084 17471 16842
17123 17084 17471 16842
17123 17084 17471 16842
17123 17084 17471 16842
17123 17084 17471 16842
17123 17084 17471 16842
17123 17084 17471 16842
17123 17084 17471 16842
17123 17084 17471 16842
17123 17084 17471 16842
17123 17084 17471 16842
17123 17084 17471 16842
17123 17084 17471 16842
17123 17084 17471 16842
17123 17084 17471 16842
17123 17084 17471 16842
17123 17084 17471 16842
17123 17084 17471 16842
17123 17084 17471 16842
17123 17084 17471 16842
17123 17084 17471 16842
17123 17084 17471 16842
17123 17084 17471 16842
17123 17084 17471 16842
17123 17084 17471 16842
17123 17084 17471 16842
17123 17084 17471 16842
17123 17084 17471 16842
17123 17084 17471 16842
17123 17084 17471 16842
17123 17084 17471 16842
17123 17084 17471 16842
17123 17084 17471 16842
17123 17084 17471 16842
17123 17084 17471 16842
17123 17084 17471 16842
17123 17084 17471 16842
17123 17084 17471 16842
17123 17084 17471 16842
17123 17084 17471 16842
16866 16975 17476 16764
17123 17084 17471 16842
17123 17084 17471 16842
17123 17084 17471 16842
17123 17084 17471 16842
17123 17084 17471 16842
17123 17084 17471 16842
17123 17084 17471 16842
17123 17084 17471 16842
17123 17084 17471 16842
16863 17095 17408 16708
17123 17084 17471 16842
17038 16979 17412 16849
17123 17084 17471 16842
17123 17084 17471 16842
17123 17084 17471 16842
17123 17084 17471 16842
17123 17084 17471 16842
17123 17084 17471 16842
17123 17084 17471 16842
17123 17084 17471 16842
17123 17084 17471 16842
17123 17084 17471 16842
17123 17084 17471 16842
17123 17084 17471 16842
17123 17084 17471 16842
17123 17084 17471 16842
17123 17084 17471 16842
17123 17084 17471 16842
17123 17084 17471 16842
17123 17084 17471 16842
17123 17084 17471 16842
17123 17084 17471 16842
17123 17084 17471 16842
17123 17084 17471 16842
17123 17084 17471 16842
17123 17084 17471 16842
17123 17084 17471 16842
17123 17084 17471 16842
17123 17084 17471 16842
17123 17084 17471 16842
17123 17084 17471 16842
17123 17084 17471 16842
17123 17084 17471 16842
17123 17084 17471 16842
17123 17084 17471 16842
17123 17084 17471 16842
17123 17084 17471 16842
17123 17084 17471 16842
17123 17084 17471 16842
17123 17084 17471 16842
17123 17084 17471 16842
17123 17084 17471 16842
17123 17084 17471 16842
17123 17084 17471 16842
17123 17084 17471 16842
17123 17084 17471 16842
17123 17084 17471 16842
17123 17084 17471 16842
17123 17084 17471 16842
17123 17084 17471 16842
17123 17084 17471 16842
17123 17084 17471 16842
17123 17084 17471 16842
17123 17084 17471 16842
17123 17084 17471 16842
17123 17084 17471 16842
17123 17084 17471 16842
17123 17084 17471 16842
17123 17084 17471 16842
17123 17084 17471 16842
17123 17084 17471 16842
17123 17084 17471 16842
17123 17084 17471 16842
17123 17084 17471 16842
17123 17084 17471 16842
17123 17084 17471 16842
17123 17084 17471 16842
17123 17084 17471 16842
17123 17084 17471 16842
17123 17084 17471 16842
17123 17084 17471 16842
17123 17084 17471 16842
17123 17084 17471 16842
17123 17084 17471 16842
17123 17084 17471 16842
17123 17084 17471 16842
17123 17084 17471 16842
17123 17084 17471 16842
17123 17084 17471 16842
17123 17084 17471 16842
17123 17084 17471 16842
17123 17084 17471 16842
17123 17084 17471 16842
17123 17084 17471 16842
17123 17084 17471 16842
17123 17084 17471 16842
17123 17084 17471 16842
17123 17084 17471 16842
17123 17084 17471 16842
17123 17084 17471 16842
17123 17084 17471 16842
17123 17084 17471 16842
17123 17084 17471 16842
17123 17084 17471 16842
17123 17084 17471 16842
17123 17084 17471 16842
17123 17084 17471 16842
17123 17084 17471 16842
17123 17084 17471 16842
17123 17084 17471 16842
17123 17084 17471 16842
17123 17084 17471 16842
17123 17084 17471 16842
17123 17084 17471 16842
17123 17084 17471 16842
17123 17084 17471 16842
17123 17084 17471 16842
16847 17114 17273 16612
17123 17084 17471 16842
17123 17084 17471 16842
17123 17084 17471 16842
17123 17084 17471 16842
17123 17084 17471 16842
17123 17084 17471 16842
17123 17084 17471 16842
17123 17084 17471 16842
17123 17084 17471 16842
17123 17084 17471 16842
17123 17084 17471 16842
17123 17084 17471 16842
17123 17084 17471 16842
17123 17084 17471 16842
17123 17084 17471 16842
17123 17084 17471 16842
17123 17084 17471 16842
17123 17084 17471 16842
17123 17084 17471 16842
17123 17084 17471 16842
17123 17084 17471 16842
17123 17084 17471 16842
17109 17039 17476 16790
17123 17084 17471 16842
17123 17084 17471 16842
17123 17084 17471 16842
17123 17084 17471 16842
17123 17084 17471 16842
17123 17084 17471 16842
17123 17084 17471 16842
17123 17084 17471 16842
17123 17084 17471 16842
17123 17084 17471 16842
17123 17084 17471 16842
17123 17084 17471 16842
17123 17084 17471 16842
17123 17084 17471 16842
17123 17084 17471 16842
17123 17084 17471 16842
17123 17084 17471 16842
17123 17084 17471 16842
17123 17084 17471 16842
17123 17084 17471 16842
17123 17084 17471 16842
17123 17084 17471 16842
17123 17084 17471 16842
17123 17084 17471 16842
17123 17084 17471 16842
17123 17084 17471 16842
17123 17084 17471 16842
17123 17084 17471 16842
17123 17084 17471 16842
17123 17084 17471 16842
17123 17084 17471 16842
17123 17084 17471 16842
17123 17084 17471 16842
17123 17084 17471 16842
17123 17084 17471 16842
17123 17084 17471 16842
17123 17084 17471 16842
17123 17084 17471 16842
17123 17084 17471 16842
17123 17084 17471 16842
17123 17084 17471 16842
17123 17084 17471 16842
17123 17084 17471 16842
17072 17158 17357 16828
17123 17084 17471 16842
17123 17084 17471 16842
17123 17084 17471 16842
17123 17084 17471 16842
17123 17084 17471 16842
17123 17084 17471 16842
17123 17084 17471 16842
17123 17084 17471 16842
17123 17084 17471 16842
17123 17084 17471 16842
17123 17084 17471 16842
17104 17149 17434 16688
16863 17095 17408 16708
17123 17084 17471 16842
16866 16975 17476 16764
17123 17084 17471 16842
17123 17084 17471 16842
17123 17084 17471 16842
17123 17084 17471 16842
17123 17084 17471 16842
17123 17084 17471 16842
17123 17084 17471 16842
17123 17084 17471 16842
17123 17084 17471 16842
17123 17084 17471 16842
17123 17084 17471 16842
17123 17084 17471 16842
17123 17084 17471 16842
17123 17084 17471 16842
17123 17084 17471 16842
17123 17084 17471 16842
17123 17084 17471 16842
17123 17084 17471 16842
17123 17084 17471 16842
17123 17084 17471 16842
17123 17084 17471 16842
17123 17084 17471 16842
17123 17084 17471 16842
17123 17084 17471 16842
17123 17084 17471 16842
17123 17084 17471 16842
17123 17084 17471 16842
17123 17084 17471 16842
17123 17084 17471 16842
17123 17084 17471 16842
17123 17084 17471 16842
17123 17084 17471 16842
17123 17084 17471 16842
17123 17084 17471 16842
17123 17084 17471 16842
17123 17084 17471 16842
17123 17084 17471 16842
17123 17084 17471 16842
17123 17084 17471 16842
17123 17084 17471 16842
17123 17084 17471 16842
17123 17084 17471 16842
17123 17084 17471 16842
17123 17084 17471 16842
17123 17084 17471 16842
17123 17084 17471 16842
17123 17084 17471 16842
17123 17084 17471 16842
17123 17084 17471 16842
17068 17091 17487 16736
17123 17084 17471 16842
17123 17084 17471 16842
17123 17084 17471 16842
17123 17084 17471 16842
17123 17084 17471 16842
17123 17084 17471 16842
17123 17084 17471 16842
17123 17084 17471 16842
17123 17084 17471 16842
17123 17084 17471 16842
17123 17084 17471 16842
17123 17084 17471 16842
17123 17084 17471 16842
17123 17084 17471 16842
17123 17084 17471 16842
17123 17084 17471 16842
17123 17084 17471 16842
17123 17084 17471 16842
17123 17084 17471 16842
17123 17084 17471 16842
17123 17084 17471 16842
17123 17084 17471 16842
17123 17084 17471 16842
17123 17084 17471 16842
17123 17084 17471 16842
17123 17084 17471 16842
17123 17084 17471 16842
17123 17084 17471 16842
17123 17084 17471 16842
17123 17084 17471 16842
17123 17084 17471 16842
17123 17084 17471 16842
17123 17084 17471 16842
17123 17084 17471 16842
17123 17084 17471 16842
17123 17084 17471 16842
17123 17084 17471 16842
17123 17084 17471 16842
16881 17102 17248 16508
17123 17084 17471 16842
17123 17084 17471 16842
17123 17084 17471 16842
17123 17084 17471 16842
17123 17084 17471 16842
17123 17084 17471 16842
17123 17084 17471 16842
17123 17084 17471 16842
17123 17084 17471 16842
17123 17084 17471 16842
17123 17084 17471 16842
17123 17084 17471 16842
17109 17039 17476 16790
17123 17084 17471 16842
17123 17084 17471 16842
17123 17084 17471 16842
17123 17084 17471 16842
16847 17114 17273 16612
17123 17084 17471 16842
17123 17084 17471 16842
17123 17084 17471 16842
17123 17084 17471 16842
17123 17084 17471 16842
17123 17084 17471 16842
17123 17084 17471 16842
17123 17084 17471 16842
17123 17084 17471 16842
17123 17084 17471 16842
17123 17084 17471 16842
17123 17084 17471 16842
17123 17084 17471 16842
17123 17084 17471 16842
17123 17084 17471 16842
17123 17084 17471 16842
17123 17084 17471 16842
17123 17084 17471 16842
17123 17084 17471 16842
17123 17084 17471 16842
17123 17084 17471 16842
17123 17084 17471 16842
17123 17084 17471 16842
17123 17084 17471 16842
17123 17084 17471 16842
17123 17084 17471 16842
17123 17084 17471 16842
17123 17084 17471 16842
17123 17084 17471 16842
17123 17084 17471 16842
17123 17084 17471 16842
17123 17084 17471 16842
17123 17084 17471 16842
17123 17084 17471 16842
17123 17084 17471 16842
17123 17084 17471 16842
17123 17084 17471 16842
17123 17084 17471 16842
17123 17084 17471 16842
17123 17084 17471 16842
17123 17084 17471 16842
17123 17084 17471 16842
17123 17084 17471 16842
17123 17084 17471 16842
17123 17084 17471 16842
17123 17084 17471 16842
17123 17084 17471 16842
17123 17084 17471 16842
17123 17084 17471 16842
17123 17084 17471 16842
17123 17084 17471 16842
17140 17014 17396 16758
17123 17084 17471 16842
17123 17084 17471 16842
17123 17084 17471 16842
17123 17084 17471 16842
17123 17084 17471 16842
17123 17084 17471 16842
17123 17084 17471 16842
17123 17084 17471 16842
17123 17084 17471 16842
17123 17084 17471 16842
17123 17084 17471 16842
17123 17084 17471 16842
17123 17084 17471 16842
17123 17084 17471 16842
17123 17084 17471 16842
17123 17084 17471 16842
17123 17084 17471 16842
17123 17084 17471 16842
17123 17084 17471 16842
17123 17084 17471 16842
17123 17084 17471 16842
17123 17084 17471 16842
17123 17084 17471 16842
17123 17084 17471 16842
17123 17084 17471 16842
17123 17084 17471 16842
17123 17084 17471 16842
17123 17084 17471 16842
17123 17084 17471 16842
17123 17084 17471 16842
17123 17084 17471 16842
17123 17084 17471 16842
17123 17084 17471 16842
17123 17084 17471 16842
17123 17084 17471 16842
17123 17084 17471 16842
17123 17084 17471 16842
17123 17084 17471 16842
17123 17084 17471 16842
17123 17084 17471 16842
17123 17084 17471 16842
17123 17084 17471 16842
17123 17084 17471 16842
17123 17084 17471 16842
17123 17084 17471 16842
17123 17084 17471 16842
17123 17084 17471 16842
17123 17084 17471 16842
16915 17110 17419 16681
17123 17084 17471 16842
17123 17084 17471 16842
17123 17084 17471 16842
17123 17084 17471 16842
17123 17084 17471 16842
17123 17084 17471 16842
17123 17084 17471 16842
17123 17084 17471 16842
17123 17084 17471 16842
17123 17084 17471 16842
17123 17084 17471 16842
