178048 1680.14
7905 7856 8380 7872
8475 7714 8195 7281
7647 7818 8691 7331
7915 8534 7829 7344
7910 7111 8395 7859
7910 7111 8395 7859
7910 7111 8395 7859
8068 7415 8623 7344
7910 7111 8395 7859
7901 8198 8356 7625
8095 8098 7908 7632
8187 8454 8346 7428
7804 7725 8610 7406
7915 8534 7829 7344
8068 7415 8623 7344
7761 7623 8651 7443
8321 7962 8530 7402
8068 7415 8623 7344
8110 7873 8607 6994
8279 8134 8006 7097
8424 8008 8015 7480
8187 8454 8346 7428
8279 8134 8006 7097
8404 8214 7976 7540
7995 7885 8543 7522
8010 7477 7868 7807
7970 8102 8069 7741
8195 7525 7859 7763
7766 8355 8258 7495
8244 8319 8148 7170
8115 8155 8511 7150
8095 7644 8638 7332
8242 8068 8470 7231
8033 8097 8256 7706
8196 7781 8603 7623
8205 8296 8285 7557
8367 8051 8491 7261
8095 7644 8638 7332
8276 7983 8214 7745
8404 8214 7976 7540
8404 8214 7976 7540
8115 8155 8511 7150
8212 7709 8432 7588
8227 8258 8087 7404
8361 7995 8279 7515
7996 8103 7985 7622
7647 7818 8691 7331
8016 8228 7898 7689
8187 8454 8346 7428
8185 7884 8409 7683
8185 7884 8409 7683
8187 8454 8346 7428
7800 8114 8045 7699
8095 7644 8638 7332
7905 7856 8380 7872
8195 7525 7859 7763
8272 7753 8346 7557
8129 8014 8132 7795
8010 8269 8209 7597
8242 8068 8470 7231
7970 8102 8069 7741
8378 8076 8227 7503
8273 8068 8378 7314
7790 7912 8444 7790
8321 7962 8530 7402
8296 7784 8162 7530
8227 8258 8087 7404
8010 7477 7868 7807
8226 7581 8617 7318
8010 7477 7868 7807
7996 7905 8518 7590
7976 7936 8604 7423
8033 8097 8256 7706
8296 7784 8162 7530
8404 8214 7976 7540
8272 7753 8346 7557
8187 8454 8346 7428
8205 8296 8285 7557
8401 8072 8115 7297
8156 7893 8352 7557
8212 7709 8432 7588
8205 8296 8285 7557
8279 8134 8006 7097
8101 8029 8410 7294
8424 8008 8015 7480
7790 7912 8444 7790
8095 7644 8638 7332
7976 7936 8604 7423
8361 7995 8279 7515
8010 8269 8209 7597
8321 7962 8530 7402
8404 8214 7976 7540
8068 7415 8623 7344
8101 8029 8410 7294
8367 8051 8491 7261
8401 8072 8115 7297
8242 8068 8470 7231
8212 7709 8432 7588
7790 7912 8444 7790
8095 7644 8638 7332
8367 8051 8491 7261
8367 8051 8491 7261
8100 7985 8263 7721
7901 8198 8356 7625
8195 7525 7859 7763
8156 7893 8352 7557
8056 8093 8423 7800
8016 8228 7898 7689
7995 7885 8543 7522
7804 7725 8610 7406
7647 7818 8691 7331
8056 8093 8423 7800
8244 8319 8148 7170
8056 8093 8423 7800
8401 8072 8115 7297
7800 8114 8045 7699
8110 7873 8607 6994
8100 7985 8263 7721
7790 7912 8444 7790
8296 7784 8162 7530
8016 8228 7898 7689
7976 7936 8604 7423
8102 7962 8444 7535
8321 7962 8530 7402
8016 8228 7898 7689
8110 7873 8607 6994
7800 8114 8045 7699
8273 8068 8378 7314
8244 8319 8148 7170
8321 7962 8530 7402
8101 8029 8410 7294
8361 7995 8279 7515
7647 7818 8691 7331
8279 8134 8006 7097
8010 8269 8209 7597
7976 7936 8604 7423
7996 7905 8518 7590
8010 7477 7868 7807
8205 8296 8285 7557
7804 7725 8610 7406
8242 8068 8470 7231
7761 7623 8651 7443
8196 7781 8603 7623
8068 7415 8623 7344
8156 7893 8352 7557
7766 8355 8258 7495
7915 8534 7829 7344
7790 7912 8444 7790
8010 8269 8209 7597
7647 7818 8691 7331
8101 8029 8410 7294
8212 7709 8432 7588
8110 7873 8607 6994
8068 7415 8623 7344
8056 8093 8423 7800
8095 7644 8638 7332
8378 8076 8227 7503
8185 7884 8409 7683
7970 8102 8069 7741
8056 8093 8423 7800
8279 8134 8006 7097
8010 7477 7868 7807
8033 8097 8256 7706
8296 7784 8162 7530
7761 7623 8651 7443
8244 8319 8148 7170
8226 7581 8617 7318
7905 7856 8380 7872
8296 7784 8162 7530
8296 7784 8162 7530
8156 7893 8352 7557
8424 8008 8015 7480
8185 7884 8409 7683
8401 8072 8115 7297
8212 7709 8432 7588
8244 8319 8148 7170
8296 7784 8162 7530
8273 8068 8378 7314
8242 8068 8470 7231
8196 7781 8603 7623
7905 7856 8380 7872
7995 7885 8543 7522
7910 7111 8395 7859
8131 8155 8395 7183
8195 7525 7859 7763
7995 7885 8543 7522
7995 7885 8543 7522
8205 8296 8285 7557
8321 7962 8530 7402
7995 7885 8543 7522
8205 8296 8285 7557
8177 7832 8457 7484
7915 8534 7829 7344
7970 8102 8069 7741
7790 7912 8444 7790
7995 7885 8543 7522
8378 8076 8227 7503
7996 8103 7985 7622
7976 7936 8604 7423
8205 8296 8285 7557
8205 8296 8285 7557
8187 8454 8346 7428
8272 7753 8346 7557
8033 8097 8256 7706
8010 7477 7868 7807
8227 8258 8087 7404
8321 7962 8530 7402
8273 8068 8378 7314
7970 8102 8069 7741
8010 8269 8209 7597
8129 8014 8132 7795
8361 7995 8279 7515
8227 8258 8087 7404
8212 7709 8432 7588
8115 8155 8511 7150
8404 8214 7976 7540
8276 7983 8214 7745
8205 8296 8285 7557
8115 8155 8511 7150
7995 7885 8543 7522
8424 8008 8015 7480
7761 7623 8651 7443
8095 8098 7908 7632
7910 7111 8395 7859
7910 7111 8395 7859
7915 8534 7829 7344
7905 7856 8380 7872
8424 8008 8015 7480
8296 7784 8162 7530
8296 7784 8162 7530
7905 7856 8380 7872
8244 8319 8148 7170
7761 7623 8651 7443
8010 7477 7868 7807
8056 8093 8423 7800
8095 7644 8638 7332
8212 7709 8432 7588
7647 7818 8691 7331
8010 8269 8209 7597
7995 7885 8543 7522
8068 7415 8623 7344
8242 8068 8470 7231
7976 7936 8604 7423
8244 8319 8148 7170
8273 8068 8378 7314
8401 8072 8115 7297
8056 8093 8423 7800
8016 8228 7898 7689
8195 7525 7859 7763
7901 8198 8356 7625
7790 7912 8444 7790
8242 8068 8470 7231
