1013 361.893
29124 26334
27870 27865
27973 27862
28073 27747
29060 26455
29075 26372
28111 27716
29049 26482
29077 26350
28684 27098
28321 27513
28295 27543
28158 27669
28391 27421
28131 27672
28699 27071
28121 27694
29025 26508
28421 27419
28340 27489
28387 27448
28270 27567
28982 26615
28245 27585
28175 27653
28445 27379
28860 26811
28192 27652
29001 26556
28294 27553
28545 27262
28505 27314
28917 26726
28233 27597
28365 27450
28354 27481
28264 27576
28428 27403
28323 27504
28920 26705
28945 26675
29009 26540
28195 27622
28854 26840
28825 26870
28803 26917
28433 27386
28665 27110
28358 27462
28997 26580
28832 26857
28460 27362
28727 27028
28634 27152
28970 26639
28763 26971
28648 27131
28625 27167
29023 26537
28556 27248
28938 26693
28971 26623
28807 26905
28905 26737
28535 27274
28793 26933
28512 27293
28847 26853
28780 26950
28818 26885
28757 26986
28931 26697
28951 26663
28897 26769
28963 26656
28219 27603
28476 27354
29024 26518
28881 26771
28528 27277
28481 27333
28873 26807
28520 27287
28575 27217
28592 27200
28717 27037
28995 26593
28638 27140
28601 27193
28492 27319
28489 27322
28702 27051
28478 27339
28204 27607
28748 26987
28745 27003
28767 26956
28874 26798
28200 27616
28787 26939
28875 26783
28663 27117
28736 27017
28605 27177
29076 26362
28995 26593
28898 26758
28586 27204
28809 26887
28214 27606
28736 27017
28770 26953
28958 26657
28850 26844
28561 27242
28647 27139
28571 27227
28563 27235
28604 27187
28617 27175
28899 26747
28877 26776
28465 27355
28618 27173
28570 27232
28745 27003
28900 26741
28663 27117
28514 27290
28582 27211
28788 26934
28708 27042
28462 27356
28810 26886
28707 27048
28582 27211
28713 27040
28704 27050
28712 27041
28748 26987
28605 27177
28748 26987
29083 26316
27871 27819
29056 26442
27942 27759
28114 27688
29015 26530
28042 27736
28434 27370
28923 26562
28191 27629
28309 27501
28491 27294
28250 27536
28811 26863
28917 26671
28355 27397
28222 27575
28349 27431
28812 26790
28570 27225
28633 27140
28652 27063
28868 26776
28903 26704
28594 27152
28872 26734
28785 26924
28714 27005
28760 26967
28684 27036
28496 27248
28732 26981
28769 26926
28532 27232
28670 27050
28526 27242
28600 27146
29021 26427
28070 27658
28092 27526
28244 27463
28316 27391
28405 27370
28627 27115
28840 26765
28668 27037
28956 26481
28868 26755
28756 26955
28869 26629
28535 27223
28803 26857
28790 26860
28489 27233
28547 27143
28909 26580
28460 27254
28674 26962
28875 26597
28440 27283
28592 27127
28297 27448
28412 27301
28289 27451
28735 26959
28672 26990
28948 26510
28915 26533
28917 26511
28418 27298
28565 27132
28556 27134
28735 26959
29019 26338
28057 27444
28931 26440
28895 26569
28244 27374
28867 26712
28822 26764
28786 26854
28369 27264
28594 27113
28337 27347
28435 27258
28531 27194
28482 27229
28756 26907
28666 26960
28624 27067
28737 26947
28716 26957
28522 27208
28305 27358
28658 27037
28664 27026
28283 27365
28617 27104
28266 27369
28614 27110
28527 27200
28662 27032
29008 26333
28176 27374
28884 26472
28867 26635
28273 27277
28229 27368
28603 27103
28624 27062
28474 27220
28305 27273
28530 27116
28785 26793
28807 26743
28784 26850
28379 27257
28653 27001
28847 26684
28692 26956
28512 27188
28417 27222
28744 26867
28662 26991
28198 27372
28403 27243
28719 26902
28820 26708
28720 26872
28520 27164
28526 27145
28830 26705
28713 26941
28716 26934
28386 27255
28865 26632
28126 27371
28474 27218
28774 26838
28645 27000
28191 27339
28195 27276
28816 26641
28338 27225
28555 27098
28795 26716
28783 26757
28681 26950
28268 27254
28490 27148
28522 27139
28709 26932
28602 27069
28726 26864
28281 27234
28621 27054
28715 26877
28332 27229
28618 27061
28865 26629
28109 27314
28219 27238
28302 27220
28784 26712
28470 27209
28854 26630
28772 26777
28520 27136
28473 27163
28669 26947
28768 26837
28635 26975
28530 27078
28703 26882
28707 26846
28617 27045
28580 27069
28737 26838
28621 27009
28675 26911
28591 27052
28691 26907
28538 27072
28625 26989
28865 26580
27944 27312
28858 26628
28768 26806
28175 27217
28072 27296
28355 27205
28104 27236
28518 27095
28652 26940
28708 26838
28449 27174
28467 27160
28688 26872
28625 26982
28567 27069
28575 27023
28396 27185
28669 26884
28658 26919
28491 27126
28387 27196
28504 27121
28570 27062
28723 26816
28735 26809
28620 26991
28609 27013
28607 27020
28859 26445
28079 27210
28849 26620
28140 27206
28787 26623
28316 27200
28767 26773
28462 27150
28493 27096
28688 26835
28393 27180
28669 26875
28517 27086
28602 27019
28434 27165
28569 27057
28630 26940
28564 27064
28622 26976
28718 26813
28653 26905
28608 26994
28342 27184
28651 26924
28733 26804
28750 26787
28749 26794
28334 27194
28340 27190
28840 26606
28004 27197
28300 27194
28785 26622
28763 26733
28602 27015
28610 26962
28391 27157
28555 27062
28480 27080
28338 27163
28514 27077
28431 27141
28673 26834
28652 26874
28460 27112
28635 26904
28680 26807
28668 26864
28565 27028
28622 26940
28760 26765
28740 26771
28563 27036
28734 26791
28709 26801
28326 27184
28762 26739
28454 27135
28323 27189
28631 26920
28724 26800
28459 27127
28625 26925
28838 26346
27954 27197
28286 27192
28837 26451
28759 26731
28769 26622
28376 27152
28826 26546
28458 27127
28315 27186
28506 27063
28672 26832
28715 26792
28604 26952
28658 26858
28778 26590
28569 26997
28824 26579
28417 27139
28736 26758
28633 26897
28534 27024
28727 26781
28444 27133
28519 27044
28555 27012
28614 26937
28629 26917
28517 27059
28558 27001
28632 26903
28617 26924
28616 26927
28813 26573
28100 27189
28253 27184
28753 26722
28776 26583
28467 27060
28604 26949
28455 27117
28513 27047
28531 27014
28733 26751
28310 27160
28641 26825
28681 26783
28703 26773
28567 26983
28668 26822
28367 27140
28633 26874
28566 26993
28607 26907
28417 27134
28420 27127
28321 27149
28346 27142
28613 26896
28632 26886
28622 26891
28810 26556
28226 27178
28747 26718
28791 26572
28309 27146
28353 27120
28668 26820
28633 26867
28433 27117
28670 26775
28553 26954
28506 27017
28454 27079
28528 27011
28484 27035
28584 26938
28535 26982
28720 26742
28628 26886
28703 26767
28594 26933
28458 27052
28598 26900
28451 27112
28552 26975
28605 26894
28470 27044
28688 26770
28713 26743
28441 27115
28794 26413
28171 27178
28778 26567
28741 26697
28219 27123
28304 27120
28336 27110
28410 27098
28467 27030
28782 26468
28629 26867
28207 27170
28446 27090
28567 26930
28656 26805
28711 26739
28542 26964
28692 26761
28667 26794
28486 27013
28740 26710
28788 26455
28600 26893
28615 26873
28525 26972
28431 27097
28586 26914
28516 27006
28702 26755
28515 27010
28594 26912
28529 26969
28662 26804
28747 26490
28131 27157
28740 26647
28259 27109
28175 27129
28327 27103
28729 26696
28457 27027
28444 27072
28408 27083
28361 27091
28546 26923
28666 26766
28629 26855
28578 26901
28585 26876
28705 26726
28634 26786
28163 27142
28540 26958
28491 27008
28617 26859
28518 26968
28682 26741
28635 26782
28511 26989
28500 27000
28695 26739
28743 26351
28069 27155
28239 27109
28356 27081
28740 26556
28117 27129
28662 26764
28432 27068
28629 26847
28438 27032
28732 26591
28534 26955
28729 26656
28546 26911
28604 26852
28469 26998
28576 26896
28508 26973
28694 26734
28665 26742
28701 26714
28727 26688
28713 26695
28489 26979
28571 26899
28481 26996
28618 26849
28733 26548
27992 27147
28025 27100
28209 27092
28306 27071
28600 26834
28425 27067
28649 26742
28460 26982
28732 26572
28573 26896
28276 27080
28693 26716
28531 26952
28715 26643
28713 26652
28432 27029
28499 26969
28625 26798
28535 26899
28678 26723
28615 26801
28428 27044
28544 26897
28728 26303
27927 27096
28713 26651
28105 27079
28003 27087
28263 27065
28252 27078
28401 27054
28427 27024
28459 26969
28674 26719
28521 26912
28634 26732
28688 26687
28566 26863
28505 26946
28690 26658
28560 26894
28593 26792
28539 26896
28421 27046
28473 26956
28587 26814
28625 26751
28616 26785
28573 26843
28621 26770
28575 26828
28496 26950
28401 27054
28710 26440
28247 27058
28378 27053
28708 26555
28687 26672
28571 26825
28489 26938
28612 26770
28511 26901
28445 26950
28706 26623
28646 26692
28415 27034
28423 26973
28529 26873
28707 26597
28553 26838
28622 26734
28426 26960
28623 26698
28540 26850
28399 27036
28537 26864
28630 26695
28620 26753
28389 27048
28619 26764
28395 27045
28698 26570
28230 27056
28274 27051
28376 27049
28413 26947
28643 26692
28567 26817
28594 26766
28684 26647
28504 26895
28479 26929
28529 26858
28620 26739
28678 26656
28403 26994
28389 27026
28488 26922
28614 26754
28549 26833
28390 27000
28540 26837
28683 26621
28304 27049
28442 26920
28623 26670
28670 26647
28358 27016
28503 26881
28540 26835
28393 26987
28341 27045
28402 26960
28486 26909
28584 26765
28590 26750
28608 26718
28555 26790
28619 26717
28546 26826
28493 26888
28550 26792
28398 26966
28400 26964
28681 26460
28226 27035
28676 26575
28630 26621
28314 27020
28523 26808
28586 26743
28495 26866
28422 26911
28660 26592
28607 26682
28343 26996
28619 26681
28543 26791
28469 26905
28385 26927
28555 26746
28476 26874
28394 26921
28377 26983
28319 27013
28381 26973
28553 26769
28470 26899
28379 26980
28659 26509
28087 27017
28235 27015
28436 26891
28283 26992
28484 26864
28375 26955
28643 26585
28359 26962
28506 26804
28569 26719
28544 26763
28576 26664
28513 26790
28627 26615
28549 26734
28599 26638
28608 26624
28589 26656
28647 26500
28153 27014
28368 26920
28475 26861
28565 26715
28584 26656
28613 26552
28268 26988
28201 27004
28304 26952
28586 26613
28350 26947
28599 26571
28480 26842
28527 26731
28494 26800
28276 26971
28498 26785
28519 26754
28188 27012
28522 26749
28642 26498
28209 26973
28360 26867
28335 26941
28425 26859
28571 26589
28592 26499
28578 26544
28562 26669
28522 26723
28282 26944
28263 26954
28467 26839
28550 26690
28225 26968
28492 26791
28480 26814
28511 26744
28493 26767
28496 26748
28472 26825
28552 26673
28631 26376
28017 26961
28301 26894
28580 26423
28142 26954
28220 26934
28568 26543
28387 26853
28559 26597
28497 26719
28465 26781
28526 26668
28418 26828
28462 26827
28507 26674
28583 26314
28171 26919
28312 26829
28526 26650
28450 26818
28553 26498
28275 26893
28482 26710
28532 26521
28283 26845
28456 26736
28454 26783
28551 26506
28524 26515
28005 26909
28160 26897
28250 26829
28401 26806
28240 26884
28451 26690
28523 26635
28447 26759
28468 26644
28440 26803
28520 26637
28515 26468
28131 26894
28408 26794
28214 26843
28498 26601
28445 26690
28458 26614
28436 26791
28173 26884
28191 26850
28515 26422
28050 26872
28422 26791
28211 26814
28431 26685
28184 26843
28497 26554
28487 26599
28506 26324
27909 26871
28415 26788
28496 26428
28066 26841
28423 26669
28201 26801
28484 26564
28464 26590
28127 26823
28191 26809
28196 26804
28477 26482
27750 26844
28410 26737
28463 26558
28035 26817
27788 26842
28298 26781
28179 26809
28197 26798
28472 26501
28472 26437
27786 26810
28171 26796
28412 26558
28460 26521
28401 26681
28258 26729
28400 26698
28172 26751
28192 26730
28459 26342
28159 26766
28164 26740
28366 26684
28456 26510
28400 26546
28381 26674
28422 26521
28450 26292
27849 26759
28136 26710
28449 26457
28331 26678
28372 26575
27856 26745
28428 26345
28092 26700
28137 26662
28358 26567
28304 26656
28373 26448
28325 26632
28359 26450
28095 26693
28306 26650
28414 25943
27914 26695
28143 26651
28373 26227
28369 26324
28341 26565
28403 25980
28253 26642
28288 26569
28346 25769
27731 26682
28338 26508
28342 25922
27983 26627
28243 26558
28150 26572
28055 26591
28308 26236
27525 26670
27930 26590
28293 26446
28011 26549
28159 26507
28110 26509
28295 26102
27784 26584
28254 26201
27968 26507
28247 26424
27892 26583
28115 26482
28180 26425
28118 26429
28127 26428
28240 26153
27854 26574
27956 26471
28098 26470
28107 26392
28159 26293
28194 26250
27869 26489
27865 26525
28229 26020
27835 26560
28046 26414
28104 26295
28174 26238
28180 26067
27914 26439
27877 26442
28109 25911
27809 26520
28103 26283
27863 26432
27986 26404
28028 26310
28079 25939
27846 26428
27965 26155
28072 26011
27920 26307
27893 26351
27937 26061
27731 26423
27897 26206
27834 26367
27769 26369
27894 26170
27731 26402
27826 26320
27794 26335
27740 26216
27668 26385
27701 26369
27726 26117
