143039 2160.32
29338 25979
28896 26679
28943 26597
28916 26660
28991 26593
29008 26536
28998 26556
29031 26522
29035 26507
29146 26340
29079 26454
29331 26011
29094 26449
29074 26465
29060 26484
29332 25981
29052 26494
29158 26331
29203 26265
29300 26051
29204 26246
29320 26030
29098 26441
29249 26175
29101 26430
29145 26359
29287 26083
29308 26046
29181 26303
29313 26031
29052 26494
29262 26143
29130 26392
29121 26402
29239 26188
29186 26285
29296 26071
29193 26282
29104 26421
29136 26367
29135 26381
29171 26314
29222 26228
29066 26476
29331 26011
29066 26476
29226 26220
29294 26080
29285 26095
29280 26105
29239 26188
29198 26271
29320 26030
29130 26392
29121 26402
29214 26236
29268 26127
29171 26314
29250 26161
29167 26320
29256 26147
29280 26105
29181 26303
29116 26413
29228 26206
29296 26071
29249 26175
29222 26228
29184 26292
29198 26271
29262 26143
29210 26245
29285 26095
29308 26046
29135 26381
29274 26113
29160 26323
29184 26292
29268 26127
29300 26051
29226 26220
29214 26236
29159 26324
29193 26282
29232 26204
29235 26197
29108 26419
29271 26123
29254 26154
29116 26413
29113 26415
29108 26419
29274 26113
29167 26320
29313 26031
29141 26364
29269 26125
29113 26415
29273 26116
29229 26205
29254 26154
29252 26159
29212 26241
29234 26198
29235 26197
29256 26147
29212 26241
29294 26080
29273 26116
29142 26363
29142 26363
29271 26123
29252 26159
29160 26323
29141 26364
29136 26367
29234 26198
29232 26204
29228 26206
29210 26245
29332 25981
29250 26161
29234 26198
29222 26228
29052 26494
29297 26029
29068 26416
29071 26386
29266 26120
29146 26338
29173 26297
29232 26186
29200 26265
29204 26225
29146 26338
29249 26147
29255 26146
29201 26229
29297 25991
28976 26385
29054 26375
29106 26292
29262 26092
29198 26233
29294 26012
29223 26142
29172 26291
29187 26260
29242 26122
29233 26134
29227 26040
29049 26361
29210 26048
29197 26231
29162 26260
29092 26290
29076 26291
29170 26238
29183 26235
29224 26014
29044 26355
29093 26257
29221 26037
29190 26146
29157 26253
29180 26155
29168 26203
29163 26211
29212 26019
28992 26342
29062 26257
29030 26275
29135 26239
29147 26206
29180 26152
29182 26106
29185 26054
29199 26024
29189 26040
29181 26032
28936 26292
29030 26236
29180 26145
29121 26230
29143 26175
29134 26217
29170 26086
29097 26227
29133 26183
29143 26144
29162 26117
29149 26123
29115 26205
29120 26201
29100 26225
29165 26019
28991 26208
29076 26207
29114 26174
29141 26135
29162 26080
29153 26113
29157 26090
29162 26064
29054 26189
29079 26140
29116 26133
29066 26161
29128 26107
29155 26085
29124 26111
29156 26080
29141 25969
29051 26167
29108 26132
29061 26139
29139 26024
29126 26074
29112 26083
29118 26079
29123 26020
28992 26152
29053 26135
29077 26116
29106 26102
29007 26142
29109 26069
29117 26043
29110 25931
28963 26106
29101 26099
29105 25976
29020 26100
29104 25953
29026 26084
29067 26026
29066 26081
29028 25849
29024 26070
29011 25925
28828 26059
28966 26031
29008 25964
29005 26006
28974 26008
28972 25830
28804 26002
28968 25962
28950 25959
28865 25825
28843 25929
28519 25641
