40 0.877645
8382 7914 7909 7331
8316 8525 7533 7287
8264 8632 7740 6955
8264 8632 7740 6955
8058 7868 8620 7473
7766 7441 7727 7805
7766 7441 7727 7805
7866 8125 8417 7479
7953 7611 7915 7781
7953 7611 7915 7781
8167 8327 8240 7204
8146 8523 7797 7028
8185 7785 8221 7676
7872 8310 7627 7641
8037 7849 8547 7505
8221 7808 8401 7444
8138 8490 7627 7097
8056 8171 7873 7644
8330 8321 7973 7124
8020 8458 7927 7053
7891 7984 8311 7788
8180 8020 8516 7485
8150 8246 8040 7486
7893 8388 8021 7518
8138 7889 8330 7684
8057 8055 8430 7367
8047 8163 8398 7381
7999 8493 8139 7469
8257 8275 8138 7221
7925 7916 8474 7678
7932 8278 7981 7656
8292 8201 8181 7531
8303 8081 8275 7627
8334 8166 8165 7240
8120 8330 8023 7417
8130 7943 8130 7726
8175 7913 8208 7723
8321 7900 8238 7466
8203 8445 7819 7095
8240 8010 8107 7677
7925 7916 8474 7678
7931 8568 7800 7092
8075 8314 8191 7594
8072 7953 8076 7750
7973 8190 8292 7765
8188 8306 8053 7336
8179 8384 8094 7086
8356 7865 8280 7672
7994 7927 8567 7388
7931 8568 7800 7092
8334 8166 8165 7240
8178 8214 8223 7572
8019 8092 8422 7537
7990 7833 7986 7772
8249 8244 8128 7551
8019 8109 8346 7664
8315 7888 8437 7425
8104 8299 8084 7586
8320 7972 7928 7355
8024 8080 8448 7590
8172 8233 8188 7569
8114 8246 8373 7641
8367 7928 8020 7317
8381 7966 7932 7402
8250 8127 7966 7765
8367 7928 8020 7317
8303 8081 8275 7627
8079 8414 8087 7264
8110 8393 8075 7282
8196 8402 7926 7330
8320 8148 8000 7306
8207 8109 8299 7388
8206 8176 8278 7552
8098 8358 8224 7537
8127 8415 8169 7120
8182 8263 7997 7381
7994 7927 8567 7388
8292 8201 8181 7531
8086 7939 8363 7754
8203 8445 7819 7095
7990 7833 7986 7772
8329 8263 7968 7294
8260 8200 8094 7609
8146 8523 7797 7028
8205 8121 8300 7537
8079 8414 8087 7264
8213 7958 8225 7666
8112 8420 7953 7412
8381 7966 7932 7402
8382 7914 7909 7331
8141 7958 8305 7661
8112 8420 7953 7412
8315 7888 8437 7425
8242 8072 8327 7507
7978 8370 7999 7584
8120 8370 8329 7288
8086 7939 8363 7754
8356 7865 8280 7672
8240 8010 8107 7677
8260 8200 8094 7609
8109 7913 8219 7755
8320 8148 8000 7306
8244 8019 8288 7454
8129 8287 7959 7357
8138 8490 7627 7097
8202 8320 7803 7296
8188 8306 8053 7336
8024 8080 8448 7590
8185 7785 8221 7676
8244 8019 8288 7454
8242 8072 8327 7507
8127 8415 8169 7120
7973 8190 8292 7765
7978 8370 7999 7584
8196 8402 7926 7330
8019 8092 8422 7537
8072 7953 8076 7750
8098 8358 8224 7537
8172 8233 8188 7569
8202 8320 7803 7296
8175 7913 8208 7723
8129 8287 7959 7357
8110 8393 8075 7282
8109 7913 8219 7755
7999 8493 8139 7469
8213 7958 8225 7666
8179 8384 8094 7086
8249 8244 8128 7551
8382 7914 7909 7331
8381 7966 7932 7402
8367 7928 8020 7317
8315 7888 8437 7425
8292 8201 8181 7531
8264 8632 7740 6955
8175 7913 8208 7723
8172 8233 8188 7569
8129 8287 7959 7357
8127 8415 8169 7120
8112 8420 7953 7412
8110 8393 8075 7282
8079 8414 8087 7264
7953 7611 7915 7781
7925 7916 8474 7678
8318 7820 7924 7183
7990 7740 8571 7446
7892 8314 8320 7183
7890 8432 8073 7230
7882 7617 7898 7777
7835 8097 7698 7724
7649 8043 8154 7719
8302 7895 7999 7348
8182 7634 8041 7312
7994 7961 8121 7647
7726 8277 7952 7555
8104 8161 8288 7544
8077 8346 8238 7288
7910 7799 8450 7490
8060 7820 8485 7336
8130 8033 8103 7424
7663 8239 8360 7276
7722 8205 8139 7608
7952 8243 8025 7394
8049 7953 8341 7638
8176 8141 8221 7330
7889 7756 8393 7574
7845 8235 7960 7475
7918 8201 8160 7576
7945 8059 8429 7285
8011 8225 8272 7268
7946 8239 8088 7375
7955 8094 8314 7452
7989 8096 8313 7504
7866 8108 8413 7323
7941 8003 8298 7641
8116 8298 8099 7275
7970 7747 8413 7448
8085 8196 8312 7198
8061 8012 8352 7630
7892 8314 8320 7183
8120 8023 8206 7568
8033 8254 8140 7332
8179 8142 8064 7501
8067 8119 8206 7553
8012 8110 8243 7559
7878 8230 8116 7467
7883 8271 8267 7239
7936 8214 8298 7210
8063 8190 8306 7238
8042 8107 8319 7434
7722 8205 8139 7608
7936 8214 8298 7210
7879 8255 7952 7495
8067 8119 8206 7553
8074 8227 8235 7431
7883 8271 8267 7239
8043 8197 8252 7470
7918 8201 8160 7576
8063 8190 8306 7238
7947 8194 8350 7556
8043 8197 8252 7470
7947 8194 8350 7556
8074 8227 8235 7431
7883 8271 8267 7239
8201 7785 7985 7275
8078 8079 8143 7152
8042 7935 8077 7577
8005 7922 8346 7531
7797 8042 7820 7572
7737 8266 7838 7230
7937 7985 8276 7416
8051 8198 7916 7201
7855 8136 7975 7466
7915 8067 8205 7292
8153 7890 8172 7291
7806 8189 8266 7420
8164 8023 7880 7382
7897 8017 8331 7487
8142 8115 7931 7357
8111 8157 7959 7159
8065 8109 8095 7516
7876 8182 8055 7292
8139 8083 8125 7221
8030 8172 8202 7402
8110 7997 8175 7528
8119 7877 7942 7208
8112 7988 7852 7228
8081 7747 7856 7374
7920 8156 8002 7357
7878 7878 7980 7458
7824 7826 8294 7438
7681 8131 8182 7360
7998 7909 8208 7432
7814 8151 7862 7381
8081 7975 8120 7345
8029 8116 8113 7377
7914 7987 8128 7239
7930 8057 7954 7379
7844 8056 8189 7374
7925 7921 8143 7353
8045 7952 7941 7258
7961 8048 7964 7108
7921 7586 7931 7405
7898 8153 7797 7238
7871 7893 8208 7253
7742 7895 8146 7307
7950 7838 8207 7264
7989 8060 7882 7216
7885 8097 8025 7318
7982 8011 7982 7305
7879 8025 8087 7309
8007 8046 8013 7243
7791 7878 7905 7304
8770 8053 8289 7371
8299 7708 8747 7200
8228 7360 8420 7787
8202 8454 8063 7481
8199 7783 8521 7917
7935 7651 8757 7524
7822 7493 8583 7775
7856 7490 8567 7863
8684 8248 8315 7331
8504 7952 8502 7591
8371 8352 8154 7636
8148 8453 8147 7301
7960 7662 8623 7670
8298 7547 8301 7789
8210 7375 8414 7774
8076 7875 8303 7911
8378 8302 8190 7261
8122 7601 8734 7412
8685 8164 8108 7512
8378 8302 8190 7261
7898 7519 8756 7656
8072 7858 8431 7706
8456 7998 8233 7633
8621 7842 8700 7516
8609 8169 8225 7548
8685 8164 8108 7512
8169 8115 8315 7709
8367 7669 8705 7496
8171 7742 8674 7561
8419 7808 8552 7705
8143 7835 8649 7527
8299 7708 8747 7200
8320 8165 8385 7657
8283 7799 8721 7409
8413 7855 8470 7729
8479 7947 8470 7600
8306 7937 8588 7600
8662 8273 8577 7545
8340 8015 8228 7574
7944 8191 8408 7565
8200 7620 8604 7760
8263 7663 8386 7845
8298 7976 8214 7757
8359 8053 8280 7555
8122 7601 8734 7412
8484 7991 8563 7578
8299 8038 8293 7725
8330 7725 8230 7849
8072 7858 8431 7706
8257 8053 8242 7712
8169 7956 8405 7594
8148 8453 8147 7301
7935 7651 8757 7524
8185 7746 8606 7587
8674 7829 8212 7584
8085 8330 8290 7635
8087 7812 8281 7758
8257 8053 8242 7712
7905 7832 8617 7533
8263 7663 8386 7845
8311 7963 8230 7702
8111 7999 8593 7659
8662 8273 8577 7545
7960 7662 8623 7670
8413 7855 8470 7729
8283 7799 8721 7409
8609 8169 8225 7548
7944 8191 8408 7565
8111 7999 8593 7659
7905 7832 8617 7533
8479 7947 8470 7600
8311 7963 8230 7702
8185 7746 8606 7587
8674 7829 8212 7584
8320 8165 8385 7657
8359 8053 8280 7555
8413 7855 8470 7729
8378 8302 8190 7261
8359 8053 8280 7555
8283 7799 8721 7409
8283 7799 8721 7409
8263 7663 8386 7845
8257 8053 8242 7712
8148 8453 8147 7301
7944 8191 8408 7565
7935 7651 8757 7524
7905 7832 8617 7533
7905 7832 8617 7533
8654 7788 8102 7363
8287 7434 8132 7670
8070 7518 8688 7434
8030 8388 8017 7441
8013 7540 8298 7916
7967 8273 8207 7192
7893 7799 7838 7735
7764 7799 8525 7531
8161 8297 7862 7359
7829 7598 8282 7817
8556 8112 8369 7457
8502 8222 8139 7427
8643 7875 8104 7226
8627 7824 8106 7326
8449 8247 8356 7380
8173 8286 7974 7368
8532 7845 8512 7313
7934 7745 8628 7490
8316 7658 8668 7418
8266 8156 8199 7544
8325 8039 8415 7432
8396 7655 8680 7301
8113 7932 8251 7620
8007 7576 8332 7905
8257 7968 8077 7585
8214 8076 8034 7598
8417 7911 8266 7562
8127 7577 8277 7868
8343 7993 8464 7488
8106 7477 8530 7614
8454 7792 8597 7361
8255 7610 8622 7482
8388 7777 8481 7497
8307 7889 8374 7500
8013 7708 8464 7680
7893 7799 7838 7735
8285 7820 8324 7727
8166 7629 8112 7751
8220 7998 8268 7546
8181 7671 8443 7716
8406 7784 8218 7595
8399 7997 8189 7488
8161 8144 8273 7572
8074 7595 8478 7791
8291 7775 8567 7523
8211 7623 8522 7630
8190 7459 8529 7703
8173 8286 7974 7368
8153 7608 8559 7553
8035 7868 8285 7700
8021 7650 8518 7739
8161 8027 8357 7517
8120 7887 8051 7673
7951 7749 8020 7848
8187 7666 8438 7708
8050 7822 8607 7526
8104 7505 8530 7593
8151 7778 8399 7702
8143 7961 8049 7730
8104 7962 8303 7647
7951 7749 8020 7848
8298 7790 8466 7464
8488 7997 8029 7524
8161 7692 8503 7765
8494 7747 8615 7441
8177 7553 8285 7862
8079 7722 8260 7759
8007 7576 8332 7905
8654 7788 8102 7363
8319 7873 8360 7542
8161 7692 8503 7765
8070 7518 8688 7434
8291 7869 8253 7655
8090 7777 8255 7804
8177 7553 8285 7862
8079 7722 8260 7759
8090 7777 8255 7804
8311 7624 8302 7557
8260 7687 8476 7607
8396 7655 8680 7301
8260 7687 8476 7607
8143 7961 8049 7730
8294 7745 8478 7606
8294 7745 8478 7606
8294 7745 8478 7606
8177 7553 8285 7862
8177 7553 8285 7862
8090 7777 8255 7804
8090 7777 8255 7804
8090 7777 8255 7804
8090 7777 8255 7804
8079 7722 8260 7759
8079 7722 8260 7759
8079 7722 8260 7759
7951 7749 8020 7848
8553 7775 8039 7388
8482 8170 8086 7306
8241 7655 7937 7714
8048 7240 8388 7679
7881 7479 8270 7885
7811 7682 8601 7476
7733 7797 8304 7603
8090 7444 8259 7838
8049 7408 8466 7596
8413 8043 8333 7372
8311 7898 8455 7472
7975 7585 8523 7526
8247 8129 8071 7420
8439 7731 8587 7386
7900 7869 8198 7579
8138 7533 8366 7670
8347 7684 8134 7544
7858 7600 8387 7735
8095 7567 8018 7866
8014 7809 8318 7555
8162 7920 8306 7400
8271 7883 8170 7495
8262 7980 8087 7443
8028 7802 8282 7649
8096 7755 8341 7518
7937 7607 8211 7717
8242 7966 8126 7530
8234 7698 8218 7681
7917 7651 8047 7728
8204 7979 8096 7477
8074 7767 8379 7491
7919 7659 8289 7695
8186 7778 8181 7664
7832 7709 8175 7706
7986 7712 8284 7661
8125 7746 8090 7714
8227 7776 8019 7723
8392 7807 8327 7385
8387 7968 8211 7386
7858 7600 8387 7735
8095 7567 8018 7866
8095 7567 8018 7866
8095 7567 8018 7866
8433 7638 8363 7178
8216 8062 7943 7123
8211 8110 8065 7078
7989 7614 8554 7170
7976 7392 8346 7490
7673 7947 8073 7390
8043 7667 8451 7402
8128 7987 8193 7271
7920 7835 8283 7402
8286 7896 8235 7435
8257 7998 8087 7289
8108 7551 8302 7456
8173 7769 8263 7344
8163 7822 8391 7388
8329 7783 8292 7130
8354 7742 8119 7094
8361 7723 8269 7356
8112 7549 8271 7400
8150 7724 8143 7466
8209 7708 8252 7342
8168 7767 8120 7140
8129 7370 8261 7375
8117 7626 8124 7449
7865 7820 7801 7387
7966 7812 8212 7382
8100 7651 8219 7358
8653 7913 8045 7040
8375 7822 8422 6723
8126 8044 8583 7364
7882 7585 7920 7863
7882 7585 7920 7863
7869 8452 7724 7223
7869 8452 7724 7223
7818 7745 8068 7694
7878 7814 7988 7848
7818 7745 8068 7694
8586 8104 8280 7614
7887 8304 8192 7558
8015 8178 8472 7148
8375 7822 8422 6723
8035 8295 8515 6841
8342 8141 8568 7620
7862 8355 7746 7343
8035 8365 7858 7228
8307 8373 8263 7219
8050 8438 8005 7122
8035 8295 8515 6841
8222 8323 8177 7446
8494 8047 8297 7158
7862 8355 7746 7343
8322 8280 8256 7230
8346 7930 8141 7668
8374 7620 8440 7035
8067 8253 8359 7490
8350 8250 8095 7478
8447 7986 8377 6936
8446 7683 8319 7138
8359 8177 8138 7667
8394 8037 8420 7041
8471 8135 8040 7489
8606 7871 8090 7206
8602 7692 8342 6994
8226 8182 8246 7398
8069 8195 8274 7247
8354 8118 8210 7212
8611 8091 8203 6917
8635 7969 8188 7009
8015 8178 8472 7148
8176 8322 8404 7145
8396 8312 8140 7247
8296 8300 8099 7325
8602 7692 8342 6994
8296 8300 8099 7325
8454 8054 8298 7070
8089 8180 8329 7291
7887 8304 8192 7558
8172 8149 8185 7460
8112 8157 8262 7394
8035 8365 7858 7228
8050 8438 8005 7122
8611 8091 8203 6917
8408 8129 8406 7178
8606 7871 8090 7206
7869 8444 7895 7095
8374 7620 8440 7035
8411 8118 8197 7364
7869 8444 7895 7095
8089 8180 8329 7291
8429 7595 8319 7169
8363 8086 8430 6999
8265 8181 8309 7090
8205 8171 8376 7354
8482 8162 8288 7014
8193 8325 8187 7392
8226 8182 8246 7398
8126 8044 8583 7364
8428 8119 8304 6956
8635 7969 8188 7009
8371 8018 8308 7202
8033 8001 8248 7677
8193 8325 8187 7392
8033 8001 8248 7677
8069 8195 8274 7247
8067 8253 8359 7490
8428 8119 8304 6956
8251 8177 8275 7184
8346 8133 8329 7459
8251 8177 8275 7184
8205 8171 8376 7354
8494 8047 8297 7158
8265 8181 8309 7090
8454 8054 8298 7070
8363 8086 8430 6999
8429 7595 8319 7169
8482 8162 8288 7014
8172 8149 8185 7460
8453 8324 8300 7123
8371 8018 8308 7202
8446 7683 8319 7138
8635 7969 8188 7009
8375 7822 8422 6723
8371 8018 8308 7202
8296 8300 8099 7325
8265 8181 8309 7090
8226 8182 8246 7398
8067 8253 8359 7490
8033 8001 8248 7677
7887 8304 8192 7558
8564 7953 8022 7037
8419 7968 7793 7522
8374 7708 8351 7112
8340 7865 8516 6880
8316 8015 8455 6820
8305 8321 8206 7209
7983 7726 8149 7650
7807 7940 8505 7363
8419 7968 7793 7522
8310 7843 7936 7490
7959 8118 8408 7311
8511 8063 7955 6998
8316 8254 8113 7096
8380 8193 8263 6947
8155 8106 8045 7635
8552 7922 8128 7034
8008 8314 8092 7404
8108 8072 8141 7553
8368 7873 8369 7120
8253 8213 8237 7119
8332 8203 8287 6857
8532 7796 8238 7161
8350 8092 8323 7154
8203 8203 8062 7477
8284 7949 8497 7345
8564 7953 8022 7037
8234 8133 8214 7262
8218 8079 8179 7452
8047 7990 8429 7565
8053 7811 8448 7402
8168 8060 8376 7194
8160 8139 8437 7040
8189 8037 8273 7228
8485 7841 8169 7472
8150 8098 8280 7451
8532 7796 8238 7161
8374 7827 8345 7051
8278 7962 8479 7188
8044 8130 8254 7060
8468 8100 8196 7404
8145 8038 8308 7485
8340 7865 8516 6880
8296 7900 8408 7142
8312 7997 8398 7277
8327 8186 8049 7324
8263 8031 8371 7279
8468 8100 8196 7404
8327 8024 8287 7253
8047 7990 8429 7565
8213 8119 8340 7094
8108 8072 8141 7553
8008 8314 8092 7404
8259 8030 8480 7234
8524 8030 8207 6926
8162 8124 8231 7385
8145 8038 8308 7485
8053 7811 8448 7402
8005 8118 8409 7278
8492 8098 8152 7191
8327 8186 8049 7324
8476 7923 7950 7371
8408 8113 8227 7161
8282 8006 8402 7516
8411 7911 8249 7312
8524 8030 8207 6926
8036 8101 8379 7312
8036 8101 8379 7312
8476 7923 7950 7371
8042 8077 8460 7147
8411 7911 8249 7312
8261 8113 8266 7143
8483 8075 8206 7322
8334 8037 8353 7158
7959 8118 8408 7311
8282 8006 8402 7516
8296 7900 8408 7142
8160 8139 8437 7040
8042 8077 8460 7147
8503 7842 8231 7094
8213 8119 8340 7094
8278 7962 8479 7188
8408 8113 8227 7161
8503 7842 8231 7094
8334 8037 8353 7158
8532 7796 8238 7161
8524 8030 8207 6926
8476 7923 7950 7371
8468 8100 8196 7404
8411 7911 8249 7312
8213 8119 8340 7094
8047 7990 8429 7565
8474 7792 8133 7208
8269 7920 8458 7268
8256 8153 8154 6624
8117 8272 7890 7146
7977 7522 8041 7465
7856 7540 7798 7566
7844 7772 7947 7451
8347 7655 8312 7103
8202 7954 8375 6929
8053 8102 8200 7346
8032 7992 8336 6827
8119 7600 7956 7494
8265 7988 8276 6799
8474 7792 8133 7208
7981 8036 8241 7049
8130 8219 8025 7174
8164 8196 7937 7010
8287 7860 8311 7277
8242 7714 8152 7311
8208 8046 8043 7247
8269 7920 8458 7268
8345 8105 8103 6955
8298 8264 8153 7003
8064 8109 8072 7302
8097 7983 8231 7184
8233 7966 7967 7225
8168 7992 7989 7277
8200 7978 8305 7319
8257 8028 7902 7293
8123 7997 8161 7261
8047 8136 7896 7339
8238 7934 8348 7193
8331 8032 7945 7259
8165 8118 8138 7194
8267 7922 8278 7179
8283 7882 7734 7119
8232 7710 8387 7144
8188 7961 8249 6905
7931 8107 8058 7175
7766 7492 7679 7374
8049 7975 7952 7027
8252 7621 8196 7245
8166 7817 8035 7259
8172 8103 8100 6963
8105 7920 8256 7029
8157 7865 8124 7180
8055 7712 8303 7155
8257 7780 8357 6942
8239 7652 8264 7016
8045 7920 8368 6927
8216 7838 8232 6931
8141 7917 8095 7022
8128 7899 8100 7154
8214 7613 7953 7081
8185 7694 8306 7139
8033 7905 7838 6683
8013 7674 8376 6665
7909 7738 8206 6775
7832 7635 7526 6836
