4914 1262.34
25949 26890 25416 23785
23515 24142 26847 26596
27602 24862 24727 24250
26051 26500 25658 23284
24647 23791 28309 25004
24059 23809 26141 27356
25197 22834 27220 25885
27120 25165 24102 24753
26517 26228 25468 23399
25052 23174 27512 25622
24085 23941 26410 27185
27315 24939 24679 24614
27170 25421 24922 24044
24099 23928 26318 27121
27505 25227 24664 24382
27217 24978 25113 24408
26799 24844 24509 25058
27362 25104 24604 24591
26125 26744 25602 23679
27181 25263 24306 24749
27106 25440 24184 24553
24718 23702 28253 25149
24177 23802 26288 27270
24930 23063 27176 26106
23999 24113 26639 26948
27269 25308 24356 24609
26230 26574 25590 23726
25122 22934 27082 25942
24727 23688 28229 25109
23614 24054 26818 26768
24700 23836 28162 25194
24621 23688 27952 25518
24998 23347 27582 25641
24704 23001 27194 26224
26039 26707 25656 23749
26578 26007 25142 24184
23724 24345 26925 26096
27070 24955 24582 24839
25375 25470 25375 25048
25274 23319 27280 25829
24639 23800 27884 25240
27437 25083 24763 24397
23815 24071 26731 26768
23636 24095 26806 26668
23883 23697 27130 26499
27386 25241 24621 24450
24429 23823 26276 27087
25304 25757 26229 24544
27279 25368 24899 24276
27021 24970 24228 24996
24563 24253 26116 26464
24966 23357 26978 26125
27120 25165 24102 24753
26101 24376 26217 25342
23972 23937 26490 27033
24384 23640 26420 26782
26175 26428 25345 23827
25851 25562 25824 24556
26716 25804 25149 24217
23836 24225 26703 26692
26402 26064 25461 23887
24707 23251 27632 25711
26813 25876 25269 24018
24516 23278 27138 26377
26274 26472 25437 23817
24425 23838 27723 25609
25984 26805 25668 23629
26270 26544 25053 24065
26698 24819 25312 24756
23930 23853 26950 26523
25412 25260 26260 24952
26133 26553 25625 23847
24967 22987 27315 26097
24768 23142 27035 26218
26876 25359 24396 24627
25108 24334 26491 25505
26776 25842 25027 24107
24732 23221 27700 25983
27297 25125 24900 24590
24363 23664 27682 25910
24148 23915 26536 26873
25821 24405 26395 25008
23773 24176 26865 26510
27544 25090 24633 24454
25532 24439 26195 25560
25061 24911 26273 25044
24823 23663 28135 25162
26250 24606 25421 24857
24687 23650 28101 25291
26528 24974 24880 25022
25442 23506 26884 25872
26176 26487 25697 23347
24227 23854 26248 27203
25050 22956 27360 26095
23668 24062 26787 26821
24023 24335 26595 26711
24594 23123 26677 26444
26868 25523 25226 23991
24762 24476 26193 25984
26126 26651 25614 23588
24316 24753 26754 26026
24447 23599 27485 25972
25603 24033 27118 25099
24434 23673 26304 26898
25657 25534 26012 24637
26558 25504 24553 24679
26003 26868 25541 23711
26165 26443 25641 23952
26071 26334 26031 23463
24306 24025 26216 26971
23519 24220 26759 26752
24874 24084 26451 26281
23846 23964 26656 26992
26116 26617 25404 23763
24208 24129 26427 26938
26314 26342 25681 23379
25912 26255 25963 23902
26890 25343 24313 24654
27529 25127 24801 24372
26945 25547 24619 24489
24795 23651 28055 25251
27100 25057 25087 24611
25203 24280 27040 25166
24044 24074 26560 26916
26058 25726 25535 24516
25435 24506 26243 25073
26231 26417 25681 23521
24129 23953 26296 27042
24697 23302 27779 25748
24574 23675 27970 25362
24990 24248 25412 26408
25894 26303 25744 24122
26282 24417 25096 25419
24939 23904 26064 26358
27159 25098 24439 24719
25340 24363 26988 24980
26496 26278 25592 23473
23749 24265 26843 26648
26839 25012 24892 24658
24414 23986 26353 26298
24753 24625 26004 26141
27053 25095 24729 24718
24823 23448 27798 25531
25157 23474 26592 25879
25696 25993 25694 24233
24805 24179 27612 24889
25984 26805 25668 23629
24818 23122 27382 25772
24538 23677 28000 25377
25480 26101 25987 23925
27240 25274 25179 24219
26742 25248 24950 24793
26051 26500 25658 23284
23566 24101 26861 26629
24474 23421 27545 26077
25515 23482 26602 25691
25331 22873 27295 25725
27104 25353 24421 24430
25206 25613 26243 24670
24564 23732 27856 25484
24896 23712 27753 25575
26761 24762 24472 25079
26675 24197 25511 24901
26558 26332 25396 23496
25745 25602 26346 24156
25730 25660 25787 24830
24647 23968 27759 25388
24282 23395 26761 26532
24501 23720 27328 26113
24159 24160 26894 26571
25463 24665 25488 25927
24706 23365 27841 25428
24129 23842 26367 26984
24812 23681 28120 25219
26350 26162 25312 24065
25905 25916 25581 24291
26637 25820 25331 23947
25932 25309 25784 24876
24452 23612 26667 26698
27315 25230 24717 24458
26044 24736 24846 25634
26725 25482 24985 24564
26018 26715 25644 23699
25919 26193 25605 24113
26373 24358 25797 25130
26003 26868 25541 23711
24815 23820 28072 25065
25137 23464 27339 25182
27314 25320 24984 24172
27030 25109 24253 24923
25792 25938 25977 24446
26092 24519 25941 25194
27030 25109 24253 24923
24656 23537 27450 25899
24536 23557 27353 26066
26217 26309 25779 23620
24785 24642 26624 24957
23658 24141 26789 26773
25040 23486 26958 25866
26069 26374 25757 23550
24261 23874 26226 27322
26255 26396 25652 23455
26187 26198 25708 24027
25791 26387 25324 24080
26963 25747 24930 24065
25589 24998 26093 24883
24810 23543 27534 25809
26669 25460 25280 24474
25111 23605 27654 25261
25248 23247 27100 25867
25683 25789 25849 24517
23980 24655 26346 26084
24811 23531 26908 26265
27026 24993 24210 25000
27489 25136 24745 24483
26476 26101 25019 24059
26556 25309 24934 24776
25319 23712 27167 25482
24939 23556 27469 25736
24508 24668 26167 26286
27479 25151 24728 24455
27437 25083 24763 24397
24765 23142 27130 26238
24466 23636 27332 26190
25331 23232 26911 26002
26180 26637 25564 23762
26411 24751 25805 24530
24672 23862 27130 26343
24037 24184 26606 26580
25371 23763 26249 25962
25030 25025 25885 25533
25330 24092 27403 24705
25451 24522 26299 24783
26243 25738 25856 23936
27081 25518 25081 24364
24008 24074 27478 26172
23566 24101 26861 26629
24659 24692 26011 25700
25479 23603 26812 25462
25981 25444 26059 23783
26416 25955 25636 24008
26367 24628 24626 25431
25652 26074 25883 24153
24913 24700 26390 25314
25900 26141 25771 24007
25033 24289 26900 25438
25054 23078 27246 25889
26592 24926 25378 24878
25257 25465 25835 24811
25771 24881 24989 25303
26136 26150 25304 24088
26208 26402 25764 23427
26437 26047 25466 23603
24349 23952 27795 25537
25823 25971 25610 24469
23868 24274 27283 26260
26800 25643 24956 24172
25488 25142 26138 25210
26502 24786 24962 25281
26453 26078 25006 24246
24570 23417 27794 25776
24249 23929 27115 26422
26678 24549 25065 25036
26195 26075 25448 24335
26264 24855 24840 25181
24647 23791 28309 25004
24921 23658 27211 25840
26861 25556 25196 24034
26622 24990 25034 24824
24068 24139 26521 27008
24691 23641 28024 25296
24215 23916 26685 26534
25073 24804 26102 25625
26447 26367 25629 23486
27144 25285 25070 24434
26908 25550 24616 24600
26435 25882 25163 24274
25422 25554 25920 24644
26490 25186 24924 24842
23863 23939 26933 26604
25462 26317 25572 24167
24455 24834 26242 26047
27142 25151 24570 24907
24191 23878 26303 27239
26761 24762 24472 25079
25197 22834 27220 25885
24191 23878 26303 27239
24735 24311 26097 26556
26604 26109 25454 23959
25174 25023 25675 25676
24102 23999 26458 26851
25601 24150 26078 25513
24761 23374 27565 25847
25110 22920 27248 26039
24556 24320 26434 26045
25331 22873 27295 25725
24242 23867 26473 26863
26035 24795 24816 25234
24338 24103 26142 26625
25212 24303 27152 24747
24407 24292 26378 26292
26738 25249 24867 24820
25418 24926 26447 24934
26662 25930 25259 24077
25878 24838 26338 24479
25251 25679 25625 24552
25955 26012 25540 24272
24140 23947 26948 26431
26921 24970 24792 24777
27593 25110 24812 24327
24600 24470 26086 26157
26187 25892 25860 23635
24277 23888 26659 26619
26893 25963 25236 23758
25232 25434 25950 25257
26922 25304 24565 24524
24268 23721 26573 26832
23677 24089 26805 26736
25771 24881 24989 25303
25275 24292 27253 25139
26619 25343 25244 24763
24339 24458 26208 26319
24844 23385 27247 25977
24378 23768 26469 26592
24573 23669 27912 25583
24116 24418 26814 26001
24916 24166 25834 26552
25635 24845 26255 24908
27122 25236 24756 24436
26116 26131 25893 23464
24815 23735 27569 25669
25973 24775 24824 25531
26491 25490 25132 24330
25808 25706 25959 24252
26983 25283 24566 24644
24150 24592 26466 26227
24989 25114 26201 25111
27004 25510 24810 24482
26384 24570 25294 25089
26665 25899 25213 23843
25228 23439 27013 25853
26720 24733 24440 25111
25068 24368 26294 25753
26001 25854 25711 24253
23677 24089 26805 26736
24254 23898 26351 27108
24091 24023 26784 26853
25088 24722 25460 25785
24981 24233 27174 25476
25126 24674 26721 24790
25286 22931 27187 25862
25329 24211 27269 25423
