5755 720.941
8185 9963
9687 8650
8236 9962
8185 9963
9684 8690
9687 8650
8301 9946
8336 9941
8301 9946
9662 8723
9660 8756
8265 9953
8367 9930
9684 8690
9673 8707
9636 8801
9632 8824
8501 9883
8521 9876
9337 9258
9330 9276
9646 8771
9643 8792
8244 9958
8265 9953
8393 9912
8415 9910
8950 9623
8347 9940
9626 8836
8807 9727
8788 9729
9190 9417
9140 9477
9143 9462
8347 9940
9184 9430
9551 8973
9632 8824
8892 9667
8564 9846
8619 9823
8906 9663
9569 8942
9576 8932
9648 8758
8997 9595
9005 9586
9662 8723
9257 9352
9671 8715
9248 9360
8460 9897
9140 9477
9123 9478
8681 9796
8968 9618
8762 9752
8392 9919
8539 9862
8525 9865
8378 9922
9465 9094
9403 9179
9411 9171
8443 9898
8581 9844
9475 9081
9557 8961
9472 9093
9230 9374
9241 9369
8525 9865
8973 9608
8749 9755
9463 9103
9289 9319
8479 9887
9099 9507
9536 8997
9562 8944
9560 8956
9538 8985
8997 9595
9546 8984
9550 8974
9524 9010
9598 8885
9519 9019
9603 8876
9597 8892
8464 9888
9230 9374
9229 9386
9075 9530
9578 8921
8671 9800
8940 9635
8490 9884
8479 9887
8780 9742
9614 8856
9262 9344
9609 8864
9480 9073
8596 9832
8609 9831
9282 9325
8555 9850
8564 9846
9609 8864
9607 8874
9614 8856
9513 9033
8724 9768
8719 9775
9362 9231
9248 9360
9356 9237
8885 9672
9576 8932
8521 9876
9015 9576
8244 9958
8924 9644
8916 9648
9282 9325
8983 9600
8699 9781
9330 9276
9273 9328
8849 9695
8974 9603
9463 9103
9158 9447
9041 9555
9529 8998
9526 9006
9456 9111
9292 9311
8501 9883
8490 9884
8336 9941
8585 9837
8371 9923
8367 9930
9105 9502
8878 9678
9151 9456
8415 9910
8884 9673
9099 9507
8769 9748
8776 9744
9590 8896
8811 9716
8769 9748
8968 9618
9311 9292
9617 8847
9272 9329
9618 8838
9271 9338
9647 8767
8717 9776
8670 9804
8858 9693
8708 9778
9066 9532
8827 9710
9671 8715
9585 8913
9673 8707
8807 9727
9587 8905
9066 9532
9205 9404
8858 9693
9208 9397
8684 9789
9340 9251
8986 9599
8749 9755
8745 9761
9517 9025
9382 9199
8870 9685
9387 9194
9076 9525
9346 9247
9315 9283
9643 8792
9381 9202
9637 8796
9340 9251
8842 9698
8548 9856
9416 9157
9423 9154
9617 8847
8785 9733
9453 9116
9618 8838
8738 9765
9445 9118
8647 9810
8692 9787
8684 9789
9116 9496
8907 9655
8809 9719
9373 9214
9302 9303
8460 9897
8461 9889
9423 9154
9424 9146
9117 9488
9169 9437
8906 9663
8430 9902
8870 9685
9054 9545
8439 9901
9045 9546
9484 9065
9482 9072
9590 8896
8609 9831
8930 9639
9168 9445
9397 9182
9311 9292
9314 9286
9119 9485
9122 9479
9442 9124
9394 9188
9500 9048
9087 9519
9297 9307
9297 9307
8827 9710
9169 9437
9174 9433
9302 9303
9292 9311
8785 9733
9356 9237
9351 9241
9116 9496
9242 9366
9145 9459
9321 9279
8950 9623
8818 9712
9220 9389
9044 9547
9303 9295
8609 9831
9475 9081
9517 9025
9168 9445
9375 9206
9257 9352
9064 9540
9488 9054
9221 9387
8730 9766
9656 8757
9229 9386
9546 8984
9588 8903
9500 9048
9501 9041
9598 8885
8393 9912
8861 9686
8708 9778
9321 9279
8818 9712
8661 9806
8940 9635
8942 9629
9416 9157
9196 9416
9519 9019
9005 9586
9414 9163
9198 9410
9365 9228
8551 9851
8421 9905
8875 9680
9154 9451
9581 8916
9453 9116
8548 9856
9578 8921
9560 8956
8928 9640
9154 9451
9158 9447
8832 9706
8924 9644
8832 9706
9054 9545
9059 9542
9266 9341
9271 9338
8430 9902
9626 8836
8730 9766
8724 9768
9082 9521
8647 9810
9105 9502
8641 9812
8661 9806
8655 9808
9472 9093
9536 8997
9512 9037
8371 9923
8378 9922
9091 9514
9337 9258
8392 9919
8861 9686
8265 9953
8581 9844
8655 9808
9496 9053
9538 8985
8236 9962
9303 9295
9091 9514
9007 9580
9242 9366
9372 9220
9411 9171
9015 9576
9017 9571
9445 9118
9443 9123
8788 9729
9032 9559
9029 9563
8986 9599
9501 9041
8439 9901
8836 9703
9266 9341
9262 9344
9087 9519
8624 9821
8629 9819
9059 9542
8624 9821
8596 9832
8635 9814
8780 9742
8619 9823
9064 9540
8875 9680
8424 9904
9038 9558
8421 9905
9196 9416
9184 9430
9032 9559
8913 9650
9190 9417
9213 9391
8849 9695
8943 9625
8892 9667
9456 9111
8541 9859
9529 8998
8762 9752
9505 9038
9007 9580
9439 9130
9367 9222
9373 9214
9289 9319
9208 9397
9076 9525
9488 9054
9637 8796
8973 9608
8974 9603
9209 9392
9487 9059
9413 9166
9375 9206
9526 9006
8930 9639
9007 9580
9524 9010
9486 9063
9365 9228
9023 9567
9041 9555
9020 9570
9362 9231
9038 9558
9151 9456
9347 9243
8742 9763
8776 9744
9351 9241
9607 8874
9213 9391
9603 8876
9393 9190
9433 9141
8591 9834
8586 9835
9179 9431
9567 8943
9562 8944
9111 9500
9557 8961
8907 9655
9375 9206
9557 8961
9456 9111
9496 9053
9636 8801
9091 9514
8913 9650
8968 9618
8907 9655
9512 9037
8942 9629
9347 9243
9487 9059
9597 8892
9513 9033
9647 8767
9433 9141
8670 9804
9646 8771
8671 9800
8943 9625
9389 9191
9119 9485
9413 9166
9025 9564
9143 9462
9023 9567
9387 9194
9145 9459
8742 9763
8424 9904
8695 9785
8878 9678
8692 9787
8745 9761
9025 9564
9656 8757
8555 9850
9389 9191
9029 9563
9403 9179
9209 9392
9505 9038
9496 9053
9399 9180
8443 9898
8551 9851
9660 8756
9111 9500
8630 9816
9475 9081
9428 9142
9082 9521
9257 9352
8591 9834
8968 9618
8681 9796
9111 9500
8892 9667
9346 9247
9434 9137
9321 9279
8818 9712
9082 9521
8541 9859
9382 9199
9435 9134
8839 9702
9425 9145
9314 9286
9315 9283
9381 9202
9434 9137
8630 9816
8840 9699
9241 9369
9303 9295
9414 9163
8629 9819
8698 9784
8699 9781
9437 9132
9199 9408
9435 9134
9203 9406
9399 9180
9439 9130
9583 8914
9581 8916
9397 9182
9437 9132
9205 9404
9484 9065
9177 9432
9370 9221
8464 9888
8861 9686
8635 9814
8638 9813
8839 9702
8461 9889
9425 9145
8983 9600
9428 9142
9017 9571
9020 9570
8695 9785
8836 9703
8641 9812
8698 9784
9174 9433
8638 9813
8521 9876
8581 9844
8738 9765
9091 9514
8762 9752
9505 9038
8708 9778
9117 9488
9428 9142
8443 9898
9587 8905
9394 9188
9198 9410
9220 9389
9221 9387
8810 9717
8585 9837
9486 9063
8586 9835
8540 9861
9179 9431
9482 9072
9569 8942
8719 9775
8916 9648
9372 9220
8928 9640
9585 8913
9201 9407
8914 9649
9203 9406
8717 9776
8840 9699
9201 9407
9465 9094
9370 9221
9480 9073
8842 9698
9583 8914
9044 9547
9617 8847
8681 9796
9289 9319
9687 8650
9439 9130
8785 9733
9337 9258
9367 9222
8541 9859
8630 9816
8849 9695
8591 9834
9075 9530
8943 9625
9168 9445
8655 9808
8661 9806
8809 9719
9111 9500
9588 8903
8581 9844
8539 9862
9272 9329
9123 9478
9442 9124
8810 9717
8885 9672
9424 9146
9273 9328
9551 8973
9122 9479
9550 8974
9393 9190
8914 9649
8811 9716
9199 9408
9443 9123
9045 9546
8884 9673
8540 9861
9517 9025
9177 9432
8809 9719
9064 9540
9588 8903
9567 8943
9373 9214
9576 8932
9117 9488
9367 9222
9213 9391
8930 9639
8236 9962
9044 9547
8347 9940
9177 9432
9648 8758
8986 9599
9367 9222
9529 8998
8738 9765
9538 8985
8464 9888
9567 8943
9168 9445
8913 9650
9434 9137
9044 9547
9636 8801
8392 9919
9648 8758
9346 9247
9075 9530
9488 9054
8884 9673
9082 9521
8501 9883
8596 9832
8624 9821
8769 9748
9603 8876
8942 9629
9618 8838
8629 9819
8624 9821
9066 9532
8745 9761
8479 9887
9340 9251
9373 9214
8807 9727
9082 9521
8661 9806
9158 9447
8336 9941
8521 9876
9546 8984
8973 9608
8585 9837
9140 9477
8655 9808
9116 9496
8730 9766
9257 9352
9041 9555
9428 9142
9117 9488
8684 9789
9482 9072
8884 9673
8415 9910
9684 8690
9292 9311
9025 9564
8906 9663
9208 9397
9403 9179
9340 9251
9662 8723
9041 9555
9315 9283
9416 9157
9538 8985
8875 9680
9330 9276
8968 9618
9614 8856
9648 8758
8916 9648
9111 9500
9632 8824
9423 9154
9198 9410
8244 9958
9684 8690
8884 9673
9472 9093
8421 9905
9082 9521
8870 9685
8861 9686
8265 9953
8539 9862
8913 9650
9660 8756
8301 9946
9289 9319
9684 8690
9015 9576
8769 9748
9099 9507
8415 9910
9597 8892
8336 9941
8870 9685
8681 9796
9609 8864
9614 8856
9289 9319
9196 9416
9315 9283
9445 9118
8564 9846
8907 9655
8892 9667
8769 9748
8724 9768
9184 9430
8749 9755
8861 9686
8807 9727
9099 9507
8367 9930
8968 9618
8836 9703
9560 8956
9536 8997
9505 9038
8185 9963
8730 9766
8661 9806
8479 9887
9111 9500
9105 9502
9140 9477
9154 9451
8501 9883
9154 9451
9091 9514
9340 9251
9456 9111
9617 8847
9687 8650
9453 9116
8708 9778
9434 9137
9311 9292
8185 9963
9434 9137
9475 9081
8635 9814
8749 9755
9154 9451
9154 9451
9297 9307
8762 9752
8907 9655
8525 9865
8928 9640
9248 9360
9475 9081
8769 9748
8525 9865
8185 9963
8415 9910
8818 9712
9632 8824
9684 8690
8968 9618
8671 9800
8461 9889
9116 9496
9373 9214
9423 9154
9587 8905
8906 9663
8870 9685
9484 9065
9302 9303
9356 9237
8827 9710
9297 9307
8849 9695
9662 8723
9475 9081
9656 8757
9546 8984
9315 9283
8708 9778
9375 9206
9671 8715
8858 9693
9230 9374
8973 9608
9087 9519
9375 9206
9496 9053
9643 8792
9076 9525
9381 9202
9603 8876
9005 9586
8785 9733
9618 8838
8460 9897
9029 9563
9472 9093
8371 9923
8861 9686
9648 8758
8236 9962
9017 9571
9411 9171
8986 9599
8730 9766
9262 9344
9505 9038
8629 9819
9603 8876
9032 9559
8430 9902
9282 9325
9529 8998
8551 9851
9597 8892
8818 9712
9257 9352
8661 9806
8974 9603
9365 9228
9007 9580
9196 9416
8827 9710
9453 9116
8548 9856
9560 8956
9151 9456
9154 9451
9271 9338
9626 8836
8997 9595
9184 9430
9140 9477
9673 8707
9632 8824
8892 9667
8788 9729
9475 9081
8906 9663
8807 9727
9140 9477
8378 9922
9472 9093
9241 9369
8525 9865
8479 9887
8684 9789
8997 9595
8501 9883
8185 9963
9687 8650
8336 9941
8301 9946
8265 9953
8521 9876
9684 8690
9632 8824
9546 8984
9330 9276
8244 9958
8581 9844
8950 9623
8968 9618
8347 9940
8393 9912
9626 8836
9091 9514
8916 9648
9007 9580
9330 9276
9282 9325
9463 9103
9041 9555
9614 8856
8986 9599
8244 9958
8367 9930
9105 9502
9099 9507
9590 8896
8769 9748
8769 9748
9597 8892
9311 9292
9262 9344
9614 8856
9190 9417
9005 9586
9576 8932
8681 9796
9158 9447
8940 9635
9480 9073
8371 9923
8609 9831
9538 8985
8564 9846
9569 8942
9609 8864
8749 9755
8924 9644
9411 9171
8769 9748
9472 9093
9526 9006
8661 9806
8619 9823
9292 9311
8681 9796
9673 8707
9005 9586
8907 9655
9140 9477
8749 9755
9569 8942
9632 8824
9375 9206
9091 9514
9111 9500
8769 9748
9617 8847
9414 9163
9208 9397
8809 9719
8769 9748
8861 9686
9660 8756
9496 9053
9315 9283
8421 9905
9196 9416
9414 9163
8973 9608
9488 9054
9041 9555
9373 9214
9614 8856
9643 8792
8906 9663
9434 9137
9403 9179
9463 9103
8997 9595
8541 9859
8708 9778
8265 9953
9257 9352
9321 9279
9169 9437
8421 9905
8717 9776
9271 9338
8596 9832
8430 9902
8827 9710
9091 9514
9560 8956
8421 9905
9282 9325
8630 9816
9583 8914
9373 9214
