41781 1020.38
18915 17610
17482 19346
18064 19062
18651 18551
17856 19198
18528 18693
18261 18950
18776 18398
17690 19287
18459 18760
18168 19009
18712 18489
17947 19127
18596 18631
18340 18891
18842 18231
17608 19310
18426 18795
18116 19028
18683 18515
17902 19163
18564 18665
18295 18929
18819 18319
17784 19231
18507 18728
18214 18986
18747 18431
18009 19090
18624 18595
18368 18859
18886 18113
17582 19329
18411 18814
18077 19047
18672 18536
17889 19177
18541 18679
18275 18937
18796 18341
17745 19248
18483 18750
18194 18990
18729 18462
17999 19108
18601 18603
18344 18879
18871 18177
17690 19287
18443 18780
18143 19014
18703 18501
17937 19142
18573 18644
18308 18904
18825 18291
17821 19221
18513 18712
18245 18972
18762 18402
18024 19082
18634 18570
18388 18843
18896 18076
17554 19339
18401 18822
18064 19062
18664 18549
17875 19186
18536 18692
18261 18950
18784 18366
17744 19264
18478 18751
18172 18997
18724 18463
17979 19118
18596 18631
18340 18891
18852 18205
17674 19303
18436 18785
18116 19028
18694 18505
17924 19151
18570 18656
18306 18912
18819 18319
17821 19221
18507 18728
18236 18977
18760 18407
18024 19082
18628 18588
18370 18851
18886 18113
17590 19323
18416 18799
18096 19040
18680 18525
17889 19177
18551 18672
18295 18929
18800 18329
17753 19237
18484 18745
18214 18986
18740 18435
17999 19108
18619 18601
18347 18869
18871 18177
17690 19287
18455 18772
18168 19009
18710 18496
17937 19142
18580 18638
18324 18893
18835 18270
17839 19207
18522 18706
18245 18972
18776 18398
18038 19069
18648 18565
18392 18839
18905 17980
17482 19346
18401 18822
18064 19062
18664 18549
17864 19192
18536 18692
18261 18950
18781 18368
17744 19264
18461 18756
18168 19009
18724 18463
17973 19119
18596 18631
18340 18891
18847 18226
17674 19303
18434 18786
18116 19028
18694 18505
17902 19163
18564 18665
18299 18917
18819 18319
17794 19224
18507 18728
18236 18977
18749 18423
18009 19090
18628 18588
18368 18859
18886 18113
17590 19323
18415 18802
18096 19040
18672 18536
17889 19177
18547 18677
18295 18929
18796 18341
17752 19244
18484 18745
18194 18990
18735 18445
17999 19108
18619 18601
18347 18869
18871 18177
17690 19287
18455 18772
18143 19014
18710 18496
17937 19142
18580 18638
18308 18904
18830 18278
17839 19207
18513 18712
18245 18972
18776 18398
18038 19069
18648 18565
18388 18843
18905 17980
17554 19339
18411 18814
18077 19047
18664 18544
17875 19186
18536 18692
18275 18937
18789 18356
