162167 2460.34
2385 3242 3145 3490
3091 3406 2325 3367
3110 2598 3233 3135
2882 4007 2781 2951
3135 3351 3285 2583
2684 2998 3745 2961
3635 3067 2697 3009
2607 2878 2889 3741
3221 3628 2479 2997
2459 3379 3156 3376
2977 3232 2423 3475
3070 3466 3302 2585
2646 2931 2962 3683
3149 3466 3189 2632
2518 3293 3297 3451
3122 2656 3138 3175
3289 3335 2378 3274
3073 3507 2502 3202
3531 3279 2594 2998
2860 2648 3393 3222
3373 2977 2952 3087
3107 2699 3179 3229
3149 3655 3019 2835
2498 3284 3038 3472
3352 3111 2681 3163
2778 2675 3297 3454
3128 3640 3126 2677
2654 3141 3606 2883
3015 3933 2786 2886
3264 2850 3062 3106
3001 3791 2895 2819
2636 2756 3115 3535
2941 3465 3429 2694
2909 3842 2992 2872
2669 2962 3686 2995
2572 3138 2764 3622
2604 2933 2932 3701
3245 3439 2400 3239
2836 2680 3436 3295
2610 2886 2978 3667
2425 3158 3171 3465
3227 3498 2336 3281
3231 3560 2578 3005
2700 3082 3673 2969
3579 3246 2635 3046
2851 3140 3497 3027
3544 3184 2648 3094
3272 3566 2539 3124
2796 3123 3528 2989
3300 3313 3023 2789
2589 3010 3470 3279
2650 2906 3066 3655
3632 3164 2678 3018
2985 3899 2736 2893
3555 3060 2668 3042
3142 3286 2554 3289
2787 2915 3327 3414
3215 2709 3164 3168
2849 2956 2903 3348
2884 3918 2831 2918
2845 3000 3641 2963
2555 3187 2998 3553
3226 3447 2498 3242
2679 3116 3629 2855
3161 2603 3283 3112
2661 2998 2827 3717
2785 3074 2617 3545
2887 3224 2657 3431
2385 3242 3145 3490
2838 2871 3598 2984
3467 3050 2772 3114
2959 3864 2759 2892
3571 3020 2797 2967
3275 3265 2854 2863
3242 3105 2715 3303
3027 3782 2618 3053
3344 3115 2948 2730
2980 2621 3331 3155
2825 3687 3032 3068
3075 3499 3254 2663
3164 3494 2523 3333
2607 2878 2889 3741
2944 3957 2746 2930
3194 3421 3242 2705
2743 2764 3036 3634
3057 3271 2654 3257
2487 3170 3168 3482
3314 3358 2609 3146
3053 2831 3231 3185
3175 3467 2373 3323
3508 3100 2806 3028
2894 3706 2849 3138
3029 2812 3293 3108
2743 2764 3036 3634
3099 3766 2810 2976
2407 3324 3215 3318
3326 3317 2785 3191
2489 3081 3021 3620
2783 2868 3308 3426
2407 3324 3215 3318
2868 3258 3510 3019
2535 3048 3195 3519
2716 3067 3716 2928
2671 2748 3362 3328
2567 3211 3193 3404
3064 3372 3337 2729
2768 3035 3524 3030
2945 3825 2932 2911
3147 3439 3186 2652
2931 3671 2678 3168
2792 3132 3574 2971
3177 3357 2979 2806
3211 3609 2632 3133
2687 2820 3202 3501
2543 3103 3224 3517
2914 3842 2897 2923
2685 3028 3401 3213
2922 3601 2757 3158
3106 3577 3064 2678
3001 3879 2646 3013
2597 2976 3180 3420
2648 3048 3419 3263
2999 2782 3325 3214
2989 3303 3383 2699
2895 3573 2824 3254
2693 3042 3702 2941
2937 3427 2691 3318
3143 3550 3090 2667
3035 3729 3026 2795
3288 3005 2718 3313
2912 3984 2765 2949
3449 3069 2982 2898
2969 3064 2887 3265
2747 2886 3617 3070
2789 3208 3553 2904
2695 2937 2991 3610
2978 3102 3517 2853
2691 2787 2993 3658
3247 3367 2708 3219
2547 3231 3142 3461
2554 3345 3080 3359
2640 2981 3636 3101
2882 4007 2781 2951
3168 3337 3256 2643
3391 3328 2573 3125
2534 3046 3029 3575
2546 2981 3093 3596
3484 3262 2669 3093
2723 2729 3175 3504
2957 3499 2415 3245
3131 3527 2609 3145
3115 3662 2625 2992
3000 3240 3452 2796
3258 3484 2699 2973
3029 3826 2807 2906
2564 3113 3085 3538
2949 3965 2814 2918
3017 3153 2722 3387
2974 3540 3199 2858
3568 3043 2647 3064
3133 3342 2865 2992
2684 2998 3745 2961
2751 2899 3456 3311
2879 3942 2864 2938
2988 3363 3382 2767
2554 3164 3159 3558
3408 3378 2528 3061
3026 3853 2889 2722
3425 3336 2707 2957
2627 2964 3211 3467
2616 3012 3091 3585
2758 2802 3336 3374
3311 2970 2952 3191
2710 2939 3354 3242
2982 3532 3044 2979
2763 3030 3484 3046
2992 3065 3476 2798
3531 3227 2713 2961
3448 3202 2726 3074
2865 2735 3373 3141
3168 3326 2909 2815
2546 2957 2945 3713
3405 2988 2883 3112
3400 3175 2932 3118
2824 3197 3545 2886
3198 3129 2852 3165
2620 3136 2993 3651
3324 2897 3015 2945
2954 3088 3472 3097
3608 3070 2759 3030
3585 3056 2718 3037
3512 3152 2752 3039
3203 3721 2856 2968
2874 2783 3319 3373
2806 2721 3420 3253
3085 3489 3276 2717
3318 3431 2818 2971
3336 3516 2565 3089
2805 2959 3050 3512
2830 3221 3360 3099
2912 3984 2765 2949
3302 3476 2588 3143
2999 3478 3332 2772
3004 3394 3243 2771
3222 3535 2350 3238
2730 2921 2928 3581
2762 3174 3583 2920
2949 3415 2492 3383
2712 2994 3704 2974
3255 2991 3014 3033
3470 3214 2738 2964
2699 2900 3259 3496
3040 3286 2821 3194
2590 3084 3008 3568
2823 2974 3560 3072
3112 3571 2733 2983
3393 3195 2919 3018
2425 3158 3171 3465
2725 2965 2928 3699
3049 3911 2812 2841
2917 2928 3353 3115
2880 3095 3587 3015
2681 3013 3103 3506
2684 2891 3043 3591
2861 3811 3007 3000
3032 3438 2648 3340
3153 2995 2749 3335
3072 3366 2359 3358
3086 3608 3058 2959
2942 3735 3024 2885
3012 3510 2923 3121
3090 3664 2499 3153
3208 3039 3109 2937
3589 3216 2627 3055
2717 3815 2865 3036
3475 3154 2780 3086
3030 3548 3270 2764
3212 3197 3203 2739
3203 3384 2928 2750
3600 3150 2684 3028
3155 3257 3147 2818
2690 3019 3427 3179
3067 3424 2834 3092
3182 3326 2562 3253
2753 3233 3551 2897
3082 3503 3227 2650
3047 3543 3156 2687
2563 3299 3098 3419
2636 2952 3171 3444
2803 3091 3131 3380
3039 3344 3257 2760
3080 2797 3264 3078
