41752 1620.58
19650 18003
17579 20026
17773 19966
18299 19683
18090 19811
17960 19890
19061 18994
19629 18095
19235 18781
18250 19703
18869 19193
18903 19166
18126 19794
18073 19814
19142 18900
19113 18929
19611 18112
19491 18391
19317 18657
18355 19648
18746 19318
19210 18810
17735 19982
17619 20014
18454 19562
18501 19523
18410 19595
18728 19340
19644 18047
19650 18003
18866 19212
17886 19927
19552 18257
19156 18884
18327 19662
18014 19851
17873 19930
19370 18604
19447 18474
18953 19114
19551 18268
19530 18321
19514 18351
18585 19470
18825 19245
18382 19629
18852 19226
18726 19349
18535 19500
19167 18876
19268 18710
19236 18770
18413 19580
19040 19017
18951 19124
17978 19867
19082 18952
18825 19245
18801 19264
18959 19085
19568 18236
19584 18210
19001 19056
18607 19450
18278 19697
18349 19651
18177 19762
18142 19769
18142 19769
17971 19871
18559 19485
18639 19412
18668 19400
17929 19900
19398 18566
18052 19833
18639 19412
18617 19430
17799 19957
18439 19579
17835 19953
19349 18622
18559 19485
19093 18939
19017 19034
19081 18979
19606 18132
19380 18577
19417 18521
19405 18546
18998 19057
19332 18635
18790 19283
19568 18236
18774 19304
17687 20003
17708 19987
18585 19470
19417 18521
19422 18490
19210 18810
19198 18834
18215 19735
18230 19714
19300 18694
19475 18432
19459 18452
17909 19916
17929 19900
19542 18294
19077 18984
17799 19957
18699 19357
19603 18163
19584 18210
19593 18185
19459 18452
18215 19735
18199 19753
17909 19916
18478 19552
18965 19084
19631 18064
19475 18432
19482 18406
18987 19079
18126 19794
18394 19612
19253 18754
18327 19662
18002 19858
17847 19937
19501 18369
19593 18185
19603 18163
19253 18754
19267 18736
18449 19576
18923 19154
18903 19166
18926 19131
17734 19986
19514 18351
19501 18369
19198 18834
19315 18673
19183 18850
18490 19542
19040 19017
19022 19030
18230 19714
18177 19762
18199 19753
18526 19517
17592 20018
18607 19450
18617 19430
18801 19264
18790 19283
18681 19383
18668 19400
19631 18064
19644 18047
19142 18900
19349 18622
19288 18703
19436 18477
19332 18635
19113 18929
18036 19843
17658 20004
17687 20003
18382 19629
18394 19612
19389 18570
19370 18604
17835 19953
17847 19937
18852 19226
18748 19306
18774 19304
19267 18736
19405 18546
19430 18487
19283 18707
18278 19697
18987 19079
17708 19987
19169 18852
18923 19154
18926 19131
19534 18312
19542 18294
18530 19502
18036 19843
18052 19833
17658 20004
17634 20006
19608 18131
19482 18406
