23 1.25216
24645 23836 23885
24653 23295 24303
24729 23047 24108
23354 23873 23082
23722 22718 24482
24470 23707 24018
24781 22916 23801
24918 22837 23811
24934 22690 24171
23722 22718 24482
24882 23270 23754
24470 23707 24018
25229 22707 23774
25059 22825 24110
24776 23277 23684
24889 23089 23058
23354 23873 23082
24817 23566 23203
23672 23871 23115
25006 22862 23341
24645 23836 23885
24930 22921 23020
24164 22787 24451
24752 22946 24003
24406 23642 24417
23192 22549 24491
24556 22850 24251
24589 22770 24169
24548 23209 23923
24589 22770 24169
24640 22969 23984
24873 22930 23065
24817 23021 23737
24740 23171 23708
24842 23004 23710
24873 22930 23065
25098 22294 23670
25174 22448 23580
24845 22666 23625
24831 22396 23850
24930 22142 23904
24839 22569 23780
24937 22628 23696
24954 22646 23540
25010 22669 23525
24773 23185 23632
24778 23220 23127
24778 23220 23127
24854 22743 23257
24636 23346 23792
23913 23828 23815
24570 23674 23879
24636 23346 23792
24636 23346 23792
24616 23423 23783
24636 23346 23792
23913 23828 23815
24096 23717 23776
24591 23689 23849
24570 23674 23879
24636 23346 23792
24096 23717 23776
24638 23197 23784
23913 23828 23815
24462 22942 23999
23854 23165 24391
22573 23400 24074
23643 23342 24031
24105 23217 24152
23745 23226 24079
24300 22863 24182
24159 22741 24298
22992 22704 24412
23622 22279 24409
23714 23549 24006
23798 23370 23970
24375 23253 23950
24315 23343 23944
24357 23179 24062
24105 23217 24152
24393 23414 23916
22992 22704 24412
23643 23342 24031
23703 23275 24029
24315 23343 23944
24336 23356 23939
24323 23134 24065
24375 23253 23950
23745 23226 24079
24145 22996 24215
22820 22380 24448
22820 22380 24448
22960 22387 24426
22820 22380 24448
23942 22763 24219
24411 23044 23919
24509 23194 23907
24406 21877 24071
24406 21877 24071
24579 22478 24023
24605 22672 23839
24817 22903 23554
24812 22705 23586
24860 22809 22746
24860 22809 22746
25139 22445 23111
24830 22647 23559
24830 22647 23559
24694 21844 23819
24633 22086 23862
24821 22315 23643
24821 22315 23643
24825 22137 23622
24969 22598 23115
24960 22463 23289
24951 22632 23497
24991 22375 23202
24960 22463 23289
24969 22598 23115
24968 22427 23349
24693 23090 23318
24691 23051 23406
24693 23090 23318
24685 22832 23587
24687 22479 23603
24693 23090 23318
24683 22938 23590
24693 23090 23318
24691 23051 23406
24726 23168 23038
23490 23688 23843
24591 23000 23802
23490 23688 23843
24591 23000 23802
24455 23688 23574
24485 23458 23870
24547 22708 23807
24485 23458 23870
24607 23307 23348
24614 22575 23627
24590 23083 23608
24522 23165 23526
24593 22855 23640
24614 22575 23627
24511 23001 23656
23614 23800 23414
23614 23800 23414
23481 23715 23770
23749 23688 23657
23481 23715 23770
23760 23756 23227
23614 23800 23414
23893 23591 23784
23749 23688 23657
24455 22879 23942
24391 22479 23987
23601 23061 24360
23689 22409 24368
23601 23061 24360
23759 22267 24350
24236 22473 24174
24262 22741 24070
24236 22473 24174
23620 22452 24261
23939 22145 24227
23939 22145 24227
23607 23296 23899
24279 22529 24048
24183 22754 24004
24080 23019 24027
24297 22937 23994
24299 23001 23944
24299 23001 23944
23731 23005 24043
23647 23115 24063
23583 23160 23956
23731 23005 24043
23731 23005 24043
23770 22965 24031
23781 22897 24030
24104 22637 24087
24050 22532 24124
23998 22696 24159
23711 22866 24079
23781 22897 24030
23781 22897 24030
23883 22554 24199
23810 23100 23896
24476 22677 23902
24487 22841 23817
24808 22876 23447
24741 22892 23248
24731 22696 23582
24800 22402 23582
24996 22362 22947
25095 22253 22791
24805 22319 23558
24644 21673 23666
24930 22302 23367
24930 22302 23367
24930 22302 23367
24930 22302 23367
24930 22302 23367
24815 22579 23357
24815 22579 23357
24745 22409 23454
24930 22302 23367
24815 22579 23357
24930 22302 23367
24930 22302 23367
24859 22362 23461
24930 22302 23367
24931 22283 23431
24862 22439 23128
24861 22389 23212
24861 22389 23212
24657 21649 23583
24655 22886 23367
24643 23052 22806
24691 22911 22839
24691 22911 22839
23486 23617 23738
23371 23601 23782
24578 22389 23685
24564 22715 23661
24564 22715 23661
24564 22715 23661
24052 23587 23043
24052 23587 23043
24028 23600 23430
24372 23486 23531
24188 23526 23414
24122 23582 23063
24372 23486 23531
24028 23600 23430
24028 23600 23430
24188 23526 23414
24188 23526 23414
24372 23486 23531
24542 22648 23793
24301 23400 23557
24478 23231 23715
24375 23355 23406
24303 23315 23862
24324 22968 23833
24478 23231 23715
24409 23349 23094
24470 23267 23379
24534 23156 23216
24554 23052 23174
24561 23017 23307
24558 22778 23587
24534 22750 23617
23646 23488 23726
23742 23362 23678
23646 23488 23726
23728 23448 23767
23746 23636 23535
23746 23636 23535
23433 23625 23585
23433 23625 23585
23031 23647 22886
23031 23647 22886
23031 23647 22886
23433 23625 23585
23433 23625 23585
24437 22875 23796
24435 22503 23907
24437 22875 23796
24327 22259 23922
23594 22494 24299
23446 22936 24355
23513 22799 24148
24232 22662 24021
24191 22258 24157
23359 23219 23890
23829 22913 23967
24223 22962 23891
24241 22820 23875
24198 22867 23934
24241 22820 23875
24223 22962 23891
22714 22943 23902
22714 22943 23902
23647 22918 23993
24053 22485 24048
23744 22628 24115
23731 22743 23981
23773 22662 24024
24506 22932 22762
24841 21794 23324
23396 23621 23519
24926 22060 23223
22990 22561 24242
23134 22924 24171
24902 22331 22837
24739 22716 23270
24504 23107 22946
24262 23252 23332
23537 23426 23580
