897 3.48165
23482 22219
22810 22931
23482 22219
22810 22931
23482 22219
23342 22574
23025 22720
23418 22354
23025 22720
23418 22354
23418 22354
23418 22354
23025 22720
23418 22354
23418 22354
23025 22720
23418 22354
23025 22720
23025 22720
22810 22931
22810 22931
23418 22354
23418 22354
23418 22354
23418 22354
23418 22354
23418 22354
23418 22354
23418 22354
23418 22354
23418 22354
23418 22354
23418 22354
23418 22354
23418 22354
23418 22354
23418 22354
23418 22354
23418 22354
23418 22354
23418 22354
23418 22354
23418 22354
23418 22354
23418 22354
23418 22354
23418 22354
23418 22354
23418 22354
23418 22354
23418 22354
23418 22354
23418 22354
23418 22354
23418 22354
23418 22354
23418 22354
23418 22354
23418 22354
23418 22354
23418 22354
23418 22354
23418 22354
23418 22354
23418 22354
23418 22354
23418 22354
23418 22354
23418 22354
23418 22354
23418 22354
23418 22354
23418 22354
23418 22354
23418 22354
23418 22354
23418 22354
23418 22354
23418 22354
23418 22354
22810 22931
23418 22354
23418 22354
23418 22354
23418 22354
23418 22354
23418 22354
23418 22354
23418 22354
23418 22354
23418 22354
23418 22354
23418 22354
23418 22354
23418 22354
23418 22354
23418 22354
23418 22354
23418 22354
23418 22354
23418 22354
23418 22354
23418 22354
22810 22931
23418 22354
23418 22354
23418 22354
23418 22354
23418 22354
23418 22354
23418 22354
23418 22354
23418 22354
23418 22354
23418 22354
23418 22354
23418 22354
23418 22354
23418 22354
23418 22354
23418 22354
23418 22354
23418 22354
23418 22354
23418 22354
23418 22354
23418 22354
23418 22354
23418 22354
23418 22354
23418 22354
23418 22354
23418 22354
23418 22354
23418 22354
23418 22354
23418 22354
23418 22354
23418 22354
23418 22354
23418 22354
23418 22354
23418 22354
23418 22354
23418 22354
23418 22354
23418 22354
23418 22354
23418 22354
23418 22354
23418 22354
23418 22354
23418 22354
23418 22354
23418 22354
23418 22354
23418 22354
23418 22354
23418 22354
23418 22354
23418 22354
22810 22931
22810 22931
23482 22219
23342 22574
23025 22720
23418 22354
23025 22720
23418 22354
23418 22354
23418 22354
23025 22720
23418 22354
23418 22354
23025 22720
23418 22354
23025 22720
23025 22720
22810 22931
23418 22354
23418 22354
23418 22354
23418 22354
23418 22354
23418 22354
23418 22354
23418 22354
23418 22354
23418 22354
23418 22354
23418 22354
23418 22354
23418 22354
23418 22354
23418 22354
23418 22354
23418 22354
23418 22354
22810 22931
23418 22354
23418 22354
23418 22354
23418 22354
23418 22354
23418 22354
23418 22354
23418 22354
23418 22354
23418 22354
23418 22354
23418 22354
23418 22354
23418 22354
23418 22354
23418 22354
23418 22354
23418 22354
23418 22354
23418 22354
23418 22354
23418 22354
23418 22354
23418 22354
23418 22354
23418 22354
23418 22354
23418 22354
23418 22354
23418 22354
23418 22354
23418 22354
23418 22354
23418 22354
23418 22354
23418 22354
23418 22354
23418 22354
23418 22354
22810 22931
23418 22354
23418 22354
23418 22354
23418 22354
23418 22354
23418 22354
23418 22354
23418 22354
23418 22354
23418 22354
23418 22354
23217 22696
22810 22931
