9301 3189.67
17806 16750 16676 16548
17344 16609 16889 17114
17262 17279 17067 16229
17238 17258 16444 16994
17163 16868 16874 17311
16819 17538 16634 16654
16766 16814 17461 16631
16558 17014 17454 16640
16737 17128 17253 16630
16670 17096 17144 17060
17351 17262 17004 16310
17254 17171 16487 17017
17004 17157 16509 17234
16860 16868 17414 16758
16909 17488 16843 16326
16955 17022 16767 17267
17749 16875 16753 16452
17062 17021 16675 17306
17619 16677 16771 16801
17234 17361 16873 16253
16599 16982 17098 17075
17783 16905 16698 16478
17115 17020 16565 17172
17439 17308 16536 16748
17014 17119 17222 16595
16774 17350 17135 16792
16897 17506 16794 16701
16837 17330 16766 16948
17694 16974 16710 16431
17773 16978 16719 16343
16981 17446 16831 16692
16878 16949 17427 16580
16643 16878 17377 16709
16624 17035 17330 16464
17719 16888 16794 16508
17241 16992 16586 17212
17110 17102 16501 17199
17396 17188 16659 16784
16947 16828 17343 16745
17245 17405 16646 16724
17208 17204 16608 16971
17283 16779 17179 16960
17123 17282 17107 16421
17357 16739 16573 17077
16800 17442 16907 16585
17617 17042 16995 16493
17363 16842 17266 16604
17027 17430 16641 16832
17138 17321 16962 16634
16879 17417 16760 16810
17384 16702 16933 17051
17556 16650 16914 16906
17176 16807 17126 16939
17600 16732 16934 16846
17166 17376 16800 16684
17037 17532 16664 16619
17710 16985 16648 16405
16889 17473 16683 16732
17315 16721 16944 17070
17665 16881 16912 16547
16995 16818 17329 16629
17293 17164 17111 16400
17585 16799 17155 16582
17185 16694 17087 16976
17150 16951 16814 17259
17007 17106 17234 16790
17151 17456 16815 16653
17297 17222 16747 16912
17406 16763 17095 16586
17346 17314 16820 16377
17578 16879 16523 16807
16927 17143 16977 16958
17005 16791 17290 16777
17442 16947 17163 16459
17466 17170 16992 16358
17036 16850 17394 16548
17648 16886 16847 16667
17544 17078 16600 16664
17449 16757 17115 16796
17612 16860 16618 16750
17337 17245 16706 16829
17085 17387 16811 16830
17104 17490 16740 16696
16640 16911 17306 16844
17402 16708 16777 17021
17204 16971 16904 17157
17042 17236 16600 17093
17186 16998 17365 16607
17044 17295 16681 16872
17085 17235 16726 16953
16951 17148 16724 17185
17629 16982 16866 16572
17224 16973 17192 16658
16558 17014 17454 16640
17059 17340 16859 16864
17733 16957 16792 16530
16939 17285 16823 17017
17051 16872 17314 16705
17260 16921 16850 17010
17231 16901 16809 17146
17333 17088 17205 16593
17195 16871 17050 16731
17370 17209 16611 16837
17570 16798 16917 16683
17234 17361 16873 16253
17327 17069 16896 16875
17682 16809 16843 16525
17377 17137 16629 16964
17095 16902 17198 16741
17559 17048 16953 16374
17191 17056 16865 17029
17556 16650 16914 16906
16891 16954 17371 16559
17420 16966 17060 16658
17117 17008 17279 16620
17292 16783 16790 17131
17262 17279 17067 16229
17413 16959 16594 17044
17306 16897 17032 16891
17435 16872 16955 16764
17520 17015 16646 16563
17418 16998 16645 16886
17270 17011 17071 16621
17492 16929 16856 16898
17535 16817 16790 16803
17514 16925 16625 16794
17377 17169 16824 16525
17277 17030 16837 17026
17302 16885 16783 17128
17303 16812 17083 16817
17315 16856 16735 17116
17231 17004 16870 17088
17290 16908 16894 17042
17250 17026 17023 16776
17361 16851 16815 16994
17426 16943 16939 16675
17503 17059 16907 16466
17516 16916 16863 16673
17518 16968 16872 16534
17267 16973 17039 16683
17380 16937 16745 16917
17456 16948 16507 16706
17333 16991 16802 16935
17183 17087 17025 16824
17271 17109 16833 16981
17375 17005 16730 16822
17431 16984 16718 16894
17395 16989 16948 16825
17258 16900 17008 16828
17328 16929 16988 16869
17478 16911 16858 16792
17324 16942 16883 16918
17317 16986 17018 16825
17398 16849 16951 16861
17271 17082 16965 16929
17471 17026 16787 16644
17505 16794 16783 16908
17413 16981 16721 16905
17437 17058 16975 16616
17283 17047 16894 16921
17020 16954 16976 16953
17369 17090 16810 16854
17470 17018 16971 16642
17271 17150 16902 16732
17404 16825 16834 16907
17476 16902 17020 16697
17283 16835 17044 16948
17398 17061 16809 16618
17370 16922 16867 16988
17435 16899 16897 16816
17322 16855 16836 17046
17310 17029 16908 16897
17306 17091 16675 16856
17362 17009 16938 16737
17396 16997 16972 16787
17284 17010 16894 16927
17378 17008 16692 16837
17347 16854 16989 16918
17379 16940 16909 16891
17039 17082 16982 16910
17562 16865 16786 16707
17283 16835 17044 16948
17422 17008 16689 16842
17306 16931 16856 16985
17562 16865 16786 16707
17039 17082 16982 16910
17306 16931 16856 16985
17422 17008 16689 16842
17271 17150 16902 16732
17487 16881 16852 16790
17464 16898 16680 16791
17415 17049 16860 16540
17289 16788 16885 16912
17263 16896 17019 16812
17210 17109 16778 16898
17203 16926 16793 17061
17104 16877 16796 16946
17156 17055 16964 16854
17355 16998 16753 16707
17379 16983 16899 16573
17241 17108 16804 16781
17442 16864 16768 16805
17106 16923 16907 16887
17301 17040 16798 16782
17282 16831 16838 16833
17248 16808 16908 16873
17371 16934 16725 16844
17271 16834 16878 16996
17280 16907 16785 17004
17385 16847 16917 16541
17346 16935 16942 16731
17435 16793 16897 16736
17321 17066 16896 16619
17259 16951 16756 16960
17264 17068 16926 16747
17317 16948 16819 16660
17223 16915 16990 16793
17398 16846 16853 16795
17367 16936 16825 16674
17308 16895 16894 16822
17287 16931 16867 16756
17323 16908 16851 16802
17104 16994 17014 16771
17354 16996 16728 16807
17233 16925 16998 16791
17387 16964 16788 16666
17373 16897 16881 16637
17367 16951 16790 16697
17255 16906 16966 16725
17205 16942 16981 16670
17253 16970 16931 16867
17251 17058 16823 16902
17208 16949 16937 16715
17253 16912 16976 16788
17320 16970 16792 16897
17268 16990 16853 16817
17264 17068 16926 16747
17381 16895 16798 16791
17376 16888 16698 16671
17245 17004 16774 16427
17198 16840 16780 17013
17183 17103 16554 16768
17039 16586 16958 16665
16967 16795 17018 16510
17067 16776 16867 16934
17314 16805 16638 16855
17370 16861 16827 16626
17159 16959 16816 16872
17345 16901 16693 16529
17259 16971 16820 16504
17167 16844 16668 17000
17275 16957 16790 16684
17188 16876 16704 16953
17219 16854 16761 16902
17211 16859 16917 16694
17350 16900 16676 16764
17333 16878 16908 16715
17283 16972 16771 16737
17240 16940 16722 16836
17341 16801 16903 16659
17266 16787 16879 16905
17166 16981 16708 16807
17287 16938 16815 16520
17254 16923 16847 16816
17230 16912 16687 16868
17244 16824 16892 16776
17188 16892 16735 16820
17266 16960 16667 16830
17208 16792 16733 16928
17221 16965 16914 16785
17300 16957 16781 16705
17250 16899 16849 16711
17293 16827 16726 16779
17293 16903 16687 16824
17217 16979 16820 16808
17329 16867 16845 16646
17264 16705 16778 16759
17240 16912 16826 16758
17179 16899 16899 16628
17046 16842 16616 16821
17040 16867 16693 16850
17116 16879 16895 16736
17327 16729 16665 16683
17317 16785 16791 16706
17155 16896 16778 16810
17211 16861 16748 16767
17203 16804 16749 16848
17199 16798 16850 16757
17093 16848 16785 16764
17162 16837 16676 16819
17167 16777 16848 16767
17276 16863 16780 16684
17276 16803 16668 16759
17240 16847 16781 16743
17224 16807 16788 16626
17129 16864 16734 16589
17115 16887 16648 16752
17219 16814 16714 16697
17149 16829 16773 16641
17153 16822 16757 16682
