3265 180.152
24615 23770 25209 24726
24619 23668 25066 24901
24877 23814 24947 24901
24549 23725 24871 25050
24443 23507 24724 25179
24412 23467 25043 25069
25178 23660 24930 24683
25045 23789 24806 24896
25227 23706 24685 24616
24869 23699 25262 24511
24645 24010 24534 24962
25134 23646 24999 24722
24914 23944 24993 24613
24625 23896 24835 24912
25079 23838 24768 24842
24919 23786 25083 24744
24769 23608 24802 25053
24771 23881 24904 24841
24840 24044 24829 24508
24900 23611 25089 24794
24711 23836 24665 24991
24960 23652 24878 24916
24661 23938 24981 24695
25026 23867 24950 24642
24857 23518 24868 25038
24903 23707 25149 24673
24960 23990 24754 24655
24653 23763 24912 24958
24887 23722 24771 24972
25002 23712 25119 24681
25065 23868 24781 24767
24746 23740 25069 24800
24944 24034 24734 24589
24622 23823 25165 24537
24553 24006 24744 24745
24733 23819 24809 24962
24804 23882 24622 24952
24810 23980 24647 24775
24904 23704 25232 24525
24681 24046 24713 24663
25021 23747 25080 24681
24942 23972 24858 24577
24334 23638 24678 25104
25020 23978 24691 24591
24877 23671 24581 25034
25142 23681 24523 24842
25065 23711 24962 24735
24578 23993 24628 24820
24316 23591 24937 25039
24817 23427 24924 25020
24605 23936 24859 24761
24714 23841 25067 24679
25145 23745 24863 24522
24399 23573 24615 25146
24744 24043 24531 24772
24771 24067 24530 24613
24610 24052 24607 24701
24483 23851 25068 24704
25283 23599 24439 24727
24017 23308 24628 25282
24577 23616 25305 24397
24600 24159 24470 24551
25283 23599 24439 24727
23956 22914 24036 24081
23808 22373 23486 24049
23719 22293 24199 23270
23900 22969 23822 23935
23828 22684 23864 23734
23685 22279 23689 24064
23824 22897 24281 24128
23812 22832 24045 24135
23747 22235 23918 23762
24000 22812 23860 24102
24099 22568 24092 24188
24033 23069 24314 24458
23498 22469 23724 23683
23985 22765 23959 24140
23902 22958 23838 23787
24174 22819 23848 24065
23996 22516 23462 23361
24072 23031 23896 24263
23638 22605 23664 23943
23520 22651 23457 23880
24046 22969 24111 24024
23577 22566 23620 24312
23908 22904 24138 23983
23912 22812 24398 24080
23821 23157 23983 23520
23773 22903 24321 23859
24107 22775 24013 23803
24002 22923 23677 23748
23776 22996 24037 23967
24156 22870 23986 23821
23881 22578 23985 24134
23975 22911 23714 24318
23862 22373 23986 23737
23898 23170 23780 24211
23895 22856 24109 24358
24240 22846 24343 24146
23617 22927 23834 23938
24295 23151 24364 24354
23714 22671 23719 24258
23646 22840 24103 23879
23777 22782 24129 23924
24202 22916 24004 24214
23308 22450 24115 23805
23630 22589 23728 23960
23900 22899 23777 23727
24136 22631 23794 23935
23696 22253 23670 24104
23756 22634 24088 23866
23668 22629 23679 23693
23963 23027 23584 24233
23994 22786 23949 23691
23643 22690 23669 23890
24047 23141 24091 24162
24100 23156 24314 24187
23441 23219 23415 24127
23846 22740 23597 24400
23540 22652 23772 24110
23999 23099 23970 24560
24155 22922 24182 23933
23548 22421 23632 23440
24032 22747 23854 23935
23743 23050 24193 24188
23800 22712 24231 24482
23742 22936 23984 23890
23593 22819 23456 24039
23825 23325 24151 24646
23779 22873 24216 24385
23738 22581 24044 23936
24031 22575 24399 24183
23778 22523 23816 24086
23978 22805 24059 23881
23424 22635 23870 23821
24043 22457 23784 24252
24333 23154 24235 24453
23995 22910 24231 23777
23738 22802 24140 23921
23453 22381 23598 23761
23562 22835 24104 23598
24187 23029 23974 24377
23807 22936 24344 24220
24359 23289 24277 24433
24093 22593 23973 23986
23676 22726 23486 23939
23606 22484 24178 23499
24150 23105 23888 23953
23640 22756 23769 24006
24030 22789 23429 24285
23742 22616 23768 23820
23920 22760 24278 24161
23634 22354 23824 23772
23881 22485 23967 24096
23524 22591 23640 23956
23940 22742 24294 23840
23993 22690 23953 23942
24294 22869 24139 23991
23727 22823 24000 23600
23717 22912 24068 23865
24028 22511 23881 24102
23606 22569 24344 23735
24069 22384 24359 23991
23987 23120 23795 24090
23468 22540 23506 23629
23921 22431 23846 23916
23931 23026 24298 23905
23872 22692 23906 23745
23633 22621 23697 24182
23669 23010 24048 24329
23618 22623 24024 24018
24082 23307 23912 23941
24074 22852 24038 23914
24026 22737 23904 23952
23938 23570 24513 24250
23404 22592 23748 24017
23833 22645 23793 24138
24277 22878 24084 24162
23860 23210 24017 24170
24000 23181 24123 24184
24238 22901 23834 24362
23518 22493 23727 24130
23802 22920 23672 23667
23855 22187 23248 23685
24097 22630 23337 23999
23760 22419 23669 23858
24277 23102 23762 24041
23477 23202 24237 24215
23194 22376 23539 23590
23741 22648 24032 23772
24070 22923 23715 23572
23861 22840 23763 23736
23919 23053 23862 24130
24004 23255 24028 23799
23995 22736 24108 23965
23630 22935 23868 23787
23621 22233 23332 23909
23890 23104 23986 24286
23898 22440 23672 23837
23942 22906 23875 23921
23630 22491 23802 24022
23537 22317 23627 23723
24241 22991 24096 24394
23633 22615 23957 23852
24103 22856 24030 23925
24185 23080 24350 23888
23756 23064 23648 23865
23909 22414 23922 23838
23581 22336 23824 23553
23742 22768 23919 23804
23870 22827 23951 24033
23877 22642 23814 24295
23930 22889 23939 24052
23926 22432 23865 24251
23969 22761 23951 24235
23999 22813 23630 23568
23789 22656 23532 23531
23995 22939 24096 23790
23931 23080 23863 24281
23846 22866 24188 23677
23896 22309 23649 24089
23912 23292 23993 24354
23699 22719 23464 23809
24082 23152 24515 24075
23720 22988 23966 24133
23786 23012 23943 23662
23532 22360 23703 24253
23692 22736 24010 23290
24080 22790 23733 23972
23482 22770 24153 24056
23423 22224 23954 23824
23674 22380 23660 23759
23682 22813 23867 23966
23721 22948 24036 23607
23790 22649 24291 24190
24046 23295 24321 24358
23453 22763 23676 23898
23667 22426 23992 23461
23410 22451 23936 23745
23749 22720 23947 23805
23940 23133 23892 23765
23759 22822 24115 24219
23831 22843 23555 23613
23832 22917 24159 24082
23832 23192 24282 23984
23744 22868 24105 23962
23500 23167 23995 23915
23763 22910 23924 23817
23857 22548 23872 23836
24054 23211 24207 23872
23771 23044 23935 24253
23672 22959 24075 24020
23504 22886 24010 24050
23526 22263 23639 23605
23642 22917 23860 24151
23901 22185 23848 23900
23244 22604 24292 23812
23654 22321 24143 24107
23071 22204 23395 23686
23757 23551 24246 24009
24440 22638 24075 23986
24294 23134 24385 24242
23699 22840 24167 23857
23852 22679 24305 24043
23782 23347 24132 24263
24221 23047 24168 23932
24101 23071 24485 24518
23855 22937 24202 24039
23482 22972 23839 23911
23740 22637 23764 23727
24031 22804 24526 23839
23691 22598 23859 23559
23857 22868 24204 23855
23959 23024 24209 24175
23711 22842 23941 23719
23631 23145 24005 24250
24331 22775 24144 24214
24213 22417 23539 23857
23915 22744 23854 24180
23856 22923 24076 24146
23773 22608 23826 23989
23811 22950 24149 24083
23963 22969 24360 24161
23700 22622 24182 24565
23746 22751 23706 23788
23933 23019 23871 23925
23665 22564 23821 24394
23819 23220 24181 23722
23669 22511 23797 24089
24357 22939 24223 24361
23929 22914 24535 23911
23857 23041 24106 23943
24040 22861 23835 23760
23956 22870 24178 23853
24020 22704 23764 23750
23479 22518 23826 23802
23991 22883 24307 24128
23470 22713 23540 23570
24510 22945 23708 24250
23460 22935 23920 24028
24050 22740 23568 24178
23960 22512 23661 23549
23624 22492 23298 24072
23959 22393 23941 23944
24074 22736 23761 24153
24040 22941 23606 23979
24259 22772 24013 23921
23793 22765 23948 23817
23772 22787 23878 23865
23955 23515 23948 23987
23941 22919 24082 23986
23749 22772 23930 24090
23635 22762 24182 23972
23793 22629 24144 24081
23520 22441 24038 24539
23722 22280 24103 24165
23050 22198 23488 23383
23730 22525 23654 23999
24146 23093 24240 23886
23636 22823 23657 23804
23654 22769 24072 23935
23513 22781 24052 24034
23935 22790 23790 24048
23711 22942 24044 24005
23838 23026 23797 24282
23439 22357 23751 23773
23629 23064 23697 23459
24012 22790 24149 23846
23470 22841 23548 23859
23977 22908 24104 23920
23900 22575 23542 23918
24073 22606 24157 23908
23980 22440 23935 24119
24027 23098 24203 24132
23668 23080 24366 23673
24179 23142 24271 24020
23402 22708 24352 24541
23655 22674 23743 23724
23907 22408 23582 23571
24266 22848 24224 24101
24019 22767 24145 23895
23502 22477 23762 24092
24198 22800 23722 24029
23936 23020 23950 23853
23701 22836 24141 23669
23733 22806 24485 24190
24143 22805 23864 24401
23632 22521 23313 23912
23627 22515 23447 23897
23405 22501 23655 23741
24057 22332 23861 23831
24200 22642 23557 24060
