797788 2040.04
8769 8123 8255
8769 8123 8255
8241 9012 7768
8241 9012 7768
8929 8254 8044
8155 8459 8619
8321 8965 7910
8044 8641 8595
7879 8730 8537
8277 8500 8450
8321 8965 7910
8860 8742 7867
8817 8624 8007
8857 8162 8076
8817 8624 8007
8155 8459 8619
8258 8173 8592
8258 8173 8592
8468 8566 8430
8929 8254 8044
8313 8869 8237
8121 8916 8204
8359 8787 8351
8882 8262 7981
8676 8662 8092
8579 8714 8310
8857 8162 8076
7879 8730 8537
8480 8428 8476
8551 8823 8319
8228 8493 8484
8618 8370 8477
8215 8577 8481
8215 8577 8481
8480 8428 8476
8228 8493 8484
8589 8472 8405
8769 8123 8255
8155 8459 8619
8707 8629 8270
8155 8459 8619
8155 8459 8619
8215 8577 8481
8378 8468 8550
8642 8759 8283
8448 8450 8576
8121 8916 8204
8083 8567 8514
8241 9012 7768
8590 8431 8322
8642 8759 8283
8400 8863 8256
8587 8694 8372
8044 8641 8595
8434 8654 8442
8263 8794 8421
8882 8262 7981
8860 8742 7867
8817 8624 8007
8065 8499 8519
8266 8674 8472
8676 8662 8092
8587 8694 8372
8263 8794 8421
8590 8431 8322
8155 8459 8619
8344 8721 8441
8857 8162 8076
8551 8823 8319
8676 8662 8092
8155 8459 8619
8579 8714 8310
8155 8459 8619
8434 8654 8442
8241 9012 7768
8065 8499 8519
8378 8468 8550
8316 8864 8393
8344 8950 8161
8551 8823 8319
8618 8370 8477
8579 8714 8310
8228 8493 8484
8266 8674 8472
8121 8916 8204
8344 8721 8441
8155 8681 8481
8228 8493 8484
8121 8916 8204
8266 8674 8472
8241 9012 7768
7879 8730 8537
8587 8694 8372
8359 8787 8351
8065 8499 8519
8044 8641 8595
8359 8787 8351
8468 8566 8430
8241 9012 7768
8551 8823 8319
8551 8823 8319
7879 8730 8537
8882 8262 7981
8316 8864 8393
8480 8428 8476
8155 8681 8481
8642 8759 8283
8344 8721 8441
8587 8694 8372
8618 8370 8477
8769 8123 8255
8344 8721 8441
8044 8641 8595
8882 8262 7981
8359 8787 8351
8241 9012 7768
8241 9012 7768
8882 8262 7981
8321 8965 7910
8277 8500 8450
8676 8662 8092
7879 8730 8537
7879 8730 8537
8929 8254 8044
8155 8459 8619
8929 8254 8044
8241 9012 7768
8860 8742 7867
8676 8662 8092
8857 8162 8076
8817 8624 8007
8258 8173 8592
8344 8721 8441
7879 8730 8537
8344 8950 8161
8241 9012 7768
8155 8459 8619
8313 8869 8237
8468 8566 8430
8155 8681 8481
8480 8428 8476
8860 8742 7867
7879 8730 8537
8155 8459 8619
8589 8472 8405
8769 8123 8255
8155 8459 8619
8266 8674 8472
8228 8493 8484
8121 8916 8204
8579 8714 8310
8215 8577 8481
8316 8864 8393
8241 9012 7768
8434 8654 8442
8359 8787 8351
8155 8459 8619
8551 8823 8319
8344 8721 8441
8590 8431 8322
8263 8794 8421
8676 8662 8092
8065 8499 8519
8817 8624 8007
8860 8742 7867
8882 8262 7981
8434 8654 8442
8590 8431 8322
8241 9012 7768
8480 8428 8476
8313 8869 8237
8155 8459 8619
7879 8730 8537
8344 8721 8441
8817 8624 8007
8676 8662 8092
8642 8759 8283
8857 8162 8076
7879 8730 8537
8241 9012 7768
8860 8742 7867
8359 8787 8351
8044 8641 8595
8769 8123 8255
8587 8694 8372
8215 8577 8481
8480 8428 8476
8155 8681 8481
8480 8428 8476
8316 8864 8393
8044 8641 8595
8551 8823 8319
8811 8529 8224
8860 8742 7867
8065 8499 8519
8228 8493 8484
8857 8162 8076
8359 8787 8351
8676 8662 8092
8817 8624 8007
