102815 1740.52
8575 9233 8294
8667 9153 8325
8549 9203 8408
8407 9276 8355
8579 9118 8488
8897 8895 8426
8441 8941 8616
8608 8818 8610
9019 8809 8394
9073 8766 8199
8964 8934 8347
8628 9041 8495
8722 9127 8280
8994 8859 8381
8444 9071 8567
8346 8738 8745
8938 8798 8432
8794 8939 8454
8383 9266 8451
8750 9005 8435
8867 8960 8314
8769 9070 8292
8686 9129 8383
8651 8750 8606
8495 9193 8484
8466 9169 8527
8414 8778 8708
8542 8764 8644
9038 8789 8348
8333 9069 8600
8550 8915 8578
8750 9064 8353
8571 9052 8519
8874 8747 8489
8445 9238 8431
8759 8685 8562
8721 8877 8533
8790 8985 8405
8676 9101 8411
8479 9114 8544
8354 9195 8544
8512 8725 8686
8929 8937 8368
8635 8877 8564
8857 8682 8532
9036 8859 8203
8840 8821 8469
8676 8915 8524
8814 9001 8236
8990 8932 8195
8318 8854 8698
8377 8905 8636
8590 8952 8541
8412 8816 8665
9043 8811 8273
8740 8873 8516
8812 8749 8514
8409 9235 8469
8469 8737 8699
8275 8642 8819
8275 8642 8819
8295 9312 8235
9086 8616 8109
7890 8573 7964
8300 8863 8127
8325 8654 8293
8308 8733 8115
8231 8816 8058
8374 8640 8065
8252 8649 7837
8072 8681 8105
8262 8734 8042
8414 8691 8044
8099 8622 7992
8173 8644 8141
8074 8677 8178
8202 8517 7967
8265 8805 7974
8259 8727 8258
8118 8730 7990
8179 8820 8154
8051 8485 8069
8194 8568 8022
8513 8837 8279
8345 8874 8262
8314 8747 8058
8448 8821 7997
8186 8550 7792
8306 8572 8206
8054 8593 8321
8055 8517 8019
8274 8588 8410
8464 8700 8318
8457 8625 8183
8142 8447 8148
8358 8655 7997
7965 8869 8239
8324 8555 8142
8358 8310 7873
8150 8405 7972
8138 8546 8085
8209 8575 7866
8112 8542 8109
8228 8353 8092
8424 8905 8242
8225 8498 8170
8274 8741 8311
8118 8543 7946
8310 8582 7976
8062 8424 8203
8241 8673 8305
7940 8514 8358
8341 8912 8384
8080 8650 8425
8192 8599 8068
8073 8597 8041
8170 8643 8059
8365 8658 8116
8388 8845 8292
8360 8810 8280
8116 8643 8015
8204 8736 7982
8170 8620 8228
8161 8582 8169
8554 8580 8155
8160 8849 8262
8256 8729 7989
7983 8526 8248
8125 8769 8112
8227 8731 8200
8284 8872 8113
8480 8784 8134
8513 8759 8083
8311 8631 8081
8045 8471 7909
8028 8367 8053
8366 8672 8127
8173 8736 8157
8102 8662 8175
8321 8653 8122
8556 8825 8329
8256 8568 8162
8346 8850 8258
8097 8514 8047
8157 8512 8031
8447 8394 7964
8375 8408 8017
8324 8572 8103
8195 8788 8278
7809 8545 8092
8458 8681 8158
8181 8481 7953
8310 8593 8124
8130 8566 8003
8154 8940 8092
8294 8846 8124
8261 8724 7995
8162 8733 8070
8035 8525 8162
8400 8726 8097
8364 8633 7965
7936 8528 7831
8342 8633 8218
8335 8345 8069
8156 8570 8195
8321 8691 7954
8036 8450 7870
8400 8753 8183
8013 8484 8105
8253 8526 8121
8211 8315 7872
8275 8601 8116
8058 8688 7955
8367 8731 8010
8500 8741 8133
8099 8549 8293
7943 8464 8047
8218 8448 8039
8378 8630 7894
8531 8695 8179
8286 8678 8198
8276 8862 8322
8446 8698 8119
8143 8536 7963
8190 8427 7986
8306 8574 8082
8121 8392 8426
8281 8720 8176
8048 8368 8014
8084 8619 7904
8473 8744 8028
7910 8384 8151
8391 8634 7977
8377 8691 8211
8305 8549 8160
8221 8889 8244
8460 8422 7846
8219 8670 8183
8425 8817 8118
8387 8676 8191
