7 0.111241
2679 3044 2473 2758
2484 2926 2683 2724
2569 2897 2664 2765
2272 2566 2784 2443
2222 2958 2794 2804
2677 2843 2561 2697
2749 3192 2702 2965
2595 2761 2776 2663
2278 3153 2605 2789
2471 3005 2791 2768
2852 2665 2581 2554
2394 3430 2698 2794
2423 3133 2401 2737
2413 2733 2770 2886
2558 2930 2918 3086
2517 3038 2762 2943
2504 2751 2616 2996
2494 2784 2636 2931
2643 2726 2708 2841
2637 3126 2458 2533
2383 3254 2861 2698
2810 2643 2693 2785
2919 2873 2841 2840
2610 2704 2781 2946
2831 2446 2550 2746
2789 2929 2858 2730
2498 2510 2638 2722
2576 3008 2698 2996
2622 2936 2732 2718
2874 2721 2729 2807
2732 2776 2710 2743
2756 2797 2641 2768
2511 3023 2728 2704
2311 3033 2436 2663
2803 2741 2897 2856
2362 2910 2853 2922
2831 2915 2417 2776
2647 3179 2744 2647
2716 2704 2624 2701
2583 2966 2454 2488
2510 3027 2498 2803
2956 2931 2309 2793
2735 2843 2846 2878
2616 3142 2978 2833
2779 2916 2517 2637
2588 2812 2519 2852
2594 2703 2759 2894
2638 2638 2842 2564
2508 2853 2804 3174
2688 2581 2688 2656
2741 2694 2866 2620
2332 2920 2646 2796
2666 2729 2835 2946
2611 2630 2786 2761
2856 2655 2610 2942
2761 2825 2664 2766
2525 2866 2659 2828
2439 2817 2634 2553
2564 2981 2789 2909
2700 2807 2495 2863
2574 3148 2601 2646
2765 2692 2810 2799
2738 2942 2802 3028
2872 3007 2644 2673
2741 2983 2535 2833
2274 3231 2713 2761
2790 3290 2626 2937
2753 2855 2584 2705
2641 3026 2597 3003
2534 3004 2750 2907
2611 2608 2669 2794
2626 3068 2561 2970
2640 3345 2734 2876
2511 2898 2782 2853
2418 3123 2517 2588
2871 2958 2674 2892
2495 3177 2659 2476
2449 3004 2960 2573
2533 2952 2650 2945
2866 2784 2617 2579
2520 2758 2902 2927
2660 2719 2497 2918
2872 3058 2758 2677
2392 3259 2838 2756
2631 3100 2493 2896
2466 2962 2705 2655
2587 2994 2445 2570
2697 2711 2574 2973
2608 2877 2754 2686
2501 3047 2742 2394
2649 2638 2939 2692
2511 3168 2914 2897
2575 2995 2551 2447
2827 2649 2849 2950
2651 3120 2868 2659
2537 2990 2626 2531
2652 2646 2500 2608
2600 2954 2813 2827
2872 3071 2699 2534
2735 2947 2625 2726
2386 2597 2712 2644
2598 2883 2686 2807
2668 3091 2774 2728
2797 2954 2962 2611
2871 2754 2647 2847
2751 2864 2692 2631
2674 2780 2743 2789
2710 2764 2615 2845
2329 3100 2604 2736
2394 3209 2773 2758
2630 2953 2636 2812
2808 2686 2658 2541
2641 2915 2567 2724
2573 2879 2615 2586
2731 2533 2559 2820
2398 3055 2580 2823
2572 2970 2558 2508
2609 2949 2691 2654
2739 2891 2663 2665
2685 3017 2524 2513
2573 2808 2651 2933
2721 2691 2757 3009
2675 3127 2736 2817
2632 2660 2513 2771
2609 3040 2697 2753
2543 2981 2578 2675
2833 2810 2809 2792
2572 3010 2589 2500
2423 2961 2556 2529
2789 3142 2712 2711
2679 2750 2826 2902
2705 2638 2730 2464
2274 2796 2334 2500
2634 3149 2777 2942
2851 2981 2320 2713
2453 3144 2613 2860
2456 2863 2867 2777
2786 2885 2644 2685
2800 2827 2633 2884
2765 2735 2803 2953
2629 3160 2881 2772
2648 3035 2741 2764
2799 2795 2557 2871
2546 2982 2748 2759
2897 2727 2659 2660
2438 3153 2443 2652
2853 2925 2504 2739
2777 2720 2507 2762
2298 3100 2635 2870
2429 3222 2588 2804
2833 2759 2564 2831
2804 2929 2585 2556
2696 2977 2515 2769
2501 3102 2908 2939
2425 2895 2320 2586
2665 2977 2909 2800
2440 3147 2720 2749
2625 3113 2645 2651
2656 2809 2628 2757
2619 2727 2629 2735
2646 2857 2907 2777
2790 2989 2447 2505
2556 2853 2430 2458
2570 2740 2803 3075
2692 2714 2768 2704
2641 3086 2618 2693
2653 3011 2598 2482
2772 3071 2639 2733
2748 2808 2832 2719
2780 2940 2667 2817
2820 2788 2582 2754
2514 3246 2352 2841
2533 2935 2503 2791
2693 2593 2707 2541
2406 3086 2519 2675
2835 2857 2792 2840
2684 2870 2573 2826
2718 2893 2687 2794
2837 3002 2782 2663
2883 2899 2791 3029
2849 2821 2765 2819
2683 2813 2657 2754
2645 3043 2820 2772
2406 3073 2649 2882
2642 2918 2729 2697
2473 2885 2691 2829
2501 3116 2760 2778
2482 3177 2696 3119
2912 3082 2996 2969
2307 3104 2588 2624
2304 2725 2624 2798
2756 2674 3046 2794
2566 2899 2640 2524
2561 2825 2720 2824
2451 2993 2411 2282
2537 2858 2590 2779
2707 3044 2871 2963
2560 3020 2649 2482
2488 2522 2608 2525
2826 2937 2354 2977
2500 2936 2626 2610
2819 2831 2753 2737
2438 2831 2537 2493
2740 2589 2463 2761
2641 2848 2377 2725
2840 2868 2461 2850
2475 2675 2379 2657
2636 2811 2705 2807
2583 2988 2627 2638
2551 3023 2833 2927
2380 2856 2712 2823
2489 2906 2469 2455
2634 3007 2536 2711
2564 3019 2529 2561
2769 2996 2888 2820
2774 3048 2878 2860
2818 2813 2804 2815
2564 2722 2454 2667
2354 3298 2594 2451
2839 2908 2765 2923
2393 3178 2605 2910
2595 3046 2434 2659
2753 2626 2778 2657
2346 2583 2742 2719
2578 2761 2759 2677
2723 2991 2348 2558
2968 2618 2728 2752
2610 2863 2930 2909
2252 3026 2531 2839
2592 3072 2756 2814
2571 3151 2887 3039
2766 2744 2566 2655
2481 2968 2609 2340
2616 2615 2791 2812
2594 3002 2575 2599
2521 2709 2826 2634
2760 2833 2925 2824
2625 2905 2742 2611
2977 2972 2681 2902
2684 2771 2399 2822
2484 2978 2914 2651
2699 2838 2541 2670
2304 2783 2573 2736
2531 3056 2482 2615
2500 2657 2595 2773
2518 2796 2566 2646
2538 3111 2661 2801
2889 2916 2549 2759
2644 2941 2683 2929
2612 2854 2574 3107
2574 2842 2398 2319
2811 2700 2756 2640
