155 60.1809
7924 7983 9513 7716
8105 9347 8150 7309
7760 8464 8984 8060
7816 7896 8643 8624
8268 8722 7814 8165
9224 8485 8280 7259
8601 9055 8623 6931
8788 7405 8751 8022
8349 8613 7828 8175
8293 8716 7877 8173
8301 7472 9157 8310
7997 7860 8853 8599
8596 8890 8789 6986
8119 7791 8933 8571
8638 7442 8819 8285
8571 7443 8906 8188
8104 7943 9486 7826
8424 9040 7947 7803
8405 8564 7924 8115
8788 7405 8751 8022
8812 8943 8572 6950
8423 9291 8022 7339
8867 8846 8487 7000
8767 8947 8602 6964
8304 7646 9068 8300
8801 8821 8687 7014
7970 8015 8665 8589
8334 7513 9212 8146
7778 8113 9366 7873
8598 7527 8812 8197
7802 8689 8643 7945
8026 7554 9211 8199
7808 7995 9451 7925
8095 9267 7819 7710
8788 8891 8636 7004
7788 8701 8339 8089
8544 9210 8065 7459
8104 9271 8417 7271
8265 9234 8038 7715
9166 8348 8414 7307
8155 9334 8210 7293
8689 8869 8687 7033
8758 8780 8694 7080
8381 7662 9176 8034
8163 7913 8705 8536
7820 8008 9444 7825
7793 8387 8804 8236
8297 7537 9145 8249
7768 8296 8889 8193
8240 8941 7881 8004
7824 8432 8450 8363
8149 7821 8978 8517
8908 8794 8418 7133
8671 7566 8807 8087
9109 7992 8280 7942
7962 8016 9359 8080
8610 8963 8666 6961
8972 8145 8530 7593
8491 9068 8042 7656
9189 8272 8412 7228
8171 9254 7816 7652
8585 9029 8622 7021
8163 7813 9245 8137
8981 8646 8185 7507
8687 7488 8850 8180
9216 8283 8275 7441
9178 8437 8329 7257
8373 9191 7990 7739
8271 9308 8216 7508
8958 8591 8206 7586
8853 8409 8669 7663
8755 8653 8749 7060
8518 7517 8982 8168
7952 7993 9433 7900
8085 8091 8681 8557
8905 8802 8016 7410
8205 9285 8233 7401
8410 8972 8304 7780
8776 7573 8913 7846
8265 7807 8744 8493
7846 8827 8484 7874
8376 9332 8081 7512
8695 8926 8522 7053
9201 8235 8440 7556
8340 7708 9111 8187
8779 8810 8677 7103
8219 9286 8362 7385
9084 8383 8088 7608
8930 8570 8722 7451
8435 9137 8442 7237
9113 8521 8431 7172
7821 7998 8597 8592
7872 8674 8820 7927
8021 8165 8687 8451
7869 8036 9416 7926
9153 8313 8308 7445
8487 8935 8757 7280
7840 8218 9338 7915
8556 8817 8890 7088
7921 8118 9112 8163
8657 8884 8604 7217
8422 9162 8199 7533
8217 9107 7894 7930
9222 8237 8283 7440
8200 7495 9242 8154
7853 8658 8516 8054
8246 7939 9269 7996
8150 8805 7958 8189
7902 7841 9126 8313
8663 8710 8428 7685
8436 7606 9127 8036
8021 7839 8888 8499
8590 9089 8602 7039
8794 8707 8620 7222
8252 9223 8244 7473
9130 8546 8343 7201
8753 7560 8788 8061
8384 9194 8213 7374
7842 8115 9063 8209
8988 8575 8123 7570
8099 8799 8965 7337
8387 9034 8720 7283
8369 7732 9077 8228
7986 8097 8901 8428
8016 7801 9483 7953
8007 7976 9480 7777
8962 8157 8416 7710
9120 8212 8193 7599
9143 8540 8312 7281
8243 8451 8327 8248
8766 7497 8742 8030
8011 8067 8693 8510
8135 8544 7972 8355
7780 8196 8836 8367
9005 8480 8291 7583
7892 8048 8777 8454
8641 8949 8638 7047
8878 8752 8602 7065
7863 8055 9380 7925
8856 8732 8444 7650
9213 8175 8351 7310
9032 8394 8505 7457
8672 7547 8891 8163
8629 9145 8170 7479
7906 7900 8828 8513
8465 9051 8615 7093
8117 7762 8986 8406
8076 8248 8672 8416
8471 9184 8239 7334
9094 8477 8196 7458
8222 9009 8058 7937
8210 8114 9326 7810
9048 8513 8436 7366
8300 9040 8642 7166
9061 8563 8477 7302
7991 8326 8611 8381
8940 8654 8570 7398
8019 7920 9258 8214
9196 8426 8308 7230
8709 8861 8636 7312
7845 8004 9439 7899
8285 8069 9311 7789
8212 8491 7978 8295
8730 8875 8596 7074
8637 9121 8126 7578
9174 8420 8420 7277
8170 9258 7911 7727
9057 8700 8405 7209
8830 8900 8349 7664
8139 9082 8026 7929
8704 8803 8648 7161
8353 9218 8250 7421
8745 7868 8991 7623
8008 8206 9408 7759
8005 8402 9106 7931
7880 8025 8740 8489
8142 7984 9471 7842
8392 9097 7975 7694
8098 8161 8699 8466
8010 8112 8713 8506
7929 8109 8562 8533
8603 8661 8033 7960
8106 8009 9332 8030
8810 8716 8596 7377
8322 7542 9198 8239
8667 8317 8956 7465
7914 8019 9413 7938
8172 9027 8135 7887
8699 8970 8454 7333
8649 8682 8075 7850
7836 8862 8367 7871
8196 8515 7984 8275
7864 7964 9465 7893
8061 8043 8741 8460
7898 8045 9108 8229
8302 9226 7903 7714
8489 9171 8224 7490
8620 9023 8517 7064
7977 8335 8752 8211
8681 7833 8948 7809
8845 8844 8470 7181
8285 9175 7915 7817
8255 8985 8249 7883
8814 8851 8575 7149
8328 9177 8489 7265
8376 8961 8004 7904
8105 9347 8150 7309
9018 8220 8459 7678
8396 7628 8970 8286
7927 8229 8543 8503
7949 8479 9162 7613
8525 7748 8929 8222
8998 8194 8514 7667
8536 9117 8328 7542
8165 7692 8983 8447
8239 8315 8776 8203
7996 7924 8815 8548
8256 9239 8256 7210
7766 8494 8739 8052
9103 8386 8378 7461
9066 8629 8157 7233
8161 8293 9321 7743
8003 8060 9040 8327
8877 8666 8732 7111
8047 7880 8838 8530
8524 9158 8228 7407
8628 7612 9033 7785
9193 8387 8354 7354
8492 8669 8391 7820
8321 9203 8321 7452
8229 9072 7996 7933
8221 8125 9249 7943
8055 8157 9428 7814
8598 7716 9070 7891
8728 8704 8722 7296
8377 9164 8594 7170
8248 8774 7893 8129
8828 8850 8532 7204
8433 9129 8268 7581
8367 8673 8025 8020
8502 8670 8856 7546
8031 8073 8904 8316
8508 7694 9088 8158
8218 7932 9150 8051
7814 8587 9021 7899
7915 8540 9084 7905
8918 8568 8332 7503
8876 8685 8546 7221
9075 8414 8347 7549
8813 8762 8602 7055
8182 8245 8443 8402
7897 8023 9421 7915
8628 8907 8736 7139
9013 8561 8403 7317
8253 8251 9173 7908
8902 8714 8330 7536
8188 8340 8833 8122
8577 7635 9092 7790
8891 8663 8626 7043
8531 7671 9073 7960
7989 8089 8931 8348
8359 9117 8501 7198
8523 8203 9025 7647
9158 8491 8371 7231
8395 7873 8920 8283
8141 8856 8753 7555
8155 7718 9164 8277
8102 7767 9012 8341
9072 8636 8341 7194
8466 7590 8962 8234
8640 8883 8464 7720
8071 7824 8816 8496
9055 8160 8359 7674
7889 8142 8978 8321
8392 9246 8188 7464
9034 8566 8418 7298
9022 8440 8189 7571
9046 8405 8570 7372
8997 8431 8146 7610
8295 8042 9018 8037
8329 9201 8388 7329
8594 7772 9066 7765
8262 7576 9198 8179
7980 8288 9086 8067
8582 8894 8572 7405
8505 8819 8151 7840
8647 7825 8918 7832
9043 8490 8513 7245
8085 8091 8681 8557
8626 8992 8581 7104
8147 9109 8356 7559
8553 8952 8453 7426
8450 8264 9168 7831
8055 7740 9124 8379
8612 8255 8218 8075
8337 9211 8307 7325
8474 7988 8950 8099
7946 8184 8467 8486
8374 9059 8634 7321
8796 8277 8730 7637
7865 7850 9413 7992
8141 8578 8246 8250
8072 7956 9296 8095
7996 7924 8815 8548
8612 7894 8691 8151
8545 8524 8937 7214
8006 8269 9348 7726
8541 7609 8873 8266
8995 8608 8575 7393
8924 8147 8779 7588
8330 8913 8771 7289
8634 7627 8934 7912
8599 8536 8792 7701
7932 8746 8954 7514
8028 8005 9351 8066
8477 7755 9221 7844
8288 9032 8640 7368
8129 8100 9279 8017
8459 9115 8631 7024
8589 8989 8645 7144
8704 8139 8549 8060
8342 7795 8854 8440
8332 9219 7974 7793
8236 7799 8925 8373
8058 8058 9030 8275
9082 8601 8471 7286
8082 8199 8582 8421
8722 8692 8012 7729
8158 7885 9237 8063
8183 9319 8167 7292
7806 8474 9085 7818
9027 8634 8392 7340
8154 7675 8952 8474
8627 7689 8974 7815
9124 8233 8481 7516
8801 8623 8668 7543
8037 8015 9407 7949
8605 9171 8132 7433
8512 8788 8017 7917
8391 9020 8260 7728
8382 9152 8413 7440
8600 9062 8581 7355
8633 9125 8183 7506
8824 8259 8700 7526
9087 8286 8577 7287
8551 8776 8232 7725
8767 8736 8683 7475
8415 7558 9159 8136
8561 7665 9081 7906
8301 7642 9226 8156
8509 9162 8269 7518
8735 7830 8793 7936
8652 8467 7963 8027
7818 8079 8839 8469
8762 8203 8704 7835
7861 8455 8263 8393
8950 8204 8497 7619
9042 8383 8491 7413
8216 7881 9403 7590
8564 8726 8047 7934
8833 8227 8790 7387
8291 8946 8295 7861
8955 7836 8606 7708
8884 8476 8569 7535
7900 7962 9259 8170
8146 8120 8896 8360
8362 7740 8908 8333
8873 8891 8440 6939
8334 9229 8305 7429
9020 8739 8051 7267
8838 7852 8576 7852
7838 8433 8840 7969
8581 7677 8891 8225
8248 7931 9184 8107
8180 8071 8899 8414
9158 8243 8348 7530
8625 8859 8827 7417
8951 8464 8174 7743
8898 8446 8620 7616
8112 8017 8876 8437
8749 8770 8765 7042
8169 8391 8559 8374
8197 7724 9115 8293
7984 7904 9240 8280
8609 7603 8700 8216
8242 8409 8994 7804
8001 7804 9321 8108
8110 8175 9391 7624
8100 7903 9461 7954
9209 8373 8389 7385
9051 8638 8118 7390
7994 8051 9139 8156
9134 8254 8419 7496
8079 8641 8362 8263
8936 7944 8492 7901
8739 8928 8439 7349
8031 8547 8567 8148
9118 8439 8377 7484
8190 7948 9254 8007
7817 7975 8859 8495
8412 8519 9026 7642
8429 8334 8716 7913
8351 9021 7918 7917
8398 8991 8223 7839
8270 8378 9038 7795
8203 8680 7967 8205
8379 9105 8608 7347
9128 8428 8447 7391
9137 8369 8495 7307
8515 8898 8777 7206
8484 9000 8625 7155
8570 8938 8686 7186
8683 8840 8655 7261
8280 9243 8215 7481
8242 9048 7965 7990
7966 7951 9201 8146
8563 9055 8409 7512
8815 8256 8680 7745
8240 9128 7991 7800
9016 8601 8601 7220
9097 8404 8395 7498
8637 7703 8709 8102
8142 7697 9262 8119
8235 8781 8056 8079
8419 7780 9207 7998
8485 8399 9024 7587
8967 8078 8488 7730
9101 8533 8386 7351
9149 8413 8375 7344
8395 7786 8779 8377
8323 9017 8300 7698
8344 8834 8781 7496
8459 9114 8159 7598
8707 8120 8702 7886
8843 8625 8556 7435
8117 7968 9302 7958
8367 8136 9050 7888
7944 8209 8624 8456
8271 9308 8216 7508
9183 8303 8479 7452
8127 8552 8724 7983
8547 8518 8601 7962
8638 8957 8759 7126
8369 7865 8848 8324
8632 8816 8746 7159
8328 8931 8253 7868
7982 8016 9372 7997
7967 8089 9187 8093
8040 7939 9387 7982
8895 8322 8703 7460
8945 8331 8454 7784
8300 7682 9041 8289
8345 8106 8607 8350
8105 9067 8137 7981
8186 9262 7904 7629
9161 8360 8383 7436
8454 9188 8124 7683
7998 8068 9356 7968
7908 7879 9422 7975
7885 7846 9300 8124
8538 7970 9074 7859
7969 8209 9161 8000
8476 8385 8981 7768
8053 7982 9306 8106
8730 8875 8596 7074
7856 8471 8671 8139
7881 8001 9170 8268
8814 8557 8286 7733
8500 7581 8899 8269
8515 7728 8524 8351
8233 8129 9189 7873
8726 8324 8647 7812
9024 8424 8672 7500
7958 8657 8321 8184
8864 8760 8476 7260
8750 8423 8835 7319
7911 8285 8570 8399
7923 8238 8671 8426
8420 7707 9000 8272
8080 8192 9401 7722
7973 7996 9148 8274
8030 8119 9353 8029
7853 8726 8762 7925
8308 8785 8885 7466
8760 8947 8507 7002
8175 8998 7907 8014
8847 8688 8663 7112
8258 9049 8736 7253
8441 9015 8656 7269
8866 8871 8560 7112
8508 7640 9101 8141
8358 9226 8166 7645
8409 7836 9126 7902
8850 8787 8483 7199
7860 8295 8975 8138
8529 8708 8242 7775
7867 8054 9369 8039
8700 8815 8733 7125
8231 8031 8737 8396
9062 8368 8541 7316
8206 9333 8009 7249
8228 7893 8870 8489
7975 8192 9119 8056
8586 8829 8177 7736
7779 8609 8658 8096
8463 8807 8001 7974
8401 8644 7960 8142
8873 8891 8440 6939
8025 8089 9156 8110
9079 8311 8481 7429
8157 9205 8518 7190
8224 7858 9081 8258
8444 8351 9043 7880
9096 8611 8422 7168
8411 7979 9077 7951
8526 7934 9141 7771
8880 8278 8325 7923
8386 7698 8970 8372
8608 8408 8154 8049
8125 8299 9340 7803
8431 8659 8052 8087
8088 8559 8317 8073
8110 7897 8808 8526
8311 8046 9251 7885
8342 8525 7922 8260
8114 8911 8084 8103
8314 7700 8953 8441
9009 8645 8520 7488
8849 8596 8711 7152
8713 9147 8286 7332
8199 8188 8580 8305
7907 8507 9010 7911
8312 7887 8855 8386
8359 8274 8228 8311
8192 8149 8758 8242
8467 8789 8719 7434
8810 7917 8805 7677
8327 7706 9083 8265
8644 8778 8844 7407
8332 8813 7916 8114
9141 8589 8430 7141
8177 7777 9202 8261
8287 9215 8031 7732
9089 8200 8551 7362
8362 8952 8511 7551
8673 8757 8191 7838
8111 8359 9284 7706
8504 8917 8105 7713
8252 9322 8080 7584
8716 9011 8629 7036
8768 8526 8853 7153
8857 8904 8178 7143
8533 7906 8862 8166
8784 8755 8434 7575
8311 7750 9039 8353
8537 8602 8541 7774
8166 8062 9175 8018
8862 8034 8596 7787
9070 8404 8357 7580
8766 8765 8609 7340
9045 8497 8339 7493
8336 8728 8783 7547
8343 8619 8145 8236
8227 8841 7910 8174
8322 8366 9191 7760
8934 8442 8588 7237
8677 9102 8322 7364
8562 8102 9061 7732
8390 9139 8225 7749
7836 8174 9061 8086
8566 8642 8724 7450
8133 8458 8714 8206
8187 8395 9185 7640
7965 8325 9034 8091
8901 8390 8685 7638
7887 8601 8810 7991
8613 8544 8472 7895
9067 8385 8451 7523
8317 8478 9133 7646
8773 8114 8537 8036
8402 7998 8846 8255
8767 8908 8474 7246
8324 9056 8180 7757
8184 7890 9228 8042
8513 8719 8676 7690
8264 7618 9054 8394
7937 8273 8613 8278
8495 7497 9005 8165
9038 8428 8312 7704
8763 8739 8645 7183
7978 8591 9012 7829
8804 8284 8829 7412
9115 8454 8360 7400
8178 8174 8462 8415
8675 9068 8266 7487
8364 8606 8071 8169
8271 7736 8864 8476
8428 8979 8480 7520
8718 8363 8901 7556
7934 8332 8841 8050
8920 8085 8695 7631
7858 8832 8723 7784
8663 9070 8355 7625
8697 9098 8406 7395
8407 8117 8872 8226
8889 8785 8346 7325
8267 8222 8211 8318
8047 8027 8975 8465
8051 8307 8513 8479
8092 8204 8924 8234
8805 8828 8494 7213
8393 7881 8824 8483
8269 8962 8009 7963
8354 8827 8070 7916
8102 7739 8945 8524
7995 8722 8204 8177
8880 8825 8386 7440
9140 8512 8397 7374
8240 9085 8161 7881
8636 9060 8393 7575
8820 8003 8710 7797
8083 8580 8400 8089
7911 7883 9170 8285
8045 8216 9395 7690
8639 8925 8604 7273
8760 8874 8519 7133
8846 8648 8468 7438
8347 8070 8999 8144
8090 8302 8959 8128
8272 8936 8099 7924
8743 8465 8121 7862
8270 7855 8883 8435
9118 8562 8450 7129
8418 7851 9102 8133
8519 7742 9007 8013
8111 7767 9132 8301
8075 8099 9273 8034
8481 8235 8881 8127
8170 8239 9286 7970
8218 8386 9343 7481
8742 8911 8591 7116
8482 8080 8625 8043
8366 8108 8384 8302
8684 8837 8675 7037
9090 8495 8448 7290
8425 7829 8804 8287
8737 8030 8874 7693
8829 8652 8370 7676
8858 8722 8547 7288
8452 8767 8182 7928
8869 8505 8578 7798
8035 8301 9031 8071
8514 8087 8784 8009
7898 8416 8893 8109
7931 7912 9395 7981
8207 8280 9305 7771
8896 8489 8050 7730
8552 8738 8271 7761
7880 8264 9265 7890
8481 8426 8996 7618
8263 8983 8142 7882
7809 8480 8864 8076
8780 8823 8598 7277
8538 9186 8236 7308
8120 8121 9086 8025
8115 8626 7988 8293
8413 9172 8276 7607
8577 7635 9092 7790
8557 7939 8698 8156
8259 7961 8919 8309
8796 8783 8396 7471
8199 8225 8658 8290
8328 7739 9135 8150
8118 7982 9255 8135
8100 7903 9461 7954
8213 7775 9143 8240
8555 7783 9193 7853
8447 7703 9323 7942
8356 7669 9066 8256
8795 8482 8397 7800
8922 8509 8509 7636
8186 8967 8818 7297
8748 8083 8580 8032
8014 8345 9140 7914
7885 7846 9300 8124
8913 8634 8686 7282
8685 8606 8796 7573
8922 8730 8561 7188
8192 8697 9022 7720
8618 8676 8228 7888
8581 7848 8589 8296
8174 8266 9233 7782
8315 9089 7998 7839
8006 7941 9273 8175
8888 8413 8274 7768
8553 8421 8844 7563
8687 8374 8422 7832
8654 7788 8872 8072
8187 8584 8989 7753
8324 7581 9205 8027
8127 7863 9179 8139
8473 7639 9117 8206
9149 8413 8375 7344
8821 8570 8681 7528
8660 8875 8382 7509
8561 8962 8556 7386
8884 8125 8706 7647
8074 8215 8539 8483
8573 8378 8743 7854
7831 8342 8791 8321
8878 8093 8750 7642
9036 8230 8647 7554
8733 8775 8584 7319
8808 8370 8695 7606
8679 8595 8849 7272
8701 8099 8767 8022
8770 8818 8518 7634
8342 7759 8931 8329
8268 9207 8118 7712
8711 8872 8538 7250
9063 8537 8379 7322
9040 8468 8427 7510
8023 8442 8733 8238
8388 8210 8354 8213
8456 7765 8877 8243
8108 8599 8773 8003
8351 7740 8932 8385
8607 8902 8114 7802
8648 7596 9023 7843
8602 7588 8866 8192
9001 8666 8463 7230
8765 8581 8836 7115
8469 8981 8582 7351
8042 8318 8834 8208
8645 8466 8822 7431
8462 8047 8964 8073
8049 8076 8780 8443
8940 8231 8629 7604
9117 8261 8525 7388
8747 8376 8285 7977
8533 7742 8956 8106
8123 8090 9095 8194
8623 8771 8234 7761
7971 8616 8111 8266
8050 8315 8464 8473
8995 8561 8173 7569
8380 8788 8077 8002
8283 7895 9120 8255
7959 8714 8313 8039
8452 9180 8378 7364
7831 8342 8791 8321
8898 8049 8463 7918
8443 7976 8703 8198
8806 7783 8791 7994
8033 8012 9137 8186
7955 7691 9265 8194
8440 7914 8801 8262
8587 7952 8814 8024
8326 7791 9070 8278
8248 8774 7893 8129
8398 8814 8726 7477
8159 8831 7986 8065
8028 8430 8398 8306
9114 8242 8170 7673
8233 8220 8633 8222
8712 8241 8336 8004
8299 8664 7879 8206
8014 8270 8523 8423
8740 8758 8650 7120
8505 8361 8254 8252
8673 8392 8677 7745
8896 8117 8344 7865
7845 8075 9294 8039
8459 8272 9098 7823
7868 7961 9399 8103
7904 8725 8742 7929
8503 8893 8796 7255
8496 7856 8995 7971
8036 8616 8437 8082
8193 7999 9068 8126
8282 8444 9138 7490
8116 8349 8951 8018
8468 8865 8164 7845
8136 8599 8179 8181
7905 7935 9426 7925
8826 8620 8045 7764
7984 7816 9315 8076
8465 9051 8615 7093
9044 8750 8478 7028
8143 8172 8544 8411
8444 7957 8591 8338
8650 8450 8593 7695
8595 7800 8583 8345
8345 8983 8140 7857
8113 8560 8638 7956
8177 8040 9281 8015
8888 8806 8564 7191
8429 8382 8960 7772
8309 7763 9214 8047
8167 8038 8966 8235
8168 7766 9230 8024
8213 8252 9331 7720
8975 8543 8482 7579
8464 7868 8781 8267
8400 9005 8263 7753
8848 8352 8712 7504
8688 8631 8252 7811
8281 8896 8171 7894
8377 9250 8107 7596
8414 7988 8821 8286
8150 7910 9145 8155
8427 9075 8358 7630
8346 8501 8786 7767
8220 8306 9018 7973
8769 8769 8628 7178
8060 8468 8736 8058
8769 9006 8252 7463
8193 8594 8165 8084
8227 8028 8475 8503
8280 7683 9058 8335
8119 8177 8988 8218
8681 8381 8314 8002
8183 7916 8943 8378
7938 8692 8381 8028
8303 9216 8297 7525
7950 8262 9217 7916
8595 8208 8617 7921
8452 8772 8117 7941
8598 8927 8728 7158
8312 7757 8946 8444
7984 7816 9315 8076
8444 9031 8426 7449
8800 8169 8710 7764
8148 9002 8140 7922
8319 7623 9045 8366
8294 9110 7974 7905
8744 7818 8768 7790
8913 8314 8612 7725
7896 8155 8818 8340
8066 8079 9469 7761
8063 8993 8111 7989
8288 9242 8057 7675
8024 7984 9010 8277
8261 8965 8299 7997
8328 8931 8534 7420
8203 7973 9319 7947
8201 9188 8102 7814
8167 7722 9023 8369
8731 7753 8747 8072
8504 8997 8172 7670
9052 8369 8419 7532
8593 8222 8674 7800
8954 8378 8550 7606
8799 8872 8379 7503
8984 8455 8295 7633
9209 8373 8389 7385
9059 8367 8401 7554
8740 7794 8940 7655
7942 8034 9378 8006
8724 8196 8621 7877
8255 7685 9236 8109
7941 8147 8781 8428
9011 8205 8463 7629
8249 7966 8719 8355
8648 8530 8624 7736
8365 9264 8108 7595
8131 8074 8666 8371
8985 8645 8553 7267
8781 8550 8505 7584
8616 8679 8129 7892
8946 8600 8156 7633
7955 7983 9481 7698
8195 8657 8108 8155
8546 8748 8650 7469
8034 7984 8995 8388
8777 8303 8760 7522
8951 8135 8520 7630
8536 7925 8796 8109
8968 8504 8193 7635
8113 8461 8869 7964
8840 8919 8406 7448
8974 8155 8437 7709
8874 8759 8372 7486
9073 8097 8520 7707
8574 8981 8513 7389
8077 8587 8385 8049
8044 8427 8375 8218
8460 8954 8499 7838
8306 8312 8447 8216
8277 8429 8238 8278
8087 9069 8289 7690
8457 9146 8603 7145
8278 8027 9146 8072
8133 8551 8313 8297
8041 7896 9279 8121
8478 7708 8841 8354
8447 8550 8368 7959
8208 7723 9378 7927
8197 8692 7951 8268
8783 8744 8437 7349
8063 8693 8836 7823
8449 8533 8834 7721
8426 7905 8912 8182
7946 8184 8467 8486
8948 8232 8584 7692
8528 8937 8614 7329
8758 8577 8706 7294
8555 8077 8941 7864
8610 8086 8592 8082
8431 8329 8811 7940
8471 8538 8867 7525
8355 9079 8373 7588
8714 8607 8113 7846
8235 8321 9095 7941
8480 9031 8157 7717
8091 8209 8973 8259
8870 8392 8256 7782
8480 8531 8096 8195
8052 8363 9046 8042
8168 8128 9436 7872
8774 8181 8650 7966
8260 9193 8304 7564
8057 8523 8963 7755
8531 7831 8802 8276
8677 8178 8800 7628
8923 8281 8611 7602
8222 8128 8823 8186
8597 7889 8949 8115
8499 8695 8323 7826
8601 8873 8790 7043
8390 9139 8225 7749
9044 8750 8478 7028
8718 9079 8417 7417
8143 8172 8544 8411
8723 8902 8599 7050
8101 8582 8270 8105
8208 7966 8863 8281
8513 8610 8836 7502
8262 7921 9177 7985
8393 9028 8434 7505
8200 8715 8139 8125
8303 8858 8012 7973
8089 7954 9374 7988
8307 8032 9034 8113
8109 8784 8293 8030
8307 8259 9292 7851
8415 8384 8923 7958
8040 7939 9387 7982
8540 8890 8092 7827
8201 7891 9195 8133
8438 8436 8839 7570
8315 9077 8552 7444
8579 8355 8408 7905
8553 8922 8796 7146
8052 8143 8789 8322
8742 8517 8749 7493
8261 7979 8877 8271
8024 8182 8739 8442
8545 8924 8641 7227
8263 7663 9042 8388
8264 8837 7986 8038
8619 9081 8331 7640
8219 8152 8813 8167
8101 8014 9368 7939
8498 7788 8769 8353
8767 8625 8772 7176
8268 8376 8554 8171
9183 8303 8479 7452
8620 9014 8448 7499
8658 9133 8500 7375
8074 8650 8602 7847
8391 9044 8684 7143
8302 8743 8003 8039
8937 8195 8612 7632
8519 7708 8735 8284
8769 8419 8898 7603
8066 8329 9052 7790
8716 8792 8591 7430
8607 7743 8747 8217
8569 7944 8713 8144
8859 8284 8322 7871
8932 8714 8408 7355
9162 8393 8284 7359
8324 7958 8832 8257
8533 9099 8159 7589
9123 8494 8334 7402
8066 8079 9469 7761
8648 7596 9023 7843
8579 8575 8849 7346
8289 8419 8163 7968
8643 8048 8563 8262
9001 8415 8595 7506
8237 7723 9214 8075
8385 7836 9282 7766
8687 7488 8850 8180
8786 8190 8737 7777
8137 8521 8772 7986
8740 8758 8650 7120
8778 8357 8747 7679
8434 8828 8526 7627
