10477 3006.88
9716 8594
8047 9986
8230 9958
8085 9976
8085 9976
8323 9940
8286 9946
8186 9959
8121 9969
9704 8606
9702 8640
8453 9898
8422 9905
9681 8702
8151 9963
8048 9982
8782 9728
8492 9879
8521 9876
9682 8676
9607 8874
8121 9969
8262 9950
8586 9842
8286 9946
9614 8856
9638 8800
9641 8780
9282 9325
8175 9961
8151 9963
9704 8606
8807 9727
8968 9618
8586 9842
9546 8984
9662 8732
9536 8997
8262 9950
8561 9846
8237 9951
9614 8856
9621 8842
8370 9920
8392 9919
9697 8654
9687 8665
9560 8956
9567 8943
9598 8885
8479 9887
9702 8640
9697 8654
9472 9093
8600 9832
9526 9006
9271 9338
8542 9853
8560 9851
9302 9301
9311 9292
9256 9355
9262 9344
8949 9624
9673 8711
8769 9748
9463 9103
9330 9276
9332 9263
8453 9898
8332 9933
9205 9409
9208 9397
9475 9081
8949 9624
8462 9891
9500 9048
9627 8824
8527 9862
9456 9111
9672 8719
9180 9426
9188 9419
8422 9905
8407 9906
8916 9650
9546 8984
9550 8974
8997 9595
9657 8741
9662 8732
9064 9540
9406 9173
8230 9958
9413 9166
9627 8824
9168 9445
8600 9832
9365 9228
9576 8932
9578 8921
8692 9787
8907 9655
8490 9884
8479 9887
9123 9481
9117 9488
9716 8594
9628 8812
9169 9433
8540 9861
8923 9644
9631 8806
9638 8800
9282 9325
9141 9466
9140 9477
9322 9281
9330 9276
8680 9796
8683 9792
8358 9925
8349 9929
8462 9891
8971 9612
8939 9627
9520 9017
9583 8914
9587 8906
9484 9065
9480 9073
9517 9025
9513 9033
8858 9693
8186 9959
8847 9695
8175 9961
9428 9148
9433 9141
9238 9374
9232 9380
9607 8874
8756 9752
8916 9650
8892 9667
9551 8973
9552 8963
9015 9576
8756 9752
9465 9094
9443 9127
9376 9204
9374 9213
9445 9118
9087 9519
8983 9600
9651 8756
8809 9719
8349 9929
8339 9931
9296 9305
9292 9312
9140 9477
9129 9478
9015 9576
9141 9466
9146 9460
9020 9570
9423 9154
9428 9148
9716 8594
9099 9507
9076 9525
8878 9678
8884 9673
9505 9038
9622 8834
9033 9562
9255 9356
8769 9748
8365 9924
9248 9360
9597 8892
9590 8896
8776 9744
9646 8765
8663 9803
8748 9755
8671 9800
9404 9181
9524 9009
8807 9727
8542 9853
9406 9173
9066 9532
8540 9861
8629 9817
9049 9545
8818 9712
9058 9543
8620 9819
8827 9710
9292 9312
8861 9686
8858 9693
9475 9081
9645 8774
9641 8780
8986 9599
9271 9338
9154 9454
8875 9680
9296 9305
8812 9716
9302 9301
8818 9712
8974 9603
9645 8774
9681 8702
9536 8997
9397 9184
9026 9565
9404 9181
9116 9496
8907 9655
9673 8711
8781 9736
8906 9663
9117 9488
9622 8834
9621 8842
8906 9663
8898 9665
8635 9814
8643 9812
9374 9213
9372 9220
9433 9141
9478 9074
9435 9134
8609 9831
8714 9776
8861 9686
9220 9387
9682 8676
9000 9589
8997 9595
9180 9426
8930 9639
9232 9380
9177 9432
8933 9633
9312 9286
8968 9618
8748 9755
8745 9761
9340 9252
9337 9258
8971 9612
9536 8997
9672 8719
9159 9449
9087 9519
9070 9530
9496 9053
9091 9514
9500 9048
8650 9808
8655 9804
8370 9920
9151 9456
8827 9710
9356 9237
9496 9053
9111 9500
9116 9496
9038 9558
9351 9241
9129 9478
9058 9543
8701 9782
8695 9785
9672 8719
9654 8748
9463 9103
8339 9931
9322 9281
8332 9933
9315 9283
9646 8765
9597 8892
9647 8758
9356 9237
9598 8885
9177 9432
8655 9804
8738 9765
8663 9803
8730 9766
9367 9222
9005 9586
8398 9918
9198 9410
9196 9416
9685 8670
9517 9025
8974 9603
8870 9685
8671 9800
9229 9386
8323 9940
9078 9522
8705 9777
9453 9116
8620 9819
9394 9186
9560 8956
9238 9374
8683 9792
9557 8961
9241 9369
9685 8670
8525 9865
9456 9111
9491 9057
9005 9586
9033 9562
8832 9706
9266 9341
9000 9589
9111 9500
8407 9906
9105 9502
9574 8936
8401 9908
9190 9417
8611 9826
8898 9665
8617 9824
8847 9695
8892 9667
8730 9766
8462 9891
8121 9969
8323 9940
9289 9319
9357 9230
8237 9951
9465 9094
9512 9037
8237 9951
9453 9116
8358 9925
8885 9672
9198 9410
9205 9409
9311 9292
8521 9876
8780 9742
8048 9982
9657 8741
9519 9019
8400 9912
8781 9736
9656 8747
9007 9580
9357 9230
9169 9433
8611 9826
8490 9884
8609 9831
9242 9366
8492 9879
9687 8665
8680 9796
9332 9263
9417 9159
9382 9197
9262 9344
9346 9247
9524 9009
8836 9703
9443 9127
9439 9130
9045 9548
9049 9545
9557 8961
9491 9057
9552 8963
8630 9816
8635 9814
9418 9156
8719 9774
8714 9776
9159 9449
9196 9416
9387 9192
9393 9191
8398 9918
9099 9507
8392 9919
9093 9508
8522 9870
9289 9319
9229 9386
9007 9580
9607 8874
9505 9038
9446 9117
9289 9319
8885 9672
9393 9191
8560 9851
8522 9870
9567 8943
9007 9580
9576 8932
9629 8810
9574 8936
8400 9912
9631 8806
9045 9548
8721 9771
9217 9390
9220 9387
8974 9603
9212 9392
8927 9642
8930 9639
9042 9551
8812 9716
9315 9283
9038 9558
9041 9555
9024 9568
8776 9744
9020 9570
9351 9241
9487 9059
9163 9447
8927 9642
9651 8756
8647 9810
8742 9763
8780 9742
8923 9644
9066 9532
8738 9765
8643 9812
9647 8758
8365 9924
9505 9038
8870 9685
9568 8938
9070 9530
8724 9768
9123 9481
9105 9502
8841 9697
9568 8938
8870 9685
9244 9361
8561 9846
9105 9502
8617 9824
9042 9551
9346 9247
9487 9059
9590 8896
9589 8900
9513 9033
8401 9908
8047 9986
9092 9510
9512 9037
8561 9846
9041 9555
8938 9631
8939 9627
8525 9865
8721 9771
9580 8918
9078 9522
9076 9525
8719 9774
9387 9192
8809 9719
9526 9006
9385 9195
8878 9678
8692 9787
8702 9779
8695 9785
8724 9768
9382 9197
8650 9808
9397 9184
9151 9456
8875 9680
8742 9763
8745 9761
9385 9195
9154 9454
9213 9391
8934 9632
9217 9390
8938 9631
9248 9360
9423 9154
9146 9460
9622 8834
9335 9259
8048 9982
9146 9460
9379 9201
9486 9063
9414 9163
9091 9514
8832 9706
9347 9243
8671 9800
8986 9599
9413 9166
8702 9779
9588 8903
8701 9782
9418 9156
9417 9159
9588 8903
9312 9286
9242 9366
8840 9699
8839 9702
9378 9202
9342 9250
9435 9134
9583 8914
9519 9019
9439 9130
9340 9252
9437 9132
9188 9419
9437 9132
9484 9065
9486 9063
9376 9204
9335 9259
9165 9446
9654 8748
9168 9445
9229 9386
9478 9074
8983 9600
9370 9221
8836 9703
8839 9702
9367 9222
8986 9599
9244 9361
9342 9250
8832 9706
9347 9243
9266 9341
9209 9395
9342 9250
9266 9341
8949 9624
9587 8906
9123 9481
9271 9338
9078 9522
9589 8900
9064 9540
9578 8921
8756 9752
9414 9163
9241 9369
8724 9768
9357 9230
8841 9697
9025 9567
9347 9243
9208 9397
9628 8812
9581 8916
9026 9565
9394 9186
9568 8938
9580 8918
9520 9017
9629 8810
9093 9508
9092 9510
8840 9699
9163 9447
9656 8747
9480 9073
9372 9220
8527 9862
9190 9417
9165 9446
9337 9258
9244 9361
9209 9395
8647 9810
9379 9201
9289 9319
8617 9824
9472 9093
9414 9163
8522 9870
8705 9777
8647 9810
9581 8916
8841 9697
9070 9530
9209 9395
9423 9154
8705 9777
9365 9228
8934 9632
9213 9391
8629 9817
9025 9567
9169 9433
9445 9118
9446 9117
9550 8974
8630 9816
9212 9392
9378 9202
9024 9568
9551 8973
8782 9728
8933 9633
9256 9355
8884 9673
9255 9356
9702 8640
9370 9221
9064 9540
9335 9259
9654 8748
9365 9228
9578 8921
9463 9103
9581 8916
9446 9117
8186 9959
8705 9777
9379 9201
9370 9221
9472 9093
9681 8702
9645 8774
9414 9163
9209 9395
9091 9514
9241 9369
9589 8900
9379 9201
9486 9063
9587 8906
9628 8812
8721 9771
8906 9663
9177 9432
9465 9094
8927 9642
9033 9562
9475 9081
8927 9642
8692 9787
8262 9950
9638 8800
9704 8606
8714 9776
8151 9963
8927 9642
8237 9951
9716 8594
9058 9543
9685 8670
9370 9221
9099 9507
9463 9103
8818 9712
9365 9228
9302 9301
9271 9338
9242 9366
8392 9919
9550 8974
9070 9530
8949 9624
9628 8812
9217 9390
9289 9319
9628 8812
8237 9951
8986 9599
8527 9862
9589 8900
9212 9392
9536 8997
8560 9851
9351 9241
8286 9946
8048 9982
9311 9292
8047 9986
8453 9898
9289 9319
9638 8800
8949 9624
8453 9898
9406 9173
8286 9946
8949 9624
9087 9519
9646 8765
8262 9950
9105 9502
9070 9530
9536 8997
8683 9792
8702 9779
8121 9969
9347 9243
8262 9950
8769 9748
8714 9776
8647 9810
9657 8741
9437 9132
8230 9958
9289 9319
9550 8974
9076 9525
8756 9752
9078 9522
8847 9695
8780 9742
8647 9810
9583 8914
9682 8676
9070 9530
9091 9514
9704 8606
8047 9986
9397 9184
9589 8900
9351 9241
9382 9197
8521 9876
8401 9908
9597 8892
9697 8654
9581 8916
8927 9642
9205 9409
9681 8702
9111 9500
9045 9548
9607 8874
9513 9033
9672 8719
8986 9599
9480 9073
8839 9702
9208 9397
9335 9259
8692 9787
9491 9057
9337 9258
8884 9673
8836 9703
8492 9879
8370 9920
8884 9673
9330 9276
9505 9038
9099 9507
9337 9258
9505 9038
9397 9184
9015 9576
8986 9599
9557 8961
9105 9502
9241 9369
9512 9037
8756 9752
8286 9946
8561 9846
9512 9037
8286 9946
9365 9228
8927 9642
8986 9599
8392 9919
9282 9325
9093 9508
8927 9642
9590 8896
8085 9976
9208 9397
8938 9631
8047 9986
9370 9221
9374 9213
8832 9706
8611 9826
9266 9341
9015 9576
8629 9817
8237 9951
9418 9156
8332 9933
9393 9191
9190 9417
9645 8774
8968 9618
9465 9094
9560 8956
9346 9247
9567 8943
8885 9672
9394 9186
9242 9366
9576 8932
9289 9319
8927 9642
8839 9702
8933 9633
8611 9826
8898 9665
9111 9500
9357 9230
8121 9969
9374 9213
9168 9445
8521 9876
9163 9447
8898 9665
8611 9826
9406 9173
9417 9159
8986 9599
9332 9263
8683 9792
8692 9787
8048 9982
9580 8918
8527 9862
9524 9009
9385 9195
8721 9771
8492 9879
8875 9680
9590 8896
8724 9768
8934 9632
9248 9360
9033 9562
9146 9460
9146 9460
9000 9589
9015 9576
8878 9678
9020 9570
8780 9742
9491 9057
9672 8719
9123 9481
9657 8741
8724 9768
9070 9530
8847 9695
9568 8938
9387 9192
8401 9908
9662 8732
9105 9502
9041 9555
8561 9846
9033 9562
8974 9603
9220 9387
9087 9519
9140 9477
9141 9466
9428 9148
9423 9154
9716 8594
9465 9094
9646 8765
8542 9853
9406 9173
8629 9817
9475 9081
9292 9312
9116 9496
9645 8774
9140 9477
8680 9796
8974 9603
8939 9627
9322 9281
9520 9017
9583 8914
9524 9009
9484 9065
9622 8834
8858 9693
9433 9141
9428 9148
8398 9918
8916 9650
9282 9325
9551 8973
9560 8956
9597 8892
9646 8765
9647 8758
8738 9765
8870 9685
8332 9933
8349 9929
9238 9374
9356 9237
8525 9865
9557 8961
8878 9678
9496 9053
9271 9338
9208 9397
9105 9502
9356 9237
9188 9419
8906 9663
9435 9134
9180 9426
9000 9589
9177 9432
8997 9595
9536 8997
8827 9710
9491 9057
9351 9241
8701 9782
9064 9540
9517 9025
8692 9787
9315 9283
9524 9009
9560 8956
8756 9752
8401 9908
8933 9633
9242 9366
9322 9281
9433 9141
8769 9748
8885 9672
8847 9695
9365 9228
9168 9445
9589 8900
9536 8997
8561 9846
9672 8719
9271 9338
9512 9037
9536 8997
9463 9103
9205 9409
9374 9213
8807 9727
8858 9693
9475 9081
8392 9919
9064 9540
8422 9905
9188 9419
8858 9693
9238 9374
9374 9213
8807 9727
9681 8702
8680 9796
9614 8856
9583 8914
9568 8938
9682 8676
9681 8702
8586 9842
9622 8834
9205 9409
9557 8961
