429514 3180.21
8926 8711
6797 9422
9202 7747
7179 9860
9754 8429
9236 9099
8611 9399
9714 8070
8255 9561
8409 9880
8203 9578
8329 9409
8808 9359
8641 8202
9237 8333
7568 9856
9379 9066
8340 9883
8987 9309
9207 8887
9341 8175
8340 9643
9301 9088
7780 9930
8503 9803
9461 7961
9630 8779
8622 9247
8015 9043
7903 9391
8288 9728
9442 8804
8937 9488
9327 8622
9267 9094
9419 8807
9359 7920
9318 8913
9328 9060
7916 9993
7039 9174
7122 9300
9788 8058
9013 9493
9409 7937
8995 9047
9196 8544
7639 8965
7754 9975
9052 9004
9638 8646
8857 9659
8892 9487
8566 9727
6961 9183
8803 9644
9043 9299
9532 8925
7133 9102
8027 8969
8836 8977
8626 8858
9074 9214
8416 9519
9337 9158
9103 9260
9586 8186
8795 9681
9482 8134
8796 9521
9151 8428
8995 8576
8182 9477
8986 8695
9138 9407
8522 9287
8200 9875
9278 8921
8532 9729
8844 8884
8706 9268
9289 8947
7862 9857
7860 9850
9128 9408
9492 7759
7168 9584
8308 9541
9042 7567
9168 9445
9738 8025
8527 9478
9174 8855
7968 9905
8002 9917
9109 9468
9141 8115
9059 9312
8353 9707
9302 8317
8009 9229
8155 9919
9242 7560
8093 9297
8543 8037
7838 9587
9260 8761
8061 8135
8958 8604
8424 9361
8553 9177
9292 9259
7868 9855
8815 9108
8507 9778
8770 9507
9514 7840
8714 9057
8448 9698
8652 9378
8672 9270
7414 9802
9190 9281
9406 8753
9014 9253
8337 9712
9198 9327
8222 7460
9241 7915
8797 8833
8861 9155
7756 9970
8679 9406
8021 9346
7839 9958
7672 7922
9417 8604
9234 9159
7784 9613
8559 9823
8876 9458
9480 8860
9165 8152
7644 9600
8073 9727
7774 9967
9249 8911
8672 9611
7728 9610
8474 9094
9629 8200
8904 9327
