1601 124.971
24200 21152 23112 21921
22355 23422 23990 23077
22783 21409 24725 22764
21717 21555 22813 23740
22649 22928 24215 23537
22354 23290 24226 23372
23625 21689 24119 23574
23851 22643 24247 22712
22438 23274 24273 23381
22299 23262 24449 23324
22625 22954 24302 23626
23646 22996 24083 22778
23453 21948 24416 23533
23688 22238 24101 23076
23780 22930 24039 22697
23226 22419 24536 23062
22507 23097 24388 23618
23851 22643 24247 22712
22436 22911 24427 23407
23759 22936 24105 22727
23673 21840 24564 23344
23169 22276 24163 23181
23768 21891 23920 23334
24043 22639 23992 22731
22407 23027 24499 23455
22467 23346 24185 23415
23410 22190 24482 23067
22264 23171 24482 23347
23504 22255 24318 23335
23977 22568 24074 22815
22567 22989 24472 23582
23421 22369 24401 22885
22299 23262 24449 23324
23400 22816 23837 23281
23636 22927 24159 22683
22781 23292 23832 23076
22615 22951 24361 23631
23789 21873 23902 23325
23722 22838 23991 22887
22781 23292 23832 23076
23418 21981 24494 23537
23690 22791 24075 22859
23669 21766 24062 23476
23942 22463 24053 22789
23362 23098 23815 22336
23500 22103 24607 23421
23715 21725 23997 23434
24000 22639 24066 22764
22309 22989 24603 23363
23851 22643 24247 22712
22195 23095 24559 23290
23678 22080 24488 23218
23262 22791 24036 23442
23933 22613 24122 22636
22300 23184 24467 23362
22304 23098 24557 23401
22615 22951 24361 23631
22953 22886 23750 23392
23760 21937 23957 23282
24043 22639 23992 22731
23188 22603 23837 23593
23558 22867 24007 22899
23805 22146 24239 23133
22456 23222 24254 23211
22146 23140 24518 23385
22826 22948 23880 23333
23371 21940 24021 23609
23924 21914 24065 23144
23550 23117 24077 22652
23636 22927 24159 22683
23262 22791 24036 23442
23660 23026 23819 22696
23352 21890 24545 23516
23805 22146 24239 23133
23647 23083 24046 22691
22309 22989 24603 23363
23626 21933 24502 23474
23857 22899 23970 22626
23745 21955 24109 23362
24011 22687 23999 22734
23331 22027 24713 23265
22507 23097 24388 23618
23669 21766 24062 23476
23924 21914 24065 23144
23604 22002 24660 23260
22723 23030 24058 23479
23684 22117 24482 23192
23661 22773 24186 22741
22698 23107 23995 23419
23911 22800 24026 22697
22554 22904 24413 23645
23739 21868 24405 23346
23400 22816 23837 23281
22781 23292 23832 23076
23739 21868 24405 23346
23550 23117 24077 22652
22507 23097 24388 23618
23873 21900 23912 23245
23593 23108 23918 22659
22558 23349 24115 23179
22499 23042 24435 23611
23754 22902 24119 22852
23274 22576 23882 23522
23933 22613 24122 22636
22781 23292 23832 23076
22615 22951 24361 23631
23739 21868 24405 23346
23857 22899 23970 22626
22345 22998 24565 23431
23747 22987 23902 22737
22723 23030 24058 23479
23297 22421 24504 22883
22492 23146 24292 23499
23857 22343 23957 22881
23689 21895 24526 23238
23606 23025 24119 22757
23297 22421 24504 22883
22467 23346 24185 23415
23805 22146 24239 23133
24011 22687 23999 22734
23470 21622 24016 23645
23789 21873 23902 23325
23779 22716 24092 22855
23593 23108 23918 22659
23598 22836 24184 22748
22393 23288 24240 23334
22633 22995 24271 23470
23739 21868 24405 23346
22504 23326 24187 23403
23678 22928 24109 22800
22499 23042 24435 23611
23550 23117 24077 22652
23199 22710 24016 23606
23872 21691 23947 23169
23694 23002 23874 22742
23387 22116 24638 23351
22625 22954 24302 23626
23866 21784 23748 23214
23251 22305 24245 23139
23857 22899 23970 22626
23500 22103 24607 23421
23739 21868 24405 23346
23792 21710 23896 23329
24011 22687 23999 22734
23331 22027 24713 23265
23262 22791 24036 23442
23739 21868 24405 23346
23679 22945 24044 22816
23128 22811 23945 23233
24011 22687 23999 22734
22507 23097 24388 23618
23606 23025 24119 22757
22482 23026 24424 23300
22698 23107 23995 23419
23739 21868 24405 23346
22586 23312 24114 23216
23625 21689 24119 23574
23873 21900 23912 23245
23933 22613 24122 22636
23648 23092 23926 22826
22345 22998 24565 23431
23564 22408 24223 22591
22507 23097 24388 23618
23690 22868 23996 22859
23550 23117 24077 22652
23410 21901 24551 23470
23708 21650 23936 23450
23911 22800 24026 22697
22567 22989 24472 23582
23912 22516 24192 22732
23226 22419 24536 23062
22146 23140 24518 23385
23316 22514 23793 23354
23924 21914 24065 23144
22652 22996 24298 23477
22300 23184 24467 23362
22309 22989 24603 23363
23541 22136 24359 23300
23400 22816 23837 23281
24043 22639 23992 22731
23265 21685 24155 23676
23504 22255 24318 23335
23805 22146 24239 23133
23550 23117 24077 22652
22564 23087 24283 23323
22630 23182 24139 23364
23653 21588 24181 23535
23941 22558 24144 22738
23550 23117 24077 22652
22504 23326 24187 23403
23259 22789 24056 23465
23696 22939 24143 22683
22567 22989 24472 23582
23924 21914 24065 23144
23593 23108 23918 22659
23673 21840 24564 23344
23214 22836 23987 23417
23933 22613 24122 22636
22319 23107 24463 23368
23757 23015 23975 22747
23500 22103 24607 23421
23626 21933 24502 23474
23715 21725 23997 23434
24000 22639 24066 22764
23644 21981 24513 23271
22544 23237 24129 23400
23472 22340 24331 22938
22567 22989 24472 23582
22492 23146 24292 23499
23932 22746 23976 22684
23188 22603 23837 23593
23683 22703 24112 22863
23598 22836 24184 22748
23558 22867 24007 22899
23870 22726 24103 22759
22781 23292 23832 23076
22459 23007 24414 23676
23658 22223 24120 23173
23722 22838 23991 22887
22781 23292 23832 23076
23653 21588 24181 23535
23774 22921 24103 22837
23400 22816 23837 23281
24011 22687 23999 22734
22473 23413 24098 23179
23418 21981 24494 23537
23653 21588 24181 23535
23754 22902 24119 22852
23626 21933 24502 23474
23901 22460 24066 22806
22466 23025 24465 23326
23689 21895 24526 23238
22652 23115 24004 23488
23912 22516 24192 22732
22554 22904 24413 23645
22652 22996 24298 23477
23684 22117 24482 23192
23400 22816 23837 23281
23866 21784 23748 23214
24128 21123 23170 22050
22625 22954 24302 23626
23596 22271 24103 23166
23564 22408 24223 22591
22467 23346 24185 23415
23303 22391 24536 22983
22994 22916 23397 23216
22723 23030 24058 23479
23840 22522 24216 22611
22781 23292 23832 23076
23636 22927 24159 22683
22492 23146 24292 23499
23550 23117 24077 22652
22507 23097 24388 23618
23722 22838 23991 22887
23834 22682 24012 22840
22309 22989 24603 23363
22507 23097 24388 23618
23871 22577 24206 22808
23739 21868 24405 23346
23977 22568 24074 22815
23604 22002 24660 23260
22567 22989 24472 23582
23723 21666 23948 23412
24043 22639 23992 22731
22345 22998 24565 23431
22723 23030 24058 23479
23689 21895 24526 23238
23883 22631 24164 22820
22994 22916 23397 23216
23981 22762 23964 22626
22499 23042 24435 23611
23689 21895 24526 23238
22467 23346 24185 23415
22812 23025 23962 23330
23634 22270 24390 22612
22467 23346 24185 23415
23573 21686 24092 23630
23805 22146 24239 23133
23883 22631 24164 22820
22677 23336 23952 23168
22499 23042 24435 23611
23400 22816 23837 23281
23274 22576 23882 23522
23948 22514 24020 22794
23550 23117 24077 22652
22487 23003 24398 23627
23504 22255 24318 23335
23757 23015 23975 22747
22345 22998 24565 23431
23851 22643 24247 22712
23179 22277 24405 23093
23427 22199 24482 23085
22723 23030 24058 23479
24000 22639 24066 22764
23689 21895 24526 23238
23550 23117 24077 22652
22407 23027 24499 23455
22428 23178 24270 23446
23739 21868 24405 23346
24043 22639 23992 22731
22502 22988 24283 23689
23342 22766 23883 23146
23805 22146 24239 23133
23636 22927 24159 22683
22299 23262 24449 23324
22299 23262 24449 23324
22625 22954 24302 23626
23805 22146 24239 23133
22856 23002 23704 23056
23550 23117 24077 22652
22723 23030 24058 23479
23612 23088 23905 22726
23196 22703 24065 23517
23914 21731 23732 23196
23626 23038 24020 22708
23604 22002 24660 23260
23539 21844 24279 23450
23833 22437 24091 22854
23259 22812 24005 23371
23857 22899 23970 22626
22309 22989 24603 23363
23715 21725 23997 23434
23400 22816 23837 23281
24000 22639 24066 22764
22309 22989 24603 23363
22507 23097 24388 23618
23504 22255 24318 23335
22615 22951 24361 23631
22631 23112 24084 23432
23910 22647 23918 22768
22625 22954 24302 23626
23678 22928 24109 22800
23661 22773 24186 22741
22467 23346 24185 23415
23739 21868 24405 23346
22706 23216 24070 23162
22581 22882 24326 23672
23792 21710 23896 23329
23664 23015 23999 22763
23593 23108 23918 22659
23626 21933 24502 23474
23759 22936 24105 22727
22652 23115 24004 23488
23789 22926 24126 22733
22723 23310 24000 23162
23626 21933 24502 23474
23723 21666 23948 23412
23911 22800 24026 22697
23689 21895 24526 23238
23941 22556 24109 22649
22264 23171 24482 23347
22309 22989 24603 23363
