22692 1020.37
16408 16398 16941 16211
16318 16272 16796 16377
16675 16417 16649 16317
16619 16380 16912 16104
16813 16293 16576 16080
16651 16455 16612 16331
16479 16476 16979 16085
16533 16303 16546 16389
16249 16577 16875 16153
16600 16174 16754 16292
16469 16351 16810 16289
16539 16533 16907 16059
16677 16306 16940 15889
16597 16380 16576 16358
16731 16330 16650 16207
16520 16640 16541 16149
16477 16092 16905 16261
16799 16396 16494 16097
16600 16533 16633 16211
16472 16360 16716 16337
16541 16546 16585 16272
16708 16232 16442 16370
16446 16625 16670 16031
16334 16056 17098 15993
16594 16241 16985 16031
16792 16269 16812 15841
16522 16611 16573 16178
16781 16119 16670 16124
16559 16411 16858 16161
16527 16287 17023 15963
16323 16169 16511 16421
16361 16055 17058 16072
16279 16302 16853 16311
16285 16706 16604 15870
16425 16514 16814 16169
16761 16400 16696 15954
16355 16246 16651 16394
16697 16474 16753 16073
16509 16387 16998 16037
16685 16567 16475 16044
16651 16556 16699 15976
16834 16221 16450 16015
16748 16309 16461 16253
16537 16495 16945 16085
16126 16749 16615 16025
16202 16304 16970 16222
16568 16572 16804 16002
16523 16474 16686 16241
16382 16544 16519 16308
16462 16652 16497 16069
16486 16586 16810 16007
16368 16393 17023 15976
16657 16461 16734 16141
16565 16390 16932 16120
16726 16373 16697 16118
16697 16459 16483 16268
16703 16443 16764 16027
16658 16278 16792 16119
16864 16241 16305 16005
16182 16246 16382 16525
16092 15887 17128 15784
16165 16751 16608 15780
16864 16241 16305 16005
16396 16270 16642 15936
16349 16190 16594 16091
16159 16263 16644 15925
16333 16070 16499 16117
16168 16027 16330 15831
16206 16165 16570 15938
16305 16081 16600 16165
16326 16207 16504 15851
16143 16066 16638 15966
16222 16327 16791 16043
16238 16244 16525 15911
16374 16292 16594 15980
16225 16237 16573 15957
16197 16115 16564 15976
16126 15955 16452 15802
16164 16092 16508 15917
15978 15941 16675 15747
16365 16281 16573 16098
16399 16116 16486 16048
16179 16138 16557 15918
16113 16071 16579 16022
16080 16133 16435 15866
16314 16113 16572 15910
16064 16115 16449 15968
16121 16075 16616 15756
16083 16247 16537 16017
15983 16095 16495 15909
16253 16047 16543 15823
16475 16260 16731 16107
16042 16162 16739 15965
16256 16127 16674 15991
16268 16078 16573 15924
16266 16207 16490 16019
16235 16184 16691 15947
16314 16136 16637 15827
16111 15992 16475 15928
16190 15966 16378 15939
16052 16216 16555 15745
16230 15916 16622 15915
16274 16260 16516 15782
16175 16211 16692 15954
16007 16114 16566 16015
16267 16178 16802 16054
16120 16077 16480 15985
16103 16079 16640 15737
16250 16248 16693 16000
16142 16120 16552 15893
16009 16007 16411 15894
16223 16227 16515 16022
16146 16133 16431 15887
16066 16135 16612 15830
16130 15991 16476 15906
16011 15819 16447 15901
16260 16181 16675 15863
16170 16072 16382 15935
16204 16203 16584 15932
16214 16108 16543 16066
15929 16337 16479 15909
16128 16283 16615 16018
16202 16181 16410 15930
16247 16012 16667 15991
16307 16225 16690 16114
16238 16045 16533 16024
16105 16075 16689 15910
16346 16311 16643 16086
16160 16226 16549 15983
16302 16148 16616 16079
16208 16178 16629 15923
16131 16192 16623 15931
16297 16169 16598 16135
16516 16394 16693 15904
16338 16063 16620 16006
15999 16015 16486 15929
16243 16075 16639 16028
16221 16070 16605 15939
16349 16332 16726 16094
16288 16017 16421 15917
16115 16171 16644 15903
16048 15964 16581 15815
16198 16008 16398 15900
16058 16177 16580 16124
16172 16192 16641 15957
16417 16390 16756 15894
16166 16263 16601 16038
16071 16076 16256 15869
16036 16023 16574 15850
16219 15957 16350 15905
16138 15949 16499 15866
15989 16005 16443 15825
16075 15945 16505 15802
16201 16001 16394 15947
16186 16007 16476 15989
15981 15943 16461 15860
16221 16212 16647 15912
16291 16002 16511 15925
16155 16154 16469 15928
16177 16084 16580 15907
16109 15902 16375 15723
16129 16050 16494 15889
16064 16280 16627 15898
16210 16084 16562 15995
16194 16188 16554 15977
16330 16379 16696 15863
16224 16057 16504 15890
16039 15994 16607 15961
16113 16304 16832 15897
15930 15881 16295 15878
16048 16235 16759 15886
15985 15992 16375 15837
16296 16058 16576 16125
16212 16078 16611 15894
16268 16294 16651 16067
16114 16036 16578 15828
16089 16075 16613 16199
16145 16169 16608 15981
16444 16238 16542 16018
16199 16053 16573 15854
16269 16242 16665 15877
16063 16124 16267 15856
16040 15951 16358 15811
16166 16023 16407 15938
15930 15952 16217 15726
16297 16163 16581 15893
16401 16142 16469 16024
16006 16153 16605 15939
16348 16010 16360 16042
16383 16253 16646 15914
16117 16096 16678 16033
16226 16199 16356 15801
16236 16282 16606 16177
16169 16355 16404 15629
16184 16270 16575 15775
16120 16375 16548 15791
16333 16263 16755 16086
16366 16210 16627 16020
15893 15811 16493 15824
16172 16079 16494 15944
16046 16197 16558 16018
16140 16205 16289 15991
16082 16037 16404 15965
16254 16066 16386 16153
16153 16241 16425 15936
16239 16207 16417 15957
16041 16150 16506 15656
16061 15999 16629 15978
16380 16181 16736 15998
16282 15993 16474 15909
16239 16086 16591 15956
16260 16107 16735 15950
16184 16280 16564 15797
16195 16364 16346 15948
16239 16167 16680 16025
16210 16144 16547 15934
16336 16118 16515 15933
16157 15995 16522 15938
16181 16271 16670 15845
16361 16240 16678 16023
16157 16156 16759 15958
16017 16118 16737 16049
16134 16190 16523 15928
16332 16250 16635 16165
16267 16092 16480 15791
16171 16000 16502 15803
16450 16340 16683 15988
16322 16027 16380 16080
16167 16184 16605 16139
16113 16299 16685 16128
16067 16058 16472 15966
16145 16200 16595 15971
16435 16063 16529 15945
16065 16075 16559 15738
16410 16306 16726 15813
16125 16159 16449 16125
16083 16019 16583 16001
16300 16209 16716 16285
16055 15990 16323 15991
16139 16154 16583 16011
16146 16261 16652 16091
15902 16075 16440 15559
16198 16256 16629 15987
16295 16103 16541 15957
16161 16205 16480 15931
16196 16322 16773 16160
16288 16372 16629 15906
16341 16193 16748 16031
16209 16175 16522 15821
16240 16142 16611 15637
16141 16290 16524 15843
16256 16294 16721 16020
16114 16052 16646 15978
16013 16074 16581 15989
16007 16141 16549 15939
16279 16101 16490 15805
16443 16347 16713 16055
16257 16238 16709 16161
15970 15919 16383 15758
16306 16192 16735 16071
16261 16105 16697 15920
16127 16345 16702 16141
16170 16248 16729 16112
15926 15929 16592 15926
16204 16123 16505 15979
16244 16134 16578 15819
16137 15938 16509 15898
16359 16170 16556 16201
16217 16108 16399 16047
16167 16218 16555 16057
16196 16115 16568 16039
16209 16088 16617 15901
16104 16141 16587 15749
16154 16123 16479 15942
16135 16248 16513 16115
16200 16042 16529 15853
16034 16019 16550 15982
15983 16194 16781 15711
16414 16206 16309 15986
16245 16147 16745 15983
16292 16185 16571 15992
16251 16053 16531 15975
16199 16260 16671 16040
16357 16096 16622 15954
16301 16201 16788 16076
16218 16315 16650 16033
16326 16191 16551 15886
16113 16153 16462 16048
16359 16259 16542 15958
16178 15955 16476 15648
16105 16280 16587 15873
16393 16092 16535 15998
16131 16001 16600 16147
16024 16104 16580 15864
15944 16139 16609 15840
16135 16218 16577 15869
16233 16157 16593 15897
16347 16112 16596 15774
16411 16298 16676 15981
16278 16211 16541 15914
