4334 540.634
16731 15276 16690 17904
18376 16021 16558 16098
15121 16791 18157 17010
16656 17387 17728 14952
17490 16340 15738 16976
16348 15762 16448 18310
15872 16625 18823 15915
16250 18108 17370 15552
16602 17378 17717 15064
16685 15491 16502 17985
17526 16473 16186 16478
16280 18049 17405 15460
16661 17281 17803 15223
15792 16526 18785 16021
16698 15348 16711 17860
16992 16731 17385 15121
16282 15792 16482 18264
16902 17352 17516 14977
17364 16012 16008 17359
16924 15773 16791 17574
17575 16343 15786 16975
18076 15975 16281 16492
15790 16697 18476 16225
16741 15331 16539 17884
16232 18095 17373 15587
16277 17956 17450 15619
15671 16518 18712 16065
15299 16862 18180 16942
15906 16778 18294 16042
16278 17497 17665 15258
16398 15563 16808 17613
18021 15931 16330 16610
16439 17363 17765 15307
16553 17424 17541 15510
15329 16618 18064 16998
16641 17274 17724 15362
15372 16910 18148 16938
16401 15734 16512 18223
16474 15681 16511 18032
16281 18003 17359 15474
16825 16754 17898 15567
17082 16926 17155 15744
16358 17641 17047 15826
16337 17852 17472 15544
16594 15300 16677 17936
18257 16177 16511 16170
16523 17465 16936 15930
16389 17442 17711 15421
16570 17723 17346 15343
17725 16197 15870 17088
16068 16997 18349 15986
16132 16827 18237 15860
16586 15373 16548 18079
15759 16675 18607 16028
17037 16602 16164 17112
15428 17188 17841 16706
17019 15846 16439 17468
18186 16152 16391 16276
16419 15692 16564 18175
16203 16542 18497 15823
16777 17509 17269 15706
18056 16137 16707 15889
16050 16819 18396 15872
16770 15429 16893 17482
15418 16687 18218 16776
16851 15642 17069 16998
16276 17962 17412 15442
18133 16351 16528 15891
18332 16152 16489 16045
16430 17574 17252 15976
16370 16137 17147 17347
18112 16055 16450 16213
17059 15913 16629 17409
15470 16289 17608 17305
16594 15606 16353 18057
17057 15635 16826 17394
16762 17342 17669 15280
16488 17537 17307 15644
18163 16209 16368 16264
17923 16162 16042 16534
16497 17553 17848 15135
16693 16866 17774 15377
16262 17617 17738 15399
15375 16615 17997 17144
16183 17909 17527 15447
16238 17602 17549 15636
16092 17105 17699 16522
17940 15902 16318 16694
15252 16916 18134 16953
15732 16459 18750 16084
15175 16811 18099 17031
18217 16072 16329 16196
16725 15393 16688 17833
17758 16005 16536 16558
16102 17889 17414 15668
17853 16204 16139 16845
15849 16839 18425 16180
16075 16832 18510 15720
16408 17803 17487 15480
16816 15407 16955 17424
16807 17520 17384 15438
17419 16499 16082 16419
16954 17212 17640 15582
15312 16994 17922 16733
17630 16217 15850 16875
17973 16242 16301 16507
15758 16642 18686 16018
17729 16446 16580 15876
17977 16119 16553 16369
16037 16556 18258 16207
16436 17692 17331 15678
17389 15790 16305 17123
17325 16486 16261 16675
16153 17797 17576 15760
16386 17477 16726 16119
17557 16112 16838 16396
17824 16212 15945 16814
17474 15939 15952 17226
16346 17740 17360 15553
15646 16382 17228 17212
17831 15837 16319 16796
16575 15501 17118 17174
17369 16359 17101 16297
16463 17140 17959 15486
16566 15459 16606 17980
17654 15913 16480 16635
16330 17840 17280 15594
17119 15528 16741 17273
17600 15893 15967 17171
17682 16377 15924 16631
16258 15732 16518 18191
17715 16445 16761 15927
17458 15970 16291 17220
18287 15979 16448 16231
15962 16886 18117 16246
15207 16601 18033 17040
16909 16997 17496 15691
16797 15463 16700 17638
16873 15839 16909 17142
17678 16147 16809 16242
17505 16328 15795 17018
15980 17702 17560 15940
17908 15872 16462 16624
16377 17429 17853 15803
16621 17362 17848 15181
16543 15725 16310 18130
16428 16076 17213 16883
18164 16169 16572 15965
15925 17123 18157 15822
17789 15958 16569 16157
15588 16219 17488 17336
15801 16684 18749 15933
16802 16878 17203 15913
18336 16151 16533 16096
17490 16340 15738 16976
15252 16916 18134 16953
15547 17061 18005 16546
17873 16108 16024 16750
15883 16245 17827 16758
17608 15880 16119 17009
16515 15703 16363 18105
17805 16275 16670 16065
16585 15295 16584 17974
15124 16747 18041 17102
16297 17731 17589 15416
15810 16665 18167 16407
16257 15818 16857 17730
16956 16670 16058 16987
17524 16193 16522 16430
15505 17146 17877 16560
16549 15600 17014 17305
16136 16038 16769 17530
15664 17058 17946 16276
18003 16177 16743 15919
15573 16525 17998 16833
16118 16728 17207 17201
16024 17167 18144 15950
16043 17072 17179 16807
17793 16365 16080 16619
16651 17561 17197 15750
15861 17309 17956 15853
16089 16390 18439 15944
16097 16948 17646 16591
15975 16333 17581 16864
15547 17152 17786 16463
15803 16793 18078 16282
15677 17418 17506 16374
17598 15545 16363 17061
15931 17091 18220 15971
15762 16582 18534 16208
16461 17193 17353 16149
16645 16895 17277 15703
15841 17250 17681 16078
16897 15736 16216 17756
17885 16103 16464 16600
16408 15890 16570 17819
16136 17621 17751 15796
18194 15992 16558 16169
16666 15462 16923 17673
16188 17006 17982 15470
15175 16811 18099 17031
16842 17313 16845 15732
16172 17772 17601 15550
16298 17783 17485 15769
16958 15678 16869 17010
16156 17376 17388 15979
16171 16072 17191 17512
16028 16951 18539 15970
16119 16280 18045 16224
16736 16100 17014 17252
15538 17031 17751 16713
16755 16236 16929 16704
17468 16172 16109 17047
17260 16467 16152 16982
17279 16201 15807 17135
15707 16564 17728 17106
16429 17252 17000 16439
16104 17039 17455 16317
17135 15498 16806 17338
16630 15278 16710 17875
17257 16060 15913 17419
15744 16772 18629 16155
17271 16658 16248 16502
15938 17669 17623 15789
16945 15621 16460 17697
16557 17403 17048 15778
17002 16064 16890 16598
17428 16410 16242 16307
16604 15627 16565 17910
15632 16085 18104 16700
16547 15804 16742 17657
16189 17295 16876 16053
15196 16466 17608 17235
17167 16843 15961 16713
17767 15907 16362 16785
15864 16315 18199 16668
15587 16581 17673 17024
17562 15698 16144 16912
16089 16650 18203 16355
17592 15937 16223 16737
16310 17143 17884 15430
15725 17107 17764 16539
16742 17320 17247 15791
16160 17660 17427 15848
17786 16010 16781 16217
17288 16564 16356 16663
15754 16656 18638 16239
15494 16570 17428 17092
16850 17544 17569 15282
17096 15620 16866 17445
16110 17148 17177 16391
16238 18027 17409 15474
16790 16967 16676 16204
16618 15864 16346 17684
17081 16569 16268 16673
17452 15810 15898 17300
16348 15762 16448 18310
18376 16021 16558 16098
15850 16464 18182 16656
16417 17231 17296 15947
15749 16707 18629 16133
16050 17671 17657 15598
16294 16175 16741 17554
16861 17025 17251 15787
16719 17162 17090 16006
16298 15764 16734 17950
16741 15377 16901 17500
17873 15756 16412 16678
16241 16504 17935 16138
15610 16515 17807 17092
17427 16370 16214 16703
15900 16570 18433 16011
18126 16032 16440 16273
15792 16717 18559 15986
16581 16595 17618 16112
16448 17409 17413 15615
17337 15909 16447 17006
16673 17544 17111 15745
16489 16217 16914 17312
16537 15383 16642 17980
17861 16266 16047 16812
16255 17677 17094 16001
17355 16479 17007 15786
17639 16548 16644 16058
16760 16251 16766 16828
15872 16625 18823 15915
16341 18032 17345 15467
15945 17015 17909 16459
16663 15417 16781 17740
17391 16039 16467 16760
16580 15516 16636 17797
16373 16083 16601 17444
17433 16432 15967 16870
16834 15896 16964 16853
16629 17713 16981 15595
15820 16600 18650 16116
15606 16550 17318 17169
15484 16371 17577 17276
17878 16027 16757 16094
16212 15856 16880 17637
