22648 960.413
8087 8352 7625 6629
7818 7454 8505 7380
7887 7671 8568 7101
7937 7901 7861 7797
8320 7492 7920 6971
7290 7687 7982 7637
7884 8381 7571 6990
7523 8153 7885 7303
7290 7687 7982 7637
8078 7979 7755 7323
8087 8352 7625 6629
7591 7650 8400 7674
7937 7901 7861 7797
7550 8145 7817 7529
7818 7454 8505 7380
8091 8028 8336 7009
7874 7575 8409 7424
7739 7539 8394 7429
7874 7575 8409 7424
8119 7995 8415 7097
8320 7492 7920 6971
8114 8213 7614 6753
7783 7637 8560 7363
7822 8217 8272 6929
7884 8381 7571 6990
7961 7768 8067 7521
7874 7575 8409 7424
8209 7508 8105 7305
7737 7832 8170 7585
7892 8117 7759 7453
8114 8213 7614 6753
8208 7876 8311 7454
8155 8229 8354 6683
7688 8111 8420 6954
8032 8258 7877 6802
7785 8370 7925 7232
7716 8061 8110 7291
8199 8115 8199 7038
7630 8241 7837 7237
7630 8241 7837 7237
8032 8258 7877 6802
8032 8258 7877 6802
7614 8332 7995 6876
7290 7687 7982 7637
7737 7832 8170 7585
7948 8087 8314 6718
7614 8332 7995 6876
8251 8137 8098 7188
8095 8213 8060 7129
7950 7968 8037 7419
7884 8381 7571 6990
8032 8258 7877 6802
7930 8319 7960 7118
8024 7655 8517 7299
7630 8241 7837 7237
8063 8041 8356 7371
7961 7768 8067 7521
8005 7977 8540 7340
8155 8229 8354 6683
7976 7718 7850 7571
8143 7949 7893 7512
8291 7744 8082 7130
7724 8091 8455 6844
7739 7539 8394 7429
8283 8008 8199 7134
8110 8014 8304 7103
7976 7718 7850 7571
8069 8140 8197 6955
8291 7744 8082 7130
7737 7832 8170 7585
8209 7508 8105 7305
7785 8370 7925 7232
8008 7688 8078 7541
7550 8145 7817 7529
7954 8286 7973 6881
7948 8087 8314 6718
7737 7832 8170 7585
8171 8168 8176 7026
8253 7990 8010 7135
8155 8229 8354 6683
7978 7817 8557 7255
8119 8090 8112 7272
7950 8200 8156 6901
7985 7555 8158 7473
7934 8297 8145 6877
7724 8091 8455 6844
7614 8332 7995 6876
7950 7968 8037 7419
8320 7492 7920 6971
8208 7876 8311 7454
7937 7901 7861 7797
7783 7637 8560 7363
8042 7977 8308 7388
7523 8153 7885 7303
8006 7945 8431 7296
7783 7637 8560 7363
7744 8056 8215 7207
7985 7555 8158 7473
8171 8168 8176 7026
8008 7688 8078 7541
7575 8059 8250 7198
7950 8200 8156 6901
7755 8105 8267 7146
8155 8229 8354 6683
8119 8090 8112 7272
7575 8059 8250 7198
7724 8091 8455 6844
7948 8087 8314 6718
7822 8217 8272 6929
7688 8111 8420 6954
7591 7650 8400 7674
7688 8111 8420 6954
7929 8146 7994 7194
7743 7739 8288 7571
7744 8056 8215 7207
8087 8352 7625 6629
8193 8117 8140 6937
8171 8168 8176 7026
7523 8153 7885 7303
7892 8117 7759 7453
8099 8041 8233 7125
8262 7932 7887 7429
8063 8041 8356 7371
8063 8041 8356 7371
7887 7671 8568 7101
7783 7637 8560 7363
8005 7977 8540 7340
8006 7945 8431 7296
7956 8078 8347 7113
8251 8137 8098 7188
7950 8200 8156 6901
7874 7575 8409 7424
7744 8056 8215 7207
8032 8258 7877 6802
7950 8200 8156 6901
7956 8132 8041 7198
8004 7937 8544 7016
7755 8105 8267 7146
7575 8059 8250 7198
8004 7937 8544 7016
8005 7977 8540 7340
7956 8078 8347 7113
8032 8258 7877 6802
7962 8217 7576 7465
8084 7949 8019 7302
8099 8041 8233 7125
8193 8117 8140 6937
8004 7937 8544 7016
8193 8117 8140 6937
8320 7492 7920 6971
7950 8200 8156 6901
7934 8297 8145 6877
7575 8059 8250 7198
7950 7968 8037 7419
8148 8196 8069 7034
8099 8041 8233 7125
7822 8217 8272 6929
7892 8117 7759 7453
8320 7492 7920 6971
8253 7990 8010 7135
8080 7916 8202 7366
7937 7901 7861 7797
8095 8213 8060 7129
7743 7739 8288 7571
7937 7901 7861 7797
8148 8196 8069 7034
7892 7963 8214 7503
8006 7945 8431 7296
8171 8168 8176 7026
8135 8164 7758 7235
7630 8241 7837 7237
8078 7979 7755 7323
7630 8241 7837 7237
8209 7508 8105 7305
7743 7739 8288 7571
7930 8319 7960 7118
8155 8229 8354 6683
8095 7729 8396 7304
8209 7508 8105 7305
7630 8241 7837 7237
7924 7557 7980 7576
8004 7937 8544 7016
7590 8048 8306 7139
7892 8117 7759 7453
7978 7817 8557 7255
8193 8117 8140 6937
7892 8117 7759 7453
7961 7768 8067 7521
7966 8059 8093 7366
8080 7916 8202 7366
8063 8041 8356 7371
7946 8093 8261 6995
7930 8319 7960 7118
7954 8286 7973 6881
8099 8041 8233 7125
7630 8241 7837 7237
7946 8093 8261 6995
7822 8217 8272 6929
7966 8059 8093 7366
8283 8008 8199 7134
8080 8128 8206 7287
7737 7832 8170 7585
7744 8056 8215 7207
7590 8048 8306 7139
7290 7687 7982 7637
8042 7977 8308 7388
7946 8093 8261 6995
7934 8297 8145 6877
8080 8128 8206 7287
7785 8370 7925 7232
8135 8164 7758 7235
8193 8117 8140 6937
8078 7979 7755 7323
7954 8286 7973 6881
8095 7729 8396 7304
7966 8059 8093 7366
8042 7977 8308 7388
7822 8217 8272 6929
7924 7557 7980 7576
7956 8078 8347 7113
8171 8168 8176 7026
7937 7901 7861 7797
7737 7832 8170 7585
7934 8297 8145 6877
8320 7492 7920 6971
7743 7739 8288 7571
8110 8014 8304 7103
7755 8105 8267 7146
8171 8168 8176 7026
7964 7814 7937 7662
7591 7650 8400 7674
8199 8115 8199 7038
7630 8241 7837 7237
7976 7718 7850 7571
7884 8381 7571 6990
8042 7977 8308 7388
7724 8091 8455 6844
7956 8078 8347 7113
7929 8146 7994 7194
7755 8105 8267 7146
7743 7739 8288 7571
7591 7650 8400 7674
7954 8286 7973 6881
7523 8153 7885 7303
7950 8200 8156 6901
7937 7901 7861 7797
7946 8093 8261 6995
8199 8115 8199 7038
7976 7718 7850 7571
8110 8014 8304 7103
8208 7876 8311 7454
8080 8128 8206 7287
7887 7671 8568 7101
8091 8028 8336 7009
7964 7814 7937 7662
8209 7508 8105 7305
8095 7729 8396 7304
8063 8041 8356 7371
7575 8059 8250 7198
7716 8061 8110 7291
8320 7492 7920 6971
8262 7932 7887 7429
8078 7979 7755 7323
7887 7671 8568 7101
7956 8132 8041 7198
8135 8164 7758 7235
8080 7916 8202 7366
7737 7832 8170 7585
7822 8217 8272 6929
8193 8117 8140 6937
7892 7963 8214 7503
7724 8091 8455 6844
7887 7671 8568 7101
8110 8014 8304 7103
8084 7949 8019 7302
8119 8090 8112 7272
8042 7977 8308 7388
7874 7575 8409 7424
8262 7932 7887 7429
7930 8319 7960 7118
7934 8297 8145 6877
8193 8117 8140 6937
8084 7949 8019 7302
7590 8048 8306 7139
8078 7979 7755 7323
7724 8091 8455 6844
8024 7655 8517 7299
7743 7739 8288 7571
7948 8087 8314 6718
7822 8217 8272 6929
7523 8153 7885 7303
8320 7492 7920 6971
7978 7817 8557 7255
7956 8132 8041 7198
7892 7963 8214 7503
7956 8132 8041 7198
8084 7949 8019 7302
7946 8093 8261 6995
7978 7817 8557 7255
7716 8061 8110 7291
7950 7968 8037 7419
8063 8041 8356 7371
7966 8059 8093 7366
8291 7744 8082 7130
7956 8132 8041 7198
8008 7688 8078 7541
8008 7688 8078 7541
7591 7650 8400 7674
7743 7739 8288 7571
8099 8041 8233 7125
7978 7817 8557 7255
8042 7977 8308 7388
7874 7575 8409 7424
7930 8319 7960 7118
7964 7814 7937 7662
8008 7688 8078 7541
8320 7492 7920 6971
8063 8041 8356 7371
7755 8105 8267 7146
7724 8091 8455 6844
7929 8146 7994 7194
7550 8145 7817 7529
7892 8117 7759 7453
8171 8168 8176 7026
7591 7650 8400 7674
7948 8087 8314 6718
7978 7817 8557 7255
8208 7876 8311 7454
8078 7979 7755 7323
8084 7949 8019 7302
8087 8352 7625 6629
7937 7901 7861 7797
7934 8297 8145 6877
7924 7557 7980 7576
7785 8370 7925 7232
8006 7945 8431 7296
8024 7655 8517 7299
8135 8164 7758 7235
7783 7637 8560 7363
8193 8117 8140 6937
7887 7671 8568 7101
7724 8091 8455 6844
7523 8153 7885 7303
8063 8041 8356 7371
7590 8048 8306 7139
8262 7932 7887 7429
8069 8140 8197 6955
7614 8332 7995 6876
8110 8014 8304 7103
7985 7555 8158 7473
7946 8093 8261 6995
7966 8059 8093 7366
8078 7979 7755 7323
7785 8370 7925 7232
7737 7832 8170 7585
7950 8200 8156 6901
7948 8087 8314 6718
7964 7814 7937 7662
7783 7637 8560 7363
8005 7977 8540 7340
7737 7832 8170 7585
7978 7817 8557 7255
8078 7979 7755 7323
8110 8014 8304 7103
8004 7937 8544 7016
7290 7687 7982 7637
8008 7688 8078 7541
7724 8091 8455 6844
8119 8090 8112 7272
7892 8117 7759 7453
8005 7977 8540 7340
7591 7650 8400 7674
8006 7945 8431 7296
8209 7508 8105 7305
8208 7876 8311 7454
8078 7979 7755 7323
7590 8048 8306 7139
8004 7937 8544 7016
8084 7949 8019 7302
8095 7729 8396 7304
7956 8078 8347 7113
7874 7575 8409 7424
8119 7995 8415 7097
8080 7916 8202 7366
8063 8041 8356 7371
7956 8078 8347 7113
7724 8091 8455 6844
7961 7768 8067 7521
7946 8093 8261 6995
7937 7901 7861 7797
7950 7968 8037 7419
7950 7968 8037 7419
7966 8059 8093 7366
8095 8213 8060 7129
7924 7557 7980 7576
8193 8117 8140 6937
7874 7575 8409 7424
7783 7637 8560 7363
7744 8056 8215 7207
8008 7688 8078 7541
7737 7832 8170 7585
7884 8381 7571 6990
7614 8332 7995 6876
7290 7687 7982 7637
8135 8164 7758 7235
7290 7687 7982 7637
7743 7739 8288 7571
7290 7687 7982 7637
7724 8091 8455 6844
7948 8087 8314 6718
7590 8048 8306 7139
8209 7508 8105 7305
8114 8213 7614 6753
7956 8132 8041 7198
8095 7729 8396 7304
8005 7977 8540 7340
8024 7655 8517 7299
7724 8091 8455 6844
8099 8041 8233 7125
7978 7817 8557 7255
7937 7901 7861 7797
7591 7650 8400 7674
8208 7876 8311 7454
7575 8059 8250 7198
8193 8117 8140 6937
7950 8200 8156 6901
7290 7687 7982 7637
8193 8117 8140 6937
7743 7739 8288 7571
8008 7688 8078 7541
7523 8153 7885 7303
8005 7977 8540 7340
7887 7671 8568 7101
7884 8381 7571 6990
8032 8258 7877 6802
7966 8059 8093 7366
7937 7901 7861 7797
8208 7876 8311 7454
7614 8332 7995 6876
8193 8117 8140 6937
8171 8168 8176 7026
7591 7650 8400 7674
7956 8078 8347 7113
7575 8059 8250 7198
7724 8091 8455 6844
8063 8041 8356 7371
8135 8164 7758 7235
7978 7817 8557 7255
7985 7555 8158 7473
7724 8091 8455 6844
8193 8117 8140 6937
8155 8229 8354 6683
8087 8352 7625 6629
7290 7687 7982 7637
7630 8241 7837 7237
7948 8087 8314 6718
7290 7687 7982 7637
7978 7817 8557 7255
7724 8091 8455 6844
7591 7650 8400 7674
8087 8352 7625 6629
7964 7814 7937 7662
8155 8229 8354 6683
7822 8217 8272 6929
7724 8091 8455 6844
8084 7949 8019 7302
8320 7492 7920 6971
8084 7949 8019 7302
7818 7454 8505 7380
7954 8286 7973 6881
8024 7655 8517 7299
8155 8229 8354 6683
7755 8105 8267 7146
7887 7671 8568 7101
7290 7687 7982 7637
8171 8168 8176 7026
7630 8241 7837 7237
7739 7539 8394 7429
7290 7687 7982 7637
8078 7979 7755 7323
8078 7979 7755 7323
7785 8370 7925 7232
7874 7575 8409 7424
7822 8217 8272 6929
8063 8041 8356 7371
8110 8014 8304 7103
7724 8091 8455 6844
8283 8008 8199 7134
8069 8140 8197 6955
8251 8137 8098 7188
7874 7575 8409 7424
8119 8090 8112 7272
8193 8117 8140 6937
8078 7979 7755 7323
7950 8200 8156 6901
7985 7555 8158 7473
8004 7937 8544 7016
7934 8297 8145 6877
7884 8381 7571 6990
8099 8041 8233 7125
7591 7650 8400 7674
7978 7817 8557 7255
8199 8115 8199 7038
8063 8041 8356 7371
8095 7729 8396 7304
7290 7687 7982 7637
8155 8229 8354 6683
7783 7637 8560 7363
7948 8087 8314 6718
7290 7687 7982 7637
7937 7901 7861 7797
8005 7977 8540 7340
7743 7739 8288 7571
8110 8014 8304 7103
7950 8200 8156 6901
7591 7650 8400 7674
8005 7977 8540 7340
7822 8217 8272 6929
8008 7688 8078 7541
7950 8200 8156 6901
8119 8090 8112 7272
7590 8048 8306 7139
8119 8090 8112 7272
7737 7832 8170 7585
8095 7729 8396 7304
7924 7557 7980 7576
8024 7655 8517 7299
7755 8105 8267 7146
7892 8117 7759 7453
8095 7729 8396 7304
8171 8168 8176 7026
8095 8213 8060 7129
7937 7901 7861 7797
7950 8200 8156 6901
7724 8091 8455 6844
8199 8115 8199 7038
7954 8286 7973 6881
8155 8229 8354 6683
7946 8093 8261 6995
7737 7832 8170 7585
7575 8059 8250 7198
7966 8059 8093 7366
8119 8090 8112 7272
8291 7744 8082 7130
7523 8153 7885 7303
7630 8241 7837 7237
7892 7963 8214 7503
7966 8059 8093 7366
7688 8111 8420 6954
7822 8217 8272 6929
7688 8111 8420 6954
7874 7575 8409 7424
8008 7688 8078 7541
7630 8241 7837 7237
8004 7937 8544 7016
7591 7650 8400 7674
7590 8048 8306 7139
8095 7729 8396 7304
8171 8168 8176 7026
8008 7688 8078 7541
8209 7508 8105 7305
8171 8168 8176 7026
7937 7901 7861 7797
8087 8352 7625 6629
7929 8146 7994 7194
7783 7637 8560 7363
7290 7687 7982 7637
8078 7979 7755 7323
8155 8229 8354 6683
7724 8091 8455 6844
7978 7817 8557 7255
8078 7979 7755 7323
7930 8319 7960 7118
7976 7718 7850 7571
7785 8370 7925 7232
7961 7768 8067 7521
7737 7832 8170 7585
8208 7876 8311 7454
8208 7876 8311 7454
8155 8229 8354 6683
7716 8061 8110 7291
7978 7817 8557 7255
8110 8014 8304 7103
8251 8137 8098 7188
8084 7949 8019 7302
7590 8048 8306 7139
8155 8229 8354 6683
7716 8061 8110 7291
7966 8059 8093 7366
7934 8297 8145 6877
8135 8164 7758 7235
8078 7979 7755 7323
8320 7492 7920 6971
8291 7744 8082 7130
8080 7916 8202 7366
7743 7739 8288 7571
7946 8093 8261 6995
7822 8217 8272 6929
7946 8093 8261 6995
7934 8297 8145 6877
8080 8128 8206 7287
7785 8370 7925 7232
8135 8164 7758 7235
8193 8117 8140 6937
8078 7979 7755 7323
7954 8286 7973 6881
8095 7729 8396 7304
7966 8059 8093 7366
8042 7977 8308 7388
7290 7687 7982 7637
8171 8168 8176 7026
7737 7832 8170 7585
7934 8297 8145 6877
8171 8168 8176 7026
8199 8115 8199 7038
7630 8241 7837 7237
7976 7718 7850 7571
7884 8381 7571 6990
8080 7916 8202 7366
8171 8168 8176 7026
8135 8164 7758 7235
8078 7979 7755 7323
8209 7508 8105 7305
7743 7739 8288 7571
7930 8319 7960 7118
8209 7508 8105 7305
7630 8241 7837 7237
8193 8117 8140 6937
7892 8117 7759 7453
7961 7768 8067 7521
7724 8091 8455 6844
7946 8093 8261 6995
7930 8319 7960 7118
7954 8286 7973 6881
8099 8041 8233 7125
7946 8093 8261 6995
7822 8217 8272 6929
8283 8008 8199 7134
8080 8128 8206 7287
7744 8056 8215 7207
7590 8048 8306 7139
8320 7492 7920 6971
8110 8014 8304 7103
8042 7977 8308 7388
8262 7932 7887 7429
7930 8319 7960 7118
8193 8117 8140 6937
7590 8048 8306 7139
7724 8091 8455 6844
7743 7739 8288 7571
7948 8087 8314 6718
7822 8217 8272 6929
7523 8153 7885 7303
8193 8117 8140 6937
7978 7817 8557 7255
7892 7963 8214 7503
7956 8132 8041 7198
8084 7949 8019 7302
7946 8093 8261 6995
7716 8061 8110 7291
7966 8059 8093 7366
7956 8132 8041 7198
8008 7688 8078 7541
8008 7688 8078 7541
8208 7876 8311 7454
7956 8078 8347 7113
7929 8146 7994 7194
7755 8105 8267 7146
7743 7739 8288 7571
7954 8286 7973 6881
7950 8200 8156 6901
7937 7901 7861 7797
7946 8093 8261 6995
8199 8115 8199 7038
7976 7718 7850 7571
8110 8014 8304 7103
8006 7945 8431 7296
8080 8128 8206 7287
8209 7508 8105 7305
8095 7729 8396 7304
8063 8041 8356 7371
7575 8059 8250 7198
7716 8061 8110 7291
8262 7932 7887 7429
7956 8132 8041 7198
8069 8140 8197 6955
7950 7968 8037 7419
7884 8381 7571 6990
8032 8258 7877 6802
7930 8319 7960 7118
8024 7655 8517 7299
8063 8041 8356 7371
7961 7768 8067 7521
8143 7949 7893 7512
8291 7744 8082 7130
7739 7539 8394 7429
7976 7718 7850 7571
8095 8213 8060 7129
8291 7744 8082 7130
7737 7832 8170 7585
7785 8370 7925 7232
7954 8286 7973 6881
7737 7832 8170 7585
8155 8229 8354 6683
7985 7555 8158 7473
7614 8332 7995 6876
7937 7901 7861 7797
7783 7637 8560 7363
8042 7977 8308 7388
8114 8213 7614 6753
7818 7454 8505 7380
7887 7671 8568 7101
7937 7901 7861 7797
8320 7492 7920 6971
8087 8352 7625 6629
7591 7650 8400 7674
7550 8145 7817 7529
7818 7454 8505 7380
7739 7539 8394 7429
8119 7995 8415 7097
8320 7492 7920 6971
7523 8153 7885 7303
7874 7575 8409 7424
8209 7508 8105 7305
8114 8213 7614 6753
8208 7876 8311 7454
8155 8229 8354 6683
7785 8370 7925 7232
8199 8115 8199 7038
7290 7687 7982 7637
7948 8087 8314 6718
8251 8137 8098 7188
7950 7968 8037 7419
7575 8059 8250 7198
7956 8078 8347 7113
7962 8217 7576 7465
8084 7949 8019 7302
8099 8041 8233 7125
8004 7937 8544 7016
8193 8117 8140 6937
7934 8297 8145 6877
7575 8059 8250 7198
7755 8105 8267 7146
8148 8196 8069 7034
8099 8041 8233 7125
7822 8217 8272 6929
7892 8117 7759 7453
8320 7492 7920 6971
8080 7916 8202 7366
7937 7901 7861 7797
8095 8213 8060 7129
7937 7901 7861 7797
8148 8196 8069 7034
8087 8352 7625 6629
7783 7637 8560 7363
8171 8168 8176 7026
7575 8059 8250 7198
7950 8200 8156 6901
8155 8229 8354 6683
8119 8090 8112 7272
7724 8091 8455 6844
7688 8111 8420 6954
7929 8146 7994 7194
7744 8056 8215 7207
7743 7739 8288 7571
7523 8153 7885 7303
8262 7932 7887 7429
8063 8041 8356 7371
7887 7671 8568 7101
7956 8078 8347 7113
8251 8137 8098 7188
8032 8258 7877 6802
7950 8200 8156 6901
7956 8132 8041 7198
8005 7977 8540 7340
8078 7979 7755 7323
7950 8200 8156 6901
7985 7555 8158 7473
8004 7937 8544 7016
8099 8041 8233 7125
7978 7817 8557 7255
8199 8115 8199 7038
8155 8229 8354 6683
7783 7637 8560 7363
7948 8087 8314 6718
7290 7687 7982 7637
8119 8090 8112 7272
7743 7739 8288 7571
7950 8200 8156 6901
7591 7650 8400 7674
8005 7977 8540 7340
7822 8217 8272 6929
8008 7688 8078 7541
8119 8090 8112 7272
7590 8048 8306 7139
8119 8090 8112 7272
7737 7832 8170 7585
7755 8105 8267 7146
7978 7817 8557 7255
7724 8091 8455 6844
7591 7650 8400 7674
8155 8229 8354 6683
7724 8091 8455 6844
8084 7949 8019 7302
8320 7492 7920 6971
7818 7454 8505 7380
7954 8286 7973 6881
8024 7655 8517 7299
8155 8229 8354 6683
7924 7557 7980 7576
7887 7671 8568 7101
7290 7687 7982 7637
7630 8241 7837 7237
8078 7979 7755 7323
7785 8370 7925 7232
8063 8041 8356 7371
8110 8014 8304 7103
8283 8008 8199 7134
8069 8140 8197 6955
8251 8137 8098 7188
7874 7575 8409 7424
7737 7832 8170 7585
8171 8168 8176 7026
8087 8352 7625 6629
7929 8146 7994 7194
7783 7637 8560 7363
7290 7687 7982 7637
8078 7979 7755 7323
8078 7979 7755 7323
7976 7718 7850 7571
7785 8370 7925 7232
7961 7768 8067 7521
8209 7508 8105 7305
8208 7876 8311 7454
8208 7876 8311 7454
8155 8229 8354 6683
7716 8061 8110 7291
8251 8137 8098 7188
7590 8048 8306 7139
7966 8059 8093 7366
7934 8297 8145 6877
8135 8164 7758 7235
8320 7492 7920 6971
7743 7739 8288 7571
7523 8153 7885 7303
8024 7655 8517 7299
7892 8117 7759 7453
7937 7901 7861 7797
7950 8200 8156 6901
7724 8091 8455 6844
8199 8115 8199 7038
7954 8286 7973 6881
8155 8229 8354 6683
7575 8059 8250 7198
7966 8059 8093 7366
8119 8090 8112 7272
7290 7687 7982 7637
7630 8241 7837 7237
7966 8059 8093 7366
7822 8217 8272 6929
7874 7575 8409 7424
8008 7688 8078 7541
8004 7937 8544 7016
7590 8048 8306 7139
8095 7729 8396 7304
8171 8168 8176 7026
8008 7688 8078 7541
7783 7637 8560 7363
7523 8153 7885 7303
8063 8041 8356 7371
7590 8048 8306 7139
8262 7932 7887 7429
8110 8014 8304 7103
7946 8093 8261 6995
7966 8059 8093 7366
7785 8370 7925 7232
7737 7832 8170 7585
7950 8200 8156 6901
7964 7814 7937 7662
7724 8091 8455 6844
8005 7977 8540 7340
8110 8014 8304 7103
7290 7687 7982 7637
7724 8091 8455 6844
7892 8117 7759 7453
8005 7977 8540 7340
8006 7945 8431 7296
8078 7979 7755 7323
8004 7937 8544 7016
8084 7949 8019 7302
8095 7729 8396 7304
7948 8087 8314 6718
7978 7817 8557 7255
8042 7977 8308 7388
7930 8319 7960 7118
7964 7814 7937 7662
8008 7688 8078 7541
8320 7492 7920 6971
8063 8041 8356 7371
7724 8091 8455 6844
7929 8146 7994 7194
7892 8117 7759 7453
7591 7650 8400 7674
7874 7575 8409 7424
8078 7979 7755 7323
8084 7949 8019 7302
8087 8352 7625 6629
7937 7901 7861 7797
7934 8297 8145 6877
7924 7557 7980 7576
7785 8370 7925 7232
8006 7945 8431 7296
8135 8164 7758 7235
7887 7671 8568 7101
7887 7671 8568 7101
7956 8132 8041 7198
8005 7977 8540 7340
8099 8041 8233 7125
7978 7817 8557 7255
7937 7901 7861 7797
7591 7650 8400 7674
7950 8200 8156 6901
8193 8117 8140 6937
7743 7739 8288 7571
8005 7977 8540 7340
8114 8213 7614 6753
7884 8381 7571 6990
7937 7901 7861 7797
8208 7876 8311 7454
7591 7650 8400 7674
7724 8091 8455 6844
8063 8041 8356 7371
7978 7817 8557 7255
7724 8091 8455 6844
8087 8352 7625 6629
7630 8241 7837 7237
7948 8087 8314 6718
7874 7575 8409 7424
8119 7995 8415 7097
8080 7916 8202 7366
7956 8078 8347 7113
7724 8091 8455 6844
7961 7768 8067 7521
7950 7968 8037 7419
7950 7968 8037 7419
7966 8059 8093 7366
8095 8213 8060 7129
7924 7557 7980 7576
7946 8093 8261 6995
7783 7637 8560 7363
7737 7832 8170 7585
7884 8381 7571 6990
7614 8332 7995 6876
7290 7687 7982 7637
7290 7687 7982 7637
7743 7739 8288 7571
7724 8091 8455 6844
7590 8048 8306 7139
7939 8013 8052 7507
8320 7492 7920 6971
7956 8078 8347 7113
7964 7814 7937 7662
7937 7901 7861 7797
8099 8041 8233 7125
7874 7575 8409 7424
8209 7508 8105 7305
7956 8132 8041 7198
8171 8168 8176 7026
8032 8258 7877 6802
7591 7650 8400 7674
8068 8185 8232 7172
7614 8332 7995 6876
8155 8229 8354 6683
8087 8352 7625 6629
8110 8014 8304 7103
8251 8137 8098 7188
7874 7575 8409 7424
8171 8168 8176 7026
7961 7768 8067 7521
7954 8286 7973 6881
8119 8090 8112 7272
7961 7768 8067 7521
7590 8048 8306 7139
7630 8241 7837 7237
8069 8140 8197 6955
7523 8153 7885 7303
7744 8056 8215 7207
8006 7945 8431 7296
7523 8153 7885 7303
7946 8093 8261 6995
8078 7979 7755 7323
7950 8200 8156 6901
7946 8093 8261 6995
7783 7637 8560 7363
8291 7744 8082 7130
7737 7832 8170 7585
7591 7650 8400 7674
7743 7739 8288 7571
7822 8217 8272 6929
7822 8217 8272 6929
