424526 1710.12
17781 17251
17781 17251
16681 18015
17681 17708
17464 17795
17683 17473
17781 17251
17683 17473
16681 18015
16945 17987
17561 17711
17561 17711
17683 17473
17781 17251
17464 17795
17561 17711
16945 17987
16945 17987
16681 18015
17561 17711
17464 17795
17683 17473
16945 17987
17561 17711
17683 17473
17561 17711
17561 17711
17683 17473
17681 17708
17464 17795
17561 17711
17561 17711
17561 17711
17781 17251
16681 18015
17561 17711
17781 17251
17561 17711
17683 17473
16945 17987
17683 17473
17683 17473
17683 17473
17683 17473
17781 17251
16945 17987
17561 17711
17683 17473
17683 17473
17683 17473
17683 17473
17561 17711
17561 17711
17561 17711
17561 17711
17683 17473
17561 17711
17781 17251
16681 18015
17781 17251
17683 17473
17683 17473
17683 17473
17781 17251
17781 17251
17464 17795
17781 17251
17683 17473
17683 17473
16681 18015
17781 17251
17781 17251
16945 17987
16681 18015
16945 17987
17561 17711
17781 17251
17561 17711
17683 17473
17781 17251
16945 17987
17781 17251
17561 17711
17561 17711
17683 17473
17561 17711
17561 17711
17683 17473
17464 17795
17561 17711
16681 18015
17683 17473
17781 17251
16681 18015
17561 17711
17781 17251
17561 17711
17683 17473
16945 17987
17683 17473
16945 17987
17561 17711
17561 17711
17683 17473
17781 17251
17464 17795
17561 17711
16945 17987
16681 18015
17561 17711
17464 17795
17683 17473
17683 17473
17683 17473
17683 17473
17781 17251
17781 17251
17464 17795
17781 17251
17683 17473
17781 17251
16681 18015
17781 17251
17781 17251
16945 17987
16681 18015
17781 17251
17561 17711
17781 17251
17683 17473
17781 17251
17683 17473
17683 17473
17683 17473
17781 17251
16945 17987
17561 17711
17561 17711
17683 17473
17561 17711
17561 17711
17683 17473
17561 17711
17781 17251
17317 17831
17683 17473
17683 17473
17683 17473
17683 17473
17464 17795
16945 17987
17781 17251
17233 17964
17561 17711
17683 17473
17681 17708
16681 18015
17683 17473
17561 17711
17464 17795
17561 17711
17561 17711
17561 17711
17561 17711
17561 17711
17781 17251
17317 17831
17683 17473
16681 18015
17683 17473
17683 17473
17561 17711
17464 17795
16681 18015
16945 17987
17781 17251
17683 17473
17561 17711
17561 17711
17781 17251
17781 17251
17464 17795
17781 17251
17561 17711
17561 17711
17561 17711
16681 18015
17561 17711
17464 17795
17464 17795
17781 17251
17683 17473
17561 17711
17561 17711
16945 17987
17781 17251
17683 17473
17561 17711
17781 17251
17781 17251
