136488 2940.58
17727 17831
17683 18001
17700 17948
17521 18189
17632 18091
17644 18053
17297 18274
17240 18298
17267 18286
17454 18202
17542 18155
17580 18121
17596 18100
17192 18305
17204 18302
17159 18349
17755 17708
17429 18227
17390 18233
17570 18144
17466 18191
17570 18144
17350 18259
17466 18191
17390 18233
17429 18227
17350 18259
17683 17919
17669 17970
17658 17990
17409 18212
17438 18201
17556 18143
17494 18171
17364 18221
17607 18088
17587 18100
17569 18117
17561 18134
17502 18158
17467 18174
17444 18185
17630 18058
17632 18011
17627 18077
17507 18148
17448 18176
17727 17828
17333 18234
17629 18075
17629 18075
17694 17868
17694 17868
17657 17980
17604 18086
17673 17868
17624 18034
17646 17989
17587 18089
17626 18023
17717 17820
17542 18128
17576 18036
15932 16199
15709 16754
15697 15943
15896 16637
16034 16476
15745 16336
15871 16333
16222 16589
16124 16714
16127 16873
15872 16395
15528 16297
16313 16340
15778 16487
16260 16823
15800 16553
16358 16614
16468 16286
15912 16075
15603 16787
15724 15962
15574 16462
16360 16584
16125 16538
16040 16690
15671 16329
15643 15899
16179 16571
15962 16830
15930 16280
16114 16387
15722 16556
16095 16484
15941 16579
16351 16372
16070 16318
15524 16324
15550 16590
15804 16398
15981 16241
16025 16575
16022 16820
15620 16293
15579 16058
15599 16356
16163 16610
15807 16519
16031 16147
15904 16412
15789 16348
15498 16322
16254 16416
15584 16279
15874 16460
15674 16118
16047 16440
16071 16417
16279 16697
15807 16078
15566 16062
15903 16554
15753 16456
16054 16624
16045 16613
16205 16517
15942 16644
15817 16248
15520 15958
16049 16399
16092 16536
16150 16386
16021 16423
15883 16364
15636 15955
15870 16638
16001 16161
15822 16427
16195 17053
16002 16601
15772 16603
15926 16277
16049 16118
15992 16234
16167 16636
15886 16542
15989 16619
16126 16680
15553 16323
15634 16435
16464 16892
15643 16359
16288 16740
15990 16517
16362 16525
15895 15939
16004 16369
16266 16350
15664 16324
16129 16966
16079 16444
15826 16408
15976 16792
15925 16648
15926 16369
15727 16702
16008 16031
15482 16498
15560 16383
16173 16827
15918 16218
15856 16252
15568 15945
16180 16392
16478 17136
15660 15833
15802 16494
16008 16441
15928 16340
16092 16907
15844 16488
15891 16609
16146 16683
16515 16842
16153 16578
16032 16625
15997 15887
16033 16494
16031 16169
15722 16522
15980 16383
15997 15992
15883 16096
16006 16482
15975 15938
16149 16655
16019 16450
15579 16620
