61316 246.985
4262 3274
4262 3274
4129 3549
4129 3549
4197 3462
4145 3511
4230 3367
4247 3275
4211 3382
4246 3319
4235 3327
4210 3412
4197 3462
4175 3491
4210 3412
4165 3500
4175 3491
4145 3511
4165 3500
4230 3367
4235 3327
4211 3382
4246 3319
4247 3275
4262 3274
4262 3274
4262 3274
4262 3274
4262 3274
4262 3274
4262 3274
4262 3274
4262 3274
4262 3274
4262 3274
4262 3274
4262 3274
4262 3274
4262 3274
4262 3274
4262 3274
4262 3274
4262 3274
4262 3274
4262 3274
4262 3274
4262 3274
4262 3274
4262 3274
4262 3274
4262 3274
4262 3274
4262 3274
4262 3274
4262 3274
4262 3274
4262 3274
4262 3274
4262 3274
4262 3274
4262 3274
4262 3274
4262 3274
4262 3274
4262 3274
4262 3274
4262 3274
4262 3274
4262 3274
4262 3274
4262 3274
4262 3274
4262 3274
4262 3274
4262 3274
4262 3274
4262 3274
4262 3274
4262 3274
4262 3274
4262 3274
4262 3274
4262 3274
4262 3274
4262 3274
4262 3274
4262 3274
4262 3274
4262 3274
4262 3274
4262 3274
4262 3274
4262 3274
4262 3274
4262 3274
4262 3274
4262 3274
4262 3274
4262 3274
4262 3274
4262 3274
4262 3274
4262 3274
4262 3274
4262 3274
4262 3274
4262 3274
4262 3274
4262 3274
4262 3274
4262 3274
4262 3274
4262 3274
4262 3274
4262 3274
4262 3274
4262 3274
4262 3274
4262 3274
4262 3274
4262 3274
4247 3275
4246 3319
4230 3367
4230 3367
4230 3367
4211 3382
4211 3382
4211 3382
4211 3382
4211 3382
4211 3382
4210 3412
4197 3462
4175 3491
4242 3210
4171 3402
4211 3329
4225 3269
4219 3296
4224 3288
4217 3294
4170 3393
4170 3393
4179 3323
4191 3306
4206 3237
4159 3392
4161 3334
4190 3282
4204 3272
4189 3272
4262 3274
4262 3274
3724 3815
3724 3815
3760 3784
3933 3752
4250 3278
3876 3770
3877 3768
4121 3595
4246 3319
3828 3779
3947 3729
4220 3368
4032 3697
4033 3678
3828 3779
4197 3462
4089 3635
3797 3781
3760 3784
4236 3338
4230 3367
3978 3727
4009 3717
4205 3437
4218 3400
3797 3781
4215 3423
4122 3569
4009 3717
4164 3521
4182 3478
4094 3612
3933 3752
4056 3666
4236 3338
4218 3400
4142 3537
4197 3462
3943 3742
4182 3478
4168 3505
4246 3319
4102 3602
3994 3723
4151 3534
4205 3437
4056 3666
4048 3672
4175 3491
4032 3697
4074 3646
4175 3491
4071 3649
3994 3723
3978 3727
4071 3649
4136 3554
4098 3605
4168 3505
4164 3521
4215 3423
3877 3768
4151 3534
4128 3560
4125 3566
4130 3555
4048 3672
3943 3742
4082 3640
4082 3640
4094 3612
4139 3546
4102 3602
4139 3546
4230 3367
4262 3274
4262 3274
4262 3274
4262 3274
4246 3319
4215 3423
4197 3462
4197 3462
4247 3275
4095 3532
4145 3511
4195 3427
4167 3462
4158 3476
4200 3387
4244 3307
4221 3353
4221 3353
4244 3307
4211 3367
4208 3377
4161 3466
4241 3262
4135 3503
4167 3425
4230 3292
4193 3386
4207 3346
4149 3455
4221 3344
4146 3470
4198 3385
4221 3344
4235 3251
4235 3251
4136 3443
4165 3418
4216 3315
4226 3271
4191 3371
4202 3346
4179 3384
4213 3342
4230 3255
4180 3380
4212 3315
4124 3438
4161 3415
4189 3316
4163 3394
4187 3343
4178 3346
4173 3384
4175 3366
4174 3371
4204 3272
4106 3420
4147 3379
4194 3308
4170 3366
4177 3235
4132 3370
4169 3260
4168 3356
4158 3364
4167 3304
4134 3364
4164 3352
4148 3358
4153 3288
4102 3358
4120 3307
4119 3336
4137 3256
4113 3302
4262 3274
4262 3274
3724 3815
3724 3815
3933 3752
4121 3595
4250 3278
3876 3770
3877 3768
3947 3729
4009 3717
4246 3319
3828 3779
4220 3368
4032 3697
4124 3561
3978 3727
4033 3678
3828 3779
4197 3462
4089 3635
4236 3338
4230 3367
3797 3781
4064 3660
4205 3437
4218 3400
3978 3727
4009 3717
4215 3423
3763 3790
4064 3660
4164 3521
3786 3786
4182 3478
4048 3672
4082 3640
4094 3612
3742 3805
4236 3338
4218 3400
4142 3537
4197 3462
4082 3640
4182 3478
4168 3505
3933 3752
4246 3319
4102 3602
4048 3672
4151 3534
4205 3437
3940 3744
3742 3805
4175 3491
4032 3697
4175 3491
3753 3797
3753 3797
4136 3554
4098 3605
4168 3505
4164 3521
4215 3423
3877 3768
4151 3534
3786 3786
3940 3744
3763 3790
4130 3555
3797 3781
4128 3560
4094 3612
4139 3546
4102 3602
4139 3546
4230 3367
4262 3274
4262 3274
4262 3274
4262 3274
4262 3274
4262 3274
4262 3274
4262 3274
4246 3319
4230 3367
4218 3400
4215 3423
4215 3423
4215 3423
4215 3423
4197 3462
4197 3462
4197 3462
4197 3462
4244 3307
4244 3307
4190 3434
4228 3360
4207 3393
4230 3320
4206 3410
4206 3410
4230 3320
4240 3263
4165 3430
4173 3384
4198 3380
4227 3357
4237 3306
4228 3332
4204 3375
4232 3307
4204 3375
4227 3357
4204 3375
4236 3291
4150 3420
4224 3352
4178 3377
4186 3371
4230 3292
4224 3352
4230 3292
4235 3251
4150 3407
4182 3360
4220 3316
4215 3330
4202 3343
4198 3352
4198 3352
4215 3233
4142 3399
4208 3320
4168 3349
4187 3326
4169 3341
4206 3256
3996 3340
4149 3338
4198 3290
4193 3319
4175 3322
4195 3275
4087 3338
4174 3316
4175 3294
4191 3289
4188 3231
4089 3316
