651405 1740.04
4264 3132
4264 3132
4130 3474
4230 3367
4230 3367
4244 3307
4244 3307
4261 3217
4259 3246
4259 3246
4261 3217
4264 3132
4264 3132
4264 3132
4264 3132
4264 3132
4264 3132
4264 3132
4264 3132
4264 3132
4264 3132
4264 3132
4264 3132
4264 3132
4264 3132
4264 3132
4264 3132
4264 3132
4264 3132
4264 3132
4264 3132
4264 3132
4264 3132
4264 3132
4264 3132
4264 3132
4264 3132
4264 3132
4264 3132
4264 3132
4264 3132
4264 3132
4264 3132
4264 3132
4264 3132
4264 3132
4264 3132
4264 3132
4264 3132
4264 3132
4264 3132
4264 3132
4264 3132
4264 3132
4264 3132
4264 3132
4264 3132
4264 3132
4264 3132
4264 3132
4264 3132
4264 3132
4264 3132
4264 3132
4264 3132
4261 3217
4259 3246
4259 3246
4244 3307
4244 3307
4244 3307
4244 3307
4230 3367
4230 3367
4230 3367
4230 3367
4233 3243
4233 3243
4024 3434
4132 3355
4213 3340
4034 3406
4230 3263
4221 3090
3967 3409
4189 3323
4080 3352
3981 3399
4123 3337
4163 3179
3897 3371
4157 3309
3913 3348
4053 3329
4088 3313
4053 3329
4147 3154
3891 3364
4043 3325
4146 3198
4116 3266
4090 3305
4106 3303
4109 3274
4044 3319
4044 3319
4146 3185
3808 3356
3808 3356
4035 3320
3864 3333
4064 3274
4115 3236
3843 3350
4081 3255
4106 3246
3808 3356
4144 3101
4029 3319
4037 3251
4070 3235
4083 3185
4106 3153
4133 3140
4138 3129
4115 3114
3998 3314
4077 3116
4053 3177
4027 3196
4017 3261
4010 3268
4071 3073
3606 3311
4013 3221
3945 3298
3947 3262
4049 3004
3319 3309
3862 3262
3986 3095
3983 3193
3964 3218
3969 3013
3656 3260
3817 3252
3962 3164
3931 3213
3951 2930
3736 3224
3875 3135
3919 2998
