33010 480.056
8196 7079 8535
9328 7360 7197
7720 6227 8194
7796 9754 7830
9514 8207 7580
6956 9015 8678
8221 7426 9055
8381 9223 7630
8190 8729 7506
7652 9778 7513
7041 7464 6030
8166 8154 7541
8374 8025 8632
7953 8037 6471
8138 9135 8128
6892 9358 7043
9067 7907 7993
6893 8969 8170
8023 8187 6516
8339 7231 7602
7343 7708 9384
8115 7316 8270
8046 8601 7793
8203 9584 7800
7338 7045 8986
8845 7277 8022
8509 8144 8034
8505 8728 8196
7734 6959 8197
8806 7660 6839
7822 7153 9142
7428 9671 6814
8118 7221 8820
7398 8276 7222
8716 8849 7587
8907 8554 7822
7485 7404 9410
8094 7320 8045
7346 9518 6967
7515 8806 8631
8108 7649 9195
7607 8582 8313
8763 7587 8058
8735 7978 8547
8490 7526 8672
7104 7970 8583
7789 9795 7305
6656 8651 8691
8465 8733 7855
8737 7884 8311
8323 7298 9203
6888 8310 8769
7942 7559 8716
7518 7712 7852
8732 7440 8565
7190 8408 8795
7314 8093 8563
8257 8122 7598
7576 9470 8111
8938 8993 7817
8751 8479 8109
8081 7492 9390
8224 8941 7449
7511 9227 8042
7567 9521 7377
7872 9196 8052
8197 6385 7442
7941 7248 9285
8257 6842 8801
8382 8250 7956
7990 7001 9120
9023 7787 8345
8773 8016 7936
8515 7432 8942
7311 8009 8080
8747 8321 7175
7397 9437 7305
7491 7340 7632
6895 8651 8863
9508 7806 8139
7792 7134 9075
8907 7594 8280
8582 6826 7903
7869 8571 8856
7913 8730 6822
7996 7977 8487
8252 7167 9024
9120 8416 7874
7061 7390 8731
7985 8627 7344
8878 8764 7685
7090 8432 9050
8534 7077 7173
7323 9007 7917
7827 8595 7662
8803 7570 8089
7881 7744 8922
8752 8663 7663
7617 7505 7548
6870 7664 8134
8260 7280 7309
8495 7420 8853
8382 7389 8109
8047 7142 8808
8560 9242 7948
8195 8220 8396
8082 7333 9122
8496 8864 8391
9044 7631 7653
8349 8563 7926
7006 9307 7496
8125 9364 8073
7741 9812 7564
8252 8506 8467
8138 9139 7737
8362 8232 8094
8318 7441 9155
7684 9080 8088
8072 9512 7624
8851 8663 7787
8475 7878 9161
8305 8364 7756
8038 7824 8790
8848 7743 8217
7667 8021 9330
8818 7311 8062
8645 8820 7605
6536 8644 7551
7217 8666 7721
7956 7019 9332
8550 8403 7770
7643 9265 7647
7171 8689 8114
8053 7548 8795
8234 7510 8336
8798 7463 8255
7965 7573 8397
7327 7914 8935
7349 8431 8700
9237 8678 7969
8020 7407 8895
8432 8824 7072
8195 9579 7843
9049 7509 6965
9163 7674 7808
7997 9808 7752
8449 6899 8877
8922 7809 7360
9207 7940 7510
7456 8978 8305
8210 7701 9049
7708 8509 7788
8137 7345 8844
7060 8427 8920
7873 6980 9100
8599 8518 7491
7392 9229 6851
8302 7104 8374
9193 7704 7659
7441 9148 7045
8354 8642 7115
7563 7029 8992
7743 9303 6834
7546 8862 7466
8336 7365 8986
7564 7003 8883
8488 8828 7949
8142 8093 8862
8775 7480 8352
7954 7562 8787
7444 7951 8684
8352 7179 8688
8960 7666 8325
8906 7794 8679
7847 9562 7550
8123 8966 8313
7930 8629 6640
7960 8229 8809
7867 7379 9334
8216 8413 8172
8014 8527 8835
7494 9545 6979
7525 7312 6294
6458 8367 7992
8915 8619 7988
7942 8974 8459
9084 8519 8191
8803 8401 8630
7490 9278 7964
7790 7603 9182
8797 8854 7952
9057 7914 8441
7977 8205 8688
7176 8167 9046
8140 8742 8146
7661 8493 8253
7903 8048 8679
8074 8071 8509
8155 7118 8574
8918 7506 8605
