71413 1320.23
3225 3491 3091 2728
2891 2696 3197 3519
2457 2917 3491 3403
3200 3507 2534 3271
2746 2997 2945 3708
2853 3931 2952 3038
3596 3302 2817 2866
2649 3034 3686 3056
3449 3415 2630 2980
2732 2977 3591 3175
2701 2943 3518 3300
3023 2740 3324 2977
2559 2980 3392 3459
3294 3500 2551 3139
2732 2977 3591 3175
2591 2963 3463 3269
2796 2954 3548 3249
3575 3318 2782 2889
3545 3286 2752 2947
3226 3690 2779 2802
2917 2713 3337 3213
3512 3340 2737 2920
2735 2923 3215 3624
2715 2919 3126 3646
3161 3772 2929 2779
2936 2950 3068 3491
2714 3000 3630 3164
2501 2921 3454 3441
2832 3596 3224 3088
2763 2800 3275 3539
2610 3035 3468 3267
2712 2820 3218 3586
3412 3249 3033 2903
2548 2896 3475 3394
2909 3791 2873 3038
2682 3068 3046 3658
2645 2911 3438 3416
3145 3561 2851 3069
3532 3292 2756 2925
3370 3515 2907 2852
2658 3061 3124 3670
2924 3902 2925 3037
2809 3223 3047 3424
3569 3302 2810 2918
2659 3112 3029 3605
3476 3428 2810 2953
2470 2916 3486 3364
3004 3012 3204 3275
3049 3354 3263 2786
3155 3723 2945 2922
2814 2771 3323 3397
2649 3034 3686 3056
3075 3454 2830 3212
2688 2930 3530 3262
3137 3541 2588 3149
3215 3505 3006 3008
3431 3323 2879 2937
3168 3671 2822 3076
3460 3407 2722 2967
3248 3294 2970 2916
2843 3186 2987 3452
2969 3797 2964 2986
2573 2892 3457 3403
2509 3113 3430 3324
3177 3491 2687 3187
2726 2854 3492 3309
3025 3817 2899 2972
2739 3017 3307 3530
2674 2850 3251 3553
2798 2775 3273 3343
2952 3851 2998 3002
3278 3427 2601 3104
3257 3334 3032 2810
2479 2996 3485 3412
2741 3028 3063 3651
2862 2926 2959 3570
2867 3049 3378 3216
2982 3433 3192 2814
2884 2883 3288 3292
2692 3104 3280 3387
2975 3819 2797 3044
3487 3426 2751 2919
2641 3159 3272 3436
2656 3756 2743 3129
3486 3230 2793 3040
2585 3011 3478 3349
2621 3247 3185 3360
3170 3708 2761 3121
3325 3553 2871 2881
2769 3169 3424 2943
3355 3334 2712 3087
2985 3907 2987 2984
3131 3384 3236 2854
3260 3506 2545 3196
2713 3000 3657 3128
2920 3926 2930 3003
3348 3370 2648 3176
3019 3323 3346 2822
2985 3676 2970 3093
3183 3427 3196 2771
2999 3232 3151 3015
3133 3649 2636 3287
3180 3582 2572 3319
2947 3401 3225 3155
2733 3137 3079 3561
3182 3373 2913 3135
3419 3275 2903 2961
3037 3584 3161 2761
2856 2993 3524 3106
3039 3219 2952 3253
2668 3097 3442 3369
3086 3755 2976 2875
2797 3085 3330 3144
3047 3740 2878 2958
3395 3375 2714 2996
2630 3055 3326 3504
2528 2874 3462 3436
3187 3627 2919 3016
2670 3521 2770 3258
3126 3652 3027 2797
2788 3080 3323 3373
3018 3849 2982 2931
3596 3302 2817 2866
3207 3470 2990 3009
2801 2962 3251 3470
2646 3306 3297 3209
3286 3377 2636 3224
3361 3386 2933 2742
3283 3492 2662 3103
2697 3045 3637 3100
3180 3582 2572 3319
3458 3297 2658 2975
3264 3568 2701 3110
2746 2997 2945 3708
3197 3561 2537 3171
3068 3516 2921 3200
3235 3541 2898 2836
2897 3870 2953 3044
3274 3587 2750 3058
3034 2960 3295 3048
2638 3270 3234 3299
2893 3208 3314 3032
3243 3657 2845 2787
2764 2829 3219 3515
3361 3386 2933 2742
2845 3730 3022 3005
2726 3120 3383 3341
3414 3390 2697 3068
3055 3616 2998 3036
3504 3277 2884 2864
2940 3287 3409 2871
2777 3406 3123 3192
3064 2812 3155 3376
3094 3694 2649 3240
2915 2850 3187 3352
2755 2987 3230 3420
2711 3047 3162 3466
3064 3316 3284 2844
3312 2989 2932 3151
2835 3020 3109 3618
3067 3571 2938 3031
3247 3591 2797 2862
2842 3882 2903 3108
2778 2884 3191 3498
3238 3465 3083 2847
2820 2845 3539 3151
3239 3538 2599 3211
2720 3001 3320 3545
3279 3546 2805 3018
3403 3368 2947 2931
2584 3052 3505 3283
2871 3350 3104 3175
2760 2817 3373 3400
2620 2986 3164 3597
2722 2995 3055 3678
2993 3364 2984 3126
2528 2874 3462 3436
3383 3261 2683 3125
2744 2863 3302 3393
2678 3104 3189 3507
3057 3706 2595 3149
3053 3310 2686 3309
3342 3511 2703 3062
2567 3184 3293 3387
2772 3097 3224 3256
2951 3702 2961 3153
3101 3659 2675 3246
2758 2844 3344 3462
2897 3870 2953 3044
2930 3174 3292 3231
3126 3738 2706 3120
2904 3074 3353 2975
3438 3146 2873 3083
2612 3277 3169 3323
2683 2889 3422 3342
2744 2823 3110 3547
2956 2869 3172 3351
3237 3630 2788 3144
3169 3202 2840 3265
3310 3630 2878 2838
3332 3547 2893 2944
2848 3480 3113 3241
3504 3277 2884 2864
2713 3000 3657 3128
2662 3341 3181 3223
2815 2723 3357 3401
2717 2987 2987 3690
2775 3235 3397 3102
3385 3368 2862 2940
2684 3149 3087 3597
3105 3051 3277 3143
2801 2962 3251 3470
2877 2809 3409 3244
2817 3832 3019 3123
2817 2841 3211 3531
2738 3125 3099 3517
3110 3179 2863 3409
3078 3147 3242 2959
3389 3528 2729 3033
3339 3222 2814 3122
3364 3493 2843 2986
2697 3045 3637 3100
3015 3405 2683 3334
2972 3431 3349 2848
2937 3467 3207 2870
3389 3528 2729 3033
2851 3642 3055 3122
2543 2925 3472 3391
3162 3568 3004 2883
3078 3547 3166 2893
3047 3568 3042 2947
2794 3077 3361 3389
3118 3664 2654 3234
3277 3441 3112 2798
3076 3407 2831 3159
3416 3471 2855 2953
2919 3240 3274 3097
2958 3153 3295 3027
2954 3022 3074 3327
2760 3639 3154 3162
2625 3026 3396 3440
2842 3882 2903 3108
2998 3835 2892 2999
3159 3507 3162 2832
2758 3200 3069 3314
2737 3479 3133 3297
3167 3371 3142 3080
3118 3664 2654 3234
2717 2987 2987 3690
3212 3145 3065 3227
2661 3024 3503 3125
3038 3614 3004 3009
