37763 540.071
9730 8321
9730 8321
8558 9851
8939 9616
8647 9810
9296 9283
9626 8697
8609 9831
8902 9637
8777 9735
9082 9503
9050 9533
9691 8476
9535 8921
8902 9637
8880 9664
9490 9004
9508 8972
9150 9432
9397 9136
9122 9465
8650 9806
9383 9163
9056 9517
9719 8355
9114 9468
9720 8326
9073 9512
8701 9782
9467 9038
8832 9693
8987 9574
8850 9669
9311 9233
9575 8815
8670 9787
8860 9665
9176 9406
9429 9092
8582 9839
8558 9851
8730 9759
9440 9080
9449 9050
9662 8586
9657 8621
8983 9584
9101 9487
9701 8423
9712 8397
9139 9447
9273 9293
8797 9709
9318 9231
9189 9392
9206 9375
8951 9597
9478 9016
9599 8759
9587 8781
9002 9562
9562 8856
9552 8880
9675 8538
9669 8567
9546 8899
9023 9534
9101 9487
9255 9318
9271 9303
9453 9041
9562 8856
9308 9264
8944 9598
9308 9264
9524 8936
9153 9410
8751 9744
9245 9337
9657 8621
9643 8636
9373 9180
9356 9191
8734 9755
8714 9771
9416 9128
8816 9701
9696 8449
9701 8423
9353 9216
9335 9225
9255 9318
9572 8834
9643 8636
9640 8664
9712 8397
9714 8368
9221 9363
9206 9375
8751 9744
8795 9713
9518 8954
9508 8972
9189 9392
9004 9559
9612 8721
8582 9839
8600 9832
9373 9180
9221 9363
9234 9350
9607 8744
9139 9447
9683 8490
9682 8518
9633 8677
9682 8518
9675 8538
9356 9191
9353 9216
8816 9701
8969 9592
9335 9225
9669 8567
9662 8586
8714 9771
9490 9004
9417 9121
9422 9100
9234 9350
8880 9664
9696 8449
9552 8880
9546 8899
9587 8781
9585 8805
8840 9685
9440 9080
8969 9592
9471 9017
9245 9337
9153 9410
9518 8954
8688 9785
8670 9787
9599 8759
9607 8744
9021 9556
9023 9534
9021 9556
8780 9718
9683 8490
