3477 901.914
3309 3050 2727 2936
2859 3773 2861 3025
2694 2965 3598 2927
2889 3192 3056 3393
3072 3461 3239 3183
3072 3461 3239 3183
3072 3461 3239 3183
3072 3461 3239 3183
3072 3461 3239 3183
3072 3461 3239 3183
3072 3461 3239 3183
3072 3461 3239 3183
3072 3461 3239 3183
3072 3461 3239 3183
3072 3461 3239 3183
3072 3461 3239 3183
3072 3461 3239 3183
3072 3461 3239 3183
3072 3461 3239 3183
3072 3461 3239 3183
3072 3461 3239 3183
3072 3461 3239 3183
3072 3461 3239 3183
3072 3461 3239 3183
3072 3461 3239 3183
3072 3461 3239 3183
3072 3461 3239 3183
3072 3461 3239 3183
3072 3461 3239 3183
3072 3461 3239 3183
3072 3461 3239 3183
3081 3407 3250 3120
3072 3461 3239 3183
3037 3466 3092 3128
3072 3461 3239 3183
3072 3461 3239 3183
3072 3461 3239 3183
2591 2978 3548 2905
2895 3394 3232 3186
3072 3461 3239 3183
3072 3461 3239 3183
3072 3461 3239 3183
3081 3407 3250 3120
3072 3461 3239 3183
3072 3461 3239 3183
3072 3461 3239 3183
3072 3461 3239 3183
3072 3461 3239 3183
3072 3461 3239 3183
3072 3461 3239 3183
3072 3461 3239 3183
3072 3461 3239 3183
3072 3461 3239 3183
3072 3461 3239 3183
3072 3461 3239 3183
3072 3461 3239 3183
3072 3461 3239 3183
3072 3461 3239 3183
3072 3461 3239 3183
3072 3461 3239 3183
3072 3461 3239 3183
3072 3461 3239 3183
3072 3461 3239 3183
3072 3461 3239 3183
3072 3461 3239 3183
3072 3461 3239 3183
3072 3461 3239 3183
3072 3461 3239 3183
3072 3461 3239 3183
3072 3461 3239 3183
3072 3461 3239 3183
3072 3461 3239 3183
3072 3461 3239 3183
3072 3461 3239 3183
3072 3461 3239 3183
3072 3461 3239 3183
3072 3461 3239 3183
3072 3461 3239 3183
3072 3461 3239 3183
3072 3461 3239 3183
3072 3461 3239 3183
3072 3461 3239 3183
3072 3461 3239 3183
3072 3461 3239 3183
3072 3461 3239 3183
3072 3461 3239 3183
3072 3461 3239 3183
3072 3461 3239 3183
3072 3461 3239 3183
3072 3461 3239 3183
3072 3461 3239 3183
3072 3461 3239 3183
3072 3461 3239 3183
3072 3461 3239 3183
3072 3461 3239 3183
3072 3461 3239 3183
3072 3461 3239 3183
3072 3461 3239 3183
3072 3461 3239 3183
3072 3461 3239 3183
3072 3461 3239 3183
3072 3461 3239 3183
3072 3461 3239 3183
3072 3461 3239 3183
3072 3461 3239 3183
3072 3461 3239 3183
3072 3461 3239 3183
2963 3474 3158 3091
3072 3461 3239 3183
3072 3461 3239 3183
3072 3461 3239 3183
3072 3461 3239 3183
2621 2924 3368 2879
3072 3461 3239 3183
3072 3461 3239 3183
3072 3461 3239 3183
3072 3461 3239 3183
3072 3461 3239 3183
3072 3461 3239 3183
3072 3461 3239 3183
3072 3461 3239 3183
3072 3461 3239 3183
3072 3461 3239 3183
3072 3461 3239 3183
3072 3461 3239 3183
3072 3461 3239 3183
3072 3461 3239 3183
3072 3461 3239 3183
3072 3461 3239 3183
3072 3461 3239 3183
3072 3461 3239 3183
3072 3461 3239 3183
3072 3461 3239 3183
3072 3461 3239 3183
3072 3461 3239 3183
3072 3461 3239 3183
3072 3461 3239 3183
3072 3461 3239 3183
3072 3461 3239 3183
3072 3461 3239 3183
3072 3461 3239 3183
3072 3461 3239 3183
3072 3461 3239 3183
3072 3461 3239 3183
3072 3461 3239 3183
3072 3461 3239 3183
3072 3461 3239 3183
3072 3461 3239 3183
3072 3461 3239 3183
3072 3461 3239 3183
3072 3461 3239 3183
3072 3461 3239 3183
3072 3461 3239 3183
3072 3461 3239 3183
3072 3461 3239 3183
3072 3461 3239 3183
3072 3461 3239 3183
3072 3461 3239 3183
3072 3461 3239 3183
3072 3461 3239 3183
3072 3461 3239 3183
3072 3461 3239 3183
3072 3461 3239 3183
3072 3461 3239 3183
3072 3461 3239 3183
3072 3461 3239 3183
3072 3461 3239 3183
3072 3461 3239 3183
3072 3461 3239 3183
3072 3461 3239 3183
3072 3461 3239 3183
3072 3461 3239 3183
3072 3461 3239 3183
3072 3461 3239 3183
3072 3461 3239 3183
3072 3461 3239 3183
3072 3461 3239 3183
3072 3461 3239 3183
3072 3461 3239 3183
3072 3461 3239 3183
3072 3461 3239 3183
3072 3461 3239 3183
3200 3076 2668 2913
3072 3461 3239 3183
3072 3461 3239 3183
3072 3461 3239 3183
3072 3461 3239 3183
3072 3461 3239 3183
3072 3461 3239 3183
3072 3461 3239 3183
3072 3461 3239 3183
3072 3461 3239 3183
3072 3461 3239 3183
3072 3461 3239 3183
3072 3461 3239 3183
3072 3461 3239 3183
3072 3461 3239 3183
3072 3461 3239 3183
2895 3394 3232 3186
3072 3461 3239 3183
3072 3461 3239 3183
3072 3461 3239 3183
3072 3461 3239 3183
3072 3461 3239 3183
3072 3461 3239 3183
2969 3413 3099 3187
3072 3461 3239 3183
3072 3461 3239 3183
3072 3461 3239 3183
3072 3461 3239 3183
3072 3461 3239 3183
3072 3461 3239 3183
3072 3461 3239 3183
2747 3611 2906 2953
3072 3461 3239 3183
2950 3320 3243 3066
3072 3461 3239 3183
3072 3461 3239 3183
3072 3461 3239 3183
3057 3461 3160 3171
3072 3461 3239 3183
3072 3461 3239 3183
3072 3461 3239 3183
3072 3461 3239 3183
3072 3461 3239 3183
3072 3461 3239 3183
3072 3461 3239 3183
3072 3461 3239 3183
3072 3461 3239 3183
3072 3461 3239 3183
3072 3461 3239 3183
2979 3441 3143 3205
3072 3461 3239 3183
3072 3461 3239 3183
3072 3461 3239 3183
3072 3461 3239 3183
3072 3461 3239 3183
3072 3461 3239 3183
3072 3461 3239 3183
3072 3461 3239 3183
3072 3461 3239 3183
3072 3461 3239 3183
3072 3461 3239 3183
3072 3461 3239 3183
3024 3423 3243 3203
3072 3461 3239 3183
3072 3461 3239 3183
3072 3461 3239 3183
2997 3469 3183 3071
3072 3461 3239 3183
3072 3461 3239 3183
3072 3461 3239 3183
3072 3461 3239 3183
3072 3461 3239 3183
3072 3461 3239 3183
3072 3461 3239 3183
3072 3461 3239 3183
3072 3461 3239 3183
2963 3474 3158 3091
3072 3461 3239 3183
3072 3461 3239 3183
3072 3461 3239 3183
3072 3461 3239 3183
3072 3461 3239 3183
3072 3461 3239 3183
3072 3461 3239 3183
3072 3461 3239 3183
3072 3461 3239 3183
2702 2998 3390 2861
3072 3461 3239 3183
3072 3461 3239 3183
3072 3461 3239 3183
3072 3461 3239 3183
3072 3461 3239 3183
3072 3461 3239 3183
3072 3461 3239 3183
3072 3461 3239 3183
3072 3461 3239 3183
3072 3461 3239 3183
3072 3461 3239 3183
3072 3461 3239 3183
3072 3461 3239 3183
3072 3461 3239 3183
3072 3461 3239 3183
3072 3461 3239 3183
2738 3604 2912 2957
3072 3461 3239 3183
3072 3461 3239 3183
3072 3461 3239 3183
2591 2978 3548 2905
3072 3461 3239 3183
3072 3461 3239 3183
3072 3461 3239 3183
3072 3461 3239 3183
3072 3461 3239 3183
3072 3461 3239 3183
3072 3461 3239 3183
3072 3461 3239 3183
3072 3461 3239 3183
3072 3461 3239 3183
3037 3466 3092 3128
3072 3461 3239 3183
3072 3461 3239 3183
3072 3461 3239 3183
3072 3461 3239 3183
3072 3461 3239 3183
3072 3461 3239 3183
3072 3461 3239 3183
3072 3461 3239 3183
3072 3461 3239 3183
3072 3461 3239 3183
3072 3461 3239 3183
3072 3461 3239 3183
3072 3461 3239 3183
3072 3461 3239 3183
3072 3461 3239 3183
3072 3461 3239 3183
3072 3461 3239 3183
3072 3461 3239 3183
3072 3461 3239 3183
3072 3461 3239 3183
2969 3413 3099 3187
3072 3461 3239 3183
3072 3461 3239 3183
3072 3461 3239 3183
3072 3461 3239 3183
3072 3461 3239 3183
3072 3461 3239 3183
3072 3461 3239 3183
3072 3461 3239 3183
3072 3461 3239 3183
3072 3461 3239 3183
3072 3461 3239 3183
3072 3461 3239 3183
3072 3461 3239 3183
3072 3461 3239 3183
3072 3461 3239 3183
3072 3461 3239 3183
3072 3461 3239 3183
3072 3461 3239 3183
3072 3461 3239 3183
3072 3461 3239 3183
3072 3461 3239 3183
3072 3461 3239 3183
3072 3461 3239 3183
3072 3461 3239 3183
3072 3461 3239 3183
3072 3461 3239 3183
3072 3461 3239 3183
3072 3461 3239 3183
3072 3461 3239 3183
3072 3461 3239 3183
3072 3461 3239 3183
3072 3461 3239 3183
3072 3461 3239 3183
3072 3461 3239 3183
3072 3461 3239 3183
3072 3461 3239 3183
3072 3461 3239 3183
3072 3461 3239 3183
3072 3461 3239 3183
3072 3461 3239 3183
3072 3461 3239 3183
3072 3461 3239 3183
3072 3461 3239 3183
3072 3461 3239 3183
3072 3461 3239 3183
3072 3461 3239 3183
3012 3445 3259 3231
3072 3461 3239 3183
2911 3355 3268 3193
3072 3461 3239 3183
3072 3461 3239 3183
3072 3461 3239 3183
3072 3461 3239 3183
3072 3461 3239 3183
3072 3461 3239 3183
3072 3461 3239 3183
3072 3461 3239 3183
3072 3461 3239 3183
3072 3461 3239 3183
3072 3461 3239 3183
3072 3461 3239 3183
3072 3461 3239 3183
2702 3159 3022 3286
3072 3461 3239 3183
3072 3461 3239 3183
3072 3461 3239 3183
3072 3461 3239 3183
3072 3461 3239 3183
3072 3461 3239 3183
3072 3461 3239 3183
3072 3461 3239 3183
3072 3461 3239 3183
3072 3461 3239 3183
3072 3461 3239 3183
3072 3461 3239 3183
3072 3461 3239 3183
3072 3461 3239 3183
3072 3461 3239 3183
3072 3461 3239 3183
3072 3461 3239 3183
3072 3461 3239 3183
3072 3461 3239 3183
3072 3461 3239 3183
3072 3461 3239 3183
3072 3461 3239 3183
3072 3461 3239 3183
3072 3461 3239 3183
3072 3461 3239 3183
3072 3461 3239 3183
3072 3461 3239 3183
3072 3461 3239 3183
3072 3461 3239 3183
3072 3461 3239 3183
3072 3461 3239 3183
3072 3461 3239 3183
2654 3550 2865 2954
3072 3461 3239 3183
3072 3461 3239 3183
3072 3461 3239 3183
3072 3461 3239 3183
3072 3461 3239 3183
3072 3461 3239 3183
3072 3461 3239 3183
3072 3461 3239 3183
3072 3461 3239 3183
3072 3461 3239 3183
3072 3461 3239 3183
3072 3461 3239 3183
3072 3461 3239 3183
3072 3461 3239 3183
3072 3461 3239 3183
3072 3461 3239 3183
3072 3461 3239 3183
3072 3461 3239 3183
3072 3461 3239 3183
3072 3461 3239 3183
3072 3461 3239 3183
3072 3461 3239 3183
3225 3062 2800 2983
3072 3461 3239 3183
3072 3461 3239 3183
3072 3461 3239 3183
2688 3015 3466 2935
3072 3461 3239 3183
3072 3461 3239 3183
2742 2947 3255 2769
3072 3461 3239 3183
3072 3461 3239 3183
3072 3461 3239 3183
3072 3461 3239 3183
3072 3461 3239 3183
3072 3461 3239 3183
3072 3461 3239 3183
3072 3461 3239 3183
3072 3461 3239 3183
3072 3461 3239 3183
3072 3461 3239 3183
3072 3461 3239 3183
3072 3461 3239 3183
3072 3461 3239 3183
3072 3461 3239 3183
3072 3461 3239 3183
3072 3461 3239 3183
3072 3461 3239 3183
3072 3461 3239 3183
3072 3461 3239 3183
3072 3461 3239 3183
3072 3461 3239 3183
3072 3461 3239 3183
3072 3461 3239 3183
3072 3461 3239 3183
3072 3461 3239 3183
3072 3461 3239 3183
3072 3461 3239 3183
3072 3461 3239 3183
3072 3461 3239 3183
3072 3461 3239 3183
3072 3461 3239 3183
3072 3461 3239 3183
3072 3461 3239 3183
3072 3461 3239 3183
3072 3461 3239 3183
3072 3461 3239 3183
3072 3461 3239 3183
3072 3461 3239 3183
2979 3441 3143 3205
3072 3461 3239 3183
3072 3461 3239 3183
3072 3461 3239 3183
3072 3461 3239 3183
3200 3076 2668 2913
3072 3461 3239 3183
3072 3461 3239 3183
2680 3109 3390 2956
3072 3461 3239 3183
3072 3461 3239 3183
3072 3461 3239 3183
3072 3461 3239 3183
3072 3461 3239 3183
3072 3461 3239 3183
3072 3461 3239 3183
3072 3461 3239 3183
3072 3461 3239 3183
3072 3461 3239 3183
3072 3461 3239 3183
3072 3461 3239 3183
3072 3461 3239 3183
3072 3461 3239 3183
3072 3461 3239 3183
3072 3461 3239 3183
3072 3461 3239 3183
3072 3461 3239 3183
3072 3461 3239 3183
3072 3461 3239 3183
3072 3461 3239 3183
3072 3461 3239 3183
3072 3461 3239 3183
3072 3461 3239 3183
3072 3461 3239 3183
3072 3461 3239 3183
3072 3461 3239 3183
3072 3461 3239 3183
3072 3461 3239 3183
3072 3461 3239 3183
3025 3433 3171 3222
3072 3461 3239 3183
3072 3461 3239 3183
3072 3461 3239 3183
3072 3461 3239 3183
3072 3461 3239 3183
3072 3461 3239 3183
3072 3461 3239 3183
3072 3461 3239 3183
3072 3461 3239 3183
3072 3461 3239 3183
3072 3461 3239 3183
3072 3461 3239 3183
3072 3461 3239 3183
3072 3461 3239 3183
3072 3461 3239 3183
3072 3461 3239 3183
3072 3461 3239 3183
3072 3461 3239 3183
3072 3461 3239 3183
3072 3461 3239 3183
3072 3461 3239 3183
2975 3423 3112 3191
3072 3461 3239 3183
3072 3461 3239 3183
3072 3461 3239 3183
3072 3461 3239 3183
3072 3461 3239 3183
3072 3461 3239 3183
3072 3461 3239 3183
3105 3500 3075 3175
3072 3461 3239 3183
3072 3461 3239 3183
3072 3461 3239 3183
3072 3461 3239 3183
3072 3461 3239 3183
3072 3461 3239 3183
3072 3461 3239 3183
3072 3461 3239 3183
3072 3461 3239 3183
3072 3461 3239 3183
3072 3461 3239 3183
3072 3461 3239 3183
3072 3461 3239 3183
3072 3461 3239 3183
3072 3461 3239 3183
3072 3461 3239 3183
3072 3461 3239 3183
3072 3461 3239 3183
3072 3461 3239 3183
3072 3461 3239 3183
3072 3461 3239 3183
3072 3461 3239 3183
3072 3461 3239 3183
3072 3461 3239 3183
3072 3461 3239 3183
3072 3461 3239 3183
3072 3461 3239 3183
3072 3461 3239 3183
3072 3461 3239 3183
3072 3461 3239 3183
3072 3461 3239 3183
3072 3461 3239 3183
3072 3461 3239 3183
3072 3461 3239 3183
3072 3461 3239 3183
3072 3461 3239 3183
3072 3461 3239 3183
3072 3461 3239 3183
3072 3461 3239 3183
3072 3461 3239 3183
3089 3079 2611 2991
3072 3461 3239 3183
3072 3461 3239 3183
2885 3223 3250 3016
3072 3461 3239 3183
3072 3461 3239 3183
3072 3461 3239 3183
3072 3461 3239 3183
3072 3461 3239 3183
3072 3461 3239 3183
3072 3461 3239 3183
3072 3461 3239 3183
2950 3320 3243 3066
3024 3423 3243 3203
3072 3461 3239 3183
2654 3550 2865 2954
3072 3461 3239 3183
3072 3461 3239 3183
3072 3461 3239 3183
2747 3611 2906 2953
3072 3461 3239 3183
3072 3461 3239 3183
3072 3461 3239 3183
3072 3461 3239 3183
2974 3477 3211 3150
3072 3461 3239 3183
3072 3461 3239 3183
3072 3461 3239 3183
3072 3461 3239 3183
3072 3461 3239 3183
3072 3461 3239 3183
3072 3461 3239 3183
3072 3461 3239 3183
3072 3461 3239 3183
3072 3461 3239 3183
3072 3461 3239 3183
3072 3461 3239 3183
3072 3461 3239 3183
3072 3461 3239 3183
3072 3461 3239 3183
3072 3461 3239 3183
3072 3461 3239 3183
3072 3461 3239 3183
3072 3461 3239 3183
3072 3461 3239 3183
3072 3461 3239 3183
3072 3461 3239 3183
3072 3461 3239 3183
3072 3461 3239 3183
3072 3461 3239 3183
3072 3461 3239 3183
3072 3461 3239 3183
2971 3294 3279 3042
3072 3461 3239 3183
3072 3461 3239 3183
3072 3461 3239 3183
3076 3322 2985 3043
2621 2924 3368 2879
3072 3461 3239 3183
3072 3461 3239 3183
3072 3461 3239 3183
3072 3461 3239 3183
3072 3461 3239 3183
3072 3461 3239 3183
3072 3461 3239 3183
3072 3461 3239 3183
3072 3461 3239 3183
3072 3461 3239 3183
3072 3461 3239 3183
3072 3461 3239 3183
3072 3461 3239 3183
3072 3461 3239 3183
3072 3461 3239 3183
3072 3461 3239 3183
3072 3461 3239 3183
3072 3461 3239 3183
3072 3461 3239 3183
3072 3461 3239 3183
3072 3461 3239 3183
3072 3461 3239 3183
3072 3461 3239 3183
3072 3461 3239 3183
3072 3461 3239 3183
3072 3461 3239 3183
3072 3461 3239 3183
3072 3461 3239 3183
3072 3461 3239 3183
3072 3461 3239 3183
3072 3461 3239 3183
3072 3461 3239 3183
3072 3461 3239 3183
3072 3461 3239 3183
3072 3461 3239 3183
3072 3461 3239 3183
3072 3461 3239 3183
3072 3461 3239 3183
3072 3461 3239 3183
3072 3461 3239 3183
3072 3461 3239 3183
3072 3461 3239 3183
3072 3461 3239 3183
3072 3461 3239 3183
3072 3461 3239 3183
3072 3461 3239 3183
3072 3461 3239 3183
3072 3461 3239 3183
3072 3461 3239 3183
3072 3461 3239 3183
3072 3461 3239 3183
3072 3461 3239 3183
3072 3461 3239 3183
2971 3294 3279 3042
3072 3461 3239 3183
3072 3461 3239 3183
3072 3461 3239 3183
3072 3461 3239 3183
3072 3461 3239 3183
2915 3517 3147 3127
3081 3407 3250 3120
3072 3461 3239 3183
3076 3322 2985 3043
3072 3461 3239 3183
3072 3461 3239 3183
3072 3461 3239 3183
3072 3461 3239 3183
3072 3461 3239 3183
3072 3461 3239 3183
3072 3461 3239 3183
3072 3461 3239 3183
3025 3433 3171 3222
3072 3461 3239 3183
3072 3461 3239 3183
3072 3461 3239 3183
3072 3461 3239 3183
3072 3461 3239 3183
3072 3461 3239 3183
3072 3461 3239 3183
3072 3461 3239 3183
3072 3461 3239 3183
3072 3461 3239 3183
3072 3461 3239 3183
3072 3461 3239 3183
3072 3461 3239 3183
3072 3461 3239 3183
3072 3461 3239 3183
3072 3461 3239 3183
3072 3461 3239 3183
3072 3461 3239 3183
3072 3461 3239 3183
3072 3461 3239 3183
3072 3461 3239 3183
3072 3461 3239 3183
3072 3461 3239 3183
3072 3461 3239 3183
3072 3461 3239 3183
3072 3461 3239 3183
3072 3461 3239 3183
3072 3461 3239 3183
3072 3461 3239 3183
3072 3461 3239 3183
3072 3461 3239 3183
3072 3461 3239 3183
3072 3461 3239 3183
3072 3461 3239 3183
3072 3461 3239 3183
3072 3461 3239 3183
3072 3461 3239 3183
3072 3461 3239 3183
3072 3461 3239 3183
3072 3461 3239 3183
3072 3461 3239 3183
3072 3461 3239 3183
3072 3461 3239 3183
3072 3461 3239 3183
3072 3461 3239 3183
3072 3461 3239 3183
3072 3461 3239 3183
3072 3461 3239 3183
3072 3461 3239 3183
3081 3407 3250 3120
3072 3461 3239 3183
3072 3461 3239 3183
3072 3461 3239 3183
3072 3461 3239 3183
3072 3461 3239 3183
3072 3461 3239 3183
3072 3461 3239 3183
3072 3461 3239 3183
3072 3461 3239 3183
3072 3461 3239 3183
3072 3461 3239 3183
3072 3461 3239 3183
3072 3461 3239 3183
3072 3461 3239 3183
3072 3461 3239 3183
3072 3461 3239 3183
3072 3461 3239 3183
3072 3461 3239 3183
3072 3461 3239 3183
3072 3461 3239 3183
3072 3461 3239 3183
3072 3461 3239 3183
3072 3461 3239 3183
3072 3461 3239 3183
3072 3461 3239 3183
3072 3461 3239 3183
3072 3461 3239 3183
3072 3461 3239 3183
3072 3461 3239 3183
3072 3461 3239 3183
3072 3461 3239 3183
3072 3461 3239 3183
3072 3461 3239 3183
3072 3461 3239 3183
3072 3461 3239 3183
3072 3461 3239 3183
3072 3461 3239 3183
3072 3461 3239 3183
3072 3461 3239 3183
3072 3461 3239 3183
3072 3461 3239 3183
3072 3461 3239 3183
3072 3461 3239 3183
3072 3461 3239 3183
3072 3461 3239 3183
3072 3461 3239 3183
3072 3461 3239 3183
3072 3461 3239 3183
3072 3461 3239 3183
3072 3461 3239 3183
3072 3461 3239 3183
3072 3461 3239 3183
3072 3461 3239 3183
3072 3461 3239 3183
3072 3461 3239 3183
3072 3461 3239 3183
2975 3423 3112 3191
3089 3079 2611 2991
3072 3461 3239 3183
2974 3477 3211 3150
3072 3461 3239 3183
3072 3461 3239 3183
3072 3461 3239 3183
3072 3461 3239 3183
3072 3461 3239 3183
2738 3604 2912 2957
3072 3461 3239 3183
3072 3461 3239 3183
3072 3461 3239 3183
3072 3461 3239 3183
3072 3461 3239 3183
3072 3461 3239 3183
3072 3461 3239 3183
3072 3461 3239 3183
3072 3461 3239 3183
2742 2947 3255 2769
3072 3461 3239 3183
3072 3461 3239 3183
3072 3461 3239 3183
3072 3461 3239 3183
3072 3461 3239 3183
3072 3461 3239 3183
3072 3461 3239 3183
3072 3461 3239 3183
3072 3461 3239 3183
3072 3461 3239 3183
3072 3461 3239 3183
3072 3461 3239 3183
3072 3461 3239 3183
3072 3461 3239 3183
3072 3461 3239 3183
3072 3461 3239 3183
3072 3461 3239 3183
3072 3461 3239 3183
3072 3461 3239 3183
3072 3461 3239 3183
3072 3461 3239 3183
3072 3461 3239 3183
3072 3461 3239 3183
3072 3461 3239 3183
3081 3407 3250 3120
3072 3461 3239 3183
3072 3461 3239 3183
2653 3012 3423 2895
3072 3461 3239 3183
3072 3461 3239 3183
3072 3461 3239 3183
3072 3461 3239 3183
3072 3461 3239 3183
3072 3461 3239 3183
3072 3461 3239 3183
3072 3461 3239 3183
3072 3461 3239 3183
3072 3461 3239 3183
3072 3461 3239 3183
2702 3159 3022 3286
3072 3461 3239 3183
3072 3461 3239 3183
3072 3461 3239 3183
3072 3461 3239 3183
3072 3461 3239 3183
3072 3461 3239 3183
3072 3461 3239 3183
3072 3461 3239 3183
3072 3461 3239 3183
3024 3423 3243 3203
3072 3461 3239 3183
3072 3461 3239 3183
3072 3461 3239 3183
3072 3461 3239 3183
3072 3461 3239 3183
3072 3461 3239 3183
3072 3461 3239 3183
3072 3461 3239 3183
3072 3461 3239 3183
3072 3461 3239 3183
3072 3461 3239 3183
3072 3461 3239 3183
3072 3461 3239 3183
3072 3461 3239 3183
3072 3461 3239 3183
3072 3461 3239 3183
3072 3461 3239 3183
3072 3461 3239 3183
3072 3461 3239 3183
3072 3461 3239 3183
3072 3461 3239 3183
3072 3461 3239 3183
3072 3461 3239 3183
3072 3461 3239 3183
3072 3461 3239 3183
3072 3461 3239 3183
3072 3461 3239 3183
3072 3461 3239 3183
3072 3461 3239 3183
3072 3461 3239 3183
3072 3461 3239 3183
3072 3461 3239 3183
3072 3461 3239 3183
3072 3461 3239 3183
3072 3461 3239 3183
3072 3461 3239 3183
3072 3461 3239 3183
3072 3461 3239 3183
3072 3461 3239 3183
3072 3461 3239 3183
3072 3461 3239 3183
3072 3461 3239 3183
3072 3461 3239 3183
3072 3461 3239 3183
3072 3461 3239 3183
3072 3461 3239 3183
3072 3461 3239 3183
3072 3461 3239 3183
3072 3461 3239 3183
3072 3461 3239 3183
3072 3461 3239 3183
3072 3461 3239 3183
3072 3461 3239 3183
3072 3461 3239 3183
3072 3461 3239 3183
3072 3461 3239 3183
3072 3461 3239 3183
3072 3461 3239 3183
3072 3461 3239 3183
3072 3461 3239 3183
3072 3461 3239 3183
3072 3461 3239 3183
3072 3461 3239 3183
3072 3461 3239 3183
3072 3461 3239 3183
3072 3461 3239 3183
3072 3461 3239 3183
3072 3461 3239 3183
3072 3461 3239 3183
3072 3461 3239 3183
3072 3461 3239 3183
3072 3461 3239 3183
3072 3461 3239 3183
3072 3461 3239 3183
3072 3461 3239 3183
3072 3461 3239 3183
3072 3461 3239 3183
3072 3461 3239 3183
3072 3461 3239 3183
3072 3461 3239 3183
3072 3461 3239 3183
3072 3461 3239 3183
3072 3461 3239 3183
3072 3461 3239 3183
3072 3461 3239 3183
3072 3461 3239 3183
3072 3461 3239 3183
3072 3461 3239 3183
2885 3223 3250 3016
3072 3461 3239 3183
3072 3461 3239 3183
3081 3407 3250 3120
3072 3461 3239 3183
3072 3461 3239 3183
3072 3461 3239 3183
3072 3461 3239 3183
3072 3461 3239 3183
