22896 84.7949
15630 16890 15984
15929 15631 16745
15533 16748 16529
16398 16217 15899
15839 16407 17075
15731 16673 15776
16174 15896 16723
15839 16407 17075
15929 15631 16745
16238 16046 16557
16238 16046 16557
16125 16388 16247
15994 16300 16392
15864 15934 16680
15630 16890 15984
16030 16512 16337
16125 16388 16247
15711 16414 16545
16377 16150 16086
15962 15927 16658
16030 16512 16337
16317 16275 16477
15533 16748 16529
16324 16205 16123
16030 16512 16337
16174 15896 16723
16377 16150 16086
16324 16205 16123
16163 16516 15802
16398 16217 15899
15533 16748 16529
15955 16436 16417
16174 15896 16723
15948 16612 15816
15819 16621 16163
15624 16509 16669
15918 16098 16674
15864 15934 16680
15765 16546 16366
16006 16590 16147
16138 16323 16219
15758 16620 16478
16317 16275 16477
15533 16748 16529
15583 16625 16427
16140 16356 16166
16030 16512 16337
16138 16323 16219
15583 16625 16427
16317 16275 16477
15918 16098 16674
15533 16748 16529
15819 16621 16163
15583 16625 16427
15583 16625 16427
16125 16388 16247
15765 16546 16366
15583 16625 16427
15624 16509 16669
16317 16275 16477
15731 16673 15776
15918 16098 16674
15839 16407 17075
15970 16131 16542
16377 16150 16086
16006 16590 16147
15970 16131 16542
15942 16500 16493
16174 15896 16723
16377 16150 16086
15765 16546 16366
15711 16414 16545
15839 16407 17075
16030 16512 16337
15765 16546 16366
15962 15927 16658
15765 16546 16366
15711 16414 16545
15948 16612 15816
16006 16590 16147
16163 16516 15802
15628 16486 16529
15839 16407 17075
15970 16131 16542
16377 16150 16086
15942 16500 16493
15583 16625 16427
15942 16500 16493
15970 16131 16542
16174 15896 16723
15918 16098 16674
15942 16500 16493
15942 16500 16493
15942 16500 16493
15948 16612 15816
15970 16131 16542
15864 15934 16680
15533 16748 16529
16030 16512 16337
16324 16205 16123
15962 15927 16658
15970 16131 16542
15948 16612 15816
15765 16546 16366
16324 16205 16123
15819 16621 16163
15583 16625 16427
15948 16612 15816
15583 16625 16427
16030 16512 16337
15583 16625 16427
16138 16323 16219
15819 16621 16163
15711 16414 16545
16030 16512 16337
15731 16673 15776
16377 16150 16086
15765 16546 16366
15628 16486 16529
15948 16612 15816
15765 16546 16366
15918 16098 16674
16324 16205 16123
16317 16275 16477
16377 16150 16086
16238 16046 16557
15533 16748 16529
15533 16748 16529
15533 16748 16529
15942 16500 16493
15765 16546 16366
15948 16612 15816
16174 15896 16723
15711 16414 16545
15948 16612 15816
16163 16516 15802
16174 15896 16723
15731 16673 15776
15864 15934 16680
15630 16890 15984
16174 15896 16723
15731 16673 15776
16398 16217 15899
15765 16546 16366
16140 16356 16166
15711 16414 16545
16398 16217 15899
16324 16205 16123
15948 16612 15816
15929 15631 16745
15918 16098 16674
15839 16407 17075
16030 16512 16337
15765 16546 16366
15942 16500 16493
15630 16890 15984
16140 16356 16166
15929 15631 16745
15731 16673 15776
15918 16098 16674
16317 16275 16477
15583 16625 16427
16324 16205 16123
15929 15631 16745
16238 16046 16557
15839 16407 17075
15839 16407 17075
16125 16388 16247
15765 16546 16366
15583 16625 16427
16317 16275 16477
15731 16673 15776
15918 16098 16674
15839 16407 17075
16377 16150 16086
15942 16500 16493
16174 15896 16723
15583 16625 16427
15765 16546 16366
15962 15927 16658
15711 16414 16545
15948 16612 15816
16163 16516 15802
15628 16486 16529
16377 16150 16086
15942 16500 16493
15970 16131 16542
15942 16500 16493
15929 15631 16745
15630 16890 15984
16030 16512 16337
16125 16388 16247
15711 16414 16545
15962 15927 16658
16317 16275 16477
15994 16300 16392
16324 16205 16123
16398 16217 15899
16238 16046 16557
15864 15934 16680
15948 16612 15816
15918 16098 16674
15864 15934 16680
16006 16590 16147
16138 16323 16219
16317 16275 16477
16140 16356 16166
15839 16407 17075
15918 16098 16674
15533 16748 16529
16398 16217 15899
15533 16748 16529
15942 16500 16493
16174 15896 16723
16163 16516 15802
16174 15896 16723
15731 16673 15776
15731 16673 15776
16398 16217 15899
15765 16546 16366
16140 16356 16166
15533 16748 16529
16324 16205 16123
15948 16612 15816
15929 15631 16745
15918 16098 16674
15839 16407 17075
15942 16500 16493
16140 16356 16166
15929 15631 16745
15918 16098 16674
15583 16625 16427
15583 16625 16427
15533 16748 16529
16030 16512 16337
16324 16205 16123
15962 15927 16658
15765 16546 16366
16324 16205 16123
15819 16621 16163
15583 16625 16427
15948 16612 15816
16030 16512 16337
16324 16205 16123
16138 16323 16219
15819 16621 16163
15711 16414 16545
16030 16512 16337
16377 16150 16086
15765 16546 16366
15918 16098 16674
16324 16205 16123
