751958 900.024
9169 8938
8389 9479
9047 9100
9169 8938
8503 9431
8841 9236
9047 9100
8824 9284
8936 9112
9169 8938
8841 9236
8930 9116
8389 9479
9047 9100
8734 9334
8665 9364
8833 9244
8927 9199
8688 9359
8824 9284
8806 9320
8389 9479
8503 9431
8927 9199
9047 9100
8806 9320
8841 9236
8503 9431
8665 9364
8806 9320
8665 9364
8679 9361
8936 9112
8930 9116
8930 9116
8927 9199
8930 9116
8688 9359
8927 9199
8806 9320
8927 9199
8389 9479
8806 9320
8806 9320
8841 9236
9169 8938
8930 9116
8806 9320
8389 9479
8930 9116
8806 9320
8927 9199
8806 9320
8927 9199
8930 9116
8927 9199
8927 9199
9047 9100
8665 9364
9169 8938
8389 9479
8806 9320
8389 9479
8930 9116
8930 9116
8389 9479
8930 9116
8389 9479
8806 9320
8389 9479
9169 8938
8930 9116
8927 9199
8930 9116
9169 8938
8389 9479
9169 8938
9169 8938
8930 9116
8503 9431
9169 8938
8927 9199
8806 9320
8806 9320
8389 9479
8927 9199
8806 9320
8927 9199
8688 9359
8930 9116
8927 9199
8930 9116
8930 9116
8679 9361
8665 9364
8806 9320
8665 9364
8503 9431
8841 9236
9047 9100
8927 9199
8389 9479
8806 9320
8824 9284
8927 9199
8389 9479
9169 8938
8936 9112
8503 9431
9169 8938
9047 9100
8389 9479
8389 9479
8930 9116
9169 8938
9169 8938
8927 9199
9169 8938
8389 9479
9169 8938
8389 9479
8930 9116
8389 9479
8930 9116
8930 9116
8389 9479
8806 9320
9169 8938
9169 8938
8665 9364
8927 9199
8927 9199
8930 9116
8927 9199
8927 9199
8806 9320
8930 9116
8389 9479
8930 9116
8622 9415
8734 9334
8665 9364
8930 9116
8503 9431
9047 9100
8665 9364
8930 9116
8927 9199
9169 8938
9169 8938
8927 9199
8503 9431
