3884 20.2796
4126 3499
3466 4001
3753 3885
4007 3662
3621 3932
3949 3708
3831 3820
4066 3580
3542 3964
3916 3743
3811 3855
4044 3609
3729 3900
3988 3674
3859 3806
4098 3520
3498 3982
3899 3765
3783 3860
4027 3625
3679 3916
3962 3688
3852 3813
4081 3532
3592 3956
3942 3723
3811 3855
4056 3588
3738 3891
4007 3662
3876 3785
4126 3499
3469 4000
3899 3765
3753 3885
4012 3636
3653 3926
3959 3703
3834 3818
4074 3561
3592 3956
3942 3723
3811 3855
4045 3608
3729 3900
3988 3674
3867 3790
4107 3513
3520 3971
3916 3743
3783 3860
4029 3615
3679 3916
3977 3683
3859 3806
4098 3520
3602 3937
3942 3723
3822 3825
4066 3580
3753 3885
4007 3662
3879 3770
4126 3499
3469 4000
3899 3765
3753 3885
4012 3636
3638 3927
3959 3703
3831 3820
4074 3561
3545 3958
3922 3728
3811 3855
4044 3609
3729 3900
3988 3674
3867 3790
4098 3520
3498 3982
3916 3743
3783 3860
4027 3625
3679 3916
3970 3683
3852 3813
4081 3532
3596 3945
3942 3723
3811 3855
4056 3588
3738 3891
4007 3662
3876 3785
4126 3499
3497 3989
3899 3765
3753 3885
4027 3625
3653 3926
3959 3703
3852 3813
4075 3560
3592 3956
3942 3723
3811 3855
4047 3594
3729 3900
4007 3662
3874 3786
4107 3513
3528 3968
3916 3743
3811 3855
4044 3609
3680 3904
3977 3683
3859 3805
4098 3520
3615 3933
3949 3708
3822 3825
4066 3580
3753 3885
4007 3662
3899 3765
4126 3499
3469 4000
3899 3765
3753 3885
4008 3639
3638 3927
3959 3703
3831 3820
4066 3580
3542 3964
3922 3728
3811 3855
4044 3609
3729 3900
3988 3674
3859 3805
4098 3520
3498 3982
3916 3743
3783 3860
4027 3625
3679 3916
3970 3683
3852 3813
4081 3532
