53089 480.036
9632 8685
8194 9936
9632 8685
9624 8743
8817 9707
9581 8830
9244 9350
8549 9850
8619 9811
8721 9768
9620 8758
8254 9935
8194 9936
8408 9904
9056 9522
9263 9320
9524 8963
9413 9136
8601 9826
8647 9810
8587 9829
9305 9286
9571 8865
8507 9866
8836 9698
9106 9490
8365 9907
9527 8942
8480 9872
8841 9686
8759 9747
9281 9309
8685 9776
9462 9064
8749 9755
9128 9456
8790 9720
8678 9785
8342 9921
8419 9903
9440 9080
9462 9064
9213 9372
9237 9358
9479 9041
9603 8778
9369 9197
9383 9183
9394 9158
9479 9041
8344 9919
9189 9406
9314 9245
8284 9929
8254 9935
8790 9720
8774 9738
8456 9883
8665 9795
8525 9861
8309 9924
8966 9601
9492 9021
8991 9584
8970 9597
9319 9242
9173 9423
9006 9571
8654 9796
8365 9907
9351 9216
9345 9241
9207 9392
8484 9868
8873 9667
8558 9833
9543 8940
9552 8919
9147 9451
9164 9437
9110 9477
9495 9000
9029 9563
9189 9406
9560 8904
9562 8878
8428 9886
8456 9883
8950 9611
8894 9656
8929 9620
9428 9122
9440 9080
9432 9100
9595 8797
9594 8823
8307 9926
9263 9320
9077 9514
8907 9647
9369 9197
9383 9183
8921 9633
9005 9573
9603 8778
9595 8797
9496 8996
9428 9122
9432 9100
9308 9265
9207 9392
9213 9372
8558 9833
8428 9886
9088 9499
9088 9499
9077 9514
9110 9477
8861 9681
8873 9667
8950 9611
9345 9241
9305 9286
9492 9021
9308 9265
8991 9584
8284 9929
8709 9774
9514 8977
8861 9681
8894 9656
8774 9738
9552 8919
9048 9537
9560 8904
9164 9437
9173 9423
9029 9563
9031 9543
9128 9456
9147 9451
9504 8982
9281 9309
9562 8878
9571 8865
9031 9543
9048 9537
8525 9861
8907 9647
8929 9620
8921 9633
9394 9158
