113209 2520.5
24717 22813 23509 23144
23394 22727 23021 24154
24281 23150 22953 23050
23479 21862 23532 24116
23402 22971 24347 22323
22993 23621 23690 22883
23600 21932 24769 23186
23600 21932 24769 23186
24717 22813 23509 23144
24397 22506 23513 23521
23841 22316 24209 23638
23890 23101 24160 22445
24105 23446 23178 22920
22987 22784 23861 23980
23936 22998 24085 22608
23566 22252 24644 22755
24163 22906 23826 22603
23776 22112 24572 23564
23292 22897 23326 23915
24143 23335 23817 23743
24189 22460 24150 23586
22829 22471 23445 24033
23108 23249 24505 23073
23713 22541 24013 23859
22987 22784 23861 23980
24394 22429 23795 22822
23710 23201 24289 22731
23076 22857 23072 23916
22769 23594 23619 23406
23514 22154 23636 24104
23402 22971 24347 22323
22987 22784 23861 23980
23555 23077 24034 23695
24341 23024 23218 22392
23208 23410 23420 23354
23788 23368 23717 22979
23155 22712 23772 23842
23292 22897 23326 23915
23529 22436 23905 23953
22829 22471 23445 24033
23292 22897 23326 23915
23479 21862 23532 24116
23566 22252 24644 22755
23553 22888 24556 23604
23391 22660 24531 23622
23643 22007 23500 24078
23763 23291 24144 23370
23044 23513 23642 23626
22829 22471 23445 24033
23490 22872 24744 23339
23875 22871 24113 23670
23566 22252 24644 22755
24066 22666 24173 23467
23495 22967 24266 23828
23108 23249 24505 23073
23208 23410 23420 23354
23479 21862 23532 24116
24189 22460 24150 23586
24281 23150 22953 23050
23643 22007 23500 24078
23713 22541 24013 23859
23243 22653 23970 24005
23957 22922 24404 23224
23805 22083 24376 23646
23596 23522 23587 23071
23084 23092 24229 23395
24273 22600 23670 23706
22769 23594 23619 23406
24321 22270 23491 24094
23514 22154 23636 24104
24163 22906 23826 22603
22987 22784 23861 23980
23566 22252 24644 22755
23692 22293 24536 23324
23645 23166 24277 23251
23980 22742 24352 23631
23084 23092 24229 23395
23805 22083 24376 23646
24394 22429 23795 22822
24341 23024 23218 22392
23495 22967 24266 23828
23643 22007 23500 24078
23957 22922 24404 23224
23875 22871 24113 23670
23460 23354 23723 23330
23462 23215 24184 23270
24241 22814 23793 23611
22769 23594 23619 23406
23805 22083 24376 23646
23788 23368 23717 22979
24131 22391 24162 23579
23208 23410 23420 23354
24341 23024 23218 22392
24281 22614 24075 23526
24189 22460 24150 23586
23229 22761 23701 23921
22993 23621 23690 22883
23490 22872 24744 23339
23763 23291 24144 23370
23576 22991 23964 23626
22987 22784 23861 23980
23672 23020 23673 23879
23791 22849 23043 23842
24105 23446 23178 22920
23511 23135 24145 23297
24281 22614 24075 23526
23596 23522 23587 23071
24241 22814 23793 23611
24045 22941 23941 23231
24321 22270 23491 24094
23936 22998 24085 22608
24085 23614 24292 22393
22829 22471 23445 24033
24009 22856 24030 23247
23044 23513 23642 23626
23766 22694 24488 22943
22769 23594 23619 23406
24397 22506 23513 23521
24066 22666 24173 23467
23645 23166 24277 23251
23980 22742 24352 23631
22769 23594 23619 23406
24273 22600 23670 23706
22987 22784 23861 23980
23163 23515 23778 23330
23163 23515 23778 23330
22993 23621 23690 22883
23596 23522 23587 23071
23766 22694 24488 22943
23763 23291 24144 23370
23076 22857 23072 23916
23617 23120 23919 23614
24281 23150 22953 23050
23229 22761 23701 23921
24066 22666 24173 23467
24143 23335 23817 23743
23084 23092 24229 23395
24717 22813 23509 23144
24143 23335 23817 23743
23890 23101 24160 22445
22987 22784 23861 23980
23514 22154 23636 24104
23394 22727 23021 24154
22829 22471 23445 24033
23238 23367 24201 22885
23672 23020 23673 23879
23391 22660 24531 23622
24397 22506 23513 23521
22987 22784 23861 23980
23692 22293 24536 23324
23805 22083 24376 23646
23076 22857 23072 23916
23607 23058 23916 23709
22693 22421 23477 24056
24321 22270 23491 24094
23479 21862 23532 24116
23229 22761 23701 23921
23805 22083 24376 23646
23643 22007 23500 24078
23479 21862 23532 24116
23594 22524 24410 23435
23594 22524 24410 23435
24045 22941 23941 23231
23638 22695 23738 23909
23638 22695 23738 23909
23596 23522 23587 23071
23638 22695 23738 23909
22987 22784 23861 23980
23596 23522 23587 23071
23243 22653 23970 24005
22769 23594 23619 23406
24273 22600 23670 23706
23710 23201 24289 22731
23672 23020 23673 23879
23957 22922 24404 23224
23495 22967 24266 23828
23936 22998 24085 22608
23297 22625 24188 23928
23460 23354 23723 23330
23672 23020 23673 23879
23596 23522 23587 23071
23566 22252 24644 22755
24717 22813 23509 23144
24009 22856 24030 23247
23462 23215 24184 23270
23529 22436 23905 23953
23576 22991 23964 23626
23805 22083 24376 23646
23566 22252 24644 22755
23890 23101 24160 22445
23763 23291 24144 23370
23155 22712 23772 23842
24066 22666 24173 23467
23643 22007 23500 24078
23238 23367 24201 22885
24281 23150 22953 23050
23805 22083 24376 23646
23788 23368 23717 22979
23713 22541 24013 23859
23805 22083 24376 23646
23791 22849 23043 23842
23514 22154 23636 24104
24085 23614 24292 22393
24143 23335 23817 23743
23596 23522 23587 23071
24163 22906 23826 22603
22993 23621 23690 22883
24009 22856 24030 23247
22769 23594 23619 23406
24281 23150 22953 23050
23292 22897 23326 23915
24066 22666 24173 23467
23208 23410 23420 23354
23394 22727 23021 24154
24281 23150 22953 23050
23462 23215 24184 23270
24341 23024 23218 22392
23479 21862 23532 24116
23776 22112 24572 23564
23394 22727 23021 24154
22993 23621 23690 22883
23460 23354 23723 23330
23402 22971 24347 22323
24321 22270 23491 24094
24241 22814 23793 23611
23529 22436 23905 23953
23980 22742 24352 23631
23710 23201 24289 22731
23617 23120 23919 23614
23607 23058 23916 23709
23292 22897 23326 23915
23643 22007 23500 24078
23713 22541 24013 23859
24717 22813 23509 23144
24397 22506 23513 23521
23460 23354 23723 23330
23776 22112 24572 23564
23617 23120 23919 23614
23643 22007 23500 24078
24009 22856 24030 23247
24717 22813 23509 23144
23596 23522 23587 23071
23229 22761 23701 23921
23791 22849 23043 23842
22829 22471 23445 24033
23763 23291 24144 23370
23763 23291 24144 23370
24717 22813 23509 23144
23600 21932 24769 23186
24717 22813 23509 23144
23044 23513 23642 23626
23555 23077 24034 23695
22829 22471 23445 24033
23936 22998 24085 22608
24085 23614 24292 22393
22987 22784 23861 23980
24281 23150 22953 23050
23108 23249 24505 23073
22993 23621 23690 22883
22829 22471 23445 24033
23490 22872 24744 23339
23514 22154 23636 24104
22993 23621 23690 22883
23766 22694 24488 22943
24394 22429 23795 22822
23391 22660 24531 23622
22693 22421 23477 24056
23553 22888 24556 23604
22769 23594 23619 23406
24241 22814 23793 23611
24163 22906 23826 22603
23766 22694 24488 22943
24241 22814 23793 23611
24397 22506 23513 23521
23394 22727 23021 24154
24241 22814 23793 23611
24394 22429 23795 22822
23479 21862 23532 24116
22693 22421 23477 24056
22769 23594 23619 23406
23490 22872 24744 23339
23672 23020 23673 23879
23495 22967 24266 23828
23402 22971 24347 22323
23208 23410 23420 23354
23672 23020 23673 23879
24131 22391 24162 23579
24281 23150 22953 23050
23084 23092 24229 23395
24189 22460 24150 23586
24105 23446 23178 22920
22987 22784 23861 23980
24717 22813 23509 23144
22829 22471 23445 24033
23841 22316 24209 23638
23957 22922 24404 23224
24717 22813 23509 23144
23600 21932 24769 23186
23297 22625 24188 23928
23460 23354 23723 23330
23566 22252 24644 22755
23791 22849 23043 23842
24009 22856 24030 23247
23155 22712 23772 23842
23617 23120 23919 23614
23776 22112 24572 23564
23805 22083 24376 23646
24397 22506 23513 23521
23710 23201 24289 22731
24085 23614 24292 22393
24163 22906 23826 22603
23607 23058 23916 23709
23617 23120 23919 23614
22993 23621 23690 22883
23980 22742 24352 23631
24241 22814 23793 23611
24321 22270 23491 24094
23402 22971 24347 22323
24066 22666 24173 23467
23566 22252 24644 22755
23394 22727 23021 24154
23479 21862 23532 24116
24281 23150 22953 23050
23766 22694 24488 22943
24394 22429 23795 22822
23672 23020 23673 23879
23462 23215 24184 23270
22829 22471 23445 24033
23672 23020 23673 23879
22987 22784 23861 23980
22769 23594 23619 23406
22693 22421 23477 24056
23692 22293 24536 23324
23805 22083 24376 23646
24241 22814 23793 23611
24717 22813 23509 23144
24397 22506 23513 23521
23076 22857 23072 23916
22987 22784 23861 23980
23607 23058 23916 23709
22693 22421 23477 24056
24397 22506 23513 23521
23553 22888 24556 23604
23391 22660 24531 23622
23766 22694 24488 22943
23479 21862 23532 24116
24143 23335 23817 23743
24045 22941 23941 23231
22829 22471 23445 24033
22993 23621 23690 22883
23638 22695 23738 23909
24273 22600 23670 23706
