389688 210.004
4122 3480
3753 3875
4089 3635
3964 3748
3753 3875
4103 3567
3826 3827
3794 3849
4112 3517
3977 3728
4103 3567
3932 3754
4112 3517
4010 3716
3856 3793
4033 3678
4122 3480
4062 3649
3794 3849
4010 3716
3918 3772
4042 3654
3887 3787
4062 3649
4020 3692
3918 3772
3977 3728
3928 3768
4042 3654
3826 3827
3794 3849
4011 3697
3964 3748
4103 3567
3918 3772
4020 3692
3888 3774
4103 3567
4033 3678
4062 3649
4010 3716
4122 3480
3932 3754
4011 3697
4103 3567
3794 3849
3887 3787
4062 3649
4011 3697
3928 3768
3928 3768
3887 3787
4011 3697
4020 3692
4010 3716
4062 3649
4103 3567
4062 3649
4011 3697
3753 3875
4103 3567
3928 3768
3826 3827
4033 3678
4011 3697
3928 3768
3826 3827
4122 3480
3826 3827
3826 3827
3826 3827
4062 3649
3977 3728
4112 3517
3856 3793
4103 3567
4042 3654
4122 3480
4103 3567
3753 3875
3826 3827
3826 3827
3928 3768
3826 3827
3826 3827
4062 3649
4062 3649
4062 3649
4089 3635
4103 3567
4010 3716
3856 3793
4042 3654
3887 3787
3794 3849
4103 3567
4011 3697
4010 3716
4062 3649
4033 3678
3826 3827
3918 3772
4103 3567
3964 3748
4011 3697
3794 3849
3826 3827
4062 3649
3928 3768
3977 3728
3918 3772
4020 3692
4062 3649
3887 3787
4122 3480
4033 3678
3856 3793
4112 3517
3932 3754
3977 3728
4112 3517
4112 3517
4010 3716
4103 3567
4062 3649
4062 3649
4062 3649
3826 3827
3928 3768
3826 3827
3826 3827
3753 3875
4122 3480
3753 3875
4103 3567
3856 3793
3856 3793
4062 3649
3826 3827
3826 3827
3928 3768
4011 3697
4033 3678
3826 3827
3753 3875
4062 3649
4103 3567
4062 3649
4010 3716
3843 3808
3928 3768
3794 3849
