28 1.66871
29464 30763 29593
29834 30425 29379
29495 30329 29854
29863 30055 29787
30073 29854 29280
29639 30311 29567
29905 29970 29361
29173 30031 29900
29139 30395 29804
29869 30415 28908
29510 30647 29190
29515 30553 29425
29384 30792 28925
29760 30137 29505
29315 30520 29612
29608 30151 29753
29547 30457 29403
29658 30109 29735
29075 30795 29080
29598 29931 29836
29557 30548 28806
29511 30349 29499
29583 29953 29823
29323 29953 29856
29547 30152 29574
30080 29891 28766
28987 30788 29207
29761 29793 29804
29296 30701 29469
29454 30223 29746
29431 29769 29822
29791 30016 29680
29299 30642 29511
29484 30265 29681
29833 29894 29591
29623 30197 29536
29410 30463 29346
29817 29558 29718
29673 30310 29365
29629 29913 29727
29661 30408 28982
29828 30009 29472
29799 30097 29163
29467 30375 29415
29637 30386 29101
29842 30130 28731
29215 30320 29559
29400 30589 28904
29706 30205 29239
29770 30061 29360
29329 29911 29762
29695 30297 29135
29502 29886 29744
29680 30319 29257
29401 30551 28937
29829 30024 28966
29001 29889 29768
29288 29773 29799
29535 29949 29698
29156 29812 29768
29936 29198 29258
28842 30021 29781
29850 29347 28657
29257 29797 29255
29376 30884 29225
29317 29570 29348
29221 30229 29112
29329 30228 28915
29263 30537 28951
29081 29821 28849
29363 29797 28585
29472 30126 29160
28914 30362 29267
29009 30332 29220
29066 29782 29121
29462 30377 29371
29068 30046 29488
28721 29779 29184
29384 29970 28657
29487 30121 28729
29105 30603 29126
28531 29880 28595
28968 30004 28665
29183 29744 29014
29423 30431 28758
28664 29893 28942
29113 29945 29156
29287 30472 28983
29306 29964 29245
28859 29928 28769
29076 30033 28752
29456 30028 29286
28970 29888 28844
29533 30179 29301
29149 30357 28822
28876 29991 29099
28694 30268 28767
29010 30373 29027
29394 30073 29268
29015 30308 29086
29061 30252 29519
29101 29849 28444
28985 30309 28983
29035 29907 29065
28870 29817 28841
29045 30432 29307
28512 30150 29418
29185 30238 28857
29412 30436 29554
29068 30344 28857
29091 29850 29157
28901 30452 29255
28899 30067 29089
28865 30080 28878
29346 29881 29103
29168 30139 29393
28957 30176 29064
29446 30054 29137
29219 30366 29173
29040 30284 29050
28660 30206 29388
29075 30486 29128
28865 30265 28936
29008 30073 29425
29016 30398 29202
28993 30291 28706
29073 30632 29194
29390 29848 29467
29332 30234 29555
28904 30338 29674
29309 29901 29058
28791 30136 28702
29333 30510 29417
29244 30383 29056
28789 30240 29068
28974 30218 29177
29617 30146 28798
29171 30192 28910
29178 30074 29244
29274 30305 29253
28879 29931 28682
29191 30224 29241
28930 30050 29231
29275 30271 28916
28745 30113 28959
29239 30287 28948
28970 30149 29243
29335 30537 29226
29379 30104 29622
29084 30148 29617
29314 30748 29745
29285 30127 29350
28844 30146 28922
29190 29746 28630
29165 30304 28937
29181 30646 29232
29592 29710 29270
29551 30479 29177
29260 30906 29178
29103 30142 29061
29051 30017 29235
29170 30201 29305
28966 30063 28858
28816 30301 28930
29274 30086 28990
29565 29679 29328
29033 29793 28678
29452 29556 29356
29326 30036 28922
29436 30399 29437
29126 30382 29038
29604 29949 28968
29156 30229 28976
28769 30179 28878
28825 30038 29357
29168 30377 29266
29314 30303 29321
29406 30351 29082
29212 30512 28932
29265 29598 28599
28984 30075 29243
29311 29883 29325
29181 30239 28800
29294 29963 29213
28934 29823 28531
29008 29713 29052
29309 30474 29178
29329 30205 29403
29050 30128 28615
29385 29916 28992
29234 30176 28818
29061 29803 29061
29007 29820 29176
29072 30083 28481
29181 30333 29412
28926 30011 28974
29112 29772 28585
29433 30113 29228
29157 29821 28998
28974 29969 28842
29102 30038 29077
29044 29631 28698
28783 29951 29256
28988 29829 28945
29052 30541 29182
29494 30346 29411
28930 29862 28826
29143 29224 29128
29467 29834 29078
29258 30594 29505
29031 30044 29246
29026 30374 29506
29315 30332 28945
29126 30105 29124
29107 30178 29128
28642 30601 29306
29249 30508 29190
28908 30131 28909
28918 29275 28673
28840 30189 29185
29297 30770 29324
29347 30303 29196
29409 29437 28989
29045 30138 28942
29155 29818 29032
28827 29788 28875
29401 30201 28910
28881 29740 28885
29408 30577 29046
29287 30232 29501
28899 30090 29249
29222 30321 29423
28869 30145 29081
29329 30252 29307
29315 30014 29537
29187 29906 29059
29074 30118 29011
28963 30034 29481
29435 30381 29159
29252 30161 29107
29332 30050 29140
28744 29836 28861
29658 29862 29310
29109 30463 29528
29237 30122 28871
28914 30151 29221
29212 29507 29064
29467 29780 29346
29133 30075 29205
29420 29996 29127
29152 30177 28976
29403 29639 29602
29100 30142 29568
28899 29602 28667
29243 30552 29151
29303 30014 28976
29265 30365 29337
29162 29811 28550
28871 30088 29206
29299 29964 29388
29023 29837 28906
29026 29893 28831
28994 30073 28684
29298 29863 28695
29379 30012 29066
29450 30200 28960
29183 29611 29341
28867 29831 28894
29038 30190 28935
29266 29925 28902
29063 30059 29037
29197 30237 29114
29381 30129 29422
29305 30135 29247
29647 30183 29679
28944 29858 29105
28713 29565 28954
28977 30462 28816
29220 29971 29059
29058 30310 28696
29124 29996 28938
29136 30185 29272
29263 30225 29191
29259 30284 29264
28820 30259 29028
28720 29736 28489
29100 29978 29133
29417 29827 29253
29419 29793 29511
29633 29852 29219
28855 29569 28705
29496 30217 29212
29571 30114 29175
28818 29881 28853
29230 30140 29406
29189 30166 29064
28986 30098 28892
29730 30182 29216
29301 29570 28999
29432 29920 29183
