46773 1170.5
17968 18181
18040 18121
18085 18031
17832 18200
17996 18138
18177 17929
17860 18196
18109 17994
18097 18012
18205 17872
18243 17842
18061 18059
18133 17981
18242 17846
18120 17986
17914 18183
18092 18016
18226 17847
17877 18191
18064 18053
18134 17976
18202 17879
18288 17731
17783 18225
18155 17965
18068 18048
18155 17965
17999 18132
17999 18132
18068 18048
18070 18034
18251 17770
18050 18104
17898 18190
18201 17922
18070 18034
18201 17922
18050 18104
18251 17770
18070 18034
18070 18034
17898 18190
18127 17951
18083 18030
18041 18093
18067 18046
18047 18083
18092 17996
18057 18058
18133 17911
18096 17981
18018 18107
17974 18135
18004 18116
17960 18154
17995 18122
17986 18126
17961 18146
18019 18100
17977 18128
18098 17953
18152 17892
17951 18169
17496 17731
17640 17942
17511 17672
17750 17771
17739 17804
17515 17617
17478 17578
17781 17734
17547 17666
17699 17858
17528 17587
17700 17683
17553 17876
17565 17881
17860 17997
17879 17945
17799 18021
17747 17719
17539 17782
17630 17954
17748 17622
17658 17703
17708 17969
17502 17824
17625 17549
17648 17808
17812 18010
17969 17890
17509 17644
17826 18021
17641 17721
17562 17922
17458 17598
17775 17943
17741 17747
17853 17637
17675 17908
17619 17995
17533 17645
17577 17653
17569 17727
17603 17898
17350 17508
17891 17951
17406 17528
17950 17934
17788 17740
17739 17733
17818 17958
17783 17832
17690 17826
17626 17832
17651 17729
17662 17895
17848 17688
17722 17925
17857 17989
17794 17941
17823 18049
17870 17995
17446 17785
17634 17464
17792 18052
17644 17480
17810 17767
17765 17999
17556 17600
17677 17671
17899 17951
17777 17995
17796 17858
17734 17889
17570 17668
17738 17870
17776 17665
17775 18121
17543 17868
17879 17839
17676 17710
17829 17732
17570 17626
17726 17881
17772 17784
17594 18074
17634 17926
17673 17765
17719 17812
17679 17745
17775 17746
17599 17925
17814 17827
17753 17818
17730 17821
17895 17652
17853 17853
17750 18047
17605 17815
17589 17907
17718 17891
17700 18003
17550 17745
17702 17711
17444 17698
17861 17624
17868 18170
17747 17736
17716 18023
17772 17827
17785 17907
17744 17789
17712 17908
17537 17822
17821 17929
17625 17888
17458 17763
17727 18079
17871 17814
17566 17776
17601 17736
17737 17736
17787 17912
17650 17819
17767 17860
17750 18008
17660 17933
17721 17888
17625 17725
17846 17864
17685 17859
17763 17806
17229 17516
17800 17735
17745 18020
17732 17893
17685 17819
17875 17979
17836 17896
