8921 960.832
16052 16805 16714 15873
16077 16469 16738 16046
16142 16485 16726 15951
16204 16256 16642 16038
15751 16430 17050 16042
15903 16744 16558 15967
15791 16354 16767 16168
15714 16556 17066 15874
15917 16334 17088 15876
15809 16386 17122 15860
16150 16591 16514 15883
16020 16276 16906 15965
15860 16872 16484 15855
15829 16470 17015 15908
15702 16293 17160 15981
15980 16546 16694 16051
16025 16472 16814 15908
16171 16304 16783 15806
15929 16635 16771 15902
16067 16341 16820 15949
16009 16316 16698 16088
15889 16380 16823 16059
15812 16369 16882 16078
15921 16596 16926 15714
15711 16478 16843 16096
15839 16474 16605 16158
15902 16773 16750 15809
16207 16369 16587 15823
15870 16652 16717 15948
16015 16404 16938 15750
15881 16399 16649 16149
15889 16387 17026 15906
15951 16513 16628 16085
15973 16287 17102 15718
15822 16320 17038 15973
15743 16600 16652 16056
16065 16555 16623 15952
15892 16499 16634 16124
15886 16544 16863 15855
15856 16568 16708 16050
16241 16457 16543 15691
15766 16647 16875 15788
16028 16649 16542 15922
15874 16535 16535 16124
15758 16724 16839 15754
15742 16694 16770 15911
16081 16584 16706 15819
15954 16364 16948 15853
15842 16822 16665 15772
15821 16901 16619 15675
15874 16553 16743 16002
15912 16443 16969 15815
16085 16769 16533 15712
15927 16496 16866 15872
16221 16377 16632 15711
15914 16322 16939 15950
16118 16437 16744 15769
16133 16399 16587 15958
16148 16404 16706 15795
15634 16358 16373 16227
15755 16200 17194 15649
15821 16901 16619 15675
16362 16133 16510 15724
15869 16467 16657 15599
15768 16185 16561 15734
15791 16320 16408 15738
15516 16350 16234 15250
15798 16355 16281 15594
15770 16235 16458 15655
15565 16339 16113 15457
15724 16382 16406 15585
15610 16330 16470 15677
15463 16253 16300 15457
15686 16365 16470 15648
15919 16624 16521 15531
15612 16282 16485 15669
15699 16353 16398 15800
15510 16311 16015 15136
15855 16391 16469 15573
15849 16197 16550 15602
15785 16106 16233 15547
15808 16469 16333 15671
15640 15925 16118 15610
15794 16397 16414 15524
15560 16214 16588 15534
15569 16207 16355 15468
15589 16198 16362 15307
15959 16368 16543 15874
15613 16296 16583 15465
15847 16342 16444 15451
15615 16222 16193 15451
15617 16345 16362 15339
15469 16187 16258 15423
15607 16266 16315 15360
15725 16491 16336 15671
15583 16359 16296 15456
15778 16317 16610 15781
15675 16372 16388 15455
15824 16472 16493 15648
15724 16207 16454 15630
15669 16266 16355 15622
15730 16293 16493 15493
15730 16220 16422 15724
15599 15989 16297 15609
15677 16284 16520 15837
15452 16301 16221 15387
15791 16518 16563 15642
15622 16059 16427 15778
15826 16613 16575 15670
15689 16294 16375 15759
15823 16124 16166 15441
15673 16413 16453 15560
15504 15912 16458 15646
15730 16265 16443 15647
15286 16179 16209 15314
15921 16429 16332 15655
15563 16167 16216 15332
15747 16289 16352 15703
15826 16316 16433 15754
15752 16225 16619 15862
15664 16318 16361 15474
15536 16356 16162 15419
15586 16392 16449 15276
15744 16338 16498 15372
15765 16109 16523 15657
15721 16333 16317 15549
15790 16313 16201 15639
15471 16288 16344 15287
15491 16311 16267 15638
15602 16442 16467 15474
15619 16084 16287 15484
15672 16336 16627 15642
15543 16188 16352 15551
15844 16335 16467 15656
15697 16381 16197 15550
15743 16484 16603 15606
15722 16425 16757 15647
15104 15871 16075 15272
15623 16150 16586 15543
15741 16163 16447 15657
15684 16355 16427 15894
15843 16093 16692 15770
15625 16156 16337 15659
15791 16260 16464 15571
15741 16176 16274 15539
15658 16065 16043 15544
15789 16459 16423 15496
15693 16293 16631 15679
15476 16043 16306 15327
15695 16189 16381 15721
15875 16325 16330 15774
15693 16403 16572 15513
15604 16423 16223 15565
15796 16308 16448 15733
15801 16178 16428 15622
15583 15908 16198 15441
15786 16122 16428 15743
15798 16240 16348 15745
15422 16354 16462 15336
15614 16099 16345 15551
15930 16297 16455 15547
15502 16224 16189 15408
15625 16586 16557 15612
15913 16444 16433 15706
15773 16415 16617 15639
15609 16360 16567 15487
15886 16463 16469 15683
15810 16509 16600 15576
15167 15852 15965 15067
15789 16451 16442 15627
15819 16432 16228 15685
15707 16410 16354 15541
15778 16379 16379 15764
15630 16163 16562 15569
15920 16207 16614 15763
15562 16442 16362 15649
15648 16321 16322 15808
15828 16247 16241 15490
15802 16320 16446 15590
15656 16246 16563 15476
15979 16243 16601 15724
15734 16405 16707 15873
15852 15951 16490 15572
15363 16194 16299 15458
15520 16074 16340 15624
15706 16058 16312 15546
15714 16430 16621 15583
15769 16411 16423 15681
15599 16324 16540 15598
15683 16229 16288 15308
15994 16529 16623 15764
15565 16079 16253 15482
15716 16301 16417 15711
15797 16351 16368 15831
15739 16211 16320 15725
15583 16358 16343 15552
15626 16321 16301 15754
15656 16221 16326 15418
15727 16220 16302 15617
15526 16219 16462 15466
15736 16310 16399 15713
15748 16299 16415 15464
15482 15987 16405 15684
15964 16277 16556 15787
15808 16477 16519 15530
15521 16311 16275 15261
15700 16407 16716 15577
15591 16218 16320 15630
15489 16396 16287 15350
15738 16256 16465 15537
15827 16407 16460 15608
15317 16014 16147 15194
15534 16180 16266 15559
15897 16204 16455 15648
15651 16409 16542 15552
15805 16368 16263 15565
15852 16278 16523 16013
15856 16483 16410 15681
15820 16109 16348 15521
15817 16384 16485 15536
15715 16098 16361 15493
15848 16424 16317 15541
15669 16090 16358 15381
15682 16406 16377 15639
15434 16201 16030 15251
15555 16278 16357 15501
15640 15855 16380 15469
15862 16367 16589 15719
15693 16454 16318 15583
15739 16206 16338 15520
15716 16128 16498 15487
15816 16118 16452 15684
15789 16027 16410 15779
15721 16548 16494 15715
16021 16380 16462 15896
15154 15992 15947 15192
15579 16204 16178 15505
15896 16585 16622 15708
15417 16056 16287 15635
15668 16152 16475 15781
15509 16170 16279 15203
15857 16160 16631 15702
15827 16686 16403 15697
16001 16418 16412 15499
15817 16346 16559 15728
15683 16166 16362 15620
15550 16238 16287 15668
15741 16249 16346 15455
15689 16398 16556 15576
15584 16304 16446 15454
15721 16297 16333 15590
15565 16502 16406 15404
15752 16333 16386 15738
15814 16347 16562 15659
15676 16529 16352 15453
15427 16284 16287 15572
15593 16444 16352 15391
15470 16164 16377 15552
15846 16465 16256 15706
15571 16432 16607 15571
15638 16372 16375 15466
15845 16532 16355 15637
15523 16157 16281 15465
15806 16306 16450 15889
15879 16359 16617 15709
15932 16329 16466 15686
15610 16268 16304 15434
15699 16254 16401 15744
15426 16407 16335 15481
15733 16415 16413 15619
15625 16352 16482 15821
15828 16331 16419 15584
15704 16246 16246 15365
15736 16231 16569 15716
15609 16366 16192 15404
15717 16374 16367 15467
15399 16475 16144 15533
15394 16079 16317 15441
15253 16281 16315 15479
15793 16176 16198 15648
15529 16448 16532 15300
15769 16343 16283 15928
15630 16230 16226 15415
15771 16409 16155 15578
15968 16400 16415 15696
15790 16096 16366 15545
15778 16197 16533 15660
15555 16145 16433 15455
15742 16419 16397 15384
15830 16346 16424 15660
15666 16322 16658 15673
15514 16292 16259 15477
15621 16053 16479 15589
15747 16369 16540 15679
15446 16351 16320 15592
15751 16400 16568 15643
15665 16282 16541 15617
15549 16239 16284 15340
15718 16216 16517 15471
15737 16199 16317 15519
15510 16359 16264 15585
15623 16421 16286 15454
15845 16387 16297 15561
15560 16223 16250 15556
15654 16197 16328 15545
15791 16500 16479 15791
15892 16430 16567 15656
15812 16494 16617 15715
15797 16068 16652 15789
15802 16278 16502 15620
15472 16416 16404 15315
15826 16402 16372 15608
15517 16258 16232 15321
15570 16167 16180 15562
15786 16198 16333 15573
15792 16192 16244 15743
15671 16626 16441 15573
15894 16520 16437 15675
15602 16356 16320 15591
15854 16459 16276 15574
15750 16415 16447 15656
15759 16319 16573 15337
15942 16087 16475 15705
15670 16341 16427 15520
15300 16050 16156 15111
15642 16264 16280 15607
15773 16359 16595 15597
15719 16581 16460 15695
15698 16190 16452 15375
15821 16475 16451 15735
15131 15891 15976 15068
15749 16305 16380 15575
15559 16327 16414 15497
15711 16236 16274 15690
15318 16136 16202 15199
15681 16493 16599 15688
15640 16106 16339 15663
15715 16383 16521 15642
15823 16454 16575 15633
15715 16475 16476 15585
15544 16265 16272 15462
15626 16321 16297 15538
15625 16239 16339 15518
15815 16413 16357 15671
15694 16310 16408 15536
15685 16456 16439 15562
15446 16239 16086 15341
15755 16266 16599 15564
15881 16377 16367 15555
15835 16342 16437 15626
15657 16164 16558 15647
15683 16391 16483 15374
15914 16210 16493 15542
15727 16320 16364 15487
15686 16520 16232 15690
15730 16467 16505 15641
15810 16351 16360 15897
15648 16457 16697 15623
15691 16088 16421 15575
15772 16337 16297 15691
15866 16122 16421 15745
15710 16194 16258 15616
15384 16036 16268 15335
15805 16401 16521 15529
15761 16497 16433 15559
15711 16014 16494 15521
15565 16050 16220 15329
15814 16336 16351 15514
15976 16111 16425 15817
15729 16042 16366 15712
15853 16314 16378 15766
15700 16187 16450 15490
15615 16299 16501 15666
15687 16374 16419 15454
15735 16408 16343 15503
15707 16280 16283 15761
15684 16392 16495 15513
15659 16351 16504 15580
15633 16405 16409 15533
15817 16146 16461 15600
16030 16662 16480 15638
15520 15972 16124 15440
15762 16319 16596 15815
15579 16292 16225 15312
15816 16276 16527 15826
15770 16465 16442 15807
15605 16225 16296 15505
15756 16393 16532 15533
15702 16356 16386 15776
15508 16283 16261 15280
15663 16152 16513 15550
15561 16094 16368 15652
15723 15881 16414 15517
15631 16272 16509 15430
15831 16163 16532 15975
15824 16253 16452 15440
15549 16222 16465 15338
15694 16392 16515 15495
15791 16466 16328 15385
15729 16314 16256 15464
15472 16383 16292 15453
15729 16212 16443 15676
15552 16045 16358 15464
15805 16156 16426 15810
15883 16327 16194 15488
15380 16333 16266 15325
15549 16437 16138 15482
15755 16302 16266 15737
15625 16404 16623 15619
15946 16546 16427 15683
15721 16271 16507 15449
15715 16207 16515 15664
15609 16116 16294 15664
15717 16344 16515 15565
15688 16347 16290 15499
15688 16205 16412 15743
15618 16443 16446 15593
15706 16290 16374 15546
15673 16227 16271 15530
15943 16376 16499 15528
15219 16239 16026 15145
15443 16109 16312 15383
15753 16174 16459 15536
15790 16197 16615 15686
15585 16300 16368 15584
15700 16342 16409 15528
15611 16270 16387 15659
15807 16366 16217 15823
15430 16372 16420 15575
15565 16307 16400 15605
15929 16040 16557 15490
15733 16265 16543 15856
15729 16470 16441 15389
15413 16005 16263 15527
15479 16281 16538 15674
15622 16278 16375 15389
15712 16174 16369 15470
15577 16350 16595 15603
15483 16256 16347 15248
15636 16252 16388 15517
15514 16001 16331 15512
15736 16176 16299 15408
15659 16343 16401 15806
15739 16400 16608 15884
15676 16329 16536 15813
15471 16331 16395 15617
15819 16566 16572 15675
15883 16486 16525 15748
15451 16097 16366 15617
15532 16063 16275 15265
15712 16440 16585 15451
15668 16033 16521 15669
15855 16319 16459 15357
15932 16266 16650 15499
15560 16209 16482 15563
15742 16323 16348 15647
15899 16313 16354 15740
15763 16104 16289 15531
15896 16428 16330 15684
15798 16225 16292 15474
15416 16201 16482 15502
15892 16203 16523 15578
15534 16244 16175 15560
15488 16123 16233 15422
15511 16148 16429 15509
15763 16389 16634 15686
15746 15999 16469 15438
15855 16495 16492 15560
15767 16058 16405 15379
15722 16341 16370 15619
15906 16240 16518 15597
15585 16167 16343 15573
15899 15942 16378 15686
15657 16287 16172 15579
15658 16340 16267 15625
15703 16159 16597 15723
15751 16025 16275 15703
15804 16432 16502 15508
15779 16474 16464 15685
15781 16375 16542 15630
15717 16323 16412 15642
15647 16303 16205 15374
15447 16180 16182 15284
15790 16383 16728 15750
15574 16182 16469 15558
15863 16224 16468 15763
15675 16291 16319 15307
15484 16124 15942 15223
15536 16188 16412 15514
15475 16026 16191 15498
15828 16075 16486 15654
15727 16326 16407 15433
15807 16310 16286 15594
15649 16226 16465 15690
15680 16172 16309 15521
15707 16323 16266 15314
15369 16128 16195 15444
15472 16174 16277 15239
15747 16251 16342 15689
15494 16239 16381 15409
15922 16448 16448 15743
15561 16291 16325 15514
15872 16294 16434 15526
15642 16299 16235 15296
15786 16222 16481 15782
15704 16510 16601 15674
15626 16385 16218 15506
15780 16479 16413 15791
15760 16291 16486 15478
15603 16283 16518 15627
15864 16194 16593 15779
15775 16369 16346 15573
15828 16424 16394 15544
15748 16372 16502 15667
15687 16302 16570 15596
15797 16228 16349 15589
15692 16032 16429 15799
15786 16343 16418 15473
15757 16355 16487 15463
15755 16269 16403 15663
15719 16056 16519 15755
15661 16341 16666 15592
15448 16283 16518 15551
15723 16508 16397 15617
15779 16642 16535 15617
15777 16506 16481 15831
15520 16157 16395 15506
15816 16132 16342 15433
15686 16130 16361 15719
15763 16241 16425 15822
15624 16047 16243 15632
15526 16109 16500 15480
15417 16147 16087 15324
15613 16293 16436 15632
15753 16517 16461 15751
15311 15794 16089 15305
15712 16228 16451 15602
15823 16220 16255 15642
15867 16365 16544 15789
15471 16232 16188 15385
15232 15793 16071 15394
15636 16151 16367 15376
15773 16494 16520 15640
15679 16384 16306 15747
15852 16189 16398 15700
15757 16427 16386 15556
15701 16400 16523 15524
15865 16561 16403 15717
15704 15960 16334 15668
15729 16299 16242 15639
15783 16266 16297 15618
15690 16080 16317 15893
15677 16097 16499 15508
15828 16287 16638 15660
15895 16337 16319 15579
15660 16224 16303 15525
15798 16397 16432 15519
15769 16278 16437 15635
15453 16297 16258 15604
15782 16127 16446 15652
15860 16296 16552 15599
15489 16450 16350 15402
15819 16393 16490 15736
15656 16032 16154 15375
15652 16422 16424 15614
15780 16510 16476 15525
15651 16402 16178 15611
15586 16293 16431 15537
15625 16206 16497 15730
15541 16403 16323 15482
15693 16184 16263 15443
15583 16379 16431 15446
15657 16444 16690 15706
15813 16037 16457 15726
15518 16278 16395 15783
15759 16440 16469 15669
15615 16357 16293 15402
15600 16274 16475 15564
15791 16207 16360 15763
15798 16441 16405 15626
15666 16082 16449 15576
15829 16466 16576 15741
15728 16402 16373 15624
15444 16500 16332 15473
15870 16282 16550 15503
15727 16282 16466 15687
15727 16346 16308 15381
15814 16498 16491 15698
15954 16144 16416 15647
15731 16308 16456 15572
15658 16446 16452 15637
15839 16193 16376 15536
15292 16159 16373 15415
15819 16381 16378 15565
15715 16250 16481 15569
15630 16144 16428 15860
15767 16380 16298 15640
15761 16355 16419 15606
15663 16220 16224 15593
15580 15870 16393 15531
15769 16253 16485 15500
15456 16272 16182 15536
15756 16291 16326 15337
15573 16277 16454 15607
15722 16240 16209 15376
16049 16363 16530 15842
15752 16443 16578 15584
15855 16396 16540 15521
15683 16395 16377 15578
15855 16472 16451 15634
15724 16293 16298 15342
15658 16286 16609 15538
15752 16427 16287 15699
15661 16273 16179 15396
15596 16327 16355 15293
15712 16225 16190 15410
15603 16374 16389 15498
15722 16330 16320 15668
15769 16287 16492 15701
15750 16577 16415 15821
15702 16460 16352 15705
15424 16190 16191 15242
15511 16048 16119 15312
15819 16226 16518 16043
15537 16058 16266 15408
15698 16280 16460 15744
15817 16255 16253 15569
15652 16381 16373 15649
15626 16380 16381 15778
15894 16364 16460 15577
15368 16370 16339 15459
15684 16405 16510 15468
15322 16328 16174 15238
15685 16275 16470 15723
15751 16281 16341 15793
15455 16205 16260 15496
15744 16390 16495 15735
15853 16309 16349 15518
15768 16340 16356 15738
15674 16367 16691 15537
15886 16317 16546 15730
15701 16286 16306 15668
15968 16441 16581 15667
15679 16457 16487 15725
15534 16208 16497 15633
15651 16202 16479 15688
15749 16253 16354 15570
15619 16379 16331 15451
15453 16154 16183 15387
15693 16240 16640 15625
15746 16405 16362 15397
15600 15960 16349 15463
15650 16011 16402 15735
15724 16253 16406 15716
15659 16372 16441 15603
15745 16384 16189 15730
15823 16221 16611 15813
15842 16430 16437 15441
15764 16231 16582 15619
15682 16360 16366 15564
15710 16156 16362 15817
15926 16309 16464 15554
15665 16411 16385 15566
15702 16265 16550 15575
15771 16556 16388 15858
15344 16083 16218 15165
15604 16428 16419 15396
15528 16337 16068 15450
15766 16492 16482 15664
15544 16079 16238 15480
15520 16213 16109 15248
15645 16173 16376 15479
15877 16321 16516 15663
15754 16138 16351 15472
15713 16368 16410 15818
15600 16463 16428 15599
15888 16334 16542 15663
15657 16292 16590 15492
15734 16163 16413 15529
15768 16520 16334 15628
15697 16388 16435 15472
15824 16482 16386 15566
15741 16347 16330 15652
15790 16388 16452 15502
15633 16113 16304 15495
15469 16147 16134 15223
15761 16418 16401 15772
15661 16346 16511 15516
15615 16420 16458 15675
15474 16121 16359 15334
15602 16183 16229 15517
15867 16235 16601 15698
15721 16077 16502 15895
15685 16351 16627 15550
16005 16320 16454 15894
15372 16222 16176 15392
15550 16120 16111 15347
15571 16282 16372 15213
15619 16261 16421 15544
15772 16256 16545 15583
15804 16508 16639 15737
15497 16198 16388 15691
15977 16426 16420 15522
15617 16078 16045 15754
15590 16367 16495 15644
15570 16294 16644 15417
15726 16124 16472 15416
15713 16275 16542 15506
15688 16290 16232 15584
15677 16326 16305 15677
15675 16578 16524 15505
15715 16267 16502 15736
15669 16432 16356 15651
15636 16206 16585 15450
15601 16170 16247 15516
15650 16473 16308 15455
15859 16308 16370 15575
15771 16185 16430 15471
15625 16133 16268 15629
15343 15943 16238 15424
15663 16375 16325 15603
15736 15961 16707 15768
15723 16334 16488 15801
15916 16433 16281 15669
15715 16254 16476 15513
15791 16506 16410 15672
15362 16186 16002 15242
15625 16254 16504 15579
15692 16320 16274 15360
15549 16143 16581 15513
15601 16349 16395 15588
15744 16419 16498 15661
15769 16380 16209 15453
15549 15982 16466 15609
15586 16059 16399 15451
15571 16101 16149 15382
15757 16388 16530 15530
15863 16265 16367 15622
15470 16327 16120 15436
15738 16273 16358 15540
15625 16041 16229 15393
15872 16169 16536 15777
15488 15871 15937 15211
15853 16471 16688 15587
15514 16298 16098 15435
15872 16420 16451 15607
15695 16410 16447 15567
15330 16315 16249 15347
15765 16071 16418 15802
15558 16296 16587 15530
15763 16460 16673 15698
15871 15994 16485 15602
15664 16339 16359 15471
15779 16428 16495 15692
15821 16444 16520 15538
15893 16478 16560 15466
15648 16344 16534 15818
15615 16242 16243 15479
15520 16081 16473 15414
15758 16251 16498 15761
15941 16475 16637 15680
15657 16509 16548 15656
15667 16324 16276 15528
15794 16222 16243 15464
15798 15991 16513 15798
15758 16369 16444 15518
15640 16466 16473 15655
15609 16183 16273 15437
15516 16145 16278 15381
15453 16198 16801 15762
15878 16296 16475 15684
15718 16156 16280 15697
15694 16497 16499 15432
15824 16099 16315 15606
15825 16310 16372 15557
15819 16331 16543 15762
15721 16344 16388 15549
15693 16188 16297 15699
15851 16343 16452 15701
15734 16541 16517 15631
15926 16190 16526 15742
15751 15987 16452 15757
15714 16204 16370 15486
15836 16349 16352 15619
15759 16467 16613 15683
15920 16486 16439 15636
15583 16340 16367 15542
15835 16469 16491 15747
15875 15996 16445 15833
15428 16265 16208 15372
15579 16268 16237 15439
15784 16193 16562 15695
15653 16338 16417 15586
15673 16202 16231 15706
15466 16454 16251 15401
15747 16198 16379 15550
15579 16155 16167 15797
15423 16285 16055 15052
15890 16458 16656 15639
15783 16491 16293 15560
15889 16553 16423 15732
15516 16288 16506 15472
15734 16220 16429 15620
15706 16338 16375 15456
15630 16431 16481 15675
15567 16456 16453 15542
15632 16347 16285 15563
15706 16243 16245 15545
15646 16275 16442 15471
15703 16253 16268 15653
15608 16262 16392 15582
15836 16219 16457 15773
15900 16206 16715 15687
15780 16441 16419 15609
15694 16444 16552 15592
15843 16363 16267 15722
15594 16389 16388 15613
15864 16091 16584 15736
15791 16482 16433 15714
15540 16223 16387 15626
15620 16379 16530 15700
16056 16196 16632 15800
15935 16307 16477 15663
15697 16477 16544 15605
15609 16386 16541 15676
15593 16261 16284 15373
15311 16175 16128 15054
15521 16159 16240 15414
15694 16164 16554 15552
15742 16073 16319 15716
15494 15905 16245 15400
15750 16489 16395 15574
15984 16313 16479 16028
15623 16492 16421 15724
15615 16222 16397 15483
15674 16340 16543 15588
15803 16449 16355 15759
15740 16388 16502 15514
15791 16216 16186 15644
15704 16284 16385 15561
15463 16178 16180 15274
15644 16249 16221 15604
15671 16180 16353 15551
15631 16393 16357 15420
15690 16209 16205 15433
15863 16078 16257 15643
15937 16381 16478 15756
15792 16072 16140 15376
15554 16281 16241 15408
15590 16287 16362 15541
15879 16426 16373 15565
15802 16567 16583 15616
15393 16242 16327 15116
15845 16470 16435 15466
15741 16341 16300 15549
15606 16453 16505 15466
15748 16138 16612 15808
15891 16488 16327 15641
15709 16229 16383 15882
15752 16489 16284 15500
15698 16279 16297 15491
15887 16221 16657 15873
15852 16358 16268 15689
15837 16447 16424 15667
15706 16426 16565 15750
15364 16144 16017 15348
15933 16420 16132 15743
15709 16030 16383 15687
15710 16167 16405 15847
15602 16069 16340 15667
15454 16249 16636 15527
15642 16496 16570 15787
15608 16288 16374 15612
15900 16376 16313 15579
15643 16370 16185 15435
15593 16272 16435 15461
15361 16230 16260 15337
15688 16236 16335 15439
15885 16100 16517 15867
15616 16158 16186 15569
15654 16318 16479 15740
15565 16261 16285 15531
16052 16405 16353 15558
15677 16255 16504 15559
15842 16488 16382 15669
15720 16235 16825 15777
15455 16095 16194 15212
15714 16270 16402 15444
15878 16451 16523 15768
15755 16422 16426 15642
15718 16180 16255 15633
15995 16205 16484 15590
15763 16300 16328 15651
15824 16137 16406 15694
15538 16472 16148 15371
15719 16299 16506 15539
15870 16360 16471 15616
15441 16071 16528 15515
15219 15993 16053 15171
15720 16445 16569 15462
15441 16065 16104 15219
15686 16274 16531 15621
15780 16239 16305 15483
15582 15919 16393 15489
15581 16294 16474 15580
15576 16273 16353 15476
15785 16202 16390 15592
15693 16595 16673 15742
15626 16471 16447 15527
15614 16250 16568 15724
15780 16457 16450 15666
15844 16492 16594 15783
15642 16115 16667 15436
15755 16126 16237 15783
15903 16687 16505 15767
15869 16044 16301 15476
15881 16314 16429 15705
15636 16454 16436 15633
15881 16217 16482 15789
15742 16359 16368 15604
15778 16301 16358 15597
15737 16492 16303 15613
15692 16114 16284 15544
15416 16247 16282 15481
15624 16350 16412 15460
15674 16005 16293 15349
15653 16206 16379 15763
15347 16361 16257 15279
15721 16491 16506 15647
15651 15979 16191 15511
15856 16496 16361 15479
15744 16314 16538 15700
15721 16263 16383 15548
15371 16228 16242 15494
15971 16298 16526 15578
15655 16412 16341 15601
15550 16067 16152 15526
15982 16296 16588 15879
15555 16299 16101 15300
15800 16642 16637 15727
15768 16491 16373 15538
15812 16364 16481 15671
15946 16160 16508 15855
15843 16282 16302 15582
15734 16429 16591 15559
15865 16492 16481 15617
15957 16052 16751 15670
15659 16403 16497 15762
15825 16313 16296 15665
15395 16073 15975 15151
15738 16305 16382 15378
15670 16057 16310 15705
15878 16290 16561 15579
15723 16450 16474 15532
15814 16058 16323 15405
15698 16122 16495 15774
15642 16555 16368 15460
15512 16495 16249 15486
15648 16383 16517 15606
15734 16324 16403 15711
15727 16459 16259 15701
15573 16265 16272 15468
15629 16036 16098 15252
15574 16315 16264 15484
15405 16357 16276 15597
15908 16374 16511 15752
15765 16474 16337 15458
15717 16201 16264 15609
15773 15986 16484 15812
15779 16262 16396 15467
15687 16167 16302 15696
15806 16451 16578 15690
15794 16321 16424 15773
15581 16124 16251 15512
15657 16322 16413 15541
15715 16444 16375 15635
15708 16293 16405 15541
15654 16208 16300 15713
15528 16235 16367 15576
15542 16312 16502 15555
15780 16163 16631 15762
15918 16271 16523 15868
15920 16421 16460 15586
15719 16440 16420 15662
15730 16353 16496 15663
15749 16337 16385 15690
15576 16090 16109 15235
15651 16103 16279 15537
15712 16028 16428 15779
15863 16369 16310 15344
15621 16152 16168 15587
15492 16213 16344 15600
15398 16228 16362 15533
15582 16127 16333 15579
15799 16516 16464 15518
15430 16035 16062 15593
15640 16382 16380 15453
15992 16531 16230 15665
15543 16106 16217 15386
15666 16185 16484 15466
