177133 3360.6
18927 18209
16985 19948
17865 19590
18605 18966
17573 19759
18457 19145
18094 19467
18754 18754
17383 19844
18371 19240
17979 19521
18680 18888
17741 19682
18532 19054
18210 19382
18845 18534
17231 19896
18329 19277
17913 19571
18647 18937
17682 19718
18486 19101
18166 19417
18806 18655
17490 19815
18411 19195
18068 19483
18722 18818
17804 19631
18563 19013
18248 19338
18884 18415
17195 19927
18321 19287
17898 19575
18626 18959
17654 19735
18460 19117
18136 19436
18779 18722
17445 19821
18392 19216
18018 19506
18704 18864
17789 19663
18558 19035
18216 19362
18855 18475
17329 19878
18349 19251
17960 19542
18671 18913
17725 19697
18504 19083
18186 19406
18816 18594
17548 19778
18432 19173
18094 19467
18740 18785
17814 19618
18593 19008
18264 19330
18904 18334
17144 19939
18305 19307
17879 19588
18622 18961
17613 19751
18457 19145
18117 19444
18779 18722
17423 19839
18392 19216
17998 19510
18698 18873
17789 19663
18532 19054
18210 19382
18845 18534
17309 19885
18345 19270
17941 19550
18663 18916
17682 19718
18500 19089
18166 19417
18806 18655
17521 19792
18415 19181
18068 19483
18729 18815
17807 19631
18593 19008
18255 19335
18889 18349
17195 19927
18321 19287
17913 19571
18638 18942
17654 19735
18475 19108
18149 19427
18792 18697
17490 19815
18404 19213
18038 19491
18714 18822
17789 19663
18558 19035
18229 19354
18872 18466
17357 19858
18366 19246
17963 19532
18671 18913
17725 19697
18515 19063
18189 19392
18827 18566
17548 19778
18436 19157
18094 19467
18745 18779
17848 19598
18593 19008
18278 19323
18918 18294
17095 19941
18305 19307
17879 19588
18610 18962
17613 19751
18457 19145
18117 19444
18762 18732
17417 19840
18371 19240
17992 19514
18698 18873
17741 19682
18532 19054
18210 19382
18845 18534
17253 19892
18345 19270
17941 19550
18647 18937
17682 19718
18486 19101
18166 19417
18806 18655
17498 19796
18411 19195
18068 19483
18725 18817
17807 19631
18593 19008
18248 19338
18884 18415
17195 19927
18321 19287
17913 19571
18631 18953
17654 19735
18475 19108
18136 19436
18792 18697
17445 19821
18404 19213
18018 19506
18704 18864
17789 19663
18558 19035
18229 19354
18872 18466
17329 19878
18366 19246
17960 19542
18671 18913
17725 19697
18504 19083
18186 19406
18818 18589
17548 19778
18435 19171
18094 19467
18745 18779
17814 19618
18593 19008
18278 19323
18918 18294
17195 19927
18305 19307
17879 19588
18622 18961
17624 19742
18457 19145
18117 19444
18779 18722
