131144 1680.23
14708 15541 16111 15378
16384 15360 15660 15258
15761 16012 16006 14523
16263 16063 14964 15060
15542 16362 15270 14631
15342 15358 16407 15082
15817 15151 15866 16125
16170 15006 15972 15669
14708 15541 16111 15378
15088 16031 15928 15241
16284 15438 15897 14705
15758 15240 16292 15833
15875 15524 15951 16024
16144 15708 15771 14936
15088 16031 15928 15241
16263 16063 14964 15060
15954 16265 15777 15260
16038 15904 15090 15122
16170 15006 15972 15669
16263 16063 14964 15060
16174 15803 15199 15215
15294 15837 16127 14771
15689 16133 15817 14808
15817 15151 15866 16125
15758 15240 16292 15833
15970 15701 15433 15327
15662 15574 15316 15970
15359 15131 16358 15476
15589 15254 16328 14868
15817 15151 15866 16125
15689 16133 15817 14808
16084 15630 15702 15715
16108 15591 16326 15207
15411 16085 15886 15317
15680 16327 15803 15718
15662 15574 15316 15970
15970 15701 15433 15327
15215 15993 15995 15758
15268 15481 16109 15576
15662 15574 15316 15970
16004 15637 15569 15362
16263 16063 14964 15060
15758 15240 16292 15833
15954 16265 15777 15260
15863 15947 15489 15438
15933 15539 15714 15386
15662 15574 15316 15970
16164 15251 16089 15277
15894 15943 15357 15352
16006 15498 15508 15797
15708 15922 15141 15482
16006 15498 15508 15797
16384 15360 15660 15258
16006 15498 15508 15797
16174 15803 15199 15215
15708 15922 15141 15482
15215 15993 15995 15758
15684 15664 15525 15437
15088 16031 15928 15241
16144 15708 15771 14936
15542 16362 15270 14631
15465 16339 15705 15196
15332 15887 16092 14936
15735 15926 15824 15128
15411 16085 15886 15317
16164 15251 16089 15277
15589 15254 16328 14868
16276 15376 15955 15018
15662 15574 15316 15970
15342 15358 16407 15082
16004 15637 15569 15362
15689 16133 15817 14808
15511 15960 16021 15641
15584 15803 15840 15219
15910 15819 16005 14925
15905 15585 15727 15511
15970 15701 15433 15327
16029 15321 16239 15403
15511 15960 16021 15641
15894 15943 15357 15352
15589 15254 16328 14868
15465 16339 15705 15196
14708 15541 16111 15378
15542 16362 15270 14631
15589 15254 16328 14868
16005 15447 16166 15335
15817 15151 15866 16125
16342 15701 15854 15263
15547 15911 15935 15551
15411 16085 15886 15317
15794 15800 16201 15070
15465 16339 15705 15196
16029 15321 16239 15403
15559 15454 16332 15525
15774 15638 15444 15484
15359 15131 16358 15476
16084 15630 15702 15715
15994 15903 15794 14915
15215 15993 15995 15758
15684 15664 15525 15437
15301 15831 16293 15210
16276 15376 15955 15018
15689 16133 15817 14808
15905 15585 15727 15511
16038 15904 15090 15122
16384 15360 15660 15258
16084 15630 15702 15715
15689 16133 15817 14808
15547 15911 15935 15551
16005 15447 16166 15335
16029 15321 16239 15403
16170 15006 15972 15669
15344 15529 16153 15305
15411 16085 15886 15317
15511 15960 16021 15641
15301 16033 15860 15406
16029 15321 16239 15403
15088 16031 15928 15241
14708 15541 16111 15378
15735 15926 15824 15128
15301 16033 15860 15406
15662 15574 15316 15970
15301 16033 15860 15406
16144 15708 15771 14936
15774 15638 15444 15484
16276 15376 15955 15018
16084 15630 15702 15715
15589 15254 16328 14868
15680 16327 15803 15718
15774 15638 15444 15484
15995 15456 15834 15437
15970 15701 15433 15327
15910 15819 16005 14925
15246 15904 15702 15749
16144 15708 15771 14936
15246 15904 15702 15749
15995 15456 15834 15437
15933 15539 15714 15386
16164 15251 16089 15277
16006 15498 15508 15797
16263 16063 14964 15060
15088 16031 15928 15241
15774 15638 15444 15484
15774 15638 15444 15484
16004 15637 15569 15362
15954 16265 15777 15260
15465 16339 15705 15196
15511 15960 16021 15641
15301 15831 16293 15210
15910 15819 16005 14925
15088 16031 15928 15241
15542 16362 15270 14631
15894 15943 15357 15352
15863 15947 15489 15438
16004 15637 15569 15362
15215 15993 15995 15758
15542 16362 15270 14631
15863 15947 15489 15438
15584 15803 15840 15219
15268 15481 16109 15576
16005 15447 16166 15335
15995 15456 15834 15437
16029 15321 16239 15403
16342 15701 15854 15263
15344 15529 16153 15305
15411 16085 15886 15317
15332 15887 16092 14936
15465 16339 15705 15196
15342 15358 16407 15082
15970 15701 15433 15327
15344 15529 16153 15305
15465 16339 15705 15196
15559 15454 16332 15525
15662 15574 15316 15970
15894 15943 15357 15352
15662 15574 15316 15970
15910 15819 16005 14925
15342 15358 16407 15082
15794 15800 16201 15070
15894 15943 15357 15352
15246 15904 15702 15749
15301 16033 15860 15406
15758 15240 16292 15833
15693 15559 15883 15299
16276 15376 15955 15018
15301 16033 15860 15406
16038 15904 15090 15122
16144 15708 15771 14936
16284 15438 15897 14705
16284 15438 15897 14705
15758 15240 16292 15833
16174 15803 15199 15215
16144 15708 15771 14936
15511 15960 16021 15641
16174 15803 15199 15215
14708 15541 16111 15378
16029 15321 16239 15403
16384 15360 15660 15258
16006 15498 15508 15797
15761 16012 16006 14523
15875 15524 15951 16024
15689 16133 15817 14808
16263 16063 14964 15060
16005 15447 16166 15335
15863 15947 15489 15438
15301 15831 16293 15210
16384 15360 15660 15258
15708 15922 15141 15482
15689 16133 15817 14808
15542 16362 15270 14631
16144 15708 15771 14936
15511 15960 16021 15641
15954 16265 15777 15260
16004 15637 15569 15362
16038 15904 15090 15122
16004 15637 15569 15362
16170 15006 15972 15669
15905 15585 15727 15511
16384 15360 15660 15258
15542 16362 15270 14631
16005 15447 16166 15335
15817 15151 15866 16125
15294 15837 16127 14771
15684 15664 15525 15437
16108 15591 16326 15207
16084 15630 15702 15715
16108 15591 16326 15207
16084 15630 15702 15715
15689 16133 15817 14808
16170 15006 15972 15669
16263 16063 14964 15060
16038 15904 15090 15122
15088 16031 15928 15241
16038 15904 15090 15122
14708 15541 16111 15378
15511 15960 16021 15641
15465 16339 15705 15196
15342 15358 16407 15082
15215 15993 15995 15758
15301 16033 15860 15406
15359 15131 16358 15476
16084 15630 15702 15715
15246 15904 15702 15749
15774 15638 15444 15484
16144 15708 15771 14936
16005 15447 16166 15335
15589 15254 16328 14868
15662 15574 15316 15970
15758 15240 16292 15833
15817 15151 15866 16125
16005 15447 16166 15335
15542 16362 15270 14631
16384 15360 15660 15258
15693 15559 15883 15299
16170 15006 15972 15669
15589 15254 16328 14868
15411 16085 15886 15317
16004 15637 15569 15362
15954 16265 15777 15260
16144 15708 15771 14936
15708 15922 15141 15482
15689 16133 15817 14808
15735 15926 15824 15128
16384 15360 15660 15258
15301 15831 16293 15210
15511 15960 16021 15641
16384 15360 15660 15258
16005 15447 16166 15335
16384 15360 15660 15258
16174 15803 15199 15215
15411 16085 15886 15317
15761 16012 16006 14523
16005 15447 16166 15335
15774 15638 15444 15484
16108 15591 16326 15207
15680 16327 15803 15718
15995 15456 15834 15437
15215 15993 15995 15758
15342 15358 16407 15082
15910 15819 16005 14925
16342 15701 15854 15263
15863 15947 15489 15438
15584 15803 15840 15219
15465 16339 15705 15196
15970 15701 15433 15327
15465 16339 15705 15196
16170 15006 15972 15669
15662 15574 15316 15970
15910 15819 16005 14925
16108 15591 16326 15207
15342 15358 16407 15082
15938 15435 16244 15741
15268 15481 16109 15576
16084 15630 15702 15715
16384 15360 15660 15258
15584 15803 15840 15219
15970 15701 15433 15327
16263 16063 14964 15060
15542 16362 15270 14631
15301 16033 15860 15406
