7 0.338375
23709 21465 22028
22990 22001 21899
22763 21642 22635
23079 21795 22220
22918 21765 22427
22638 21851 22402
23200 21585 21745
23290 21602 21576
23357 21252 22349
22681 21668 22482
23084 21655 22121
22714 21825 22079
22963 21274 22452
22925 21366 22284
23390 21244 22643
22512 22011 21474
22209 21883 21975
23473 21409 21939
22607 21740 22343
23084 21648 22049
22877 21815 21841
22936 21769 21992
22450 21363 22599
22990 21161 22416
22821 21604 22179
22268 21472 22495
22351 21249 22621
22430 21420 22487
23078 21709 21619
22774 21552 22206
22491 21829 21611
23526 21244 21564
22855 21244 22312
22977 21046 22549
22409 21100 22639
23048 21132 22183
23280 21083 22002
22671 21304 22352
22929 21213 22126
23096 21400 22001
22820 21266 22274
22754 21194 22357
22410 21773 21913
22684 21315 22300
22640 21368 22237
23059 21067 22133
22826 21262 22213
23227 21036 22223
21926 21915 21670
23131 21581 21478
23427 21282 21741
23006 21385 22032
22518 21399 22291
23195 21400 21659
22433 21683 22036
22918 21739 21567
22953 21642 21833
22575 21570 22168
22670 20990 22475
22986 21569 21712
22795 21739 21671
22928 21063 22274
22791 21075 22327
22960 21330 21964
23268 21575 22469
22788 21929 21481
22303 21200 21296
23104 21445 22283
22695 21089 21496
22514 21708 21675
22855 21543 21677
22417 21410 21522
22914 21755 22363
22806 21048 21232
23134 22043 22085
22811 20777 21445
23092 21107 21850
22758 20795 21713
22861 21276 21919
22964 21489 21657
22347 21645 21797
22443 21366 21457
23112 21160 21792
23213 21314 21654
22704 21199 21332
22513 20821 22070
22843 21822 21864
22693 20989 21693
23055 21370 21972
23047 20981 21417
22850 21744 21723
23420 21196 21747
22891 21319 22021
22917 21265 21981
23140 21485 21717
22680 21743 21875
23541 21118 21990
22596 21195 22172
22936 21428 21420
22962 21240 21768
22708 20704 21360
22885 21010 22148
23025 21441 21579
22798 21162 21615
22609 21610 22049
22726 20924 21505
22611 20623 21104
22748 21004 21280
22676 20920 21233
23200 21583 22097
22890 21555 22203
23321 21174 22183
22720 21271 22168
22782 21008 21698
22731 21190 21563
22927 20727 21701
23507 21070 22440
23095 21112 21783
23131 21205 21626
22709 21078 21693
22782 21162 21637
22668 21899 21377
23116 20864 21219
23152 21329 21706
23078 21442 21302
22656 21772 21777
23388 21442 21668
23018 21211 22039
22775 21094 21367
22708 21272 21610
22534 21744 21607
22934 21144 21809
22915 21729 21712
22874 21638 21423
22616 21642 21629
22809 21944 21731
23031 20933 21858
22442 21604 21733
23319 21079 21687
22872 20953 21852
22801 21540 21919
23099 21055 21351
23361 21161 21726
22496 20962 21417
22256 21507 21281
22901 21703 21537
23193 21157 21739
23010 21699 22180
22680 21075 21431
23363 21267 21759
22872 21102 21584
22750 21434 21770
21978 21330 21458
23366 21341 21725
23253 21884 22175
23137 21157 22018
23118 21582 21931
22976 20653 22431
23238 21242 21820
22899 21092 21503
23067 21081 21248
23050 21895 21768
22810 21612 22155
22902 21846 21643
22952 21298 22049
22777 21219 21480
23162 21182 21676
23171 21348 21875
23078 20978 21541
23026 21336 21194
22543 21467 21918
23048 21356 22033
22876 21200 21907
22584 21165 21768
23042 21136 21654
23242 21478 21707
23071 21276 21894
23137 21182 21990
22583 20806 21515
22860 21248 21957
23141 20859 21708
22755 21063 21295
22372 20886 21272
23380 21149 21786
22561 21284 21585
23030 21187 21813
22900 21458 22016
22356 21813 21632
22649 21175 22050
22967 20826 21581
22718 21095 21711
22399 21427 21323
22654 20808 21703
22575 21402 21874
22781 21246 21647
23194 21261 21374
23098 21003 21948
22689 21594 21557
23069 21168 22055
22748 21124 21914
22923 20927 21620
23125 21108 21826
23484 21409 22172
23036 21940 21870
22561 20529 21291
22876 20457 21171
23629 21537 22068
22813 20972 21264
22942 21805 21934
23348 21750 21906
22309 21656 21970
23133 21375 21625
22971 20601 21333
22695 21079 21766
22715 21167 21629
22416 21099 21699
23290 20918 21852
23223 21299 21989
23120 20816 21751
22656 21947 21740
23022 20788 21951
23095 21387 21945
22838 20877 21542
22878 21163 21735
22777 21245 21382
23085 21020 21774
22584 21181 21550
22716 21801 21484
22709 21550 22314
22818 20918 21698
22663 21474 21433
22428 21419 21640
22880 21663 21714
23186 21016 22046
22438 21669 21685
22720 21033 21951
22698 22021 21821
22473 21632 21707
22920 21007 22135
23163 21143 21898
22975 21031 21709
22451 21857 21921
22620 22060 21960
22924 20736 21635
23060 20953 21525
22268 21616 21536
22847 21708 22084
23138 20883 21874
23273 21279 21553
22901 20982 21705
22844 21381 21973
23344 21225 21460
22415 21331 21630
22707 21433 21968
22939 21159 21793
23040 21217 21709
22748 21571 21624
22641 21536 21782
22599 22090 21231
23433 21408 21551
22486 20660 21674
22791 21097 21365
23239 21038 21645
22566 21577 21626
22586 21401 21780
23379 21464 22302
22613 20808 21208
22706 20700 21469
22363 21723 21671
22999 21258 21381
22596 21673 21481
22524 20880 21492
22971 20576 21557
23413 21327 21470
23416 20939 21923
22957 21480 21683
22579 20892 21598
23010 21014 21788
22823 21277 21845
22421 20914 21614
23311 21212 21866
23326 21102 21878
23463 21652 21926
22702 21726 21511
22764 21171 21907
22970 22159 21994
22282 21836 21874
22502 20587 21223
22934 21343 21946
23038 21416 21729
22685 21744 21888
22733 21065 21705
22991 21831 22015
23282 21249 21776
23193 21354 21374
22413 21279 21822
23055 20883 21489
23066 20723 21367
22576 21775 21266
22949 20983 21118
