2505 144.636
9234 8666 8440
9027 8602 8688
8852 9295 8185
8643 9428 8253
8435 8817 8903
8315 9158 8747
9144 8942 8530
8472 8915 8879
9064 8828 8652
8318 9119 8783
8809 9325 8315
8631 9428 8264
8781 9373 8288
9001 8862 8666
9075 8637 8633
9106 8891 8582
8426 9035 8800
8348 9203 8696
8811 9307 8213
8715 9388 8354
8402 9199 8734
8747 8850 8816
8607 9422 8340
9181 8767 8468
8650 9355 8372
8600 9096 8768
8782 8967 8721
8664 9330 8416
9069 8753 8676
8911 8731 8749
9027 8602 8688
8583 8883 8884
8482 9147 8756
9218 8716 8508
8543 9298 8524
8896 9271 8229
9041 8981 8570
8816 8807 8829
8688 9405 8326
8675 8930 8807
8814 8648 8854
8515 8798 8893
8500 9227 8682
8603 8764 8862
9164 8912 8555
8889 9011 8642
8780 9374 8240
8782 9184 8562
9020 8696 8703
8946 8991 8589
8519 9323 8483
8560 9312 8501
8833 8874 8703
9177 8908 8434
9068 8795 8616
8690 9342 8360
8574 9361 8432
9099 8926 8542
8742 9335 8340
8402 9199 8734
8348 9203 8696
9218 8716 8508
8931 8959 8633
9234 8666 8440
8729 9287 8393
8902 9169 8427
9020 8696 8703
8852 9295 8185
8749 9101 8625
8820 9279 8383
8704 9291 8364
9087 8959 8540
8565 9250 8473
8985 9084 8486
8641 8775 8844
8969 9025 8549
8754 9259 8462
8937 9048 8559
8723 9216 8538
8867 9040 8596
8840 9051 8602
8759 9287 8328
9012 9087 8480
8435 8817 8903
8866 9235 8405
8990 9057 8496
8824 9151 8548
8641 8775 8844
8776 9180 8564
8899 9109 8460
8700 9220 8493
8922 9141 8401
8908 9072 8526
8858 9123 8519
8859 9083 8581
8724 9197 8495
8970 9137 8441
8919 9135 8447
8854 9135 8504
8685 9273 8434
8957 8998 8586
8844 9142 8599
8639 9229 8506
8863 9073 8569
9045 9010 8461
8765 9255 8443
8743 9178 8600
8921 9063 8493
8874 9165 8494
8720 9241 8474
8817 9079 8612
8901 9107 8517
8720 9055 8641
8957 8998 8586
8960 9027 8505
8718 9281 8403
9045 9010 8461
8729 9223 8478
8767 9255 8441
8858 9091 8524
8874 9165 8494
8813 9240 8453
8817 9079 8612
8813 9240 8453
8822 9221 8478
8960 9027 8505
8901 9107 8517
8966 9086 8448
8910 8967 8545
8782 9204 8352
8626 9148 8594
8563 9304 8389
8776 9006 8581
8628 9281 8366
8658 9232 8469
8832 9056 8525
8764 9104 8560
8789 9067 8534
8862 9152 8414
8896 9136 8399
8687 9185 8433
8806 9200 8378
8736 9231 8418
8719 9171 8542
8747 9178 8491
8796 9087 8507
8685 9172 8563
8884 9088 8486
8717 9197 8419
8890 9121 8405
8826 9185 8371
8731 9133 8546
8675 9199 8433
8845 9110 8481
8828 9111 8500
8871 9150 8462
8831 9076 8489
8842 9151 8423
8780 9190 8409
8873 9105 8481
8797 9131 8467
8773 9180 8422
8801 9175 8464
8776 9203 8407
8882 9013 8469
8825 9162 8282
8661 9010 8561
8603 9203 8333
8859 9067 8475
8867 9017 8425
8770 9196 8390
8794 9183 8333
8708 9012 8512
8624 9127 8548
8734 9113 8489
8854 9105 8452
8712 9178 8397
8672 9119 8549
8783 9138 8459
8747 9173 8450
8846 9147 8433
8628 9150 8453
8649 9180 8447
8833 9116 8444
8667 9182 8426
8823 9102 8404
8763 9128 8450
8753 9188 8390
8810 9125 8423
8810 9139 8405
8773 9127 8445
8764 9136 8428
8811 9005 8395
8795 9084 8364
8764 9091 8431
8535 9127 8425
8692 9126 8390
8791 9101 8407
8779 8886 8372
8713 8937 8424
9234 8666 8440
9027 8602 8688
8852 9295 8185
8643 9428 8253
8435 8817 8903
8315 9158 8747
8402 9199 8734
8781 9373 8288
8547 9406 8336
8472 8915 8879
8515 8798 8893
9218 8716 8508
8348 9203 8696
9020 8696 8703
8609 9337 8353
8712 9388 8307
9181 8767 8468
9075 8637 8633
8574 9361 8432
8734 8945 8719
8995 8841 8673
8816 8807 8829
8811 9307 8213
8955 9243 8192
8896 9271 8229
8500 9227 8682
8688 9405 8326
8898 8854 8761
8679 9323 8422
8699 8950 8809
8670 9375 8343
8583 8883 8884
8318 9119 8783
9114 9044 8387
8563 9179 8667
8603 8764 8862
8814 8648 8854
8760 9219 8529
8654 9256 8541
8789 9276 8370
8599 9335 8377
8619 9052 8715
9131 8955 8491
8871 8793 8775
8772 9312 8315
9027 8602 8688
8989 8704 8724
9106 8891 8582
9162 8957 8468
8426 9035 8800
8775 8904 8795
8641 8775 8844
9055 9037 8477
8708 8922 8754
9164 8912 8555
8484 9267 8568
8968 9113 8395
8982 8752 8689
8937 9191 8369
8718 9011 8655
9064 8828 8652
8961 8874 8643
8348 9203 8696
9070 9106 8405
9057 9026 8449
9234 8666 8440
8901 9064 8606
8409 9238 8637
9043 9105 8415
9012 9080 8511
8945 8725 8745
8833 9052 8640
8911 8731 8749
8878 8745 8778
8943 8934 8620
8848 9141 8550
8883 9122 8528
8821 9235 8460
8641 8775 8844
8435 8817 8903
8862 9171 8441
8877 9087 8590
8870 9091 8567
9093 8999 8494
8777 9290 8490
9079 8955 8576
9093 9005 8434
8928 9014 8579
9041 8974 8539
8807 8991 8653
8920 9143 8519
8928 9079 8542
8929 8968 8625
8810 9186 8570
8910 9057 8606
8898 9146 8488
9040 8979 8548
8891 8994 8619
9015 9012 8598
8948 9100 8461
8984 9049 8520
8930 9151 8454
8880 8988 8643
8886 8964 8644
8899 9162 8435
8877 9111 8530
8966 9031 8577
8916 9011 8609
8941 9094 8504
8845 9096 8601
8763 9174 8614
8819 9142 8585
8886 9161 8502
8855 9176 8461
8929 9101 8495
8845 9096 8601
9040 8979 8548
8930 9151 8454
8763 9174 8614
9062 8965 8525
8813 9083 8620
8864 9119 8553
8887 8952 8643
9062 8965 8525
8863 8991 8644
8864 9119 8553
9042 8939 8463
9015 8937 8557
8885 9142 8415
8818 9030 8622
8718 9186 8533
8714 9099 8607
8965 9046 8475
8765 9167 8563
8995 9010 8569
8791 9168 8501
8889 9116 8444
8862 8972 8599
8856 9075 8525
8864 8961 8608
8926 9045 8530
8894 9057 8550
8854 9133 8421
9009 9001 8594
8837 9124 8496
8824 9129 8545
8916 9100 8503
8820 9135 8454
8914 9002 8586
8905 9099 8510
8838 9083 8547
8868 9032 8589
8905 9033 8569
8718 9186 8533
8836 9122 8530
8860 9117 8463
8849 9033 8595
8840 9003 8608
9009 9001 8594
8965 8998 8561
8834 8949 8604
8755 9165 8409
8710 9173 8497
8961 8968 8590
8787 9114 8450
8920 9026 8483
8756 9143 8540
8816 9019 8566
8745 9111 8557
8865 9028 8557
8895 9075 8454
8774 9043 8511
8806 8986 8598
8910 9062 8454
8782 9100 8496
8910 9054 8500
8760 9041 8523
8802 9082 8497
8843 9024 8561
8914 9019 8525
8962 8976 8491
8925 8912 8585
8725 9137 8388
8720 8957 8590
8854 9052 8445
8740 9090 8501
8911 9020 8431
8934 8952 8578
8723 9102 8471
8961 8988 8553
8720 9037 8551
8951 8948 8534
8882 8844 8580
8700 9072 8367
8725 8999 8406
8825 8964 8504
8785 8957 8539
8856 8956 8544
8893 8788 8474
8738 8794 8539
9234 8666 8440
9027 8602 8688
8852 9295 8185
8643 9428 8253
8435 8817 8903
8315 9158 8747
8515 8798 8893
8896 9271 8229
9125 9082 8358
8318 9119 8783
9181 8767 8468
8500 9227 8682
8630 9345 8398
9075 8637 8633
8747 8850 8816
8688 9405 8326
8402 9199 8734
8911 8731 8749
8544 9215 8608
8574 9361 8432
9164 8912 8555
8619 9334 8422
8837 8977 8647
8955 9243 8192
8670 9375 8343
8811 9307 8213
8472 8915 8879
9144 8942 8530
8710 9258 8463
8814 8648 8854
8781 9373 8288
9020 8696 8703
8348 9203 8696
8924 8831 8698
8775 8904 8795
9085 9103 8408
8782 9328 8265
8603 8764 8862
8583 8883 8884
8547 9406 8336
8712 9388 8307
8699 9290 8473
9053 9129 8373
8998 8868 8685
9218 8716 8508
8989 8704 8724
9047 8810 8634
8743 8918 8822
9106 8891 8582
9027 9034 8479
8600 9096 8768
8560 9312 8501
8723 9327 8301
8788 9320 8390
8665 9128 8661
8654 9389 8337
9027 8602 8688
8840 9303 8247
8641 8775 8844
9068 8965 8473
8898 8854 8761
9069 8753 8676
9234 8666 8440
8402 9199 8734
8951 9154 8455
8874 8892 8706
8587 9367 8426
9099 8926 8542
8686 9065 8722
8348 9203 8696
8878 9064 8595
8641 8775 8844
8982 8998 8623
8967 9027 8547
8472 8915 8879
8867 9139 8492
8426 9035 8800
9218 8716 8508
9017 9013 8531
8856 9078 8608
8759 9012 8676
9011 8949 8559
8643 9428 8253
8940 8932 8672
8791 9242 8375
8609 9189 8638
8777 9109 8638
8426 9035 8800
8831 9161 8511
8977 9087 8442
8736 9177 8599
8718 9001 8704
8786 8956 8678
8871 9051 8628
8932 9076 8517
8808 9091 8630
8982 9028 8538
8809 9237 8497
8822 9145 8565
8919 9028 8601
9004 9068 8517
8741 9205 8565
8847 9104 8528
8794 9189 8516
8794 9059 8670
8793 9146 8574
8906 9063 8595
8737 9146 8619
8910 9094 8522
8841 9197 8451
8940 9059 8570
8849 9122 8519
8816 9202 8495
8833 9102 8579
8782 9101 8645
8764 9139 8646
8808 9170 8544
8872 8950 8625
8667 9295 8516
8962 9042 8569
8962 9042 8569
8738 9141 8582
8851 9167 8505
8841 9197 8451
8742 9178 8547
8898 9066 8543
8975 9027 8543
8764 9139 8646
8960 9065 8518
8851 9167 8505
8742 9178 8547
8940 9059 8570
8965 9006 8520
8868 9102 8428
8719 8914 8682
8703 9229 8448
8568 9108 8654
8666 9193 8553
8932 8993 8608
8755 9107 8642
8760 9079 8587
8694 9119 8602
8922 9036 8517
8815 9169 8464
8946 9056 8474
8803 9224 8440
8901 9046 8538
8796 9136 8527
8735 9179 8493
8897 9019 8578
8961 9022 8567
8832 9151 8503
8806 9158 8471
8838 9026 8599
8783 9055 8645
8851 9026 8548
8777 9179 8484
8794 9016 8652
8794 9088 8577
8819 9098 8521
8830 9093 8548
8777 9153 8526
8958 9030 8502
8698 9188 8499
8964 9079 8433
8964 9005 8541
8934 9056 8497
8799 9103 8542
8802 9152 8490
8755 9192 8492
8955 9013 8535
8790 8817 8592
8773 9220 8411
8681 9033 8637
8658 9141 8531
8905 8904 8578
8753 8951 8603
8871 8985 8554
8756 9158 8414
8715 9157 8484
8815 9129 8440
8786 9064 8559
8848 9021 8515
8809 9002 8572
8829 9106 8447
8730 9131 8495
8753 9158 8453
8768 8955 8574
8794 9063 8509
8690 9094 8574
8693 9118 8503
8799 9118 8484
8853 9016 8514
8827 9117 8497
8724 9118 8496
8795 8945 8523
8772 9015 8382
8725 9114 8485
8627 9092 8573
8647 9091 8478
