7359 120.054
22816 22443 23791 22603
22121 21760 22621 23743
21976 22439 22877 23298
23636 21524 22566 22397
22439 22888 23358 21777
22713 21359 23469 23217
23403 22387 22376 21950
22932 23231 22776 22987
22502 22081 23138 23557
22502 22081 23138 23557
22932 23231 22776 22987
23032 21585 23153 23028
23636 21524 22566 22397
23389 22625 22924 22734
22766 21888 22678 23715
23395 22345 23400 22865
23278 22818 22459 22048
23278 22818 22459 22048
23291 22805 23077 22264
22932 23231 22776 22987
23403 22387 22376 21950
22121 21760 22621 23743
22986 21681 23480 22637
23371 22500 23048 21885
22121 21760 22621 23743
23403 22387 22376 21950
22420 22754 22697 23346
21976 22439 22877 23298
23636 21524 22566 22397
22670 21954 23368 23161
23507 21533 22858 22434
23122 22360 23099 22606
23095 21715 23626 22562
22932 23231 22776 22987
22747 22219 23767 22779
23229 22387 23307 22476
23389 22625 22924 22734
22776 21999 23057 23449
22732 22069 23298 23492
22439 22888 23358 21777
23266 22183 22756 23003
22610 22493 23672 23042
23372 21476 22763 22964
22713 21359 23469 23217
22793 22436 23314 23385
22713 21359 23469 23217
23001 22413 23338 22687
22766 21888 22678 23715
22121 21760 22621 23743
23389 22625 22924 22734
23546 22718 22485 21892
23546 22718 22485 21892
23636 21524 22566 22397
22121 21760 22621 23743
23278 22818 22459 22048
22121 21760 22621 23743
23482 22158 23070 22352
22356 21876 23395 23124
22270 22272 23384 23188
23482 22158 23070 22352
23291 22805 23077 22264
22833 21869 23213 22968
23266 22183 22756 23003
22946 22313 23399 22920
23291 22805 23077 22264
23371 22500 23048 21885
22420 22754 22697 23346
22439 22888 23358 21777
23032 21585 23153 23028
22865 21885 23705 22531
23229 22387 23307 22476
22915 22042 23086 23374
22551 22245 23376 23090
23122 22360 23099 22606
22598 22860 23054 22550
22372 22806 23762 22694
21976 22439 22877 23298
23482 22158 23070 22352
22713 21359 23469 23217
23482 22158 23070 22352
23291 22805 23077 22264
22931 21875 23546 22917
22965 22648 23367 22689
22865 21885 23705 22531
22735 22294 23669 22774
22923 22217 23516 22661
22776 21999 23057 23449
22843 22352 23601 22482
22865 21885 23705 22531
23122 22360 23099 22606
23546 22718 22485 21892
23389 22625 22924 22734
22551 22245 23376 23090
22819 22280 23266 23027
22735 22294 23669 22774
22766 21888 22678 23715
22732 22069 23298 23492
22356 21876 23395 23124
23122 22360 23099 22606
22865 21885 23705 22531
22598 22860 23054 22550
22915 22042 23086 23374
23260 22688 23096 23137
23546 22718 22485 21892
23001 22413 23338 22687
22843 22352 23601 22482
22829 22553 23235 23014
22551 22245 23376 23090
23636 21524 22566 22397
22829 22553 23235 23014
23507 21533 22858 22434
22439 22758 23440 22689
23389 22625 22924 22734
22812 22195 23388 22969
22670 21954 23368 23161
22713 21359 23469 23217
23291 22805 23077 22264
23122 22360 23099 22606
22865 21885 23705 22531
22843 22352 23601 22482
21976 22439 22877 23298
23122 22360 23099 22606
22670 21954 23368 23161
22776 21999 23057 23449
22817 21746 23436 23068
23507 21533 22858 22434
22735 22294 23669 22774
23372 21476 22763 22964
22776 21999 23057 23449
23000 22440 23272 22699
22270 22272 23384 23188
22372 22586 23426 22777
23372 21476 22763 22964
22551 22245 23376 23090
22551 22245 23376 23090
22915 22042 23086 23374
22833 21869 23213 22968
23260 22688 23096 23137
23266 22183 22756 23003
22812 22195 23388 22969
23000 22440 23272 22699
22420 22754 22697 23346
22931 21875 23546 22917
22551 22245 23376 23090
23095 21715 23626 22562
22372 22806 23762 22694
23546 22718 22485 21892
22829 22553 23235 23014
23122 22360 23099 22606
22439 22888 23358 21777
22270 22272 23384 23188
22713 21359 23469 23217
22766 21888 22678 23715
22439 22888 23358 21777
22598 22860 23054 22550
22439 22888 23358 21777
22670 21954 23368 23161
23278 22818 22459 22048
22766 21888 22678 23715
23266 22183 22756 23003
22670 21954 23368 23161
22986 21681 23480 22637
22833 21869 23213 22968
22372 22586 23426 22777
22747 22219 23767 22779
22946 22313 23399 22920
22121 21760 22621 23743
22670 21954 23368 23161
23095 21715 23626 22562
22732 22069 23298 23492
22439 22888 23358 21777
22819 22280 23266 23027
23372 21476 22763 22964
22270 22272 23384 23188
22372 22586 23426 22777
22932 23231 22776 22987
22932 23231 22776 22987
22735 22294 23669 22774
22986 21681 23480 22637
22932 23231 22776 22987
21976 22439 22877 23298
22931 21875 23546 22917
22915 22042 23086 23374
22598 22860 23054 22550
22833 21869 23213 22968
22270 22272 23384 23188
22766 21888 22678 23715
23507 21533 22858 22434
22766 21888 22678 23715
23032 21585 23153 23028
23266 22183 22756 23003
22812 22195 23388 22969
22270 22272 23384 23188
22670 21954 23368 23161
22829 22553 23235 23014
23389 22625 22924 22734
22819 22280 23266 23027
22965 22648 23367 22689
23371 22500 23048 21885
22946 22313 23399 22920
22829 22553 23235 23014
23507 21533 22858 22434
22932 23231 22776 22987
22817 21746 23436 23068
22829 22553 23235 23014
23001 22413 23338 22687
23291 22805 23077 22264
22865 21885 23705 22531
22121 21760 22621 23743
23371 22500 23048 21885
23403 22387 22376 21950
22121 21760 22621 23743
22793 22436 23314 23385
21976 22439 22877 23298
22829 22553 23235 23014
23403 22387 22376 21950
23291 22805 23077 22264
21976 22439 22877 23298
22270 22272 23384 23188
23372 21476 22763 22964
23546 22718 22485 21892
22439 22888 23358 21777
22502 22081 23138 23557
22732 22069 23298 23492
22670 21954 23368 23161
22747 22219 23767 22779
22713 21359 23469 23217
22986 21681 23480 22637
22816 22443 23791 22603
22551 22245 23376 23090
22598 22860 23054 22550
22843 22352 23601 22482
23001 22413 23338 22687
22986 21681 23480 22637
22812 22195 23388 22969
23001 22413 23338 22687
22610 22493 23672 23042
23291 22805 23077 22264
23260 22688 23096 23137
22817 21746 23436 23068
22732 22069 23298 23492
22551 22245 23376 23090
23001 22413 23338 22687
23636 21524 22566 22397
22670 21954 23368 23161
22747 22219 23767 22779
22932 23231 22776 22987
22843 22352 23601 22482
22598 22860 23054 22550
22598 22860 23054 22550
23482 22158 23070 22352
22732 22069 23298 23492
22551 22245 23376 23090
23122 22360 23099 22606
22372 22806 23762 22694
21976 22439 22877 23298
23482 22158 23070 22352
22713 21359 23469 23217
23482 22158 23070 22352
22965 22648 23367 22689
22865 21885 23705 22531
22843 22352 23601 22482
23546 22718 22485 21892
22766 21888 22678 23715
22915 22042 23086 23374
22356 21876 23395 23124
22865 21885 23705 22531
23260 22688 23096 23137
23001 22413 23338 22687
22843 22352 23601 22482
22829 22553 23235 23014
23636 21524 22566 22397
23389 22625 22924 22734
22713 21359 23469 23217
23122 22360 23099 22606
22817 21746 23436 23068
22776 21999 23057 23449
23001 22413 23338 22687
23395 22345 23400 22865
22932 23231 22776 22987
22121 21760 22621 23743
23403 22387 22376 21950
22420 22754 22697 23346
21976 22439 22877 23298
22670 21954 23368 23161
22932 23231 22776 22987
22747 22219 23767 22779
22776 21999 23057 23449
23372 21476 22763 22964
22793 22436 23314 23385
23372 21476 22763 22964
22766 21888 22678 23715
22121 21760 22621 23743
23636 21524 22566 22397
23278 22818 22459 22048
22356 21876 23395 23124
22270 22272 23384 23188
23482 22158 23070 22352
23291 22805 23077 22264
22946 22313 23399 22920
23291 22805 23077 22264
23229 22387 23307 22476
22713 21359 23469 23217
22965 22648 23367 22689
23371 22500 23048 21885
22817 21746 23436 23068
22829 22553 23235 23014
23001 22413 23338 22687
23403 22387 22376 21950
23291 22805 23077 22264
23372 21476 22763 22964
23546 22718 22485 21892
22732 22069 23298 23492
22670 21954 23368 23161
22747 22219 23767 22779
22670 21954 23368 23161
22816 22443 23791 22603
22843 22352 23601 22482
22812 22195 23388 22969
23001 22413 23338 22687
22610 22493 23672 23042
23291 22805 23077 22264
22732 22069 23298 23492
22551 22245 23376 23090
22670 21954 23368 23161
22932 23231 22776 22987
22843 22352 23601 22482
22598 22860 23054 22550
22670 21954 23368 23161
22551 22245 23376 23090
22915 22042 23086 23374
23260 22688 23096 23137
22931 21875 23546 22917
23095 21715 23626 22562
23546 22718 22485 21892
23122 22360 23099 22606
22270 22272 23384 23188
22766 21888 22678 23715
22833 21869 23213 22968
22372 22586 23426 22777
22946 22313 23399 22920
22598 22860 23054 22550
22732 22069 23298 23492
23403 22387 22376 21950
23372 21476 22763 22964
22932 23231 22776 22987
22986 21681 23480 22637
22931 21875 23546 22917
22915 22042 23086 23374
22833 21869 23213 22968
22766 21888 22678 23715
22766 21888 22678 23715
