59458 1380.5
19025 18092
17306 19474
18000 19143
18742 18586
17768 19296
18615 18743
18251 19010
18880 18407
17554 19378
18517 18814
18133 19062
18807 18513
17886 19217
18662 18670
18349 18959
18945 18305
17437 19424
18472 18846
18043 19089
18768 18563
17831 19251
18631 18708
18303 18983
18915 18351
17641 19341
18555 18779
18213 19036
18853 18466
17935 19178
18698 18630
18386 18912
18991 18199
17368 19452
18453 18869
18028 19112
18762 18574
17786 19274
18615 18743
18288 18994
18897 18386
17605 19356
18544 18797
18154 19050
18822 18488
17929 19194
18678 18650
18362 18927
18966 18249
17484 19405
18496 18832
18075 19084
18795 18538
17882 19232
18645 18687
18349 18959
18928 18326
17740 19319
18570 18763
18235 19032
18864 18438
17978 19153
18726 18609
18415 18895
19009 18146
17332 19461
18448 18875
18022 19123
18742 18586
17768 19296
18615 18743
18260 19002
18889 18397
17563 19365
18523 18806
18153 19054
18815 18501
17899 19204
18669 18667
18359 18943
18966 18249
17471 19413
18478 18835
18075 19084
18778 18539
17839 19241
18632 18698
18312 18973
18928 18326
17676 19323
18567 18766
18213 19036
18853 18466
17974 19158
18708 18620
18400 18910
18997 18157
17414 19443
18457 18854
18028 19112
18762 18574
17819 19266
18615 18743
18288 18994
18915 18351
17641 19341
18548 18794
18178 19044
18833 18474
17929 19194
18690 18633
18385 18914
18978 18207
17526 19389
18503 18827
18094 19070
18795 18538
17882 19232
18652 18680
18349 18959
18945 18305
17740 19319
18576 18752
18235 19032
18870 18437
18000 19143
18726 18609
18420 18889
19016 18114
17306 19474
18448 18875
18008 19127
18742 18586
17768 19296
18615 18743
18260 19002
18880 18407
17554 19378
18517 18814
18133 19062
18807 18513
17886 19217
18669 18667
18359 18943
18952 18258
17437 19424
18475 18841
18075 19084
18771 18544
17834 19248
18631 18708
18305 18976
18915 18351
17665 19328
18555 18779
18213 19036
18853 18466
17944 19164
18698 18630
18400 18910
18991 18199
17414 19443
18454 18856
18028 19112
18762 18574
17819 19266
18615 18743
18288 18994
18897 18386
17605 19356
18544 18797
18171 19046
18825 18486
17929 19194
18683 18647
18370 18924
18969 18215
17510 19395
18503 18827
18094 19070
18795 18538
17882 19232
18645 18687
18349 18959
18945 18305
17740 19319
18573 18755
18235 19032
18864 18438
17986 19150
18726 18609
18415 18895
19009 18146
17359 19454
18448 18875
18022 19123
18749 18581
17774 19276
18615 18743
18272 18994
18889 18397
