84028 930.199
25560 24901 24379
25503 23260 24968
24755 24217 25260
24894 23432 25283
25694 24313 23790
24755 24217 25260
25671 24283 24181
25619 24356 23887
24894 24738 24516
25560 24901 24379
24894 24738 24516
25363 24543 24729
26090 23885 24299
26086 24085 24238
25161 23574 25145
25781 23886 24880
25185 23489 25159
25560 24901 24379
25923 23851 24827
25802 24043 24478
24894 24738 24516
24894 23432 25283
24755 24217 25260
25443 24515 24904
25417 24152 25044
25257 24615 24535
26086 24085 24238
25619 24356 23887
26179 23772 24608
25659 24121 24808
24755 24217 25260
26001 23942 24535
26001 23942 24535
25614 24274 24717
25831 24198 24424
24894 23432 25283
25379 24254 25065
26179 23772 24608
25912 24258 24363
25166 24679 24621
26179 23772 24608
25714 24310 23808
25714 24310 23808
25115 24190 25137
26179 23772 24608
25725 24206 24695
25694 24313 23790
25185 23489 25159
25257 24615 24535
25912 24258 24363
25659 24121 24808
25363 24543 24729
25912 24258 24363
25185 23489 25159
25501 24154 24749
25257 24615 24535
25671 24283 24181
25644 24345 24397
25923 23851 24827
25498 23912 24908
25818 24218 24462
25072 24346 24929
25671 24283 24181
25485 24243 24900
25072 24346 24929
25115 24190 25137
25161 23574 25145
25479 23531 24934
25115 24190 25137
26179 23772 24608
25923 23851 24827
25656 24259 24645
25115 24190 25137
25417 24152 25044
25619 24356 23887
25185 23489 25159
25802 24043 24478
25831 24198 24424
25831 24198 24424
25479 23531 24934
25501 24154 24749
25644 24345 24397
25802 24043 24478
25443 24515 24904
25671 24283 24181
25644 24345 24397
25923 23851 24827
25379 24254 25065
24894 23432 25283
24755 24217 25260
25644 24345 24397
25501 24154 24749
25072 24346 24929
25714 24310 23808
25501 24154 24749
25185 23489 25159
25166 24679 24621
25923 23851 24827
25689 24250 24390
25443 24515 24904
25689 24250 24390
25714 24310 23808
25479 23531 24934
25257 24615 24535
25802 24043 24478
25485 24243 24900
25802 24043 24478
25912 24258 24363
25689 24250 24390
26179 23772 24608
25257 24615 24535
25072 24346 24929
25831 24198 24424
25671 24283 24181
25714 24310 23808
25912 24258 24363
25912 24258 24363
25363 24543 24729
25161 23574 25145
24894 23432 25283
26086 24085 24238
26090 23885 24299
25115 24190 25137
25443 24515 24904
25912 24258 24363
25659 24121 24808
25656 24259 24645
25501 24154 24749
25802 24043 24478
25671 24283 24181
25443 24515 24904
24755 24217 25260
25689 24250 24390
25161 23574 25145
25689 24250 24390
25479 23531 24934
25689 24250 24390
26179 23772 24608
25560 24901 24379
25671 24283 24181
26001 23942 24535
24894 23432 25283
25560 24901 24379
24894 23432 25283
25694 24313 23790
25714 24310 23808
25619 24356 23887
25671 24283 24181
25689 24250 24390
25714 24310 23808
25161 23574 25145
25185 23489 25159
25185 23489 25159
25560 24901 24379
25619 24356 23887
26179 23772 24608
25115 24190 25137
24755 24217 25260
25185 23489 25159
25379 24254 25065
25479 23531 24934
25802 24043 24478
25115 24190 25137
25912 24258 24363
25115 24190 25137
25161 23574 25145
25115 24190 25137
25671 24283 24181
25479 23531 24934
25443 24515 24904
25671 24283 24181
26179 23772 24608
24894 24738 24516
25671 24283 24181
25185 23489 25159
25671 24283 24181
25379 24254 25065
25689 24250 24390
26001 23942 24535
25443 24515 24904
24755 24217 25260
25185 23489 25159
25498 23912 24908
25818 24218 24462
25671 24283 24181
25115 24190 25137
25161 23574 25145
25923 23851 24827
25619 24356 23887
25831 24198 24424
25831 24198 24424
25644 24345 24397
25923 23851 24827
25379 24254 25065
25257 24615 24535
25644 24345 24397
25501 24154 24749
25072 24346 24929
25714 24310 23808
25501 24154 24749
25166 24679 24621
25923 23851 24827
25443 24515 24904
25714 24310 23808
25479 23531 24934
25257 24615 24535
25802 24043 24478
24755 24217 25260
25619 24356 23887
25363 24543 24729
26090 23885 24299
25781 23886 24880
25560 24901 24379
25923 23851 24827
25802 24043 24478
24894 24738 24516
24755 24217 25260
25443 24515 24904
25417 24152 25044
26086 24085 24238
25802 24043 24478
26001 23942 24535
25614 24274 24717
25831 24198 24424
25379 24254 25065
25912 24258 24363
25714 24310 23808
25115 24190 25137
26179 23772 24608
25725 24206 24695
25694 24313 23790
25185 23489 25159
25379 24254 25065
25694 24313 23790
25619 24356 23887
25671 24283 24181
25689 24250 24390
25714 24310 23808
25161 23574 25145
25185 23489 25159
25560 24901 24379
25619 24356 23887
26179 23772 24608
25115 24190 25137
25185 23489 25159
25560 24901 24379
25115 24190 25137
25115 24190 25137
25671 24283 24181
25479 23531 24934
25443 24515 24904
25671 24283 24181
24894 24738 24516
25671 24283 24181
25185 23489 25159
25689 24250 24390
26001 23942 24535
25443 24515 24904
25656 24259 24645
26179 23772 24608
25257 24615 24535
25072 24346 24929
25671 24283 24181
25694 24313 23790
25363 24543 24729
25161 23574 25145
26086 24085 24238
25443 24515 24904
25659 24121 24808
24755 24217 25260
25501 24154 24749
25671 24283 24181
24755 24217 25260
25689 24250 24390
25161 23574 25145
25689 24250 24390
25689 24250 24390
26179 23772 24608
25560 24901 24379
26001 23942 24535
25603 24384 24745
25694 24313 23790
25689 24250 24390
25185 23489 25159
25072 24346 24929
25115 24190 25137
25443 24515 24904
25831 24198 24424
25912 24258 24363
25659 24121 24808
24755 24217 25260
26179 23772 24608
25694 24313 23790
25115 24190 25137
25802 24043 24478
25714 24310 23808
25694 24313 23790
25689 24250 24390
25115 24190 25137
25644 23090 24985
