36001 900.012
18006 18433
17873 18569
17714 18659
18116 18201
17642 18693
18077 18277
18024 18405
17608 18699
18105 18219
17976 18455
18048 18381
17886 18551
18068 18349
17690 18665
18064 18365
17821 18602
17916 18508
17939 18492
17781 18614
17835 18582
17905 18515
17958 18470
17743 18632
17952 18476
18120 18149
17647 18678
17798 18604
17824 18592
17890 18522
17747 18626
17755 18619
17765 18616
18082 18222
17729 18633
17929 18493
18122 18130
17783 18605
17538 18732
18156 18127
18156 18127
17538 18732
18156 18127
17538 18732
18156 18127
17538 18732
17538 18732
17538 18732
18156 18127
17538 18732
17538 18732
17538 18732
17538 18732
17538 18732
18156 18127
17538 18732
18156 18127
17538 18732
17538 18732
18156 18127
17538 18732
17538 18732
17538 18732
18156 18127
17591 18085
17718 17912
17643 18078
17612 18225
17450 18026
17619 18313
17554 18140
17294 18055
17611 18280
17337 18132
17467 18159
17424 18137
17741 18237
17455 17983
17440 18045
17123 17846
17449 18204
17421 18050
17466 18172
17356 18139
17409 18161
17453 17869
17638 18078
17494 17909
17415 17639
17458 17976
17532 18296
17461 18141
17606 18055
17664 18148
17584 18059
17488 17917
17703 18022
17513 18105
17637 18161
17629 18155
17588 18121
17503 17980
17412 18213
17456 18001
17401 18037
17636 18097
17606 18132
17420 18037
17270 18092
17192 17842
17563 18147
17378 18100
17290 17802
17324 17983
17471 17736
17461 18097
17574 17939
17369 17894
17579 17969
17601 18140
17678 18114
17691 18241
17359 17667
17460 18242
17468 17981
17336 17769
17525 17910
17574 17961
17459 17938
17687 18088
17504 17837
17776 18066
17516 18086
17549 17970
17453 17977
17722 18098
17558 18004
17450 18054
17654 18041
17586 18169
17553 18131
17559 17963
17762 18318
17265 17643
17392 17802
17652 18370
17437 17902
17505 17758
17487 18080
17836 18291
17334 17970
17458 18054
17576 18027
17464 18147
17429 17923
17507 18113
17590 18052
17362 17824
17274 18016
17684 18101
17452 18177
17450 18128
17574 17953
17594 17869
17442 18071
17614 17995
17632 17940
17352 17842
17610 18008
17478 18048
17617 18239
17484 18259
17477 18091
17368 17874
17233 17865
17481 18235
17518 18124
17300 18204
17423 18266
17415 17886
17460 18030
17470 18235
17761 18188
17574 18034
17569 18117
17347 17778
17380 18054
17043 17617
17401 17973
17610 18086
17370 17980
17794 18128
17178 17651
17668 18254
17559 18198
17717 18221
17552 17894
17531 18020
17639 18175
17584 18249
17573 17842
17141 17804
17397 17978
17564 18190
17691 18141
17473 17949
17248 17786
17537 17992
17467 18018
17253 17861
17302 17997
17283 17998
17617 18021
17496 18193
17377 17957
17585 18004
17329 18217
17395 17770
17505 18076
17545 18125
17379 17896
17710 18226
17327 17866
17521 18131
17481 18151
17444 17989
17253 17690
17411 17876
17407 17971
17230 17850
17311 17823
17543 18096
17304 18127
17220 17728
17343 17940
17778 18226
17417 18197
17478 17918
17621 17940
17405 17982
17555 18103
17511 18050
17515 18186
17478 17929
17544 17983
17673 18179
17203 17804
17385 17510
17327 18121
17536 18062
17433 17856
17699 17975
17696 18177
17388 18142
17625 18094
17153 17767
17484 17978
17433 18211
17429 17953
17728 18196
17378 17896
17521 18113
17692 18093
17385 18165
17643 18041
17396 17679
17397 18260
17196 17712
17457 17926
17411 17770
17329 17943
17305 17928
17652 17925
17660 18063
17318 17777
17353 18002
17667 17913
17473 18084
17522 18247
17689 18051
17675 18246
17576 17855
17362 18037
17396 17661
17388 18041
17277 17838
17565 18213
17288 17776
17429 18077
17331 18034
17555 18047
17845 18142
17388 17985
17113 17878
17726 18215
17488 18139
17504 18011
17442 18326
17458 18164
17520 17914
17450 18031
