519314 1800
3305 3472
3774 3692
3352 3925
3923 3418
3500 3303
3381 3828
4044 3508
3568 3971
2788 3600
3036 3658
3955 3452
4061 3243
3270 3712
3550 3944
3996 3225
3852 3758
3905 3601
3645 3420
3835 3249
3578 3321
3915 3431
3450 3629
3345 3839
2618 3095
3591 3268
3869 3741
3698 3435
3956 3396
3076 3329
3466 3504
3638 3294
3594 3761
3572 3653
3510 3705
3090 3598
3580 3294
3534 3540
3997 3301
3216 3825
3595 3264
3518 3919
3732 3765
3527 3945
3556 3207
4090 3344
3067 3515
3531 3613
3863 3569
4024 3522
4066 3494
3262 3711
3663 3579
3471 3287
3679 3702
3308 3264
3614 2955
3990 3200
3854 3628
3657 2981
4004 3452
4004 3291
3383 3017
4077 3486
3445 3302
3508 3722
3630 3751
3297 3587
2847 3375
3116 3860
3494 3974
3895 3231
3798 3138
3522 3245
3655 3561
3472 3446
3622 3727
3595 3628
3563 3869
2817 3742
3535 3945
3041 3621
3923 3398
2704 3500
3307 3462
4053 3608
3996 3547
3540 3329
3358 3545
2970 3511
3773 3371
3676 3884
3203 3244
3674 3083
3399 3671
3438 3696
4039 3048
3228 3629
3730 3699
4114 3153
3721 3289
3393 3793
3913 3532
3693 3585
3763 3843
3671 3242
3397 3790
3685 3630
3703 3746
3366 3835
3710 3781
2820 3538
3552 3613
3476 3864
3902 2970
3965 3683
2987 3631
3927 3298
3186 3935
3214 3613
3739 3638
3123 3005
3805 3313
3612 3642
4005 3539
3496 3746
3609 3652
3726 3822
3060 3427
3218 3478
3388 3328
3802 3166
3108 3633
3147 3635
3100 3630
2882 3527
4009 3603
3252 3636
3703 3460
3492 3632
3741 3628
3317 3831
3062 3165
3508 3569
3378 3949
3282 3640
3651 3803
3924 3679
3635 3782
3785 3650
3205 3530
3873 3089
3494 3515
