525162 2880.14
8999 8493 8016
7872 8920 8081
8705 8860 7637
8896 8101 8108
8370 8384 8582
8096 8755 8350
8708 8205 8505
8809 8832 7869
8705 8860 7637
8982 8110 8062
8310 8916 7708
8621 8312 8510
8235 8901 8136
8781 8253 8404
8096 8755 8350
8705 8860 7637
8896 8101 8108
8642 8752 8240
8621 8312 8510
8096 8755 8350
8488 8869 8210
8746 8824 8036
8340 8625 8473
8781 8253 8404
8705 8860 7637
8891 8589 8041
8854 8429 8062
8370 8384 8582
8813 8777 7931
8784 8470 8304
8799 8389 8275
8577 8534 8473
8758 8673 8091
8891 8589 8041
8504 8352 8476
8741 8685 8373
8807 8379 8194
8809 8832 7869
8577 8534 8473
8935 8552 7938
8256 8895 8115
8422 8863 8300
8705 8860 7637
8340 8625 8473
8642 8752 8240
8332 8518 8502
8891 8589 8041
8705 8860 7637
8852 8456 8135
8422 8863 8300
8891 8589 8041
8935 8552 7938
8838 8631 8162
8096 8755 8350
8370 8384 8582
8310 8916 7708
8838 8631 8162
7872 8920 8081
8310 8916 7708
8370 8384 8582
8741 8685 8373
8577 8534 8473
8490 8698 8260
8394 8886 8208
8999 8493 8016
8669 8457 8393
8935 8552 7938
8501 8768 8068
8838 8631 8162
8854 8429 8062
8784 8470 8304
8676 8757 8146
8999 8493 8016
8982 8110 8062
8781 8253 8404
8340 8625 8473
8422 8863 8300
8669 8457 8393
8758 8673 8091
8488 8869 8210
8758 8673 8091
8781 8253 8404
8577 8534 8473
8332 8518 8502
8784 8470 8304
8621 8312 8510
8891 8589 8041
8501 8768 8068
8676 8757 8146
8422 8863 8300
8669 8457 8393
8799 8389 8275
8999 8493 8016
8838 8631 8162
8370 8384 8582
8935 8552 7938
8807 8379 8194
8838 8631 8162
8854 8429 8062
8809 8832 7869
8488 8869 8210
8488 8869 8210
8935 8552 7938
8813 8777 7931
8838 8631 8162
8332 8518 8502
8577 8534 8473
8758 8673 8091
8422 8863 8300
8501 8768 8068
8809 8832 7869
8504 8352 8476
8332 8518 8502
8501 8768 8068
8854 8429 8062
8422 8863 8300
8621 8312 8510
8332 8518 8502
8854 8429 8062
8676 8757 8146
8642 8752 8240
8999 8493 8016
8935 8552 7938
8982 8110 8062
8781 8253 8404
8340 8625 8473
8096 8755 8350
7872 8920 8081
8896 8101 8108
8758 8673 8091
8676 8757 8146
8799 8389 8275
8982 8110 8062
8488 8869 8210
8332 8518 8502
8705 8860 7637
8621 8312 8510
8891 8589 8041
8813 8777 7931
8096 8755 8350
8676 8757 8146
7872 8920 8081
8577 8534 8473
8982 8110 8062
8708 8205 8505
8310 8916 7708
8781 8253 8404
8490 8698 8260
8838 8631 8162
8852 8456 8135
8809 8832 7869
8999 8493 8016
8807 8379 8194
8809 8832 7869
8235 8901 8136
8096 8755 8350
8669 8457 8393
8807 8379 8194
8896 8101 8108
8340 8625 8473
8705 8860 7637
8488 8869 8210
8488 8869 8210
8488 8869 8210
8256 8895 8115
8676 8757 8146
8310 8916 7708
8896 8101 8108
7872 8920 8081
8422 8863 8300
8621 8312 8510
8852 8456 8135
8982 8110 8062
8577 8534 8473
8705 8860 7637
8422 8863 8300
8332 8518 8502
8809 8832 7869
8332 8518 8502
8621 8312 8510
8781 8253 8404
8838 8631 8162
8813 8777 7931
8799 8389 8275
8799 8389 8275
8935 8552 7938
8807 8379 8194
8809 8832 7869
8852 8456 8135
8854 8429 8062
8490 8698 8260
8422 8863 8300
8310 8916 7708
8809 8832 7869
8758 8673 8091
8577 8534 8473
8504 8352 8476
8741 8685 8373
8807 8379 8194
8809 8832 7869
