12460 2885.58
17886 16822 16723 16252
17647 16506 17218 16490
17589 16798 16427 16905
17186 17071 17554 16503
17098 16914 16906 17143
17028 17184 17440 16075
16711 17414 17096 16502
16633 16863 17130 17058
17287 16592 17264 16870
17594 17080 16537 16675
17810 16812 17180 16203
16917 16966 17048 17109
16865 17406 17250 16313
17071 17293 17315 16163
16674 17366 17215 16319
16984 17392 16857 16287
16976 17229 17501 16108
16965 17239 17136 16912
17111 17313 17095 16692
17180 16608 17073 17019
16775 17271 16967 16818
16905 16783 17438 16878
17005 17248 17348 16548
17333 17194 16621 16859
17152 17375 16843 16475
17622 17116 17001 16356
17413 17135 17054 16576
17064 17300 17289 16522
17384 16746 16952 17051
17533 16860 17331 16505
17260 16705 16672 17071
17867 16754 16792 16350
16910 17351 17175 16597
17803 16816 16582 16521
16660 17068 17103 17022
17674 17038 16638 16465
17852 16793 16753 16436
17427 16807 17407 16563
16850 17204 17451 16629
17771 16982 16550 16397
17347 16659 17190 16888
16837 17098 17299 16868
16736 17331 16963 16857
17127 17126 17493 16632
17798 16714 16703 16516
17103 16775 17157 16983
17021 17202 17420 16502
17836 16838 16926 16343
17161 17333 17020 16640
17886 16656 16758 16413
17170 17095 17469 16622
16819 16734 17447 16676
17136 16931 17078 17080
17819 16727 16684 16608
17809 16678 16849 16383
17040 16802 17137 16980
17083 17057 17271 16807
17655 16873 16726 16785
16748 17106 17505 16451
17141 17102 16744 16984
17234 17101 17534 16558
17736 16964 17033 16129
16814 17104 17255 16861
17167 17032 17485 16613
17303 17091 17232 16730
17788 16840 16940 16300
17439 17022 17364 16555
17671 16691 16985 16652
16757 16834 17548 16552
17274 16790 16868 16973
17686 16628 16803 16729
17544 16939 17127 16664
17054 17036 16885 16995
17320 17123 16715 16928
16648 17076 16945 17037
17758 17062 16906 16332
17513 16695 16853 17006
17290 16974 16970 16947
17210 16833 17517 16559
17707 16850 16687 16585
17698 16949 16643 16540
17098 16914 16906 17143
17246 17156 17017 16836
17732 16886 16558 16427
17463 16960 17386 16623
17348 17277 16721 16647
17027 17120 17389 16739
17777 16708 16900 16399
17304 17151 17005 16763
17596 16998 17255 16148
16987 16919 17220 16894
17502 17048 16994 16726
17721 16639 16997 16545
17242 17236 16896 16842
17606 16897 16948 16670
17201 16930 17167 16882
17326 17222 16781 16672
17376 17259 16719 16591
17398 16913 16789 16899
17359 16990 16690 16956
17088 17259 16935 16748
17558 16768 16667 16847
17821 16891 16803 16387
17687 16880 16944 16533
17727 16902 16570 16674
17638 16845 16997 16383
17370 16841 17205 16855
17454 17211 16827 16700
17684 16647 16841 16791
17467 17171 16878 16774
17317 17021 17061 16946
17368 17088 16960 16712
17565 16798 16770 16824
17216 16925 16789 17030
17308 17082 16811 16889
17653 16921 16655 16545
17422 16905 16777 16956
17306 17164 16886 16764
17340 16995 16823 16836
17330 16953 17039 16805
17269 16829 16938 16967
17028 16919 17018 17095
17637 16891 16915 16812
17756 16760 16777 16713
17580 16864 17049 16719
17749 16862 16938 16412
17515 16927 16883 16752
17216 16886 16977 17034
17433 17074 16934 16721
17596 17015 16770 16616
17508 17001 16991 16768
17359 17109 16987 16654
17566 16965 16861 16579
17773 16812 16809 16449
17453 17290 16937 16517
17443 16886 17169 16853
17506 17020 16922 16603
17474 17023 17034 16728
17552 16931 16664 16684
17483 16948 17010 16704
17491 16942 16879 16790
17235 16944 17099 16807
17525 16833 16923 16774
17339 16910 16925 16935
17526 16998 16809 16660
17738 16800 16705 16501
17486 16990 16996 16429
17576 16924 16883 16666
17562 16942 16873 16548
17644 16828 17038 16552
17453 17006 17035 16681
17549 16804 17011 16773
17479 17018 16884 16785
17556 16929 16969 16685
17640 16963 16829 16673
17548 16936 16835 16734
17512 16820 16948 16866
17591 16903 16756 16811
17738 16800 16705 16501
17460 16909 16913 16792
17489 17012 16826 16796
17484 16952 17027 16584
17489 17012 16826 16796
17548 16936 16835 16734
17550 16877 16859 16938
17648 16819 16907 16702
17453 17006 17035 16681
17550 16877 16859 16938
17578 16879 16963 16657
17460 16909 16913 16792
17484 16952 17027 16584
17648 16819 16907 16702
17578 16879 16963 16657
17479 17018 16884 16785
17640 16840 16758 16592
17632 16946 16692 16578
17559 16955 16765 16404
17502 16690 16900 16722
17428 17064 16773 16614
17405 16793 17147 16847
17119 17058 16903 16655
17268 16998 16850 16839
17569 16982 16740 16461
17489 16826 17029 16625
17434 16773 17139 16828
17360 16880 16767 16731
17589 16733 16885 16540
17276 16844 16818 16814
17613 16884 16864 16520
17546 16920 16952 16659
17605 16760 16841 16714
17479 16861 16879 16689
17434 16840 16803 16773
17481 17039 16965 16686
17531 16934 16825 16640
17615 16942 16778 16672
17391 16807 16774 16842
17454 16970 16999 16572
17576 16959 16740 16563
17424 16903 16984 16719
17272 17061 16854 16762
17524 16802 16773 16700
17495 16839 16864 16798
17425 17047 16980 16603
17454 16970 16999 16572
17499 16792 16957 16620
17397 16948 16976 16705
17556 16893 16822 16589
17495 17043 16860 16540
17431 16837 16971 16682
17442 17055 16821 16618
17610 16829 16881 16667
17557 16899 16742 16721
17566 16930 16819 16590
17495 16926 16955 16659
17584 16926 16741 16532
17519 16821 16890 16423
17417 17045 16531 16480
17411 16655 16848 16794
17351 16840 16973 16690
17182 16967 16718 16781
17532 16741 16847 16554
17462 16807 16684 16760
17325 16814 16932 16702
17495 16930 16784 16638
17476 17012 16924 16661
17432 16907 16948 16515
17443 16801 16755 16731
17405 16700 16792 16683
17358 16791 16809 16779
17456 16945 16874 16682
17360 16862 16908 16698
17519 16878 16822 16649
17336 16861 16718 16703
17399 16918 16962 16659
17487 16850 16834 16554
17466 16801 16959 16651
17580 16771 16701 16520
17487 16637 16781 16418
17384 16968 16553 16601
17383 16816 16857 16681
17175 17012 16917 16609
17248 16900 16888 16641
17480 16741 16815 16587
17475 16919 16604 16617
17340 16833 16872 16558
17307 16941 16839 16661
17356 16882 16904 16533
17471 16960 16695 16622
17471 16811 16801 16529
17425 16988 16793 16569
17416 16819 16758 16677
17444 16889 16781 16676
17471 16963 16722 16575
17455 16937 16844 16661
17412 16927 16866 16566
17388 16957 16858 16642
17368 16963 16854 16572
17389 16939 16869 16586
17541 16696 16642 16517
17434 16766 16582 16638
17382 16928 16818 16504
17365 16953 16846 16524
17210 16800 16655 16658
17349 16899 16777 16616
17435 16908 16694 16596
17470 16733 16713 16519
17462 16795 16694 16542
17413 16858 16785 16642
17448 16785 16725 16506
17458 16937 16630 16515
17390 16868 16817 16600
17418 16927 16811 16612
17459 16779 16668 16355
17414 16772 16547 16603
17379 16875 16633 16608
17360 16552 16840 16408
17291 16774 16581 16616
17337 16669 16809 16596
17335 16859 16747 16515
17425 16840 16682 16455
17430 16841 16654 16433
17330 16825 16770 16598
17421 16810 16672 16571
17358 16803 16798 16455
17367 16730 16590 16553
17308 16498 16719 16499
17304 16822 16697 16280
17285 16823 16673 16562
17171 16571 16525 16574
17358 16502 16636 16424
17323 16772 16705 16483
17358 16484 16467 16376
17212 16687 16652 16158
17187 16815 16616 16533
17306 16708 16627 16474
17199 16693 16628 16329
17299 16473 16531 16322
17129 16439 16301 16357
17092 16374 16361 16102
