216 180.888
16581 18045 16843 15962
15436 16965 17570 17082
16360 17072 15934 17390
16683 15754 17160 17614
16399 16890 18288 16048
17831 16599 16864 16219
16047 16396 16450 18049
17345 17444 17167 15204
17263 17301 17162 15346
17247 17406 17251 15405
17113 17362 17370 15539
16195 17963 17117 16247
17247 17406 17251 15405
17780 16697 17166 16078
17047 16648 16011 17344
16171 15774 17221 17686
16668 16903 16034 17316
15458 16853 17465 17231
17263 17301 17162 15346
16646 15809 17481 17210
15577 17116 17345 17168
16628 16809 18127 16042
15501 17191 17312 17159
16698 16764 18260 15857
15559 16725 17651 17409
16487 16912 18248 15941
16540 17408 17826 15593
16161 16133 16599 18034
16047 17039 18186 16177
16265 17116 16058 17531
16807 17953 16991 16041
15980 16503 16428 17991
16352 16895 15986 17722
16177 17027 18210 16122
17811 16640 16903 16310
15976 16424 18288 16484
16491 17923 16857 16054
15522 17102 17653 17025
16648 17647 17633 15635
17717 16832 17100 16020
15992 16551 16412 18040
17747 16295 16965 16262
16772 15911 17427 17226
16184 16441 16841 17961
16656 17213 15961 17278
15997 16670 18226 16534
16526 15856 17621 17158
15905 17806 16933 16522
15848 16887 17841 16902
15601 16672 17747 17193
16521 15877 17087 17622
16647 15764 16936 17630
16677 16032 17445 17274
16502 17894 16732 16146
16709 15935 17363 17276
16073 16292 18152 16531
15744 17126 17530 16947
16379 17717 16990 16450
16989 17743 16925 15922
16681 16937 18166 15837
15675 17462 17553 16546
16099 16884 18108 16315
16616 15895 17530 17168
17707 16463 16998 16324
16282 17870 16862 16126
16567 17734 17276 16133
15647 17424 17508 16631
16867 16441 18020 16303
16957 17085 16348 17209
16230 16025 17086 17859
15543 16974 17581 17021
16770 17419 16106 16931
17789 16678 17045 16137
16534 16113 16936 17704
17481 16489 16705 16951
15998 17151 17718 16493
16149 15909 17062 17948
16295 17884 16790 16083
16313 17690 17180 16359
16992 17693 16914 15869
16497 17005 16141 17591
15887 16506 17071 17853
16165 16956 17836 16840
17113 17362 17370 15539
16441 16562 18082 16529
17160 17483 17166 15562
16139 17124 16422 17347
16042 15948 17333 17559
15732 16780 17592 17289
17184 17333 16438 16682
17648 16773 17007 16059
16735 17198 17851 15891
16096 16010 17135 17895
17075 17367 16183 16797
17561 16982 16967 15643
15706 17577 17096 16654
15456 16931 17333 17235
16398 15830 17105 17663
16181 16942 17942 16634
16467 15967 17356 17554
16943 17425 16405 16759
17218 17094 16149 16780
16686 15816 17034 17511
16720 16930 18117 16060
15912 15898 17446 17757
16641 17501 17629 15897
17184 17680 17144 15883
16625 17040 16281 17360
16355 16363 16608 18023
16368 16120 17328 17549
15501 17191 17312 17159
17734 16931 16969 15867
16389 17848 16431 16370
17328 16476 16891 16776
16671 17515 16595 16732
16539 17288 17954 15764
17712 16787 17115 16010
15856 16991 17594 16762
16210 16513 16810 17935
16113 15993 17663 17539
16822 17270 17933 15784
17498 16922 17215 15849
17677 16564 17068 16345
16251 17438 17231 16503
16564 16242 16636 17732
17313 17137 17340 15845
16885 17810 16865 15995
17401 17081 16210 16607
17134 17344 17239 15930
17268 17033 16339 16857
16922 17184 16175 17108
15536 17414 17438 16756
16416 16223 16702 17792
16914 17484 16397 16826
15655 17405 17313 16862
16683 17401 17640 15700
16463 16263 16697 18012
17633 16876 16941 16249
15602 16940 17331 17350
16432 17666 16309 16516
16548 15978 16838 17686
16122 17216 15972 17460
16315 16227 16830 17911
16761 16163 16831 17447
15893 16894 17648 17030
16358 16578 16201 17944
17172 17026 16511 16791
16491 17923 16857 16054
16171 15843 17093 17998
16544 16863 18012 16168
16526 16663 16080 17598
16837 16484 16644 17495
16970 17335 16065 17124
17608 16883 17346 16033
16326 17632 16874 16454
16437 16850 16462 17578
17527 17138 17383 15774
17089 17294 17709 15640
17578 16951 16872 16341
16928 16934 17911 15912
17319 16502 16388 16963
16983 17706 16995 16014
16472 17064 17973 16160
16058 15988 17332 17689
16621 16880 15982 17475
15958 17520 17027 16843
17080 17623 17240 15731
16171 15843 17093 17998
16505 17725 17128 16165
17599 16688 17044 16269
16339 16198 17176 17711
17050 16700 16132 17204
17670 16768 17113 16039
16694 17614 16959 16592
17231 17307 17375 15577
16411 17091 18092 15899
16734 16215 17793 16752
16035 16185 17926 17310
16140 17016 16369 17520
15817 17279 17652 16559
16235 17052 18214 16076
15616 17129 17272 17229
16953 17489 16163 16804
17422 17083 17088 15952
17013 17586 16750 16086
17428 17129 16549 16457
17289 17059 16635 16694
16827 17382 16190 16946
16614 16049 17378 17346
16844 17364 16214 17077
16576 17274 17930 15720
15982 17135 17791 16476
17660 16838 17014 15828
15678 17170 17830 16363
15627 17340 17133 17187
17374 17019 16755 16697
16225 17108 16203 17442
16021 15958 16997 18014
15969 16191 17763 17401
16708 17583 16879 16409
15952 15872 17809 17478
17055 17446 17390 15758
16786 17090 16619 16947
15685 17383 17247 16908
16834 17695 17377 15590
16374 16354 16736 17957
16818 17596 17456 15582
16610 16523 16537 17578
16660 17570 17296 16245
15824 17080 17877 16467
16495 16178 16880 17785
16798 17061 16796 17045
17041 17237 16565 16563
16109 16758 16962 17670
16080 16429 16922 18014
15876 17267 17208 17157
17070 16081 17186 17052
15639 17036 17559 16909
16676 16667 16659 17454
16766 17801 16798 16211
17556 16690 16819 16724
17218 17509 16329 16564
16397 17907 16638 16137
15781 16937 17554 17051
16847 16946 16265 17315
16723 16094 16954 17352
17005 17069 16453 17069
16205 16243 17509 17298
17338 16360 17545 15989
16483 16196 16592 17922
17382 17230 16246 16562
15886 17505 17408 16604
17542 16899 16987 16367
17080 17496 17407 15743
15634 16904 17344 17211
16803 16575 16097 17479
16888 16311 16972 17181
16076 16960 18095 16378
16598 16255 17538 16925
15925 16091 17011 17938
16445 16068 16962 17701
17621 17005 16782 16001
15934 16192 17787 17429
16083 17041 16411 17584
16554 16857 16231 17580
16251 16706 16237 17899
17514 17243 16802 16276
16683 16746 18155 16000
16701 16269 17258 17381
16396 16000 17045 17694
16757 17403 16859 16690
17346 16765 16289 17021
15863 17225 17567 16807
17521 17028 16665 16716
16894 16625 16155 17336
16688 16257 16919 17465
15701 16657 17621 17201
17379 17321 16296 16278
16812 16673 18073 16124
17076 16897 16378 17091
16453 17864 16839 16207
16939 17443 17439 15838
16232 17824 17052 16315
16401 16401 17497 17006
15661 16796 17656 17099
16089 17550 17309 16616
17145 16598 17195 16605
16157 16971 16848 17330
16244 15974 16842 17928
16911 17391 17865 15857
16501 16849 17949 16419
16763 17647 16587 16373
17281 17163 17160 16143
16117 17452 17786 16391
16832 16245 16612 17606
16467 17100 17890 16208
15717 17241 17564 16668
16085 16491 17146 17744
16046 16822 17288 17114
16121 16732 16540 17886
17317 17113 17306 15797
16070 15828 17706 17437
17436 17385 16849 16014
17508 17251 16928 16050
17139 16996 16496 16923
17096 17325 17608 15750
17306 17003 17683 15736
17440 17072 16888 16291
16511 17132 17997 15982
16466 17602 16177 16646
15997 16616 17076 17846
16709 15935 17363 17276
16594 15905 17449 17335
16202 17047 16531 17440
15916 17633 17243 16576
16280 16708 16621 17605
16820 16278 17384 17223
17336 16796 17159 16382
16038 17106 16724 17368
16143 17537 17561 16094
17538 16583 17419 16118
16778 17412 16126 16972
15753 16740 17566 17218
17396 16931 17532 15936
16300 16497 16605 17842
16425 17394 16491 16803
17344 16980 17456 15802
15799 17311 17504 16818
16360 17861 16995 16081
17571 16823 16948 16398
16310 16590 16294 17814
16477 17638 17522 16149
16556 16377 17422 17255
16865 17749 17120 15809
15945 17282 17520 16745
17007 17618 17316 16117
15768 17448 17415 16624
17000 17139 16897 16822
17271 16568 16093 17129
17747 16295 16965 16262
17458 17094 16985 15917
16836 16260 17334 17170
15960 16865 18053 16519
15630 17371 17113 17142
15985 16657 17910 16673
16422 16203 16982 17673
17160 17483 17166 15562
16682 17646 16544 16627
16412 16349 16911 17867
16060 16677 16469 17894
16578 17959 17060 16006
16614 16936 15970 17451
16818 17372 15962 16967
17279 17257 17366 16107
17137 17410 16249 16721
17612 16722 16984 16466
16274 17197 17671 16468
16595 16913 16485 17307
17679 16592 17224 16102
17477 16736 17121 16070
17252 17528 17152 15826
17023 17346 17547 15800
16559 17269 17919 15897
16875 17821 16779 15978
16190 16232 17615 17273
16496 16547 16372 17715
16882 17479 17430 15695
16554 16561 17742 16624
16753 16518 17589 16530
16236 16529 16457 17926
16297 17053 16359 17391
16006 16341 17618 17517
16414 16234 16771 17773
16636 15826 17484 17126
16729 17132 16162 17260
17032 17652 17302 16033
17412 17101 16675 16393
16347 16908 16071 17674
16681 17592 17192 16404
15994 17380 16334 17238
17202 16741 16766 16942
16496 16656 16260 17708
16619 16858 18222 16132
16216 16371 17333 17434
16541 16366 17617 16957
16315 16738 16664 17547
16524 17119 16235 17294
17184 17680 17144 15883
16320 16924 16931 17322
16294 17010 16272 17597
16010 16367 17327 17506
17202 17309 17114 16026
16446 16333 17794 16727
16591 15980 17467 17436
15814 16853 16639 17665
15728 17263 17805 16416
17155 16918 16609 16889
16374 17007 18175 16251
16500 16649 17737 16702
16395 17002 18061 16108
16042 16116 17656 17512
17027 16683 17660 16233
16782 16764 17111 16996
16425 17175 18004 15644
16086 17539 17320 16672
15841 16554 17376 17541
16814 17782 16742 16128
16888 17659 17309 15671
16307 16002 17088 17726
15829 16951 17353 17198
16053 16514 16992 17798
17066 17357 17595 15789
15962 16262 17900 16802
16324 17641 16916 16471
16338 17021 18052 16240
16343 17218 17549 16278
17450 17002 17401 15680
16627 17794 17078 16184
17301 16632 16552 17127
16191 16566 17261 17565
15776 16302 17420 17575
16494 16874 16137 17649
16677 15951 17480 17284
16381 17560 16469 16813
16114 16572 17542 17232
16081 16105 17572 17433
17586 16344 17246 16281
16939 16222 17459 16815
15722 17573 16948 16837
17216 17327 16503 16553
16545 16069 17419 17473
17734 16931 16969 15867
16538 17483 17661 15958
16416 17342 17966 15940
15933 16524 17958 17163
16889 16210 17485 16936
17444 17070 16818 16087
16793 17503 17448 16189
17192 16976 17129 16579
16982 16173 17523 16607
16122 16881 16118 17658
17526 16852 17403 15814
17072 17342 16327 16750
16016 16807 17106 17406
15798 16618 17542 17252
17060 17663 17010 16014
16753 17453 16614 16601
16024 17255 17138 17063
16773 17790 16730 16049
16413 17035 16303 17542
15871 17350 17727 16434
17105 17270 17701 15715
16471 17293 16834 17067
17698 16595 17047 16416
16451 17297 17897 16162
16093 17199 17004 17338
17190 16579 16780 17061
16464 16777 17985 16586
17686 16966 16982 16193
16640 16109 17558 17019
17355 16968 17499 15753
17226 17050 16867 16669
16807 16076 17518 17125
16517 16160 16121 17752
17214 16950 16252 16999
15930 16385 17148 17804
15691 17284 17675 16648
16638 16814 16222 17509
16898 16569 17819 16490
16187 16313 17801 17156
16687 17555 17477 15688
17424 17166 16430 16584
16696 17757 16711 16328
15539 17014 17611 16875
16622 16893 18079 16110
17467 16642 17280 16154
16652 17842 16815 16180
16459 17841 17173 16212
17048 16986 16314 17192
17459 16567 17349 16420
16188 17298 16152 17237
17592 16958 17017 16104
17128 16057 17194 16910
16297 17785 17036 16373
17114 17207 17516 15661
17310 17344 16677 16092
16617 16099 17604 17011
16048 16920 18049 16460
16368 16189 17311 17388
17588 16867 16738 16458
16362 16198 17067 17907
17027 16835 17474 16502
17551 16664 17163 16390
16587 17077 17723 16132
16257 17434 17755 16264
16390 16236 17515 17265
15898 16688 17462 17348
16135 16602 16883 17703
16258 17174 17957 16325
16860 16254 17430 17093
16715 16299 16520 17621
17632 16659 17020 16484
16353 16861 16584 17412
16397 17907 16638 16137
16011 16870 16970 17483
16645 17351 16363 16982
16626 17187 17826 16098
16265 16430 16712 17869
16986 17394 17673 15731
16504 16844 17845 16407
16333 16275 16943 17747
16742 17012 18008 15910
16561 16837 18103 16156
16290 16445 17207 17748
16703 16324 16823 17639
16608 17256 17906 16011
16041 17657 17218 16388
15973 17118 17777 16598
17593 17024 16941 16091
16915 17421 16670 16284
16615 16726 16435 17462
16478 17885 17187 15860
16892 16500 17282 16787
15837 17169 17259 17285
16638 16860 18067 16298
17820 16805 16987 16215
16596 17031 17967 15864
16017 16457 17012 17839
16182 17068 17989 16257
17470 16937 17065 15822
16153 16825 16575 17761
16289 16871 17455 17034
16693 17752 17197 16117
17625 16662 17125 16417
16145 16855 17977 16424
16664 17317 17599 16087
17265 16966 17158 16514
16395 16054 17735 17140
16649 17426 17640 15815
17533 16901 17021 16335
16933 17574 17404 15685
17476 16892 17252 16272
16667 16019 17291 17298
17125 17164 16671 16769
16782 17156 17638 16263
17370 16654 17358 16247
15954 17131 16659 17537
16965 17202 16074 17081
17084 16848 16747 17026
16897 16840 17278 16633
16893 17493 17578 15585
16864 17273 17620 15986
16751 17234 17000 16707
17358 17074 17422 15739
15938 17510 17058 16868
16611 16813 17584 16547
16291 16451 16474 17880
17386 16765 16988 16487
16807 16754 18030 16175
16223 16296 17169 17796
17549 16685 17125 16161
16515 17673 16842 16431
16882 17248 16560 16990
17533 16793 16885 16432
16420 17247 17490 16480
16963 17361 16304 17081
16475 17626 17171 16404
17688 16974 16942 16064
16678 16751 17874 16447
16019 15901 17328 17773
16747 16238 17407 17189
16574 17671 17008 16452
17453 16882 17577 15793
16993 17608 16682 16167
16294 16285 17815 17204
16637 16290 17287 17235
16329 17153 17534 16678
16509 17328 17916 15964
17236 17269 16980 16304
16719 16674 16170 17527
16718 16944 18099 16065
16266 16079 17506 17556
15681 16728 17340 17449
15953 16284 17437 17652
16387 16718 16526 17618
16984 17044 16488 17200
15927 17474 17128 16877
16405 16817 17267 17190
16021 16835 16695 17805
16717 17467 16798 16770
16558 16614 16913 17367
15859 17365 16788 16998
16508 16782 17469 16799
17231 17305 17369 15830
17629 16684 17178 16383
16829 17147 16362 17028
17493 16717 17294 16111
16590 16644 16812 17362
16489 16315 17292 17492
17229 16340 17347 16845
16745 17092 16786 17054
16357 16676 16476 17766
17062 16705 16807 17155
16413 17079 16278 17242
16456 17360 17828 15990
15694 17604 17282 16685
16890 17624 16691 16295
16287 17161 16923 17159
16412 16295 16774 17917
15835 17304 17381 16739
16958 17600 17390 16005
16582 17460 16629 16773
16998 17364 16266 16686
16419 16993 16976 16918
16740 16415 17218 17014
16292 17457 17860 15719
16958 17778 16982 16138
16415 16663 17712 16933
16448 16737 16908 17220
16397 15972 17134 17783
17366 17232 17190 15810
16254 17175 16168 17381
16350 17102 18000 15973
16131 16546 16840 17730
17496 16827 17030 16385
16660 17562 16614 16639
16448 17650 16562 16541
16690 16920 16657 17247
17680 16628 17051 16402
15805 16740 17502 17393
17596 17008 16601 16169
16106 16827 16780 17376
17019 16594 16863 17243
16604 17290 16191 17210
16431 17315 16707 16900
16028 16515 16821 17877
16242 16397 16806 17941
16127 17046 17372 16712
17167 16792 17487 16413
16911 16399 17054 16953
16665 17829 16689 16049
16748 16658 16750 17342
16902 16149 17424 17158
16906 16779 17720 16354
15941 17127 17479 17084
15952 15872 17809 17478
16518 17890 16836 16058
16078 17291 16116 17373
16129 17197 17024 16976
16072 16018 17204 17770
16669 17557 17201 16124
16431 17687 17375 16082
17297 16514 16808 16811
17530 16802 17033 16166
15758 16817 17388 17376
17294 16411 16787 16878
16635 16346 16999 17327
17109 17386 16517 16352
17095 16927 17210 16573
16214 16467 17426 17450
16367 17272 18066 15905
16523 16184 17653 16863
16422 17431 16683 16896
16344 17078 16893 17214
16960 16634 16427 17210
16604 17077 17233 16502
16496 17818 16750 16475
17789 16678 17045 16137
15964 16388 17687 17347
17098 17340 17374 15807
16412 16337 17856 16755
15754 17070 17889 16826
16884 17260 16764 16523
16254 16884 17759 17090
16602 16330 17481 17261
16804 16273 17414 17185
16048 16318 17264 17625
15714 17430 17478 16609
16929 17459 16501 16611
16242 16249 16912 17935
16300 16014 17249 17618
17209 16978 17206 16312
16324 17268 16324 17302
16348 16084 17634 17483
15794 16905 17262 17226
16174 16694 17881 16750
16919 17390 16572 16775
16168 17830 16672 16350
15616 17129 17272 17229
16069 16542 18093 16488
16893 17543 17412 15797
16551 16139 17828 16704
17215 17126 17133 16198
17300 17292 17466 15969
16918 17536 16382 16583
17231 16725 16715 17174
16592 16472 16734 17402
16868 17223 16728 16794
16903 17487 16220 16865
16869 16688 17382 16851
16581 16911 16346 17427
17200 16867 16717 16784
16055 16543 17799 17164
17474 16828 17071 16364
16030 16987 17642 16786
17006 17507 17361 15908
16563 16140 16803 17752
15914 17374 17264 16681
17654 16637 16554 16499
15812 16527 16820 17908
17269 16381 16957 16985
16663 16622 17359 16882
17211 17226 17023 16444
16941 17212 16515 16638
16428 16743 17250 17004
16322 16587 17489 17262
17164 17518 17033 16058
16376 16636 17992 16318
17325 17103 16648 16581
17205 16909 17572 16242
15897 17074 17871 16693
16081 16432 17254 17600
16640 16533 16951 17291
16337 16946 17936 16320
16037 16682 17827 16888
17504 16491 17189 16429
16505 16281 17846 16524
15785 17483 17077 16847
17271 16336 17156 16549
16626 17201 17733 15965
16291 16734 17470 17095
17010 16540 17248 16720
16838 16327 16882 17364
17180 16693 16789 16978
15867 17667 17179 16611
16549 16092 17365 17312
17295 17063 17265 15993
16744 17551 16232 16657
17162 17285 17484 15914
17092 16745 17084 16623
16383 17607 17774 15763
15819 17029 17572 16921
16371 16297 16741 17874
16566 16495 16951 17501
16507 16716 16944 17426
15697 17218 17393 16884
16577 17659 16257 16491
15630 16538 17318 17599
17242 17448 17351 15926
16299 16552 16761 17600
16526 17774 16841 16455
16159 16834 18041 16364
15873 16886 17434 17305
16318 17495 17043 16648
16330 17118 17904 16398
17568 16970 16686 16647
16620 16554 16481 17697
16756 17625 16903 16287
16711 16781 18046 16166
17486 16715 16658 16774
16355 16503 16581 17836
16900 17217 17379 16204
17083 17603 17316 15949
17004 16453 17013 17000
17820 16805 16987 16215
16809 16609 16529 17416
15922 17658 17371 16545
17123 16748 16516 17083
17372 17202 17255 15821
17358 16761 17104 16319
16484 16971 17754 16639
16495 17702 17270 16348
16709 16077 16673 17470
17698 16595 17047 16416
16592 16641 16868 17354
16730 17231 16242 17139
17118 16281 16905 17133
16309 15849 17376 17492
16249 16528 17501 17150
17415 16577 17466 16353
17275 17194 16610 16489
17101 16893 16333 16968
17407 16969 16913 16627
16521 16098 17260 17568
16276 16481 16900 17829
16888 17770 17100 16221
16952 16145 17351 17023
16126 17354 17394 16725
16236 16903 16568 17415
16021 17313 17808 16068
16163 17037 17687 16696
17100 16723 16096 17327
17254 17530 16631 16114
15796 17280 17575 16588
15843 17199 17324 17122
16304 17449 17063 16641
16047 16396 16450 18049
16035 16549 17040 17770
17105 16435 17701 16569
15601 16770 17304 17528
16967 16599 17433 16674
16582 17389 16342 16988
17034 16847 17528 16312
16658 16586 17579 16545
17203 17456 17056 15862
16364 16028 17039 17763
16429 17202 16799 17101
16073 16301 17117 17779
16441 16246 16862 17769
16492 16387 17429 17120
17011 16574 16720 17396
16494 17183 16643 17198
17354 17286 16314 16300
16505 17107 16385 17239
15949 17442 17634 16539
16393 17432 17648 16226
15937 17263 17391 17098
17194 17310 17109 16118
16124 16732 17767 17036
15723 17363 17281 17002
16522 16701 16721 17445
16254 16530 17001 17627
16714 17531 17485 15666
17177 16712 17553 16441
17656 16648 17098 16261
16618 17837 16793 16252
16791 17048 17858 16181
15806 16722 17179 17633
15833 17012 17404 17185
16170 16774 17074 17326
16509 17413 17679 16196
16777 16790 17873 16225
15950 16265 17147 17871
17197 17581 16990 15757
16415 16880 16269 17514
16685 17449 17606 15735
16703 16324 16823 17639
16908 16469 17197 16860
17260 17016 17460 15974
16279 16535 16210 17885
17450 17002 17401 15680
16504 16326 17153 17644
16522 16363 16890 17634
16657 16999 16530 17268
16618 17837 16793 16252
16178 16525 16483 17857
16873 17302 16855 16338
16889 17272 16523 16928
16390 16157 17012 17648
16377 17286 16593 17111
16732 17667 17141 16034
16037 16963 17823 16678
16980 17143 17452 16329
16514 16685 16473 17599
17668 16527 17209 16114
16801 17325 16826 16647
16242 16499 16752 17832
16269 16266 17213 17539
16572 16207 17209 17538
16055 17584 17005 16666
17129 16762 16822 16724
16603 16730 17118 16732
17214 17415 16978 16109
16365 17608 17067 16417
16853 16836 16905 17138
17188 17310 16505 16686
17257 16441 17381 16661
16462 16354 17255 17525
16571 17129 17730 16455
15712 17100 17270 17248
16271 16189 17525 17555
16697 16830 18039 16070
16877 17239 16697 16783
16666 17760 16948 16415
15776 17229 17477 16864
15763 16974 17816 16916
16500 15850 17105 17648
16481 16422 17463 17016
17234 17214 16849 16493
16349 16407 17500 17118
16182 16637 16710 17821
16788 16788 16777 17170
17141 16526 17085 16606
15917 17367 17016 16878
17306 17208 16343 16677
16548 17580 17199 16427
17152 17091 17092 16302
17567 16908 16722 16352
17488 17108 16817 16164
16882 16621 16927 16893
16194 16425 17063 17910
16419 16806 16554 17413
16306 16030 17139 17765
17199 17422 16120 16625
17065 16481 17586 16190
15788 17070 17744 16794
16411 16390 16905 17795
15759 17294 17782 16473
16834 16919 17980 15687
16879 17321 16114 17103
16947 16499 17726 16178
15952 17330 17089 16964
16643 17291 17906 15707
17615 17002 16630 16214
16139 16380 17756 17173
16496 16369 17767 16569
16666 16962 17601 16537
16841 16151 17263 17194
17328 17336 17021 15846
17033 16696 16929 16849
17504 16988 16881 16421
16573 16731 16542 17404
17323 17110 16813 16619
16591 16991 16128 17417
16661 17030 17746 16510
17365 16831 16647 16871
17273 16232 16816 16873
17652 16789 16503 16590
17349 16809 17060 16713
15869 16544 17565 17420
17176 17314 17410 15789
16152 17348 17409 16653
16473 16647 16835 17587
16172 17705 17212 16566
16563 17426 17770 15945
16516 17196 17781 16267
16344 17249 17504 16377
16372 16425 17030 17486
17242 16945 16918 16642
16209 17853 16898 16174
16182 16637 16710 17821
17507 16707 17398 15883
17094 17008 16602 17039
16796 17703 17329 15651
17121 16716 16917 16960
16383 16807 16814 17488
16025 16357 17576 17554
16949 16465 17524 16530
16057 16359 17763 17091
16374 17007 18175 16251
16200 16457 17293 17509
16063 16925 17155 17391
16779 16799 17457 16510
17378 16846 17148 16302
16281 17170 17749 16399
16973 17020 16997 16830
16796 17703 17329 15651
16856 16310 17419 17084
16395 16578 16480 17815
17618 16884 17091 16050
16840 16636 17038 17056
16552 16410 16649 17688
17044 16608 16239 17302
17108 17265 16778 16349
16828 16755 17081 17203
16930 16605 17577 16462
17020 16384 16840 17434
16775 17638 16526 16433
17152 17138 17649 15853
16859 16634 16993 17016
15661 16796 17656 17099
16830 16807 17643 16307
16235 16436 17870 16676
16276 16481 16900 17829
16727 16506 16319 17508
16399 16175 17620 16986
17353 17159 17040 16113
16942 16417 17676 16757
16916 16143 17263 17038
15947 16878 17295 17138
16420 17665 16258 16535
16504 16083 17573 17304
16284 17148 17829 16399
16845 17177 16222 17228
16712 17553 17168 16231
16739 17192 16548 17117
16981 17108 17495 16229
16350 16544 16814 17813
16847 17476 17331 16060
16755 16631 17781 16331
16936 16421 17778 16173
16349 16504 17074 17727
16947 16665 17386 16659
16509 16448 17150 17397
16802 17057 16851 17010
16982 17308 17698 15944
16621 16029 17299 17552
16279 16417 17535 16943
16768 16415 16815 17300
16241 17162 17677 16463
16463 17888 16743 16154
17650 16705 17137 16134
16999 17480 16647 16397
17396 16931 17532 15936
17409 17091 16856 16258
17521 17010 17006 16129
16563 16856 16437 17573
16592 17291 17691 16185
16648 17647 17633 15635
16976 16274 17196 17152
16721 16730 17380 16701
16383 16602 17758 16593
15933 17053 17350 17106
16978 17523 16465 16727
17181 16375 17530 16348
16154 17623 16720 16649
17047 17377 17451 15657
16755 16875 17978 15892
16485 16062 16944 17718
16613 16777 16465 17319
16441 17352 16507 16908
17210 17182 16762 16524
16409 17765 17090 16282
16811 16492 17161 17000
17258 17179 17171 16114
16643 17439 16853 16638
16981 16798 16219 17248
16347 16908 16071 17674
16972 17017 16607 17019
16225 16946 17881 16531
