13634 913.612
26872 28716
28786 26500
28781 26579
28786 26500
28730 26721
28501 27137
28732 26668
27825 27970
27951 27851
27709 28092
27319 28427
28754 26630
26936 28681
27562 28230
28152 27619
26953 28668
28682 26805
27395 28365
28241 27497
28420 27271
28667 26843
27590 28202
28751 26655
27935 27862
27233 28480
27122 28563
27744 28059
28123 27646
27970 27824
27359 28390
28170 27596
28603 26957
27093 28586
28483 27164
28072 27704
28442 27237
27729 28068
26996 28644
27702 28096
27848 27953
27639 28148
28564 27039
27404 28350
28287 27458
27779 28014
27440 28318
27298 28445
28157 27610
27842 27960
28288 27445
27798 28002
27146 28548
28362 27350
27357 28399
28545 27059
28092 27685
28551 27053
28259 27488
28475 27182
28421 27249
28216 27538
28537 27079
28338 27377
28574 27012
28587 26986
28134 27639
27173 28528
28340 27375
27330 28424
27382 28379
27536 28248
28312 27423
28333 27408
28570 27029
27666 28132
27593 28185
28634 26903
27152 28547
27264 28468
27210 28506
27189 28519
28333 27408
28649 26869
28429 27240
27011 28632
27523 28255
28741 26666
27470 28299
27685 28111
28224 27516
26894 28707
26872 28716
28706 26763
28507 27123
28599 26966
28587 26986
26970 28665
26987 28651
27415 28343
27438 28336
27907 27895
27922 27879
28709 26747
28717 26723
28175 27582
28193 27570
28002 27778
27991 27798
27859 27933
27515 28259
27811 27986
28396 27304
27922 27879
28372 27333
28385 27316
28615 26936
27883 27914
28268 27467
27336 28406
28223 27535
28766 26584
28765 26614
28409 27287
28268 27467
27572 28212
27275 28449
28046 27740
28031 27753
28002 27778
28631 26909
28409 27287
27546 28238
28113 27664
27572 28212
27943 27853
28676 26824
28451 27218
27029 28626
27451 28306
28300 27430
27221 28496
28765 26614
28645 26887
28372 27333
28023 27763
27752 28043
28208 27559
28193 27570
27298 28445
27978 27805
27970 27824
28615 26936
27247 28476
28461 27202
28692 26788
28451 27218
27189 28519
27099 28571
27121 28569
27050 28614
27063 28605
27078 28595
27035 28624
28483 27164
28355 27356
27015 28630
27874 27930
28701 26772
27729 28068
27078 28595
27766 28033
26897 28686
27680 28120
27382 28379
28676 26824
27485 28286
27650 28135
28515 27119
26917 28683
28113 27664
28100 27674
26917 28683
27336 28406
28621 26918
27884 27910
28385 27316
27451 28306
28396 27304
28665 26863
28069 27706
26894 28707
26897 28686
27470 28299
28233 27512
27165 28532
27063 28605
27050 28614
27221 28496
27496 28275
28355 27356
28054 27726
28046 27740
27751 28044
27772 28017
27766 28033
27210 28506
26970 28665
28645 26887
28525 27097
28766 26584
28665 26863
27804 28000
27811 27986
28016 27764
27991 27798
27978 27805
27099 28571
27907 27895
27895 27903
28466 27186
28461 27202
27275 28449
28574 27012
27271 28466
27545 28240
27650 28135
28517 27099
28208 27559
28302 27429
28530 27083
28621 26918
27630 28158
27859 27933
27874 27930
27438 28336
28092 27685
28100 27674
27247 28476
27614 28178
27621 28166
28175 27582
28527 27088
27895 27903
28134 27639
27415 28343
28709 26747
28259 27488
28031 27753
27508 28270
27165 28532
28056 27710
27508 28270
