62432 960.136
18082 18409
17801 18704
18029 18468
17890 18664
17974 18551
17769 18712
17911 18644
18205 18180
18157 18276
18047 18419
17935 18580
18164 18258
18106 18359
17816 18674
17979 18538
17862 18667
17737 18723
17899 18650
18035 18427
17842 18668
18159 18266
18013 18476
18144 18279
17822 18669
17931 18581
18030 18432
17975 18542
17732 18766
18233 18162
18011 18521
18195 18236
18141 18355
18141 18355
18195 18236
18011 18521
17926 18628
17926 18628
18011 18517
18107 18310
18070 18396
18086 18355
17819 18658
17879 18641
17966 18550
17895 18600
17923 18578
17972 18539
17883 18631
17832 18649
18024 18440
17931 18573
18019 18457
18108 18234
18052 18401
18021 18451
18046 18406
18042 18409
18037 18410
17935 18555
17932 18564
17936 18551
17739 18688
18127 18192
16990 17544
17148 17616
17070 17561
16648 17302
16862 17311
16968 17465
17132 17389
17209 17401
16710 17463
17241 17479
16943 17258
17200 17429
17117 17637
17237 17416
17036 17398
17205 17580
16815 17267
16702 17441
16983 17176
17366 17501
16759 17044
17010 17051
16890 17113
16886 17291
16878 16928
17213 17304
16934 17462
17004 17562
16964 17476
17036 17525
17278 17589
16689 17247
17228 17371
17125 17529
16993 17589
17260 17264
16762 17447
17130 17486
17130 17250
17353 17656
17044 16997
16795 17246
17001 16997
16886 17238
17191 17439
17173 17297
17348 17886
16836 17097
16936 17392
17156 17502
16950 17723
17098 17603
17226 17733
17122 17641
16691 17395
16958 17520
16940 17103
16825 17082
17178 17446
17089 17212
17328 17541
17073 17224
16984 17550
17015 17432
17259 17578
17321 17608
16926 17227
17134 17436
17050 17151
17177 17671
16952 17422
17129 17281
17183 17818
16970 17678
16822 17340
16919 17131
16820 17194
17078 17492
17135 17678
16642 17066
17057 17275
16973 17605
16688 17238
17062 17632
17143 17743
16970 17778
17380 17591
16731 17400
16855 17175
17107 17180
16563 17374
17042 17376
16915 17399
16998 17700
17475 17413
17130 17149
17214 17748
17257 17447
17175 17510
16803 17332
16923 17374
16955 17362
17154 17611
16598 16820
17204 17733
17215 17510
17157 17816
17075 17642
17024 17494
16988 17316
16846 17093
16847 17251
17236 17505
16838 16990
16831 17214
16800 17323
16982 17301
17035 17642
17005 17487
17327 17642
17077 17386
17067 17530
16897 16956
17056 17333
17086 17522
16933 17429
16884 16787
17047 17601
17323 17137
17171 17665
17039 17230
17203 17823
17197 17112
16949 17525
17048 17278
17032 17677
17223 17538
