486792 1710.12
3411 3899 3254
3581 3505 3670
3369 3927 3343
3269 3863 3495
3411 3899 3254
3411 3899 3254
3619 3702 3365
3453 3783 3463
3326 3721 3625
3269 3863 3495
3326 3721 3625
3369 3927 3343
3453 3783 3463
3616 3476 3570
3508 3805 3446
3591 3844 3291
3674 3421 3525
3674 3421 3525
3415 3779 3492
3535 3598 3657
3616 3476 3570
3616 3476 3570
3326 3721 3625
3647 3541 3562
3516 3616 3586
3581 3505 3670
3535 3598 3657
3647 3541 3562
3326 3721 3625
3516 3616 3586
3465 3681 3617
3326 3721 3625
3668 3692 3394
3562 3868 3345
3566 3671 3550
3369 3927 3343
3594 3758 3327
3672 3574 3508
3586 3731 3398
3608 3657 3489
3647 3541 3562
3743 3389 3398
3610 3639 3554
3462 3843 3412
3653 3591 3511
3606 3547 3565
3559 3766 3478
3649 3698 3444
3594 3758 3327
3535 3598 3657
3393 3857 3505
3475 3768 3538
3591 3844 3291
3617 3718 3316
3552 3689 3536
3653 3591 3511
3617 3718 3316
3559 3766 3478
3535 3598 3657
3591 3844 3291
3552 3689 3536
3489 3754 3491
3684 3708 3300
3684 3708 3300
3566 3671 3550
3610 3639 3554
3534 3619 3564
3606 3547 3565
3369 3927 3343
3591 3844 3291
3462 3843 3412
3738 3583 3492
3653 3591 3511
3462 3843 3412
3668 3692 3394
3586 3731 3398
3520 3821 3430
3393 3857 3505
3610 3639 3554
3586 3731 3398
3581 3505 3670
3453 3783 3463
3608 3657 3489
3582 3680 3541
3393 3857 3505
3582 3680 3541
3465 3681 3617
3610 3639 3554
3465 3681 3617
3401 3835 3503
3462 3843 3412
3326 3721 3625
3415 3779 3492
3465 3681 3617
3591 3844 3291
3516 3616 3586
3508 3805 3446
3743 3389 3398
3534 3619 3564
3401 3835 3503
3606 3547 3565
3581 3505 3670
3668 3692 3394
3586 3731 3398
3672 3574 3508
3401 3835 3503
3508 3805 3446
3649 3698 3444
3582 3680 3541
3591 3844 3291
3562 3868 3345
3415 3779 3492
3369 3927 3343
3552 3689 3536
3535 3598 3657
3647 3541 3562
3552 3689 3536
3594 3758 3327
3552 3689 3536
3326 3721 3625
3411 3899 3254
3516 3616 3586
3516 3616 3586
3608 3657 3489
3684 3708 3300
3475 3768 3538
3508 3805 3446
3520 3821 3430
3516 3616 3586
3489 3754 3491
3559 3766 3478
3608 3657 3489
3326 3721 3625
3591 3844 3291
3647 3541 3562
3594 3758 3327
3581 3505 3670
3684 3708 3300
3619 3702 3365
3326 3721 3625
3581 3505 3670
3326 3721 3625
3516 3616 3586
3369 3927 3343
3586 3731 3398
3393 3857 3505
3608 3657 3489
3453 3783 3463
3617 3718 3316
3591 3844 3291
3608 3657 3489
3520 3821 3430
3616 3476 3570
3534 3619 3564
3465 3681 3617
3326 3721 3625
3594 3758 3327
3594 3758 3327
3465 3681 3617
3559 3766 3478
3489 3754 3491
3462 3843 3412
3508 3805 3446
3684 3708 3300
3465 3681 3617
3591 3844 3291
3552 3689 3536
3326 3721 3625
3552 3689 3536
3743 3389 3398
3552 3689 3536
3369 3927 3343
3606 3547 3565
3581 3505 3670
3586 3731 3398
3582 3680 3541
3649 3698 3444
3369 3927 3343
3594 3758 3327
3566 3671 3550
3610 3639 3554
3401 3835 3503
3606 3547 3565
3462 3843 3412
3617 3718 3316
3608 3657 3489
3738 3583 3492
3520 3821 3430
3594 3758 3327
3516 3616 3586
3393 3857 3505
3581 3505 3670
3619 3702 3365
3684 3708 3300
3582 3680 3541
3594 3758 3327
3393 3857 3505
3595 3698 3521
3489 3754 3491
3653 3591 3511
