71923 840.085
2788 3446 2095 2953
2475 3574 2576 2408
3197 3166 2502 2504
2386 3046 2882 2873
2619 2800 3534 2605
2818 3519 2538 2592
2356 2779 2965 2835
3044 3347 2129 2844
2881 2451 3106 3052
2347 2612 3522 2917
2447 2872 3119 3400
2465 2350 3248 3287
2330 3075 3103 2543
2454 2900 2759 3273
2924 2882 2398 2163
2886 2734 2670 3431
2616 2669 3524 3058
3185 3301 2352 3249
2250 2914 2828 3382
2627 3475 2949 2592
2782 2863 2601 2899
2677 2914 3315 2996
2782 3349 2538 3003
3214 3414 2737 2675
2329 2634 2749 3522
3138 3433 2501 2372
2840 3302 2058 2838
2919 2828 2475 3068
2348 3476 2920 2753
2992 3245 2223 2939
2828 2579 2955 3029
2356 3274 2793 2607
2469 3216 2761 2611
3107 3238 2349 2804
2434 2543 3519 2883
3139 3322 2476 2893
2871 2697 3129 3330
2864 2434 2999 3338
2035 2748 3348 3142
2705 2800 3014 3095
2980 3130 2611 3022
2291 2778 2888 3001
2634 3082 2504 3282
2693 3322 2848 2925
2958 3144 2584 2406
3219 2974 2893 2528
2665 2807 3436 2753
2671 3569 2764 2715
2844 2716 2572 2972
2987 3364 2348 3093
3323 3031 2496 2755
2926 2436 2477 3047
2625 3302 2805 2823
2223 3005 3273 3019
3061 3593 2661 2583
2524 2690 3086 3357
3320 3355 2556 2572
2775 3401 3172 2514
2540 2785 2447 3496
2876 3278 2358 2754
2504 3234 2634 2977
2814 3014 2264 3155
2210 2501 3149 3378
2776 3199 3272 2412
2381 2552 3312 3064
2937 3059 2767 3153
2676 2624 3036 2607
2979 2395 2785 2950
2793 3009 2357 3093
2851 3524 2730 2361
2857 2659 3142 2951
2351 2696 3376 2939
3065 3205 2070 2805
3045 3391 2174 2793
2453 2541 2595 3390
2633 2443 3420 3165
2660 3490 2562 2397
2599 3055 2169 2354
2496 2788 3127 2832
2717 3132 2135 2661
2975 2707 2973 2901
2591 2354 3389 3141
2667 2540 2871 3421
2575 2999 3384 2956
2508 2850 2693 3430
2883 2852 2399 3109
2902 3631 2518 2793
2830 2658 2255 3348
3298 2851 2327 2646
2396 2671 2873 3004
2968 2912 2798 2415
3126 3436 2770 2603
2656 2654 2695 3169
2496 2685 3388 2786
3125 3024 2293 2947
2554 2659 2928 3373
2908 2969 3047 2094
3305 3253 2381 2916
3381 2958 2409 2922
3101 2948 2715 2786
2621 3638 2790 2481
2735 3027 3159 2615
2421 3148 3124 2247
3324 3178 2924 2952
2428 2839 2645 3438
2749 2638 3014 3360
2544 2717 3511 3123
2812 2891 2181 3317
2638 2603 3260 2587
3036 3137 2520 2745
3371 2980 2514 2776
2867 2770 2945 2780
2544 2386 3286 3035
2935 3184 2570 2758
2580 2340 3263 2808
2833 3444 2294 3185
3001 2688 3020 3117
3395 3224 2748 2907
2684 2897 2150 3141
2685 2716 2867 3632
2770 2483 2957 2944
3002 3035 2616 3195
2975 2814 2326 2602
2529 3239 2544 3177
2495 2320 3367 3053
2863 3287 2722 2509
2567 2429 2981 3355
2984 3795 2496 2619
2938 2503 3148 2642
3217 3255 2406 2698
2189 2761 3317 2505
3289 3180 2918 2838
3073 3301 2508 2863
2545 2943 2388 3211
2869 3309 2255 2595
2510 2760 3388 2965
2343 3226 2838 2502
2692 2565 3105 2881
3182 2568 2729 3085
2748 2960 2878 3056
3085 3362 2611 2968
2692 2518 2819 3432
2642 2655 2992 3368
2571 2660 3104 3314
2465 2757 2922 3429
2332 2709 3195 3284
2707 2806 2823 3376
2589 2868 2864 3478
3320 3062 2705 2755
2658 3051 3083 2407
2296 3133 2946 2794
2937 3263 2630 2872
2377 2841 3123 3174
2626 2420 2652 3250
2952 3005 2621 2564
2257 3138 2741 2433
3434 3224 2533 2609
2838 3584 2648 2844
2756 2748 3042 2962
2943 2780 2347 3442
2256 3222 3160 2550
2403 2482 3418 3144
2901 3039 2777 2974
2900 3144 2461 2632
2778 3116 2639 3170
2756 2782 3186 2303
3101 2921 2309 2938
3374 3083 2512 2552
3157 2887 2614 3042
2753 2709 3272 3062
2971 2975 2938 2679
2361 2924 3158 2875
2557 2809 3516 2592
2415 3053 3133 2610
3573 2844 2599 2812
3260 3010 2225 2794
2755 3516 2837 2820
2645 2903 2573 3042
3448 2809 2610 2988
2645 2828 3054 2923
2555 2825 2924 2797
3251 2824 2184 2818
2739 3049 2980 2862
2763 3045 2969 2588
2771 2567 2909 3035
3004 3193 2262 2692
3065 3362 2881 2411
2670 3067 2922 2140
2847 3543 2428 3019
2677 2640 2555 3319
2894 3061 2770 2989
2695 2926 2548 2686
2726 2900 2446 3270
3037 3107 2446 3006
3096 3171 2590 2784
2216 2567 3403 2554
2798 2878 3134 3036
2902 3200 3158 2557
2250 2946 3325 3196
2539 2833 2935 3587
2719 3342 2511 2546
3131 2935 2732 2792
2261 2986 2899 3275
2375 2325 3211 3127
2441 2716 3155 2869
3120 3046 2316 2587
3071 3161 2011 3053
2724 2776 2611 3600
2760 3162 2765 3155
2601 2989 2293 3265
2661 2756 3574 2642
3439 3093 2520 2660
2690 2670 2610 2698
2607 3388 2562 2914
2906 3096 2236 2942
2656 3469 2937 2688
2597 3275 3309 2560
2990 3421 2445 2622
2748 3376 2905 2469
2566 3221 3060 2607
2612 3115 2925 2521
2440 2730 3077 2726
2426 2836 3189 3327
2745 2704 3132 3175
2917 2945 3207 2261
3220 2649 2596 2719
2604 2999 3190 2294
2794 3521 2909 2629
3107 3106 2406 2576
2497 3109 2679 2454
3032 2997 2971 3014
2379 3162 2881 3161
3166 3203 2504 3240
2102 3142 2988 2751
2475 2583 2785 3170
2638 2971 3253 2357
2410 2827 3613 2945
2135 3096 3121 2939
3247 3270 2501 2803
2910 2420 2925 3009
2836 3261 2574 3385
3014 3031 1981 2634
3213 3197 3018 2702
2515 2198 3135 2946
3155 3179 2969 2664
2812 3222 2648 2518
3307 2980 2182 3083
3181 2823 2859 2858
2631 2932 2619 3238
2287 2531 3355 3259
2610 3049 2947 2486
2889 3300 2788 2595
