24387 1981.48
29145 25915
26449 28913
27711 28086
28424 27297
27980 27834
28518 27207
27777 28036
28605 27095
27279 28451
28666 26996
27692 28114
27653 28148
27367 28388
28621 27072
26738 28786
27328 28431
28161 27632
27750 28047
28585 27114
26780 28780
28451 27268
27801 28016
28545 27166
27951 27858
27196 28515
28308 27448
28842 26720
26455 28902
26812 28764
27228 28502
28047 27759
27653 28148
26690 28827
27111 28583
27076 28605
28996 26428
27903 27909
28096 27698
28126 27672
28489 27251
29141 25918
28445 27274
26614 28855
26535 28883
26494 28896
28945 26532
27830 27978
29062 26238
29134 25962
28755 26845
26672 28828
27174 28534
27946 27866
27044 28624
27076 28605
27044 28624
29054 26247
28977 26467
27858 27956
28405 27329
28889 26608
28291 27482
27467 28312
27351 28415
26735 28804
26784 28765
26991 28663
29133 25967
27743 28071
28927 26537
27890 27914
27623 28178
26640 28834
29048 26276
29031 26307
28851 26693
28261 27516
28239 27541
26494 28896
27426 28351
27447 28325
27692 28114
28734 26853
28213 27577
28669 26965
28693 26943
27212 28507
27481 28293
27577 28221
28331 27442
28915 26574
28705 26922
28879 26629
28859 26654
29116 26060
29107 26097
28356 27398
28380 27378
28775 26821
28624 27042
28010 27791
28027 27764
27813 28005
29017 26372
29023 26333
27012 28643
28394 27359
29071 26208
26851 28745
26871 28722
27170 28542
29127 26005
29003 26400
28502 27209
28490 27240
28915 26574
29008 26397
28652 27024
26993 28653
26917 28710
28812 26753
27555 28237
26607 28856
27311 28444
28405 27329
28977 26467
27927 27887
29107 26097
29097 26128
28905 26605
28126 27672
28143 27649
26715 28813
26557 28867
26645 28833
28726 26898
27830 27978
28807 26756
27561 28234
28078 27725
27012 28643
26926 28701
29085 26186
29090 26152
27583 28210
26949 28694
26968 28676
28338 27417
28356 27398
28078 27725
27999 27809
26968 28676
27598 28205
27112 28578
27605 28196
27248 28483
27994 27812
29085 26186
27391 28384
27403 28360
27522 28270
27502 28285
28143 27649
27536 28249
27522 28270
28631 27037
28652 27024
28066 27744
29116 26060
29126 26035
27130 28566
27156 28559
28795 26775
28779 26793
28996 26428
29048 26276
27265 28471
28964 26488
27447 28325
28859 26654
28857 26687
28279 27501
28261 27516
29017 26372
29023 26333
29031 26307
28733 26880
27403 28360
27426 28351
27479 28308
28826 26734
28380 27378
28566 27124
28705 26922
28554 27145
28693 26943
28669 26965
27248 28483
26581 28861
27351 28415
28226 27558
28949 26503
27623 28178
26833 28754
27536 28249
27875 27928
27866 27951
28178 27615
28338 27417
26581 28861
26949 28694
27156 28559
28779 26793
28775 26821
28066 27744
28279 27501
28291 27482
28879 26629
27130 28566
29071 26208
27311 28444
26871 28722
26896 28718
28826 26734
29097 26128
29090 26152
27743 28071
28726 26898
28954 26500
28319 27444
28226 27558
28239 27541
26556 28875
26535 28883
27502 28285
28752 26852
26896 28718
26715 28813
28394 27359
28566 27124
29127 26005
29126 26035
28545 27166
28554 27145
27265 28471
28193 27601
28201 27579
27391 28384
28193 27601
27875 27928
28010 27791
26833 28754
