35009 480.077
3027 3423 3276 3336
3256 3477 3104 3209
3228 3507 3013 3248
3060 3618 3017 3282
3207 3382 3202 3234
3134 3302 3170 3372
3038 3319 3349 3301
3082 3521 3196 3267
3093 3416 3314 3215
3008 3493 3170 3385
3045 3245 3255 3415
3010 3739 3000 3237
3116 3541 2986 3327
3090 3385 3090 3415
2948 3309 3139 3523
3088 3349 3413 3136
3219 3241 3086 3339
3029 3212 3467 3160
3172 3344 3175 3300
3184 3362 3363 3135
3419 3286 3035 3128
2984 3505 3045 3463
2952 3735 3045 3253
3330 3257 3152 3197
3285 3362 3034 3262
3065 3343 3087 3452
2966 3713 3168 3142
2960 3362 3424 3259
3149 3689 3040 3149
3195 3343 3324 3169
2988 3371 3062 3516
3179 3642 3074 3129
2923 3791 3034 3156
2949 3451 3216 3424
3399 3301 3124 3097
3158 3241 3095 3403
2978 3569 3231 3237
3241 3369 3245 3156
3315 3442 3089 3182
2953 3328 3340 3360
3044 3284 2971 3525
3123 3571 3225 3164
2943 3654 3223 3160
2989 3431 3098 3476
2929 3332 3430 3293
2938 3328 3263 3445
3018 3509 3317 3147
3324 3221 3056 3266
3030 3456 3339 3198
3134 3676 3105 3122
3289 3361 3207 3119
3124 3545 3251 3156
3330 3464 3160 3064
3043 3531 3102 3339
3336 3430 3037 3166
2956 3433 3382 3188
2957 3360 3283 3405
2977 3528 3081 3401
2877 3380 2917 3578
2877 3380 2917 3578
2898 3116 3518 3136
2836 3870 3002 3180
3475 3106 2867 3030
2912 3170 3049 3191
3006 3380 3044 3228
3035 3273 3008 3203
3080 3445 3024 3195
2856 3356 3078 3181
2904 3244 3098 3199
2965 3389 3134 3290
3066 3163 3067 3170
3136 3427 3172 3202
2805 3171 3027 3255
2917 3287 3073 3273
2990 3148 3037 3107
2866 3216 2990 3163
2920 3320 3214 3234
3126 3442 2984 3085
2933 3428 3053 3154
3114 3164 2978 3291
2791 3253 2969 3257
3121 3024 2974 3116
2942 3297 3096 3215
2967 3294 3131 3271
2923 3168 3117 3250
2965 3088 3019 3221
3028 3166 2911 3004
2902 3324 3121 3228
2879 3472 2901 3045
2938 3172 3135 3089
2794 3334 3183 3177
2965 3328 2978 3208
2853 3210 3268 3269
3091 3238 3070 3235
2957 3212 2990 3298
3100 3433 3073 3020
3189 3269 3029 3141
2967 3247 3052 3225
2821 3217 3104 3162
3103 3214 3102 3329
2985 3345 3072 3273
3002 3310 3156 3259
3080 3409 3058 3120
3174 3298 3056 3052
2813 3194 2986 3176
3003 3290 2956 3165
2895 3190 3199 3327
2829 3210 3001 3320
2925 3246 3039 3215
2974 3290 3080 3190
3073 3301 3018 3015
2912 3331 2935 3264
2907 3239 2955 3136
3035 3400 3148 3335
2970 3333 2918 3217
2889 3246 2938 3241
2810 3266 2896 3227
2968 3291 2947 3351
2942 3165 3052 3263
3024 3377 3152 3284
3062 3334 3102 3292
3213 3341 3026 3026
3010 3442 3007 3091
2858 3264 2953 3084
3042 3101 2988 3216
3149 3300 3003 2928
3061 3438 3122 3228
2800 3296 2956 3175
2872 3319 3158 3221
2915 3412 3000 3276
2717 3347 3065 3181
3103 3484 2975 3100
3218 3254 3045 3016
3022 3258 3036 3270
2879 3204 2973 3128
2865 3254 3199 3297
2928 3247 3097 3264
3098 3224 3112 3167
3019 3297 3137 3335
2707 3226 3133 3195
2922 3447 3120 3317
2907 3305 2981 3240
2817 3224 3184 3144
2965 3208 3131 3195
3123 3443 2967 3044
2867 3151 3117 3239
2870 3368 2972 3241
2981 3316 2957 3116
2906 3216 2986 3150
2997 3270 3080 3150
3010 3366 3043 3270
3014 3183 3110 3286
3128 3231 2976 2979
2992 3323 3093 3248
2790 3256 3155 3306
2986 3261 2880 3170
3018 3410 3004 3324
3029 3258 2923 3204
2815 3216 3057 3071
3118 3188 3134 3229
2960 3398 3083 3294
2977 3422 3074 3208
2912 3227 3032 3313
2975 3485 3093 3299
3087 3289 3125 3464
2943 3267 3174 3244
2977 3342 3112 3219
3143 3069 3102 3076
3036 3317 3054 3210
3195 3319 3002 3119
2856 3373 3004 3286
3093 3291 3054 3079
2986 3195 3068 3067
3142 3298 3102 3008
3189 3394 3072 3068
2928 3342 3074 3211
2985 3321 3057 3115
2750 3390 2866 3245
3022 3490 3095 3261
2985 3207 3044 3329
2889 3185 3168 3257
2823 3213 3109 3128
3047 3110 3087 3319
2922 3398 2998 3179
3151 3353 3061 3201
2991 3320 3085 3275
3217 3330 3032 3073
3212 3497 3049 3164
3193 3368 3005 3043
3051 3267 3076 3268
2793 3298 2905 3154
3146 3324 2891 3003
2881 3333 3134 3240
3038 3440 3079 3235
2908 3269 3089 3134
2879 3328 3010 3142
3077 3330 3132 3214
3089 3212 3012 2865
2976 3333 3149 3274
2903 3348 3111 3269
2990 3261 3139 3255
3107 3235 2971 3060
2932 3130 3077 3154
3059 3286 3021 3267
3191 3243 3040 2971
3024 3290 2876 2966
2962 3404 3094 3100
2908 3145 2923 3186
2827 3339 3096 3083
2804 3259 2992 3272
2998 3174 2853 3211
2942 3489 3104 3229
3222 3390 3106 3070
2945 3316 3073 3147
2955 3340 3117 3258
2863 3348 2988 3197
3240 3314 2988 3046
3018 3243 2968 3292
2935 3350 3128 3178
3025 3181 3012 3201
3017 3194 3000 3051
3110 3213 2992 3270
3010 3112 3054 3250
2922 3212 2864 3353
2807 3219 3076 3109
2873 3339 3125 3192
3046 3293 3131 3221
2729 3329 2983 3166
2987 3365 3099 3272
2946 3311 3215 3210
2855 3190 3220 3226
2915 3178 3103 3267
3119 3301 3075 3081
3275 3270 3177 3092
2995 3103 3009 3261
3042 3208 3115 3309
3128 3451 3160 3230
3002 3308 3217 3290
3083 3311 2887 3175
3016 3025 2873 3264
2838 3420 3013 3325
3021 3296 3013 3284
3235 3167 3099 3161
2910 3168 2999 3256
2847 3252 3146 3125
3022 3367 3172 3258
2871 3155 3156 3236
3118 3346 2925 3028
3224 3215 3033 2947
3059 3423 3133 3109
2902 3420 3111 3210
3074 3070 3000 3210
