22753 1440.86
8546 9181 8456
8413 8932 8685
8781 8836 8600
8333 8735 8799
8672 9112 8339
8744 8900 8510
8668 8903 8577
8307 8825 8785
8567 9068 8543
8346 9202 8434
8638 9050 8506
8552 8691 8717
8666 8617 8673
8866 8606 8543
8849 8790 8480
8884 8693 8503
8420 9203 8302
8894 8829 8337
8486 8512 8765
8926 8786 8328
8404 9114 8522
8917 8637 8450
8944 8659 8351
8509 8791 8700
8372 9014 8591
8909 8840 8245
8690 9025 8385
8680 8984 8485
8526 9144 8476
8597 9137 8299
8500 9058 8553
8943 8735 8287
8394 8636 8750
8724 8936 8424
8804 8799 8549
8530 8830 8652
8682 8850 8606
8736 8614 8630
8706 8975 8394
8888 8737 8453
8670 8746 8629
8794 8677 8605
8657 9092 8395
8574 8775 8663
8314 8917 8735
8802 8849 8408
8317 8935 8724
8293 8957 8645
8596 8568 8699
8802 8861 8293
8611 8695 8671
8599 9090 8470
8484 8741 8716
8770 8711 8612
8225 8775 8804
8550 9092 8506
8270 9034 8594
8290 8521 8812
8950 8624 8184
8908 8702 8411
8165 8445 8861
8259 9245 8091
8950 8624 8184
7202 8071 7442
7757 7803 7657
7043 7439 6946
7397 8078 7882
7545 7989 7886
7612 8134 7722
7802 8165 7857
7654 8188 7779
7498 7950 7058
7785 8418 7595
7520 8273 7770
7709 7880 7794
7699 8145 7703
7853 8086 7387
7924 8196 7771
7810 8018 7720
7736 8109 7840
8076 8264 8025
7337 7770 7821
8271 8322 7997
7829 8145 7711
7895 8348 7688
7935 7893 7792
7721 8416 7801
7563 7454 7395
7627 7954 7662
7490 8073 7595
7653 7881 7656
7960 8147 7603
7847 8212 7609
7740 8156 7471
7768 8374 7839
8089 8643 8125
7974 7877 7791
7798 7619 7277
7494 8025 7782
7865 8065 7512
7960 8110 8109
7702 8448 7628
8173 8052 7818
7403 7394 7392
7460 7636 7335
7148 7203 7080
7755 8280 7770
7984 8138 7715
7338 7631 7548
7224 7310 6983
7651 7909 7583
8004 8327 7829
8047 8116 7956
7772 8368 7661
7652 7814 7626
7906 8006 7727
7578 8195 7712
7910 7809 7866
7434 8156 7606
7831 8396 7725
8110 8141 7791
7470 7665 7437
7789 8232 8045
7475 8006 7541
7974 7979 7570
7673 8148 7511
7683 7991 7957
7402 7443 7312
7601 8140 7534
7712 8140 7630
7640 8342 7832
7194 7736 7568
7521 8193 7806
7711 8118 7319
7669 7858 7773
7803 8128 7417
7688 8180 7409
7528 8467 7753
7753 8309 7709
7927 7980 7892
7683 7921 7708
7855 8232 7749
7550 8053 7568
7474 7774 7368
8195 8281 7925
7802 7666 7271
7171 7337 7024
7316 7768 7228
7835 8395 7682
7870 8177 7693
7974 8217 7722
7885 8195 7347
7885 7907 7980
7768 8300 7810
7344 7594 7665
8033 8344 7679
7921 8370 7975
7495 7769 7577
7964 8281 7478
8063 8079 7609
7916 8394 7737
7542 8157 7808
7833 7919 7479
7871 8095 7818
7759 8123 7919
7490 7688 7457
7588 7913 7583
7947 8067 7531
8082 8550 8047
7507 8082 7826
7952 8322 7759
7607 7978 7403
7539 7959 7750
8014 8601 7697
7861 7717 7473
7916 8296 7435
7411 8003 7356
7723 8121 7843
7851 7967 7698
8024 8232 7907
7807 7876 7548
7567 7938 7275
8081 8116 7778
7974 8147 7694
7732 8182 7325
7376 7837 7747
7497 7840 7945
7982 8203 7885
7801 8258 7686
7695 7952 7721
7846 8369 7633
7767 7911 7536
7647 8058 7218
8086 8449 7672
7496 7491 7380
7691 8111 8030
7273 6976 7034
8090 8069 7511
7853 8052 7405
7830 8454 7480
7837 8065 7962
7657 8089 7613
8026 8432 7666
7976 8298 7698
7969 8515 7712
7826 8218 8011
7583 7615 7549
8047 8513 8233
8009 8225 7738
7642 7705 7610
7828 7951 7770
7919 8222 7869
7708 7746 7509
7241 8347 7481
7590 8276 7386
7380 7354 7452
8065 8247 7527
7969 8560 7627
7731 7777 7994
7799 8067 7383
7862 7895 7868
8170 8194 7888
7182 7321 6992
7845 7829 7499
7234 7772 7825
8182 8244 7682
8175 8205 7680
7811 8327 7979
7731 8053 7877
7674 8071 7869
8070 8174 7539
8100 8210 7920
8030 8106 7587
7170 7731 6833
7931 8371 7747
7693 8102 7290
7664 8217 7596
7955 8049 7588
7938 8037 7411
7882 8182 7365
7453 7980 7563
7841 8260 7822
7761 8419 7909
8151 8279 7580
7430 7931 7654
7852 8297 7724
7961 8077 7814
7588 8381 7579
7121 7935 7603
8118 8411 7564
7447 7930 7475
7293 7092 7145
7568 8011 7543
7807 8163 8036
7814 8163 7684
7770 7988 7566
7900 8275 7776
7387 7545 7476
7734 7861 7340
7749 8136 7747
8046 8361 7673
8243 8189 8376
7447 7480 7271
7611 8059 7607
7738 7921 7583
7099 7948 6943
7423 7296 7109
8062 8443 7753
7666 8202 7418
7812 8434 7783
7969 8111 7745
7638 8134 7584
8052 8093 7668
7439 7904 7274
7706 8180 7695
7934 8007 7652
7875 7972 7571
7892 8319 7490
7573 8036 7757
7859 8451 7741
7685 8074 7818
7854 7868 7741
7730 8131 7698
7489 7985 7830
7738 8368 7841
7521 7426 7661
7704 8302 7597
7706 8150 7452
8110 8294 8016
7750 7923 7722
7739 8251 7645
7575 7894 7617
8129 8160 7809
7701 8371 7811
7231 7625 7051
7966 8125 7512
7923 8256 7791
7592 7442 7306
7654 7878 7471
7746 7932 7871
7966 8246 7713
8087 8020 7949
7339 7815 7757
7691 8308 7131
7920 8370 7867
7360 7940 7761
7570 8253 7820
7960 8266 7693
7813 8171 7693
7685 8101 7890
7428 7896 7707
7803 8380 7641
8308 8650 8303
7494 7102 7513
7890 8389 7825
7740 8027 7597
7967 7937 7533
7649 8207 7678
7710 7903 7402
7890 8178 7740
7179 7324 6954
7432 7316 7106
7668 7981 7862
7457 7490 7508
7944 8202 7757
7685 8060 7662
7974 8421 7542
7862 8093 7681
7868 7808 7627
7930 8246 7831
8073 8319 7654
7359 7870 7361
7662 8074 7431
7760 7882 7185
7232 7804 7180
7345 7862 7602
7429 8011 7525
7500 7515 7354
8137 8294 7921
7294 8119 7520
7656 7837 7590
7947 8301 7682
7906 8224 7744
7938 8271 7844
8011 8109 7843
7584 7972 7775
8241 8023 7581
7493 7670 7568
7474 7804 7668
7597 8168 7454
7454 8227 7396
7668 8110 7698
7949 8252 7960
7744 8311 7632
7763 8338 7588
7830 8299 7944
7733 8304 7610
7718 8263 7943
7848 7820 7554
7552 8117 7572
7776 8090 7692
7646 7832 7721
8087 8418 7741
7476 7779 7267
7673 8032 7313
7625 8237 7820
7569 8115 7960
7822 8101 7298
7487 8229 7560
7852 8566 7602
7899 8322 7829
7668 8005 7227
6994 8072 8020
7885 8093 7967
7750 8277 7529
7288 7979 7596
7774 8100 7536
7671 8010 7647
8042 8328 7736
7726 8023 7519
8260 8273 7984
7824 7917 7521
7940 7935 7614
7688 8003 7752
7927 8366 7719
7712 8190 7426
7955 7984 7776
8158 7999 7971
7843 8489 8004
7291 7523 7274
8009 8275 7646
7845 7890 7822
7351 7628 7485
8034 8417 7860
7498 7342 7181
7535 7636 7867
7629 8291 7741
7977 8121 7801
7721 7860 7740
7958 8543 7662
7598 8084 7262
7703 7843 7761
7700 7850 7580
7978 8239 7760
7705 7915 7462
7541 8033 7744
7981 8196 7890
7632 8081 7641
7689 7625 7516
7935 8258 7786
7782 7780 7696
7885 8260 7887
7828 8021 7941
7604 7753 7600
7398 7936 7465
7729 8212 7783
7631 8030 7605
7414 7744 7316
7407 7867 7219
7529 7509 7915
7901 8121 7783
7743 8159 8014
7658 7661 7473
7530 8155 7508
7698 8238 7392
7968 8346 7680
7982 8512 7766
8076 8341 7994
7963 8248 8041
7822 8594 7803
7836 8048 7576
7543 7893 7429
7679 8613 7648
7824 7872 7602
7759 8097 7675
7112 7787 7412
7949 7871 7590
8005 8447 7683
8157 8520 7939
8154 8526 7839
7368 8000 7398
7472 7829 7736
7705 8035 7655
7914 8100 7519
7553 7917 7699
7935 8080 7536
7786 7975 7606
7774 7931 7633
7551 7626 7223
8038 8188 7720
7459 7572 7382
7863 8118 7634
7879 8167 7732
7595 7846 7674
7677 8226 7533
7718 7197 7408
7660 7823 7100
7995 8475 7903
7826 8158 7364
7843 7959 7420
7135 7313 7329
7943 8313 8077
7946 8229 7676
7529 8245 7700
7942 7966 7903
7898 8009 7891
7829 8398 7819
7943 8480 8011
7885 8379 7621
7750 8478 7754
7758 8392 8000
7384 7640 7458
7863 8028 7027
7810 8189 7747
7505 8109 7444
8066 8125 7745
7508 8259 7957
7564 7850 7383
8093 7717 7366
7771 8373 7941
8002 8390 7681
7641 8118 7515
7474 8024 7496
7728 8027 7707
7735 7938 7663
7756 8135 7580
7677 7868 7776
7658 8188 7712
7981 8090 7906
7739 8060 7723
7883 7870 7551
8010 8232 7590
7576 8257 7831
8195 8122 7519
7934 8257 8023
7861 8103 7801
7818 8011 7916
7857 8176 7645
7562 8016 7451
8013 8065 7720
7614 7761 7222
7995 7837 7612
7554 8309 7582
7773 8433 7732
7523 8300 7700
7604 8163 7468
7732 7846 7630
8022 7805 7699
7767 8088 8010
7705 7722 7876
7962 8174 7641
7801 7833 7794
7241 7631 7586
7877 8174 7814
7453 8089 7464
8101 8218 7902
7845 8054 7785
8063 8553 7689
7920 8216 7894
7056 7083 6775
7643 7887 7745
7864 8042 7620
7648 8217 7428
7546 7988 7546
7784 8049 7596
7749 8123 7651
7832 8259 7584
7936 7570 7498
7565 7887 7521
7515 8144 7474
7792 8052 7746
7114 7472 7526
7917 8345 7771
7800 7909 7583
7892 8050 7524
7283 7265 7177
7826 8055 7771
7645 8315 7442
8262 8342 7829
7692 7932 7290
7836 7979 7525
7865 8000 7661
7440 8008 7621
7250 7372 7515
7958 7981 7906
7685 7977 7489
7709 7594 7631
7916 8253 7610
7701 8260 7627
7639 7367 7615
7625 8268 7411
7894 8295 7563
7635 7856 7625
7544 7881 7691
7064 6958 6950
8157 8053 7619
7117 7736 7252
8097 8007 7837
7698 7944 7889
7898 8099 7636
7883 8124 8119
7348 7375 7489
7788 8127 7704
7786 8093 7518
7677 8379 7498
8035 8378 7741
7797 7995 7641
8186 8149 7903
7834 8424 7518
7336 7743 7477
8017 7948 8101
7733 8072 7844
8125 8396 7764
7837 8056 7476
7773 8369 7806
7481 7765 7502
7263 8084 7458
7710 8317 7849
7767 8355 7758
8049 8227 7940
8046 8285 7756
8180 8045 7901
7376 8012 7803
8039 8450 7618
7776 7933 7657
7617 7968 7334
7354 7939 7707
7767 8002 8117
8104 8617 7917
7583 7982 7668
7896 8172 7781
7847 8315 7713
7736 8146 7535
7670 8116 7904
7812 8019 7708
7294 8068 7251
7747 8225 7546
7841 8205 7639
8028 8155 7747
7708 7890 7625
8031 8244 8021
7271 7154 7097
7501 8194 7651
7761 8071 7576
8097 8508 8017
8083 8223 7934
7909 8122 7479
7813 8081 7571
8114 7929 7577
7668 7812 7227
7787 8113 7424
7876 7232 7665
7802 8084 7253
7573 7769 7433
7792 8118 7637
7694 8481 7489
7862 8288 7775
7907 8274 7678
7664 7982 7306
7854 7867 7821
7777 8180 7434
7624 8260 7747
7948 8252 7337
7830 7984 7473
7171 7884 7274
8105 8215 7539
7774 8169 7633
6742 6744 6652
7388 7453 7446
7580 7705 7706
7825 8206 7575
8079 8357 7846
7425 7513 7473
8410 8040 8015
7942 8188 7852
7611 8272 8042
7490 8023 7334
7739 7983 7951
8015 8095 7521
7677 8017 7754
7907 8267 7932
7745 7566 7410
7646 8264 7847
7846 8006 7946
7967 8527 7930
7890 7968 7272
7920 8205 7657
7815 8133 7493
7639 7933 7590
7719 7994 7674
7865 8167 7515
7677 8050 7569
7888 8394 7320
8117 8042 7644
7681 7863 7497
7924 8215 7733
7571 7645 7281
7998 8262 7602
7902 8140 7260
8078 8330 7960
7475 7203 7476
7656 8084 7450
8049 8306 7787
8078 8154 7554
7873 8015 7468
7743 7740 7883
7891 8021 8003
7718 8249 7867
7515 7857 7968
7153 7061 7002
7745 8478 7734
7446 8075 7140
7703 8105 7290
7405 7782 6945
7698 8042 7458
7821 7807 7579
7806 8300 7559
7952 8175 7500
7412 7707 7571
7573 8233 7779
7456 8015 7649
7712 8241 7909
8422 8188 7857
7636 8219 7326
7629 8086 7530
7770 8119 7985
7996 8205 7872
7902 8406 7630
7802 7722 7615
7258 7195 7116
8125 7989 7445
7688 8220 7796
8136 8435 7996
7980 8227 7817
7714 8111 7832
7776 8248 7296
7962 8289 7622
7626 8270 7740
7553 8156 7390
7769 7926 7542
7453 7538 7304
7947 8096 7717
7796 8209 7639
7773 7972 8014
7499 7813 7826
8075 8338 7630
8156 8096 7454
7979 7788 7217
8110 8081 7995
7738 7881 7496
7948 7872 7815
7672 8388 7695
7672 8180 7452
7965 8282 7700
7748 8019 7578
7280 7465 7158
8136 8159 7852
7706 7968 7613
7800 8206 7920
7581 7904 7588
7830 8180 7934
7045 7407 6746
7845 8441 7774
7923 8024 7809
7974 8134 7563
7105 7591 7521
7728 8307 7642
7661 7720 7337
7467 7988 7849
8062 8287 7978
8009 8114 7714
7948 8180 7945
8124 8163 8182
7436 7879 7281
7245 7928 7505
7832 8276 7586
8031 7937 7523
7775 7885 7907
7653 8016 7690
7641 7910 7612
7463 8051 7773
7626 7843 7531
7773 8101 7588
8124 8267 8173
7444 7757 7631
7596 8016 7345
7980 8256 7724
8145 8293 7526
8034 8674 7409
7596 8151 7744
8206 8467 7859
7412 7170 7424
8209 8379 7704
7783 7846 7613
8062 8474 7983
7721 8205 7835
7858 7922 7420
7481 8286 7713
7836 7985 7624
7675 8453 7488
7297 7573 7236
7670 8577 8031
7987 8165 7637
7793 8143 7603
7912 8176 7678
8153 8163 7646
7585 8030 7421
7477 7608 7499
7910 8025 7507
7759 7829 7373
7569 8099 7827
7624 8185 7829
7548 7856 7480
7577 7836 7795
7574 7956 8010
7832 8398 7637
8036 8387 7590
7610 7753 7304
8066 8403 7926
7996 8279 7577
7594 8146 7760
7660 8021 7900
7634 8188 7840
7213 7472 7548
7632 8012 7623
8196 8011 7788
7772 8471 7841
7737 7959 7764
7854 8235 7534
7982 8084 7814
8176 8282 7879
7525 8195 7653
7886 8013 7485
8103 8448 7855
7988 8369 7835
8031 8308 7863
7680 7793 7790
8087 8033 7958
8146 8386 7649
8130 8404 8056
7776 8434 7524
7949 8179 7610
7953 8451 7872
7935 8271 7506
7448 7758 7266
7936 7857 7656
7986 8086 8068
7580 8012 7473
8008 8024 7524
7583 8081 7632
7960 7891 7920
7776 8240 7867
8256 8159 7842
7083 7050 7335
7945 8074 7717
7443 7913 7170
7567 7913 8063
7411 7835 7434
7847 8279 7739
8024 7928 7708
7501 7597 7009
7830 8220 8031
7839 8147 7732
7910 7929 7792
7247 7207 7313
7932 7841 7511
7490 7955 7485
7672 7932 7667
7839 8240 7694
7359 7427 7450
7920 8341 7926
8267 8306 8249
8070 8381 7855
7753 8069 7877
8031 7955 7537
7703 7763 7500
7493 8081 7705
7871 8128 7826
7592 8279 7712
7955 8355 7858
7657 8087 7261
7569 7985 7465
7663 8069 7575
7932 8214 7995
7990 8274 7567
7512 7309 7567
7567 8100 7460
7646 7784 7552
7696 7852 8058
7251 7414 7430
7409 8147 7003
7487 7783 7398
7848 8039 7678
7958 8250 7633
7916 8369 7893
7571 8150 7653
7951 8507 7798
7854 8272 7815
7637 7999 7699
7713 8071 7680
7414 8158 7273
7526 8091 7125
7821 8227 7886
7533 7539 7283
7730 8455 7574
7675 7961 7497
7508 7583 7846
8007 8295 7634
7448 7963 7494
7935 7971 7555
7667 8331 7637
6995 7407 7171
7582 7905 7583
8024 8068 7914
7725 8283 7399
7608 7867 8035
8043 8070 7365
7800 8311 7710
7912 7960 8022
8264 8411 8021
7943 8241 7707
7564 8149 7598
7720 8005 7543
8052 8351 7648
7655 7870 7969
7888 7953 7662
7319 7492 7470
7863 7811 8035
7680 8305 7479
8009 8402 7523
7936 8336 7898
7813 8301 7825
7999 8223 7687
7837 8638 7901
7427 7606 7536
7622 7821 7685
7440 8060 7522
7770 8064 7776
7595 7976 7830
7621 8003 7469
7921 8470 8037
7131 7662 6968
7429 7871 7424
8012 7918 7889
7445 8059 7512
7610 7920 7506
7697 8229 7355
7789 8482 7634
7502 7849 7446
7758 8275 7784
7798 7729 7321
7476 7695 7289
7735 8153 7759
7583 7892 7631
7946 8005 7818
7721 8479 7826
7525 7538 7607
7221 8076 7670
8000 7966 7720
7842 8197 7481
8027 8297 8364
7872 8042 7454
7608 7876 7398
7925 8479 7499
7569 7763 7627
7730 8317 7677
7976 8320 8295
7825 7835 7411
8123 8343 8291
8022 8196 8088
7437 8202 7829
7558 7935 7557
8010 8574 7896
7682 7914 7433
7518 8100 7404
7717 7630 7573
7660 8322 7871
7650 7834 7756
7815 8215 7627
7651 8029 8031
8023 8441 7922
8067 8310 7815
7598 7672 7746
7882 7985 7390
7712 8045 7568
7605 8072 7260
7668 7900 7609
7873 8259 7634
7998 8102 7742
7790 8406 7491
7366 8219 7551
7511 7448 7428
7844 8007 7635
7971 7890 7536
7563 8115 7516
7092 7220 7370
7940 8146 7651
7473 8018 7312
7447 7623 7749
7888 8084 7796
7099 7676 7224
7880 8176 7581
8007 7969 7399
7470 8024 7832
7733 8092 7841
8006 8165 7315
8175 8395 7569
7562 8340 7858
7629 7721 7622
7476 7849 7324
7825 8307 7661
7922 8338 7761
7810 8049 7407
8254 8178 7824
7935 8300 7651
7828 7965 7711
7872 8351 8096
7454 8149 7602
7701 8385 7567
7573 8220 7987
7802 8130 7880
7800 7932 7651
7562 7930 7284
7280 7997 7720
7429 7360 7009
7876 8239 7878
7683 8091 7989
7667 7728 7714
7636 8172 7855
7127 7495 7025
8045 8158 7657
7722 8164 7786
7923 8088 7798
7979 8349 7616
7806 8487 7915
8033 8120 7536
7188 7815 7449
6893 7292 7121
7580 8063 7445
8045 8112 7618
