40290 2401.12
29047 26178
25591 29371
29037 26273
28332 27434
29047 26178
26744 28917
28241 27523
27401 28399
27897 27919
26357 29134
26757 28884
26618 28997
28783 26779
28294 27471
25591 29371
25666 29366
27675 28139
27295 28486
27948 27871
28562 27133
28481 27246
28204 27574
29000 26373
26670 28958
27149 28583
28806 26738
25695 29365
27121 28621
28266 27496
28770 26822
28982 26382
28042 27756
28060 27752
28542 27147
26051 29263
28390 27344
27467 28323
28384 27370
27045 28682
27143 28600
26848 28836
27671 28152
26958 28753
26674 28933
28180 27594
28926 26530
26567 29020
26111 29232
28510 27204
26334 29138
28897 26596
26020 29268
27371 28404
26008 29283
27023 28688
28493 27221
27838 27980
27710 28114
28981 26425
28371 27391
28913 26551
26242 29182
26289 29170
28234 27551
27275 28487
26396 29115
28952 26486
28371 27391
26817 28855
27324 28459
27259 28508
28597 27075
26972 28746
26852 28819
28455 27258
27349 28436
26100 29239
28535 27176
28687 26950
28661 26978
25737 29355
27621 28182
27597 28211
28970 26428
26462 29082
26420 29094
28323 27447
28219 27558
27931 27889
28582 27081
27422 28368
29037 26273
29025 26312
28941 26515
27569 28226
28633 27034
27512 28283
25783 29352
25820 29337
27190 28572
25733 29357
26179 29216
26780 28870
27214 28546
27190 28572
27825 27982
28739 26856
28768 26835
26821 28854
28105 27688
28024 27787
25901 29305
25859 29326
25820 29337
27644 28174
26514 29058
26544 29039
29008 26334
26708 28930
27349 28436
27324 28459
25783 29352
27432 28366
27987 27822
27220 28535
28176 27610
25945 29303
25973 29284
26907 28794
26936 28776
26213 29201
27967 27849
27917 27893
26642 28975
26152 29226
26878 28811
27480 28310
26936 28776
26396 29115
26420 29094
27567 28233
26642 28975
25912 29304
27241 28509
28120 27678
28139 27653
28089 27697
26584 28999
28701 26930
27866 27961
28852 26668
28609 27053
28897 26596
28878 26620
28419 27316
28440 27294
28642 27001
27009 28708
28615 27050
27455 28353
26488 29065
26462 29082
28838 26696
27597 28211
28642 27001
28661 26978
27967 27849
26545 29033
28838 26696
28826 26725
28803 26775
28579 27109
26986 28726
28942 26495
28712 26901
26317 29157
26289 29170
28875 26626
27884 27945
27072 28669
27497 28307
28955 26452
29010 26333
27796 28017
28153 27634
28955 26452
26578 29002
28730 26881
28712 26901
26780 28870
25863 29306
28913 26551
27866 27961
27556 28257
27533 28271
26075 29251
27766 28064
26152 29226
29025 26312
27739 28073
27723 28093
26317 29157
28407 27325
28024 27787
28006 27805
28006 27805
27987 27822
28535 27176
26708 28930
27094 28660
27102 28633
27455 28353
28082 27709
26075 29251
27556 28257
27813 28005
27739 28073
27766 28064
26232 29189
28867 26648
25973 29284
28730 26881
28739 26856
28440 27294
27723 28093
27710 28114
28687 26950
26986 28726
28852 26668
26184 29207
28079 27722
28505 27209
27884 27945
26878 28811
28139 27653
25945 29303
28826 26725
27518 28277
26488 29065
26514 29058
28281 27483
27009 28708
28579 27109
28079 27722
28701 26930
27793 28024
27102 28633
26214 29190
28867 26648
27094 28660
27072 28669
27621 28182
