196516 1290.15
9477 8480
7871 9876
8716 9623
9237 9172
8511 9750
9123 9281
8853 9501
9352 8981
8386 9802
9080 9340
8771 9568
9292 9089
8612 9678
9177 9221
8916 9439
9414 8846
8175 9844
9044 9364
8747 9592
9268 9119
8547 9716
9154 9260
8880 9467
9383 8943
8450 9786
9093 9321
8811 9533
9334 9021
8645 9659
9210 9192
8981 9425
9446 8676
8068 9859
9012 9404
8728 9604
9253 9136
8534 9735
9154 9260
8863 9484
9364 8959
8450 9786
9080 9340
8792 9544
9310 9058
8627 9674
9197 9203
8981 9425
9422 8810
8235 9815
9044 9364
8768 9579
9278 9096
8577 9694
9175 9241
8902 9466
9396 8916
8497 9762
9106 9298
8831 9525
9334 9021
8684 9633
9230 9177
8990 9418
9476 8513
7946 9866
9012 9404
8716 9623
9242 9139
8534 9735
9128 9277
8853 9501
9356 8969
8386 9802
9080 9340
8782 9552
9310 9058
8627 9674
9191 9215
8916 9439
9422 8810
8183 9826
9044 9364
8748 9580
9274 9106
8565 9702
9175 9241
8902 9466
9396 8916
8497 9762
9095 9302
8831 9525
9334 9021
8664 9635
9230 9177
8981 9425
9446 8676
8175 9844
9013 9377
8737 9595
9268 9119
8547 9716
9154 9260
8869 9482
9380 8946
8450 9786
9093 9321
8811 9533
9315 9037
8645 9659
9199 9193
8981 9425
9429 8707
8289 9812
9055 9349
8771 9568
9292 9089
8609 9688
9175 9241
8905 9445
9414 8846
8511 9750
9123 9281
8836 9506
9346 8994
8716 9623
9237 9172
9003 9411
9476 8513
7871 9876
9012 9404
8716 9623
9237 9172
8534 9735
9128 9277
8853 9501
9356 8969
8386 9802
9080 9340
8782 9552
9294 9068
8627 9674
9191 9215
8916 9439
9414 8846
8175 9844
9044 9364
8747 9592
9268 9119
8565 9702
9154 9260
8902 9466
9383 8943
