126494 2700.51
19122 17645
17001 19642
18106 19302
18778 18602
17792 19453
18627 18830
18302 19173
18925 18250
17578 19547
18549 18920
18232 19221
18849 18414
17941 19372
18705 18709
18402 19077
19021 18029
17289 19586
18511 18960
18141 19257
18816 18526
17877 19412
18672 18778
18356 19113
18971 18157
17715 19502
18596 18871
18250 19198
18889 18344
18055 19335
18740 18654
18444 19033
19067 17895
17189 19616
18492 18969
18117 19282
18794 18575
17842 19433
18654 18802
18333 19143
18946 18205
17659 19527
18572 18895
18232 19221
18863 18383
17966 19352
18718 18691
18419 19057
19040 17967
17484 19559
18544 18926
18175 19236
18833 18480
17905 19395
18686 18750
18376 19104
18992 18089
17744 19481
18617 18837
18302 19173
18903 18300
18085 19320
18759 18636
18454 19017
19093 17772
17124 19633
18474 18984
18106 19302
18786 18590
17818 19445
18640 18815
18333 19143
18936 18227
17636 19539
18572 18895
18232 19221
18854 18398
17962 19357
18711 18696
18402 19077
19028 18003
17418 19569
18521 18940
18154 19254
18824 18524
17900 19403
18676 18766
18372 19113
18981 18122
17735 19491
18601 18851
18266 19179
18893 18316
18055 19335
18752 18642
18444 19033
19079 17839
17251 19597
18511 18960
18137 19276
18806 18547
17862 19422
18659 18796
18345 19133
18960 18181
17697 19508
18594 18879
18250 19198
18879 18374
17997 19343
18730 18685
18429 19054
19054 17930
17486 19556
18544 18926
18193 19235
18833 18480
17924 19383
18690 18729
18395 19085
19002 18065
17768 19471
18623 18831
18302 19173
18916 18278
18085 19320
18778 18602
18464 18997
19108 17696
17062 19636
18474 18984
18106 19302
18783 18597
17809 19450
18640 18815
18333 19143
18930 18238
17636 19539
18558 18900
18232 19221
18849 18414
17947 19365
18705 18709
18402 19077
19021 18029
17289 19586
18516 18946
18154 19254
18824 18524
17877 19412
18672 18778
18372 19113
18976 18135
17735 19491
18596 18871
18259 19185
18889 18344
18055 19335
18744 18653
18444 19033
19073 17860
17239 19608
18497 18963
18137 19276
18806 18547
17853 19428
18659 18796
18345 19133
18951 18191
17675 19515
18577 18882
18243 19201
18879 18374
17983 19346
18730 18685
18429 19054
19048 17949
17486 19556
18544 18926
18193 19235
18833 18480
17916 19389
18686 18750
18382 19090
19002 18065
17768 19471
18617 18837
18302 19173
18910 18291
18085 19320
18760 18625
18454 19017
19103 17736
17164 19619
18492 18969
18117 19282
18794 18575
17833 19440
18654 18802
18333 19143
18940 18209
