21 0.273815
2708 2921 2560 2442
2305 2956 2755 2776
2694 2448 2483 2843
2661 3025 3059 2761
3003 2898 2664 2740
2702 3216 2878 2681
3127 3141 2695 2816
2544 2715 2429 3121
2973 3021 2587 2576
2375 3063 2761 2924
2834 2680 2407 2601
2755 2742 2697 2903
2751 2818 2860 2739
2686 2971 2949 2975
2616 3198 3123 2732
2687 2860 2913 2439
2671 3102 2642 3210
2917 3242 2584 2943
2744 3107 2602 2680
2241 2751 2803 2646
2921 2721 2480 2904
2631 3266 3082 2669
2670 3100 2843 2546
2706 3016 2677 3052
2519 2663 3084 2581
2852 2946 2704 2867
2994 2809 2557 2770
2466 3018 2890 2816
2874 3046 2698 2481
2959 2821 2491 2879
2618 3118 2955 2778
2664 3268 2828 2942
2506 2921 2883 3147
2698 2947 2371 3010
2774 2797 2853 3043
2565 2668 2564 2733
2870 2931 2531 2732
2463 2747 2724 2790
2531 2845 2857 3003
2451 2976 2588 2881
2657 2918 3037 2763
2610 3076 2994 2833
2954 3146 2626 2726
2606 3149 2757 2498
2850 2966 2683 3139
2932 2965 2440 3054
2875 3057 2695 2923
2957 2659 2393 2904
2819 2867 2595 3100
2485 2678 2638 2661
2660 2843 2758 2954
2896 2805 2398 2625
2808 3064 2649 3147
2795 2880 2663 2734
2624 2907 2960 2829
2742 2884 2806 2528
2868 3001 2615 2783
3134 2801 2771 2765
2899 2590 2180 2621
2708 3132 2685 3055
2465 2930 2746 2940
2801 2958 2805 2750
2852 2976 2626 2774
2644 2938 2676 2798
2752 2910 2679 2693
2768 3153 2531 2615
2507 2976 2287 2663
2837 3015 2554 2644
2581 2737 2587 2927
2860 2729 2560 2682
2570 3080 2646 3024
2593 2939 2513 3062
2809 3101 2686 2600
2991 2939 2517 2863
2835 3259 2638 2805
2782 3221 2775 2788
2378 2803 2642 2562
2779 2769 2398 3129
2737 2943 2754 3014
2598 2836 2840 2992
2562 3132 2782 2899
2721 2927 2582 2644
2794 3003 2595 2869
2326 3120 2575 2696
2761 3186 2774 2968
2712 2986 3053 2816
2606 2942 2573 2888
2842 2768 2536 2574
2793 3199 2673 2985
2912 3354 2637 2956
2691 3126 2594 2930
2629 2961 3081 2522
2698 3290 2606 2379
2910 3109 2729 3064
2521 2875 2424 2685
2562 2855 2705 2708
2682 3102 2927 2522
2833 3114 2562 2901
2594 2861 2761 2958
2802 2925 2670 2737
2890 2981 2810 2778
3028 2982 2567 3191
2847 3162 2678 2763
2804 3192 2731 3145
2836 2818 2937 2727
2644 3007 2346 2822
2564 3172 2549 3050
2820 3118 2789 3199
2694 3056 2824 3006
2600 2920 2447 2726
2669 3204 2981 2651
2457 2824 2535 3025
2683 2981 2582 3203
2631 2809 2548 3050
2545 2626 2437 2850
2704 2898 2537 2801
2790 2686 2579 2876
2681 2964 2874 2653
2573 3075 2433 2897
2815 2993 2396 2946
2993 3229 2367 2672
2708 3039 2482 3000
2814 2849 2463 2797
2741 3081 2452 2969
2764 2773 2715 2849
2604 3042 2669 2939
2971 3382 2732 3004
2691 2895 2530 2886
2663 2925 2387 2913
2802 2971 2511 2745
3012 2743 2627 2612
2765 2705 2587 2839
2595 2921 2488 3110
2825 3236 2520 2706
2439 3106 2656 2890
3057 2935 2636 2819
2371 2786 2987 2954
2630 2933 2801 2735
2644 3190 2696 3058
2765 2996 2294 2743
2581 3036 2894 2857
2726 3017 2838 2935
2456 2838 2812 3146
2865 2492 2561 2795
2725 2987 2845 3114
2714 3030 2689 3102
2581 2977 2754 3116
2824 2897 2603 3080
2904 3253 2307 2776
2708 3442 2963 2931
2619 2880 2755 3022
2763 2653 2986 2734
2723 2669 2874 2679
2534 3023 2523 3089
2547 3100 3264 2683
2497 2880 2727 2901
2620 2603 2737 2786
2850 3082 2471 3011
2787 2995 2542 2335
2681 2811 2749 2846
2842 2931 2615 2803
2659 2951 2781 3099
2829 3057 3010 3014
2385 2897 3053 2920
2891 2983 2588 2898
2587 2908 2909 2479
2896 3101 2664 2929
2772 2988 2402 2969
2620 3166 2397 2972
2268 2251 2484 2579
2745 3079 2676 2298
2745 3085 2797 2769
2737 3025 2590 2441
2650 3079 2736 2932
2499 2929 2880 2767
2358 2794 2575 2238
2770 2862 2276 2939
3055 2739 2203 2877
2451 3059 3009 2667
2829 2837 2276 2754
2732 2827 2824 2718
2730 2982 3180 2566
2414 2628 2793 2802
2838 2635 2412 2810
2842 3224 2707 2937
2763 3149 2648 2808
2907 2918 2889 2893
2807 2909 2791 2896
2658 3092 2733 2965
2552 3081 2701 3192
2576 3050 2621 3028
2667 2874 2640 2691
3153 3052 2612 2830
2724 3117 2924 2783
2598 3272 3115 2776
2830 3141 2764 2923
2712 2825 2818 3119
2615 2961 2650 2755
2732 3024 2879 2596
2464 2659 2617 2722
2721 2992 2622 3133
2617 2869 2635 3139
2689 3358 2597 2716
2872 2876 2595 2933
2702 2997 2500 2625
3099 3095 2376 2612
2705 3289 2461 2620
2809 3202 2862 2854
2166 3020 2756 2709
2660 3167 2561 2831
2512 2791 2778 2446
2596 3066 2468 2963
2625 3241 2660 2768
2637 3195 2823 2737
2511 3198 2733 3059
2677 3296 2912 2742
2809 2962 2596 2710
2813 2787 2602 2819
2842 3188 2629 2984
2661 3213 2467 2883
2668 2992 2557 2497
2701 2929 2605 2797
2708 3102 2690 2936
2600 2966 3220 2698
2694 3093 2857 2719
2681 3088 2920 2732
2716 2835 2429 2980
2864 2902 2760 3118
2552 2889 2483 2405
2831 3072 2622 2775
2730 2876 2903 2502
2973 2861 2382 2906
2635 3061 2898 2754
2668 3201 2863 2963
2519 3026 3038 2701
2800 2987 2793 2975
2896 2990 2785 2772
2625 3137 2830 2877
2559 3296 2682 2994
2511 2883 2722 2735
2672 2850 2286 2815
2670 2802 3010 2625
2665 2898 2637 2835
2836 2938 2453 3054
2737 3051 2689 2530
2712 3074 2671 2525
2691 3107 2702 2765
2724 3113 2643 3147
2678 3198 2512 2612
2604 2791 2353 2954
2701 2657 2711 2756
2412 2888 2747 2938
