203325 2040.18
9226 9213
9198 9253
8863 9571
8983 9473
8640 9688
9081 9370
9019 9435
8691 9652
9264 9151
9108 9339
9057 9414
8917 9528
8834 9581
9068 9392
8900 9549
8782 9603
9157 9296
9001 9447
8890 9555
8717 9638
8614 9689
8956 9486
9256 9170
8744 9623
9044 9418
8661 9666
9142 9302
8792 9594
9125 9315
8809 9585
8757 9617
9243 9174
9230 9187
8652 9671
8929 9512
8934 9508
8962 9480
8725 9628
8760 9613
9086 9345
8670 9655
9115 9322
9258 9161
9112 9326
8987 9451
8935 9499
9127 9308
9159 9283
8718 9632
8642 9672
9315 8863
9315 8863
8468 9691
8468 9691
8468 9691
9186 9280
9297 9102
9297 9102
9297 9102
9186 9280
9297 9102
8468 9691
9315 8863
8843 8778
8827 8984
8863 9058
9025 9053
8935 8812
8841 8956
8689 8706
8925 8979
8811 8807
8832 8894
9155 9030
8887 8774
8817 9120
8831 8866
8749 9007
8982 9078
8733 8922
8867 8888
8880 9027
8865 8953
9008 9020
8964 8854
8916 8963
8818 9044
8476 9201
8993 9023
8995 8912
9036 9037
8991 8817
9019 8848
8789 8823
9007 8849
8912 8979
8731 9074
9007 9132
8964 8972
8925 9093
8808 9097
8826 8936
9010 8816
9016 9023
9078 9110
8898 8867
8768 8903
9171 9079
8620 8923
9106 9143
9040 8979
8841 9024
8847 8824
8702 8986
8914 8860
8774 9017
9060 8873
8777 8925
9008 8927
9049 8956
8894 8834
8730 9057
8909 9065
8968 9013
9031 9099
9006 8954
8930 9091
8769 9041
8599 8853
9014 9037
8869 8833
8811 8833
8928 8963
8870 8888
9012 9155
8518 8791
8886 8896
8825 8836
8819 8885
8985 8976
9050 8821
8914 8979
9043 8863
8892 8957
8661 9072
9026 8891
9092 8927
8649 8928
8975 8746
8861 8775
8993 8900
9090 9134
