218 7.88466
28961 29831 27897
29734 28805 27997
29196 28727 28670
27882 30501 28738
27557 29957 28522
28543 30373 28779
29512 25692 27911
29681 29114 28211
28719 31530 26212
28176 30672 28682
28929 29838 28844
27747 30715 28500
28989 31085 28566
27084 30370 27817
27732 31162 27224
27464 30265 28785
28516 30304 27698
30691 29447 29560
26132 29846 28040
27448 30344 29459
29305 29085 28504
27785 31151 26656
28078 30836 27757
26754 30924 27411
30574 27845 29462
30711 29599 29284
29212 27564 29357
29315 27322 28170
27964 30600 27435
26721 31207 26805
27864 30210 28848
28740 29889 27731
29965 30181 28858
27043 31540 26825
28744 30557 29144
30467 27277 29590
29498 29781 29224
27303 30116 28089
28483 30058 27453
27468 31395 28167
28230 29760 29466
26403 30851 28547
27309 30649 27227
27484 29078 28094
29539 28713 28030
29970 29016 29316
28643 29544 27486
28176 29590 29783
28145 30161 29866
27667 31357 27604
28011 30873 26936
28744 30566 28462
27593 28933 28172
27757 28299 28654
27300 30526 28473
29766 29651 27776
28762 28630 29320
27431 31374 27859
27684 32204 28720
28873 29946 27906
30096 28115 28935
26628 30298 27996
28921 29961 27384
26946 31659 27090
27973 30346 27446
28801 28681 27976
29268 28840 28553
28621 30115 27800
30524 27239 27833
29291 29495 28697
27958 29175 29593
27731 31269 27730
29281 29198 27959
26615 31262 28015
26386 30817 28410
28161 31059 27596
25943 30249 28500
30923 28702 29116
26814 30644 27450
29342 27100 29007
28779 29925 27422
29397 28679 28620
27729 31569 27787
29092 27879 28787
26844 31324 26116
28049 30272 27012
29286 29107 27434
27735 30471 28907
30182 28215 29012
27968 30978 28090
29747 28618 29270
28929 27861 27568
29702 26901 27422
28147 29805 27640
26319 31621 28402
29095 28380 28261
29189 28209 28073
27926 31301 28412
27487 30787 28595
27976 30015 28660
29725 26688 28003
28492 28850 27768
29961 29086 28833
28783 31546 27756
29038 29426 29331
29079 30368 28150
26898 29494 26197
27661 31020 29236
26873 31362 27209
28401 29432 28719
28188 30283 28704
27888 29016 30139
27886 30673 26919
28192 28288 27863
27161 30362 27251
26794 31579 27853
28603 29184 28136
28227 30410 26802
29631 30250 29197
26571 30731 28475
28767 30629 27838
27683 30846 29038
28301 29912 28211
26343 31622 26561
27047 29832 27583
28886 29342 29093
26664 29406 28788
29000 29074 29162
29362 29934 28055
28884 29275 29249
28203 28986 28222
27046 30650 27791
27767 30877 28528
27291 31382 26979
26777 30122 29004
28409 30061 28251
29191 27769 28968
28798 28109 28748
28756 29111 27552
29303 29173 28735
27708 29663 27825
29259 28080 28838
27100 30403 28394
27780 31454 28178
27833 28385 28328
29111 31217 29128
28773 30520 28654
28431 30909 28237
27978 30448 28656
29171 29627 29062
28606 27759 28583
27565 30233 26179
26407 30438 28835
27888 29829 27728
28752 29952 28731
29516 26925 27977
27094 29335 29103
29794 28111 28882
28033 30693 27771
30223 28554 28888
27923 27172 27634
29558 29343 28921
29009 28546 29431
29133 30325 28296
27355 31662 28109
27514 30040 28750
28997 30625 27870
28859 28253 29361
27666 31460 27832
27628 30520 27455
27713 30592 27507
28722 28802 28438
27866 30167 29075
27668 31082 27770
28400 28914 28419
29021 28862 28802
26684 29367 27831
28468 31119 29513
28357 31518 28931
27139 30799 28400
28802 31499 28392
29334 28135 29501
29692 28646 29084
27839 30370 28595
27489 31098 27998
28537 31274 27240
29453 29453 29915
28477 28338 28540
28811 31059 27644
27500 30536 28840
29511 28675 28598
28552 27415 27439
29921 29108 29718
28147 30739 28708
28023 29856 28231
26613 30236 28125
26885 30761 26236
29178 29717 28753
30296 28638 28933
28894 30756 27461
27598 30903 28050
28417 29154 29718
28461 28966 28636
28742 29262 28453
26577 31340 28266
29983 28492 28233
28666 31052 27917
27542 30717 28446
29448 27248 29093
28089 31421 27472
28589 29696 29034
29524 29574 29375
28165 30017 28088
27121 29397 26464
29128 29725 27351
28638 30295 26060
27215 30684 26928
27489 30914 28283
30360 28432 28549
28941 31023 28157
28410 30825 28291
28850 30623 28149
27491 30880 27915
28306 30935 28650
29032 32150 28545
27835 30766 26900
27583 30822 27110
26714 29124 28216
28437 31590 28149
26753 31015 27399
26452 31062 26155
29556 27666 29496
27015 30736 28096
29513 29570 29282
29302 30908 26920
28573 29454 28918
27930 28717 30000
26724 30850 28513
27078 31476 27097
26288 31209 27985
27968 29245 29332
28804 27632 28120
28186 27944 28097
27338 30946 27340
29422 29746 26656
28294 31003 27432
29336 26495 27747
28377 31385 27369
28280 28790 28888
27041 29763 28429
27734 28981 29192
29385 28433 28003
29042 29110 27741
27414 29144 27992
27836 31265 28072
28167 30570 27413
28797 29055 30076
28808 30425 28765
29329 30570 27927
29649 28983 28676
28337 30041 27327
26802 31050 28254
26753 28687 28223
28058 30299 28060
26702 31298 28431
29410 28287 29536
28693 29172 28271
29320 28234 28936
29291 29216 27907
29420 29034 28767
28169 31504 27599
27313 31252 28117
30510 28764 28602
27969 30069 29762
26371 30786 27955
27461 29424 27267
27853 30293 29126
27817 30185 27436
28130 29991 28702
27627 31163 27203
27241 26523 27133
29207 29008 28381
27553 30373 28760
29455 30452 28466
26894 31034 27567
27822 31307 28010
27673 30121 28051
29941 27995 28522
27885 29807 28709
28114 30907 26536
27721 30489 26403
26892 31385 26477
28327 31096 27432
28730 29470 27834
28782 29918 28484
29134 29075 28006
27527 32024 27506
28771 30375 27481
28626 30338 27982
27232 31077 26136
