5111 601.536
19872 17598
19872 17598
18948 19117
19001 19022
19073 18981
18954 19057
19097 18941
19240 18833
19159 18890
19138 18934
19139 18930
19184 18873
19211 18847
19200 18865
19252 18804
19164 18880
19412 18614
19359 18687
19463 18521
19489 18498
19456 18538
19264 18795
19274 18781
19390 18636
19209 18851
19280 18767
19849 17716
19813 17817
19332 18706
19446 18557
19774 17906
19380 18653
19267 18782
19771 17931
19344 18690
19368 18655
19361 18672
19295 18748
19342 18703
19815 17793
19327 18712
19256 18801
19302 18735
19291 18759
19440 18560
19850 17692
19310 18732
19285 18764
19470 18517
19474 18509
19492 18479
19868 17620
19807 17837
19780 17899
19511 18446
19393 18628
19813 17817
19385 18651
19549 18372
19866 17631
19785 17886
19315 18726
19647 18200
19852 17672
19850 17692
19416 18594
19839 17724
19453 18548
19425 18588
19661 18167
19624 18245
19674 18148
19569 18350
19364 18666
19862 17650
19761 17948
19526 18431
19854 17656
19396 18622
19719 18041
19668 18149
19630 18233
19625 18234
19557 18371
19401 18621
19768 17934
19751 17960
19616 18263
19506 18465
19868 17620
19866 17631
19829 17753
19572 18339
19429 18575
19367 18661
19294 18751
19786 17872
19750 17974
19798 17851
19836 17736
19779 17901
19833 17746
19761 17948
19675 18137
19600 18290
19343 18695
19824 17764
19793 17854
19688 18107
19498 18469
19417 18591
19303 18733
19601 18283
19489 18498
19748 17980
19599 18296
19529 18417
19507 18460
19683 18116
19736 18005
19829 17753
19715 18059
19693 18103
19656 18179
19651 18186
19642 18205
19401 18621
19836 17736
19664 18159
19742 17988
19785 17886
19687 18115
19664 18159
19577 18329
19576 18337
19768 17934
19717 18052
19636 18222
19474 18509
19427 18586
19697 18095
19453 18548
19843 17717
19636 18222
19593 18301
19318 18723
19853 17668
19741 17993
19611 18270
19581 18327
19534 18407
19741 17993
19729 18013
19515 18437
19560 18357
19540 18396
19436 18568
19824 17764
19679 18130
19802 17842
19722 18031
19703 18076
19682 18125
19833 17746
19694 18096
19656 18179
19651 18186
19648 18193
19582 18320
19492 18479
19617 18253
19548 18382
19587 18306
19507 18460
19823 17772
19821 17776
19820 17784
19791 17862
19748 17980
19323 18720
19859 17655
19321 18722
19700 18086
19603 18279
19569 18350
19563 18356
19543 18390
19807 17837
19630 18233
19563 18356
19707 18067
19700 18086
19802 17842
19757 17953
19703 18076
19789 17864
19788 17871
19734 18006
19717 18052
19659 18172
19640 18212
19496 18472
19472 18510
19710 18064
19611 18270
19385 18651
19774 17906
19728 18018
19659 18172
19593 18301
19433 18570
19742 17988
19558 18365
19539 18404
19798 17851
19754 17958
19530 18414
19496 18472
19416 18594
19818 17787
19815 17793
19701 18080
19640 18212
19638 18218
19604 18277
19558 18365
19545 18384
19543 18390
19736 18005
19734 18006
19520 18434
19804 17838
19590 18305
19585 18314
19729 18013
19648 18193
19616 18263
19530 18414
19862 17650
19538 18406
19436 18568
19433 18570
19323 18720
19757 17953
19715 18059
19710 18064
19642 18205
19429 18575
19840 17721
19818 17787
19771 17931
19708 18066
19529 18417
19750 17974
19723 18025
19585 18314
19582 18320
19540 18396
19707 18067
19668 18149
19607 18272
19534 18407
19522 18433
19852 17672
19638 18218
19605 18273
19498 18469
19725 18020
19676 18135
19572 18339
19526 18431
19676 18135
19622 18250
19599 18296
19514 18442
19793 17854
19520 18434
19513 18445
19843 17717
19697 18095
19621 18251
19618 18252
19590 18305
19853 17668
19840 17721
19823 17772
19821 17776
19755 17957
19720 18037
19701 18080
19693 18103
19688 18107
19682 18125
19680 18129
19586 18310
19586 18310
19506 18465
19861 17652
19791 17862
19607 18272
19522 18433
19427 18586
19861 17652
19820 17784
19724 18022
19723 18025
19721 18034
19721 18034
19720 18037
19515 18437
19514 18442
19417 18591
19344 18690
19859 17655
19804 17838
19755 17957
19680 18129
19622 18250
19560 18357
19547 18383
19545 18384
19472 18510
19789 17864
19751 17960
19728 18018
19725 18020
19724 18022
19581 18327
19577 18329
19576 18337
19539 18404
19854 17656
19849 17716
19788 17871
19786 17872
19694 18096
19687 18115
19683 18116
19674 18148
19625 18234
19621 18251
19618 18252
19617 18253
19605 18273
19557 18371
19549 18372
19548 18382
19547 18383
19538 18406
19513 18445
19872 17598
19872 17598
19872 17598
19872 17598
19872 17598
19872 17598
19872 17598
19872 17598
19872 17598
19872 17598
19872 17598
19872 17598
19872 17598
19872 17598
19872 17598
19872 17598
19872 17598
19872 17598
19872 17598
19872 17598
19872 17598
19872 17598
19872 17598
19872 17598
19872 17598
19872 17598
19872 17598
19872 17598
19872 17598
19872 17598
19872 17598
19872 17598
19872 17598
19872 17598
19872 17598
19872 17598
19872 17598
19872 17598
19872 17598
19872 17598
19872 17598
19872 17598
19872 17598
19872 17598
19872 17598
19872 17598
19872 17598
19872 17598
19872 17598
19872 17598
19872 17598
19872 17598
19872 17598
19872 17598
19872 17598
19872 17598
19872 17598
19872 17598
19872 17598
19872 17598
19872 17598
19872 17598
19872 17598
19872 17598
19872 17598
19872 17598
19872 17598
19872 17598
19872 17598
19872 17598
19872 17598
19872 17598
19872 17598
19872 17598
19872 17598
19872 17598
19872 17598
19872 17598
19872 17598
19872 17598
19872 17598
19872 17598
19872 17598
19872 17598
19872 17598
19872 17598
19872 17598
19872 17598
19872 17598
19872 17598
19872 17598
19872 17598
19872 17598
19872 17598
19872 17598
19872 17598
19872 17598
19872 17598
19872 17598
19872 17598
19872 17598
19872 17598
19872 17598
19872 17598
19872 17598
19872 17598
19872 17598
19872 17598
19872 17598
19872 17598
19872 17598
19872 17598
19872 17598
19872 17598
19872 17598
19872 17598
19872 17598
19872 17598
19872 17598
19872 17598
19872 17598
19872 17598
19872 17598
19872 17598
19872 17598
19872 17598
19872 17598
19872 17598
19872 17598
19872 17598
19872 17598
19872 17598
19872 17598
19872 17598
19872 17598
19872 17598
19872 17598
19872 17598
19872 17598
19872 17598
19872 17598
19872 17598
19872 17598
19872 17598
19872 17598
19872 17598
19872 17598
19872 17598
19872 17598
19872 17598
19872 17598
19872 17598
19872 17598
19872 17598
19872 17598
19872 17598
19872 17598
19872 17598
19872 17598
19872 17598
19872 17598
19872 17598
19872 17598
19872 17598
19872 17598
19872 17598
19872 17598
19651 18186
19859 17547
19410 18493
19489 18448
19614 18248
19629 18153
19675 18118
19535 18379
19688 18022
19569 18296
19729 17954
19761 17874
19845 17673
19803 17810
19540 18307
19716 17989
19768 17848
19805 17768
19819 17728
19820 17707
19840 17696
19844 17682
19843 17679
19363 18446
19421 18403
19608 18181
19514 18359
19483 18381
19809 17721
19563 18250
19536 18265
19710 17940
19610 18116
19725 17883
19684 17970
19768 17815
19742 17861
19803 17787
19652 18026
19642 18093
19762 17843
19791 17790
19648 18085
19678 18013
19547 18255
19665 18019
19834 17679
19834 17679
19306 18435
19495 18356
19323 18433
19559 18189
19521 18245
19635 18076
19509 18294
19599 18132
19803 17732
19675 17994
19784 17790
19707 17924
19755 17828
19682 17929
19717 17857
19577 18147
19794 17754
19652 18017
19638 18025
19733 17836
19585 18139
19726 17851
19809 17672
19412 18356
19749 17820
19715 17840
19768 17770
19512 18243
19482 18307
19674 17978
19456 18351
19688 17914
19705 17895
19605 18072
19794 17689
19628 18045
19652 18011
19461 18327
19526 18183
19782 17720
19519 18220
19629 18021
19570 18143
19773 17730
19666 17994
19533 18162
19584 18130
19481 18311
19594 18083
19696 17904
19553 18151
19549 18154
19588 18114
19590 18096
19515 18240
19809 17559
19389 18330
19608 18035
19538 18128
19738 17817
19696 17868
19514 18190
19579 18102
19666 17989
19432 18295
19667 17895
19759 17696
19503 18224
19807 17643
19474 18277
19424 18323
19752 17756
19482 18268
19638 18009
19578 18127
19783 17676
19749 17787
19688 17892
19794 17659
19640 17991
19805 17593
19237 18328
19425 18290
19566 18097
19608 18026
19485 18206
19507 18139
19664 17932
19731 17812
19655 17976
19686 17890
19791 17651
19695 17848
19633 18006
19749 17760
19803 17600
19743 17784
19563 18122
19752 17701
19455 18274
19775 17674
19750 17709
19482 18247
19534 18123
19687 17856
19614 18009
19524 18126
19480 18259
19459 18267
19779 17670
19801 17582
19427 18261
19484 18122
19547 18110
19482 18231
19598 18012
19565 18064
19688 17812
19766 17670
19749 17745
19790 17649
19472 18243
19440 18257
19664 17914
19729 17808
19794 17588
19623 17986
19637 17971
19679 17846
19668 17867
19605 17999
19650 17929
19643 17944
19772 17662
19551 18094
19744 17747
19561 18075
19733 17772
19677 17866
19732 17780
19730 17800
19784 17625
19460 18237
19480 18096
19726 17794
19471 18225
19598 18000
19688 17807
19536 18082
19636 17970
19733 17708
19668 17859
19653 17914
19571 18006
19756 17655
19674 17839
19545 18076
19781 17649
19548 18020
19642 17941
19554 18013
19745 17677
19742 17683
19647 17926
19773 17616
19390 18220
19724 17733
19542 18064
19455 18089
19757 17648
19412 18104
19500 18079
19571 18003
19411 18182
19603 17963
19662 17832
19649 17875
19635 17937
19723 17788
19676 17805
19698 17793
19592 17986
19642 17909
19767 17638
19639 17918
19771 17626
19772 17612
19374 18209
19517 18062
19409 18134
19721 17727
19737 17645
19670 17803
19649 17871
19403 18138
19556 18000
19536 18038
19717 17784
19685 17792
19758 17628
19582 17982
19596 17934
19618 17923
19641 17908
19592 17975
19642 17889
19605 17924
19767 17560
19266 18180
19368 18158
19415 18054
19521 18036
19407 18116
19718 17708
19587 17975
19746 17625
19615 17923
19641 17882
19642 17816
19543 17980
19659 17794
19618 17899
19717 17740
19760 17591
19535 18013
19758 17621
19679 17785
19690 17784
19715 17777
19530 18025
19714 17781
19754 17599
19242 18168
19327 18115
19613 17918
19469 18032
19400 18062
19653 17792
19715 17681
19564 17967
19641 17861
19716 17655
19714 17769
19739 17605
19393 18108
19470 17992
19638 17882
19500 17976
19396 18095
19529 17975
19682 17783
19713 17778
19684 17779
19542 17973
19558 17971
19746 17581
19200 18133
19380 18107
19400 18044
19710 17644
19461 17999
19641 17806
19709 17748
19692 17771
19716 17594
19602 17903
19469 17963
19638 17864
19570 17912
19504 17961
19625 17879
19531 17956
19545 17919
19738 17583
19697 17764
19537 17939
19634 17874
19539 17933
19693 17767
19742 17492
19215 18090
19322 18019
19378 18007
19478 17960
19704 17745
19638 17830
19709 17622
19673 17764
19587 17872
19735 17576
19636 17863
19552 17905
19736 17541
19516 17937
19710 17620
19564 17893
19514 17947
19481 17955
19681 17754
19697 17750
19736 17532
19330 17961
19456 17942
19703 17705
19717 17576
19520 17892
19624 17862
19557 17879
19650 17750
19689 17744
19630 17798
19626 17803
19727 17541
19714 17419
19455 17941
19702 17539
19673 17729
19456 17871
19622 17836
19533 17858
19696 17674
19546 17841
19612 17837
19694 17704
19540 17857
19693 17634
19391 17931
19446 17885
19536 17850
19611 17742
19684 17687
19610 17803
19640 17727
19661 17707
19577 17829
19543 17840
19593 17823
19692 17612
19279 17917
19633 17723
19471 17836
19595 17801
19387 17870
19495 17819
19307 17892
19576 17808
19678 17645
19376 17885
19660 17677
19690 17614
19642 17698
19645 17692
19686 17511
19375 17839
19674 17641
19642 17680
19596 17709
19460 17825
19512 17800
19548 17797
19425 17834
19566 17747
19579 17744
19681 17458
19374 17833
19674 17629
19576 17708
19633 17671
19538 17753
19404 17819
19662 17635
19499 17783
19457 17806
19505 17754
19461 17787
19459 17803
19659 17552
19366 17825
19494 17768
19633 17666
19655 17625
19524 17702
19444 17806
19575 17689
19445 17797
19566 17701
19659 17499
19384 17790
19492 17738
19640 17612
19571 17685
19646 17502
19462 17755
19627 17664
19396 17762
19575 17665
19648 17437
19080 17775
19377 17742
19483 17689
19634 17551
19562 17651
19613 17605
19575 17639
19632 17582
19626 17520
19023 17700
19472 17673
19606 17592
19573 17631
19603 17538
19432 17669
19569 17589
19461 17623
19598 17215
19568 17587
19580 17351
19574 17318
19330 17569
19568 17553
19546 17568
19566 17562
19558 17496
19267 17568
19481 17546
19545 17388
19530 17438
19470 17330
19237 17432
19333 17404
19233 17223
19163 17432
19219 17369
19169 17185
19080 17312
