188721 1800.16
16393 15401 15850 14781
15643 15957 16543 15117
16441 15994 15791 15584
15826 15273 15271 15759
14812 15946 15008 15734
15657 16381 15904 15500
16441 15994 15791 15584
14812 15946 15008 15734
15826 15273 15271 15759
15110 15673 16216 16127
15424 15539 15658 16076
16085 15447 15983 15519
15568 15732 15443 15807
15762 15580 15749 15932
16393 15401 15850 14781
16352 15589 16141 14945
15272 16338 16219 15356
16393 15401 15850 14781
15884 15840 15981 15748
15410 15894 16441 15325
15776 16317 15488 15207
16239 16037 16224 15286
15110 15673 16216 16127
15791 16014 16245 14823
16010 15767 16097 15593
16239 16037 16224 15286
15562 15306 16152 15583
15643 15957 16543 15117
15410 15894 16441 15325
15807 15682 15465 15839
16062 15666 16094 15596
15787 16075 15789 15188
15381 15573 16324 15523
15469 15956 15959 15484
15110 15673 16216 16127
15410 15894 16441 15325
15802 15867 16343 14987
15815 16062 15609 15566
15272 16338 16219 15356
15690 16329 15854 15045
15635 16115 16260 15431
15791 16014 16245 14823
15540 16077 15794 15717
15516 15749 15616 15825
15853 16373 15712 15143
15749 16265 16214 15026
15568 15732 15443 15807
15766 16167 15776 15082
15952 15481 16231 15533
15361 16279 15983 15320
16352 15589 16141 14945
15774 15603 16079 15626
15780 15302 16170 15544
15952 15481 16231 15533
15635 16115 16260 15431
16239 16037 16224 15286
15766 16167 15776 15082
15762 15580 15749 15932
15631 15715 16040 15648
15749 16265 16214 15026
15326 15843 15954 15739
15568 15732 15443 15807
15815 16062 15609 15566
15704 16193 15558 15519
15635 16115 16260 15431
15708 15951 15995 15331
15650 15564 16406 15538
15764 16180 16367 15075
15815 16062 15609 15566
15653 15459 15985 15895
15471 16112 15937 15463
15631 15715 16040 15648
15272 16338 16219 15356
15540 16077 15794 15717
15428 15518 15756 15816
15471 16112 15937 15463
15780 15302 16170 15544
15704 16193 15558 15519
15381 15573 16324 15523
15410 15894 16441 15325
15428 15518 15756 15816
15782 15924 16019 15504
15653 15459 15985 15895
15782 15924 16019 15504
15631 15715 16040 15648
15631 15715 16040 15648
15568 15732 15443 15807
15776 16317 15488 15207
15482 16206 16054 15139
15776 16317 15488 15207
15989 15870 15986 15339
15764 16180 16367 15075
15562 15306 16152 15583
15784 16045 15732 15576
15692 16228 16380 14971
15482 16206 16054 15139
15777 16011 15875 15678
15424 15539 15658 16076
15650 15564 16406 15538
15826 15273 15271 15759
16441 15994 15791 15584
15657 16381 15904 15500
15692 16228 16380 14971
15515 15754 16146 15680
15784 16045 15732 15576
15540 16077 15794 15717
15952 15481 16231 15533
15762 15580 15749 15932
15989 15870 15986 15339
15807 15682 15465 15839
15853 16373 15712 15143
15540 16077 15794 15717
15764 16180 16367 15075
16085 15447 15983 15519
15568 15732 15443 15807
15749 16265 16214 15026
15410 15894 16441 15325
15410 15894 16441 15325
15774 15603 16079 15626
15381 15573 16324 15523
15631 15715 16040 15648
15482 16206 16054 15139
15780 15302 16170 15544
15434 15672 15469 16102
15692 16228 16380 14971
15762 15580 15749 15932
15704 16193 15558 15519
16393 15401 15850 14781
15692 16228 16380 14971
15802 15867 16343 14987
15515 15754 16146 15680
14812 15946 15008 15734
15826 15273 15271 15759
15774 15603 16079 15626
15482 16206 16054 15139
15774 15603 16079 15626
15797 15273 16240 15510
15471 16112 15937 15463
15568 15732 15443 15807
16062 15666 16094 15596
15516 15749 15616 15825
15635 16115 16260 15431
16010 15767 16097 15593
15749 16265 16214 15026
15774 15603 16079 15626
15749 16265 16214 15026
15704 16193 15558 15519
15635 16115 16260 15431
15540 16077 15794 15717
16393 15401 15850 14781
15802 15867 16343 14987
15515 15754 16146 15680
15635 16115 16260 15431
15807 15682 15465 15839
15749 16265 16214 15026
15568 15732 15443 15807
16352 15589 16141 14945
15643 15957 16543 15117
16441 15994 15791 15584
15272 16338 16219 15356
15110 15673 16216 16127
15952 15481 16231 15533
15631 15715 16040 15648
15568 15732 15443 15807
15434 15672 15469 16102
15326 15843 15954 15739
15774 15603 16079 15626
15381 15573 16324 15523
15692 16228 16380 14971
15774 15603 16079 15626
15471 16112 15937 15463
15884 15840 15981 15748
15766 16167 15776 15082
15884 15840 15981 15748
15361 16279 15983 15320
15568 15732 15443 15807
15515 15754 16146 15680
15807 15682 15465 15839
15434 15672 15469 16102
15482 16206 16054 15139
15704 16193 15558 15519
15516 15749 15616 15825
15853 16373 15712 15143
15110 15673 16216 16127
16085 15447 15983 15519
15631 15715 16040 15648
15826 15273 15271 15759
15884 15840 15981 15748
15762 15580 15749 15932
15110 15673 16216 16127
15989 15870 15986 15339
15272 16338 16219 15356
15692 16228 16380 14971
16010 15767 16097 15593
15815 16062 15609 15566
15704 16193 15558 15519
16239 16037 16224 15286
15952 15481 16231 15533
15272 16338 16219 15356
15764 16180 16367 15075
15653 15459 15985 15895
15853 16373 15712 15143
16393 15401 15850 14781
15776 16317 15488 15207
15410 15894 16441 15325
15815 16062 15609 15566
15762 15580 15749 15932
15807 15682 15465 15839
15782 15924 16019 15504
15643 15957 16543 15117
15826 15273 15271 15759
15471 16112 15937 15463
15635 16115 16260 15431
15774 15603 16079 15626
14812 15946 15008 15734
15515 15754 16146 15680
15989 15870 15986 15339
16393 15401 15850 14781
15381 15573 16324 15523
15802 15867 16343 14987
15657 16381 15904 15500
15692 16228 16380 14971
15782 15924 16019 15504
15782 15924 16019 15504
15631 15715 16040 15648
15482 16206 16054 15139
15482 16206 16054 15139
15562 15306 16152 15583
15826 15273 15271 15759
16441 15994 15791 15584
15657 16381 15904 15500
15807 15682 15465 15839
15515 15754 16146 15680
15784 16045 15732 15576
15952 15481 16231 15533
15762 15580 15749 15932
15989 15870 15986 15339
15853 16373 15712 15143
16085 15447 15983 15519
16239 16037 16224 15286
15410 15894 16441 15325
15635 16115 16260 15431
15410 15894 16441 15325
15690 16329 15854 15045
15791 16014 16245 14823
15749 16265 16214 15026
15568 15732 15443 15807
15766 16167 15776 15082
15361 16279 15983 15320
16062 15666 16094 15596
15952 15481 16231 15533
15774 15603 16079 15626
16239 16037 16224 15286
15762 15580 15749 15932
15704 16193 15558 15519
15635 16115 16260 15431
15708 15951 15995 15331
15650 15564 16406 15538
15815 16062 15609 15566
15471 16112 15937 15463
15272 16338 16219 15356
15692 16228 16380 14971
15110 15673 16216 16127
15110 15673 16216 16127
15471 16112 15937 15463
15361 16279 15983 15320
15704 16193 15558 15519
15516 15749 15616 15825
15884 15840 15981 15748
15762 15580 15749 15932
15110 15673 16216 16127
15568 15732 15443 15807
16239 16037 16224 15286
15952 15481 16231 15533
15653 15459 15985 15895
15776 16317 15488 15207
16393 15401 15850 14781
15762 15580 15749 15932
15643 15957 16543 15117
15826 15273 15271 15759
15774 15603 16079 15626
15791 16014 16245 14823
15780 15302 16170 15544
15692 16228 16380 14971
15692 16228 16380 14971
15802 15867 16343 14987
16010 15767 16097 15593
15774 15603 16079 15626
15774 15603 16079 15626
15797 15273 16240 15510
15471 16112 15937 15463
15381 15573 16324 15523
16010 15767 16097 15593
15774 15603 16079 15626
15540 16077 15794 15717
15802 15867 16343 14987
15807 15682 15465 15839
15749 16265 16214 15026
16352 15589 16141 14945
15272 16338 16219 15356
