40783 3302.09
29136 26011
25971 29236
29018 26321
27886 27955
28968 26470
26539 29029
28696 26924
27077 28692
27129 28655
28386 27386
28686 26970
27839 28002
27513 28331
27440 28390
27997 27835
27207 28579
27413 28409
27194 28597
28980 26385
28233 27580
26079 29204
26017 29215
27482 28358
26250 29148
28539 27180
28513 27225
26410 29093
27819 28027
28052 27798
26158 29170
26977 28765
26957 28784
28872 26629
26722 28933
27009 28754
27811 28044
28770 26826
28401 27352
26357 29104
26141 29174
26735 28918
27976 27865
28892 26574
28036 27811
27293 28509
28006 27815
28940 26498
29029 26285
29082 26172
26294 29120
27587 28269
26659 28955
27713 28148
29071 26213
29120 26067
28614 27066
27495 28338
28497 27251
28107 27718
28082 27750
28338 27428
26654 28963
27542 28304
28273 27528
27860 27985
26629 28981
28313 27482
28277 27500
27355 28469
27451 28367
27324 28492
28840 26676
28245 27538
26885 28828
28896 26553
29013 26365
26852 28848
28929 26533
27239 28564
28219 27587
27935 27913
27910 27941
28580 27118
28563 27154
27598 28227
28780 26773
27975 27877
28453 27303
27029 28722
29052 26240
29037 26277
29093 26137
27753 28108
27720 28126
28432 27333
28341 27412
28598 27101
28888 26609
26945 28801
26912 28818
28403 27338
27268 28543
28563 27154
28638 27040
27653 28197
27632 28226
26558 28998
29103 26130
27360 28433
26117 29193
26079 29204
26441 29076
26474 29060
29013 26365
26202 29166
26290 29140
27790 28063
27756 28077
26441 29076
27324 28492
28183 27630
29136 26011
26562 28995
26688 28937
28208 27608
28852 26675
28652 27011
27367 28431
28456 27272
28485 27255
27166 28615
28141 27674
28166 27653
28746 26848
29052 26240
28824 26701
28736 26884
28721 26915
28929 26533
29090 26169
28746 26848
28736 26884
27057 28705
27029 28722
27239 28564
27673 28173
27653 28197
27282 28513
27268 28543
29106 26100
28771 26808
26505 29038
26117 29193
28652 27011
28638 27040
28822 26704
26410 29093
26202 29166
26231 29153
26505 29038
26477 29052
27166 28615
27145 28636
28513 27225
29125 26048
26593 28986
26328 29116
26357 29104
26757 28904
28781 26765
27567 28290
28333 27461
28313 27482
28061 27766
27355 28469
26593 28986
28141 27674
28124 27697
28166 27653
28354 27393
26785 28891
27949 27890
26785 28891
27567 28290
27542 28304
28183 27630
28673 26985
28940 26498
26688 28937
26328 29116
28245 27538
27910 27941
27860 27985
28124 27697
28107 27718
29071 26213
28816 26736
28333 27461
28971 26435
27395 28422
26912 28818
26885 28828
26811 28880
28082 27750
28061 27766
26852 28848
26834 28867
27935 27913
27949 27890
28976 26403
28971 26435
26834 28867
26811 28880
26757 28904
28673 26985
29115 26098
27632 28226
27598 28227
28580 27118
28598 27101
27145 28636
27129 28655
28432 27333
25990 29222
26017 29215
28721 26915
27693 28159
27673 28173
28862 26651
27756 28077
28456 27272
27753 28108
27077 28692
27057 28705
25971 29236
25990 29222
28806 26758
28354 27393
27587 28269
28208 27608
28806 26758
28862 26651
28816 26736
28277 27500
27693 28159
27395 28422
26629 28981
29125 26048
28453 27303
26945 28801
27720 28126
28614 27066
