49725 780.252
25751 23187 24601
24095 23789 25182
24489 23710 25336
24718 24514 23825
24661 24588 24276
25025 23028 25113
25701 23774 23955
24489 23710 25336
25313 24093 24399
25751 23187 24601
25751 23187 24601
25292 23401 24979
25302 23795 24616
25298 24475 24115
25399 23963 24177
25499 23784 24806
24303 24514 24939
24661 24588 24276
25025 23028 25113
25383 24260 24329
24718 24514 23825
24489 23710 25336
24489 23710 25336
25100 24345 24831
24095 23789 25182
25383 24260 24329
25518 23534 24598
24698 24024 25146
25701 23774 23955
25030 23644 25059
24718 24514 23825
25289 23977 24473
25629 23423 24419
24922 23886 24985
25443 23872 24179
25629 23423 24419
25313 24093 24399
24538 24518 24551
24933 24381 24472
25219 24342 24579
25499 23784 24806
25245 24290 24966
25500 23579 24353
25100 24345 24831
25302 23795 24616
25431 23432 24908
25443 23872 24179
25292 23495 24808
24525 24364 24880
25313 24093 24399
24538 24518 24551
24867 24408 24249
24922 23886 24985
24661 24588 24276
24538 24518 24551
25701 23774 23955
25245 24290 24966
25298 24475 24115
25431 23432 24908
25518 23534 24598
25499 23784 24806
25030 23644 25059
25025 23028 25113
25030 23644 25059
25219 24342 24579
25302 23795 24616
25289 23977 24473
24979 23693 25144
24856 23873 25032
24538 24518 24551
25292 23495 24808
24979 23693 25144
25313 24093 24399
24979 23693 25144
25289 23977 24473
24701 24441 24459
25298 24475 24115
25292 23401 24979
24661 24588 24276
24701 24441 24459
24701 24441 24459
24867 24408 24249
24979 23693 25144
24303 24514 24939
25219 24342 24579
24525 24364 24880
24856 23873 25032
24303 24514 24939
24661 24588 24276
24922 23886 24985
24867 24408 24249
24489 23710 25336
24867 24408 24249
25219 24342 24579
25313 24093 24399
25313 24093 24399
25518 23534 24598
24922 23886 24985
24525 24364 24880
25289 23977 24473
25313 24093 24399
24525 24364 24880
24701 24441 24459
24525 24364 24880
24701 24441 24459
24856 23873 25032
25302 23795 24616
25431 23432 24908
25499 23784 24806
25499 23784 24806
25313 24093 24399
24856 23873 25032
24867 24408 24249
25302 23795 24616
25701 23774 23955
25431 23432 24908
25298 24475 24115
25292 23401 24979
24095 23789 25182
25399 23963 24177
25298 24475 24115
25518 23534 24598
25292 23401 24979
24489 23710 25336
24701 24441 24459
24698 24024 25146
24979 23693 25144
25443 23872 24179
24661 24588 24276
24867 24408 24249
24867 24408 24249
24661 24588 24276
25431 23432 24908
24701 24441 24459
24701 24441 24459
25629 23423 24419
25289 23977 24473
25245 24290 24966
24525 24364 24880
24538 24518 24551
24867 24408 24249
25245 24290 24966
24701 24441 24459
24095 23789 25182
25030 23644 25059
25219 24342 24579
25030 23644 25059
25100 24345 24831
24661 24588 24276
25499 23784 24806
25701 23774 23955
25025 23028 25113
24701 24441 24459
25383 24260 24329
25629 23423 24419
25701 23774 23955
24856 23873 25032
25751 23187 24601
24525 24364 24880
24525 24364 24880
24095 23789 25182
25292 23401 24979
24538 24518 24551
24303 24514 24939
24538 24518 24551
25751 23187 24601
25431 23432 24908
24867 24408 24249
25431 23432 24908
24095 23789 25182
24489 23710 25336
24922 23886 24985
25629 23423 24419
25751 23187 24601
25025 23028 25113
25443 23872 24179
25030 23644 25059
25518 23534 24598
24979 23693 25144
24698 24024 25146
24867 24408 24249
25629 23423 24419
24856 23873 25032
24701 24441 24459
24922 23886 24985
25302 23795 24616
24922 23886 24985
25443 23872 24179
25629 23423 24419
25030 23644 25059
24701 24441 24459
25499 23784 24806
24538 24518 24551
24701 24441 24459
25751 23187 24601
24856 23873 25032
25292 23401 24979
24095 23789 25182
25289 23977 24473
25292 23401 24979
24661 24588 24276
24701 24441 24459
24867 24408 24249
24979 23693 25144
24303 24514 24939
24661 24588 24276
24867 24408 24249
24867 24408 24249
25219 24342 24579
25629 23423 24419
24922 23886 24985
24922 23886 24985
25313 24093 24399
24525 24364 24880
24701 24441 24459
24856 23873 25032
25302 23795 24616
25431 23432 24908
25313 24093 24399
24856 23873 25032
25431 23432 24908
25298 24475 24115
24718 24514 23825
25399 23963 24177
25431 23432 24908
25499 23784 24806
25245 24290 24966
25500 23579 24353
25100 24345 24831
25431 23432 24908
24538 24518 24551
24525 24364 24880
25313 24093 24399
24538 24518 24551
25629 23423 24419
25701 23774 23955
25298 24475 24115
25518 23534 24598
25443 23872 24179
25499 23784 24806
25030 23644 25059
25219 24342 24579
25289 23977 24473
24979 23693 25144
24856 23873 25032
25292 23495 24808
24979 23693 25144
25313 24093 24399
24979 23693 25144
25289 23977 24473
25443 23872 24179
24095 23789 25182
24538 24518 24551
24489 23710 25336
25025 23028 25113
25431 23432 24908
24867 24408 24249
25431 23432 24908
24095 23789 25182
25219 24342 24579
24922 23886 24985
25629 23423 24419
24661 24588 24276
24525 24364 24880
25518 23534 24598
24979 23693 25144
24867 24408 24249
25629 23423 24419
24701 24441 24459
24922 23886 24985
25302 23795 24616
25443 23872 24179
25499 23784 24806
24538 24518 24551
24701 24441 24459
25751 23187 24601
24538 24518 24551
24489 23710 25336
24701 24441 24459
25701 23774 23955
25443 23872 24179
25518 23534 24598
25383 24260 24329
24867 24408 24249
25431 23432 24908
24701 24441 24459
25289 23977 24473
25245 24290 24966
24525 24364 24880
24095 23789 25182
24867 24408 24249
25245 24290 24966
24095 23789 25182
24095 23789 25182
25499 23784 24806
25025 23028 25113
24701 24441 24459
25100 24345 24831
25701 23774 23955
25751 23187 24601
