140953 720.04
3619 3945
4211 3371
3672 3925
4098 3600
4188 3397
4201 3385
4064 3636
3822 3857
4023 3694
4082 3607
3759 3881
4145 3532
4000 3705
3907 3806
3704 3912
4166 3499
3724 3905
3769 3874
3831 3848
4058 3642
3860 3830
3688 3918
3870 3826
3959 3726
4132 3554
3936 3762
4151 3523
3940 3750
3929 3778
3742 3887
3970 3716
3729 3900
4038 3677
3884 3813
4159 3509
3918 3792
3558 3948
4042 3660
3924 3786
4115 3577
4109 3581
4030 3683
4233 3321
3787 3864
3836 3837
3950 3729
3977 3709
3806 3860
3876 3817
4231 3323
4007 3700
4122 3569
3797 3862
4128 3560
4165 3502
4125 3566
3909 3801
4011 3697
4039 3669
4220 3324
4248 3300
3540 3982
4248 3300
3454 3105
3392 3227
3503 3357
3522 3458
3341 3190
2958 3327
3443 3601
3458 3192
3333 3250
3561 3545
3487 3433
3468 3176
3482 3293
3453 3394
3289 3067
3377 3293
3521 3358
3559 3152
3504 3300
3509 3453
3637 3105
3425 3177
3451 3426
3578 3254
3612 3474
3344 3237
3432 3614
3491 3403
3715 3187
3611 3562
3399 3066
3646 3314
3691 3600
3571 3131
3472 3587
3674 3285
3425 3193
3225 3289
3473 3418
3369 3484
3491 3355
3223 3223
3145 3122
3312 3073
3514 3084
3280 3244
3210 3494
3637 2844
3231 3176
3427 3367
3867 3159
3449 3299
3412 3432
3154 3342
3419 3345
3639 2924
3423 3417
2948 3005
3167 3343
3569 3512
3513 3406
3563 3386
3398 3277
3127 3346
3430 3288
3373 3240
3798 3319
3308 3205
3588 3282
3389 3253
3427 3007
3578 3334
3368 3352
3389 3569
3487 3530
3434 3449
3571 3407
3375 3468
3518 3138
3349 3074
3549 3424
3703 3163
3678 3457
3717 3320
3623 3014
3494 3064
3529 3231
3203 3379
3707 3466
