70920 2760.83
26468 26418
26594 26271
26631 26116
26144 26510
26614 26176
26078 26561
26105 26540
26309 26432
26250 26462
26209 26472
26021 26564
26508 26290
26180 26476
26471 26335
26353 26421
26529 26285
26267 26455
26535 26281
26214 26465
26264 26456
26660 25902
25956 26587
26622 26105
26583 26254
26061 26525
26340 26419
26451 26361
26285 26432
26179 26473
26511 26283
25997 26539
26369 26391
26605 26165
26466 26346
26594 26190
26195 26447
26470 26310
26084 26486
26115 26482
26065 26498
26118 26480
26135 26474
26475 26285
25929 26567
26632 25818
26584 26167
26454 26340
26292 26401
26530 26212
26367 26390
26424 26346
26489 26280
26518 26225
26465 26297
26358 26391
26502 26261
26503 26255
26492 26270
26370 26352
26461 26298
26606 26065
26225 26413
26390 26145
24159 24361
24003 24008
24479 24476
24797 24236
24155 24474
24363 24962
24436 24102
24537 24356
24135 24542
24192 24673
24389 24257
24468 24321
24423 23972
24631 24498
24293 24014
24637 24082
24451 24277
24071 24533
24349 24166
24040 23822
24354 24490
24106 24239
24387 24595
23718 23864
24187 24234
24258 24411
23852 24526
24011 24211
24549 24212
24065 24158
24492 24023
24341 24079
23765 24422
24431 24224
24211 24172
24705 24924
24585 24650
24371 24530
24086 24447
24941 24798
23887 23768
23911 24308
24682 24298
24549 24430
24119 24524
24332 24927
24103 24335
24186 24345
23771 23826
24606 24617
24852 24283
24346 24533
24803 24630
24074 24179
24102 23975
24257 24420
24836 24389
24719 25059
24504 24884
24762 24156
24614 24574
24474 24564
24323 24179
24560 24110
24158 24219
24513 24553
24023 24377
24049 24104
23659 23542
24409 24613
24687 24531
24144 24296
24272 24871
24765 24612
24766 24831
24559 24528
24291 24391
24144 24467
24748 24470
24614 24139
24065 24062
24131 24560
24304 24573
24108 24335
24354 24331
24274 24478
24786 24351
23805 24216
24408 24356
24347 24598
23865 24071
24703 24289
24489 24391
24133 24363
24188 24522
24415 24232
24685 24519
24028 24061
24001 24213
24224 24318
24506 24341
24105 23785
24533 24475
23969 24314
24278 24256
24417 24487
24611 24770
24341 24188
24391 24454
24954 24328
24728 24571
24475 24567
24391 24281
24184 24390
24671 24752
23993 24537
24739 24608
24015 24194
23702 24320
24587 24155
24362 24481
24711 24829
24363 24216
24143 24329
24633 24649
24537 24429
24706 24426
23971 23776
24499 24531
24110 24276
24377 24712
24319 24608
24440 24522
24216 24829
24295 24368
23989 24085
24140 24548
24390 24361
24229 24155
24424 24337
24675 24780
24250 23887
24005 24030
24126 24536
24610 24874
24486 24524
24027 24171
24846 24250
23575 23935
24404 24046
24264 24523
24103 24375
24504 24534
24324 24227
24960 24461
24674 24724
24785 24324
24834 24550
24311 24634
24875 24574
24409 24197
24174 24313
24324 24571
24039 24695
24721 24972
24404 24548
24462 24872
24536 24436
24384 24068
24204 24589
24644 24816
24557 24135
24427 24271
24265 24073
23733 24149
24965 24411
24114 24409
24267 24116
24319 24502
24251 24723
24438 24222
24044 23992
23892 24494
24184 24337
24523 24383
24483 24501
24331 24238
24707 24810
24052 24269
