325 484.53
17351 17652 17148 14909
17302 15614 17230 17275
16279 16394 16729 18127
16273 18390 17073 15502
18345 16771 16286 15958
16055 16992 18551 16245
17460 17307 15419 16770
15322 17529 17560 16878
17121 17260 15468 16903
17631 17337 15513 16558
17391 17671 16759 14918
17302 15614 17230 17275
17184 15665 17393 17156
17006 17698 17333 14963
17460 17307 15419 16770
16303 16419 16775 18098
15366 17783 17635 16730
15994 18348 17071 15777
17383 15682 17338 17105
16403 16117 16983 18054
18324 16718 16258 16090
15609 17600 17924 16571
16997 15962 17022 17557
16069 18374 17137 15599
17286 15702 17228 17270
17268 17771 17067 14996
17546 17478 15581 16433
17499 17326 17111 15142
15411 17350 17998 16782
16032 17101 18531 16214
17452 17494 15596 16490
16972 15913 17374 17407
16151 17037 18502 16312
18259 16832 15845 16093
17072 17787 17295 15111
17510 17567 16828 14972
16361 16288 16966 18074
16868 17769 17384 15087
15594 17852 17764 16329
16121 16826 18470 16421
15509 17761 17757 16588
15620 17540 17522 16900
17328 17742 17016 15162
16570 16522 16840 17972
16301 16498 16784 18063
17848 17215 15790 16301
16269 18198 17246 15716
18016 17357 16169 15859
17695 17431 16422 15830
15384 17500 17606 16930
17395 17119 15529 16910
17297 16746 15991 17095
16754 17863 17466 15131
16692 17805 17678 15208
15867 18317 17232 15923
16562 16326 16957 17964
16556 16355 16515 17999
16850 15859 16874 17753
18114 17140 15743 15876
16755 17473 17913 15246
15969 18333 17184 15766
15429 17847 17710 16367
18153 16943 16159 15884
16580 18253 16805 15494
17400 15755 17095 17232
16504 18219 17293 15231
16765 17821 17254 15309
18208 16985 16260 15789
16197 17141 18400 16182
15581 17456 17890 16725
16803 16179 16918 17746
16623 18068 17070 15508
18312 16730 16301 16116
17364 17193 15695 16894
16969 17849 17183 15028
16524 16303 16722 18013
16750 15843 17489 17466
17572 17568 16202 15844
16005 17339 18260 16275
16671 16408 16722 17949
16260 16975 18420 16378
17116 17172 15952 16565
16629 16025 16882 17882
16694 15838 17511 17322
15455 17712 17930 16580
16290 16763 18029 16808
17623 17426 15550 16307
16502 16437 16996 17650
15538 18118 17618 16195
17559 17543 16090 15895
16538 17662 17806 15286
16418 16867 17331 17069
17607 17112 15682 16753
16097 17135 18366 16464
16026 17099 18548 16207
16551 16170 17192 17828
15473 17842 17450 16570
16779 16056 17559 17223
17473 17315 15622 16691
17574 17251 16947 15820
16270 18330 17210 15881
16698 15848 16996 17733
16509 16544 16870 17893
16018 17145 18044 16542
17826 16137 16741 16586
17526 15815 16917 17190
15936 17225 18246 16558
17643 17559 16663 15548
16655 16251 16855 17820
17998 17038 16043 16187
17615 17462 15662 16254
15633 17291 17472 17198
18159 16970 16025 16056
17385 16219 16761 17393
16460 17874 17564 15622
17746 17298 15867 16430
16191 16928 18072 16800
16471 16079 17023 17937
18233 16831 16192 16178
18021 17298 16418 15578
17690 17417 15555 16380
15722 17915 17624 16222
18222 16546 16364 16292
16897 16205 17314 17243
17858 16904 16404 16412
16611 18043 17219 15406
15545 17859 17142 16555
18027 17044 16152 16085
16003 18297 17235 15850
16921 16299 17819 16373
18189 16693 16577 15957
16259 17066 18282 16303
16123 18033 17533 15752
16596 15953 17093 17676
17763 17224 16165 16210
18254 17024 16058 15774
16193 16970 18120 16581
16516 17999 17318 15315
17360 15708 17295 17160
17505 16603 16191 16936
15701 17172 18333 16490
18271 16975 16177 15707
15631 17343 17689 17018
16021 17126 18298 16477
16287 16916 18274 16368
15435 18081 17436 16273
17469 17485 15911 16536
16373 18143 17464 15428
15894 17457 17938 16168
16248 16910 18053 16603
17070 16042 17404 17031
17664 17110 15727 16700
16898 15797 16980 17793
16117 18388 17187 15562
15802 18347 17147 15922
16592 16305 16797 17986
17520 15727 17110 16822
18133 17015 16123 15972
16046 18207 17393 15693
15343 17517 17391 17026
15823 17132 18277 16526
15533 17081 18343 16606
16875 17921 17229 15373
16819 18018 16658 15530
17719 17512 16015 15749
17082 17720 17303 15065
16924 16445 16716 17672
16400 16984 18350 16204
16901 15807 17399 17413
17346 16095 17102 17165
16368 16377 17062 17837
17472 16956 15943 16871
17876 17129 16481 15709
17539 17492 16991 15104
16663 15887 17309 17582
17260 16149 16793 17486
17206 17903 15761 16287
17180 17000 15571 17238
17901 16597 16457 16516
17102 17626 17358 15010
16819 16508 16678 17700
16958 15794 17382 17476
16241 16698 16748 17620
16523 16422 16890 18038
16490 16653 16800 17842
18095 16735 16382 16233
18055 16880 16089 16325
16025 17272 18206 16418
17461 17241 15656 16673
16945 15945 17453 17307
17909 17115 15884 16311
18144 16709 16122 16387
18059 16544 16782 16356
16889 15747 17388 17561
15591 17130 18097 16685
18227 16688 16336 16099
16769 17943 17518 15099
16612 17828 16898 15954
17762 17344 16140 16304
15891 18316 17246 15742
15693 17949 17649 15899
15883 17689 17480 16674
17417 17233 15646 16704
16079 17121 18390 16409
17352 15861 17076 17293
16447 17011 18160 16240
16761 16189 16806 17720
16352 16825 18065 16630
16078 16959 18014 16813
16499 16416 17053 17391
15981 16935 17812 16882
16032 17101 18531 16214
17711 17375 15538 16278
16285 16441 16815 18045
16537 16520 16711 18027
17507 16380 16549 17145
16061 17097 18489 16328
16866 16187 16988 17632
18106 16847 16446 16150
15642 17648 17839 16667
15990 17174 18441 16340
15656 17893 17633 16360
17407 17605 16256 16191
16301 16629 16772 17919
16160 18086 17169 16017
15490 17095 17887 16904
17754 17538 16223 15719
17434 17687 16660 15292
15848 17875 17631 16126
17952 16351 16378 16843
16389 18025 17272 15678
18046 16716 16145 16323
15486 17810 17651 16353
16796 17577 17756 15133
16022 17150 18255 16411
16380 17775 17802 15647
15697 17320 17881 16887
16899 16693 16110 17309
15937 18228 17194 16035
16793 16130 17427 17193
16829 16161 16827 17788
17487 15822 16936 17273
16917 17865 16831 15714
16122 18383 17114 15661
15665 17472 17860 16734
15440 17837 17663 16445
17789 16998 15936 16578
17997 16965 16369 16454
16094 16888 18464 16314
16535 17526 17966 15438
16400 17970 17102 16072
17516 17509 17020 15014
18121 16984 16434 15758
15675 17275 17179 17172
17405 16914 15786 17006
17838 17138 16848 15705
16468 18109 17359 15674
17791 17547 15878 15763
17019 15896 17095 17579
16911 16357 17029 17374
17022 17511 17581 15176
17455 16066 16722 17284
17506 17087 15801 16815
16316 16366 16990 17873
16816 17813 17519 15253
15752 17635 17710 16709
16518 16948 16928 17251
16553 17793 17715 15393
17341 15948 17367 16787
16065 16872 18404 16483
16768 17709 17613 15266
15714 18188 17569 16057
17169 16233 17111 17397
16099 17582 18176 15902
16445 16764 16793 17377
18158 17229 16093 15781
17285 15920 17091 17289
16986 17930 16780 15685
16296 18037 17438 15635
18065 16850 16265 16219
16441 18096 17019 15782
16475 17262 16473 17268
15403 18168 17382 16207
16067 17280 18112 16467
16410 16816 16591 17641
17919 16778 16565 16059
16394 16463 17062 17588
17409 17505 16962 15059
16227 17035 18381 16255
17165 16465 16633 17216
15450 17574 17957 16627
17668 17640 15810 16074
16332 16968 18452 16337
17464 17463 16216 16030
15552 17802 17623 16541
16186 17490 17783 16319
16952 16482 16568 17569
17096 17268 16004 16593
17248 17452 15821 16716
16785 15982 17440 17538
16156 17210 18308 16365
17924 17124 15886 16111
18198 17162 15779 15808
15776 17295 18326 16552
16050 17856 17735 15943
16444 18262 17290 15467
16574 16365 17487 17302
17095 16609 17008 17115
17419 16000 16927 17205
17155 17840 16626 15462
16637 16596 16684 17494
16372 16172 17115 17866
17474 17453 16030 16350
15513 17925 17576 16351
16850 15902 17389 17525
16812 17807 17634 15050
16617 16643 16702 17732
16809 16214 17171 17450
17276 16860 15915 17164
17495 15974 17012 17254
15322 17529 17560 16878
15808 17058 17406 17279
17137 16203 17474 16765
16945 17562 16219 16390
15399 17557 17510 16919
16907 16294 17191 17060
17964 16286 16666 16659
18100 16866 16071 16353
17158 16978 16275 16961
16477 18213 16872 15736
17929 17323 16271 15651
18253 16765 16362 15998
18076 17100 16210 15750
16456 16282 16972 17923
18178 16909 16308 15960
17842 17053 16443 15827
16951 17754 17309 15040
17477 17116 15734 16826
15984 17203 18441 16080
18071 17054 16452 15770
16103 17017 18088 16756
17687 16896 16133 16642
17041 16874 15893 17460
17080 15739 17282 17326
16294 16893 18409 16429
17293 15976 17355 16807
15953 17364 17682 16792
16490 18148 16853 15639
16108 17038 18194 16597
17653 16105 16937 16775
16884 16254 17069 17434
16685 16560 16536 17765
16377 16910 18149 16498
16648 16037 17406 17547
16272 16774 18362 16520
17697 15769 16934 16867
15757 17898 17753 16348
16426 16441 16727 18022
16880 18052 16526 15586
18231 16864 16278 15985
16311 16573 16670 17855
17397 17516 17277 14998
17179 15784 17267 17421
17304 17565 17257 15022
17377 17620 16117 16130
17135 15934 17443 17091
17638 16580 16696 16408
17535 16811 16246 16874
16472 16413 16932 17763
17496 17466 16295 15872
17602 16890 16680 16286
16755 16111 17032 17691
16010 17013 18210 16507
17221 15733 17234 17326
17724 17347 16818 15341
18295 16628 16351 16078
15836 17974 17609 15918
17673 16007 16733 16940
18084 16792 16119 16340
16931 16794 16081 17446
18035 17159 16388 15788
18083 17031 16385 15805
16889 16274 17087 17228
17738 17523 15963 16009
17184 15665 17393 17156
18053 16841 16411 16236
17815 16497 16725 16503
18306 16713 16070 16153
15390 17676 17656 16774
16147 16560 17944 16927
15528 17694 17505 16838
17501 16876 16558 16423
17120 17544 17077 15400
15851 17167 18328 16480
18127 16937 16062 16251
17349 17695 16437 15556
16530 16305 16987 17909
16090 16991 17115 17498
17884 17376 16100 15449
16599 16016 17249 17602
17617 16791 16292 16655
15723 18163 17582 15813
15754 17321 18090 16668
17163 16967 15572 17234
17088 16400 16870 17365
17043 16648 17106 16460
16718 16565 17124 17356
15765 17328 18236 16334
17549 16051 17068 17003
16748 18006 17064 15259
17583 17414 16096 16255
15741 17415 17723 16527
15745 17573 17930 16497
17148 17667 16866 15604
16466 18247 16944 15740
16081 16826 18318 16586
16642 17547 17748 15380
16669 16309 17498 17164
18242 16755 16506 16089
15847 17964 17548 15853
17703 16097 16803 16796
17348 15908 16954 17288
15489 17983 17364 16556
16845 17906 16284 15878
16802 17777 16888 15698
16903 16211 17556 16795
17086 15821 16790 17503
17448 17703 15605 16039
16783 16260 17308 17431
18195 16780 16348 16067
17458 16800 16374 16727
17053 16507 17083 16850
15834 16758 17745 17010
18278 16573 16203 16125
15738 17644 17790 16590
17259 15832 17433 17129
17598 17396 15624 16572
17512 16029 16587 17014
17634 17496 15835 16043
17272 16674 16174 17048
17264 17022 15986 16833
16544 16568 16894 17644
15782 17158 17296 17188
16566 16838 17368 16948
16099 18277 17382 15651
15960 17220 16707 17333
15908 17297 18068 16622
16812 17660 17574 15353
16416 16372 17743 17082
15345 17808 17599 16779
15716 18104 17309 16068
16278 18286 17273 15595
17882 17202 15895 16026
17490 17673 16076 16092
16587 16625 16836 17849
16422 17275 17823 15783
15943 17372 17951 16462
15733 17997 17567 16161
17008 17589 16766 16110
15791 17297 18313 16067
17191 17509 15716 16488
18301 16825 15975 16057
17529 17419 15633 16627
15921 16742 16940 17881
16958 15794 17382 17476
16113 17014 18290 16485
17684 17391 15870 16365
16513 17924 17493 15472
16071 17646 17856 16441
15774 17778 17704 16246
15962 17260 17451 17101
16237 16515 16932 17865
16380 17422 18079 16256
17288 15775 17245 17154
16134 18231 16999 15887
17593 17316 15673 16534
16949 17757 17242 15448
16322 18180 17306 15362
17089 15894 17244 17296
15994 17960 17529 15928
16063 16751 17737 17055
15901 18009 17446 16021
16472 16261 16897 17990
15865 18115 17453 15995
16683 17795 17526 15450
16438 16274 16973 17930
17289 17405 17188 15619
17227 15763 17052 17454
16271 18285 17231 15813
17448 17703 15605 16039
16207 17065 18102 16500
18041 17278 16223 15911
15572 17778 17664 16686
17142 16584 16857 17255
16205 16900 18240 16397
16030 18066 17512 15878
17631 16526 16506 16595
17188 16312 16806 17074
16557 18098 17218 15525
16543 16345 17444 17349
16132 17050 17033 17340
17390 17104 15706 17102
15465 17976 17307 16591
18315 16843 16157 15988
17986 16551 16414 16441
18166 16774 16289 16144
18128 16855 16340 16088
15565 17187 18122 16798
16412 16368 16730 18082
17428 17618 16157 16024
17068 16338 16575 17457
16251 17565 17378 16322
17820 17008 16205 16146
17142 16332 17053 17120
16103 17282 18382 16398
17943 17125 16554 15741
15951 17535 18083 16146
16330 17236 18187 16131
17012 15938 17496 17179
16242 17451 17812 16228
16838 16454 16606 17614
17958 16824 16525 16240
17337 17423 15764 16689
17323 16793 15717 17015
15861 17789 17621 16141
16578 17859 17647 15522
15758 17723 17461 16800
16217 16515 17904 16992
17256 17103 16691 16706
16178 16630 17044 17706
15466 17638 17850 16792
16174 16875 18217 16523
16597 15676 17545 17437
17034 16771 16006 17578
17854 17321 15914 16242
17108 16477 17035 16954
16872 16424 16636 17780
17391 16762 15862 17199
15788 16727 17542 17266
16607 16431 16606 17809
16990 16539 17326 16400
15586 17750 17508 16616
15713 17439 17561 16802
17769 17393 16277 15644
16660 17763 17727 15337
15760 18267 17390 16051
15761 17616 17979 16219
16728 17717 17579 15414
16559 16753 17108 17313
16964 17631 17478 15359
16169 16502 17233 17438
17331 17195 17051 15535
16275 18154 17235 15607
16126 18257 17200 15908
17171 16451 16532 17511
16984 16086 17340 17225
16539 16552 18048 16641
17711 17201 15648 16713
17371 17122 15700 16817
16145 18375 17112 15729
16210 18183 17341 15593
17728 17332 17011 15374
17176 17011 15901 16975
16977 16143 17053 17420
17986 16859 16446 15869
16985 17993 17036 15199
16788 17959 16845 15546
17246 17503 17418 15222
17775 17370 16557 15520
15942 17881 17119 16647
16485 16337 17010 17801
16753 18060 16519 15811
16859 15941 17552 17138
17521 17182 15724 16699
17299 16152 17333 16531
16351 17732 17204 16281
15897 18047 17398 15981
16078 17445 17907 15942
17047 17040 16445 16947
17173 17179 15922 16909
17423 15932 17016 17110
17690 17238 15629 16704
16772 16331 16938 17715
17348 16060 17061 16979
15894 17028 18291 16538
16047 17199 17933 16672
15449 17717 17595 16769
16180 16540 17121 17667
15562 17490 17671 16913
15999 17249 18130 16519
16930 17556 15752 16737
17966 17023 16610 15597
16989 16690 16356 17529
17931 16946 16381 16259
16292 18130 17138 15759
17935 17093 16266 16012
16296 17937 16902 16120
16837 17790 17287 15346
17128 17342 15814 16751
16753 17912 16986 15573
15568 17743 17691 16686
15646 17487 17796 16912
16826 16476 16756 17707
17938 16854 16427 16116
17114 16824 16468 16858
15940 17265 18227 16466
16313 16632 16405 17908
15708 17638 17849 16571
17011 16486 16331 17328
17150 16463 17252 16636
17284 17651 17255 15042
16894 15832 17319 17411
15817 18066 17602 15976
16611 16887 18170 16362
15942 16767 17319 17593
16992 16896 16186 17079
16151 17037 18502 16312
15687 18237 17577 16151
16293 17953 17429 15888
16733 17656 16971 15824
16687 16558 16725 17778
17011 17305 17373 15607
16593 17383 17969 15615
16798 17566 17300 15425
16628 16047 16829 17954
16440 16447 17133 17684
17707 16432 16600 16535
17084 16198 16960 17425
16434 17819 17161 16099
16523 16806 17989 16417
17476 16530 16789 16648
17004 16076 17182 17396
16792 16390 17442 16806
16672 16379 17208 17540
17210 15681 17261 17225
17026 16460 17632 16414
16631 17992 17416 15340
16827 16492 16814 17668
16434 18057 17435 15325
17316 16574 16013 17026
15881 17958 17567 16083
16965 16488 16253 17597
15389 17715 17827 16718
15801 17831 17620 16479
16406 17600 18001 15840
18204 16613 16130 16314
16698 17693 17843 15275
16337 16409 17501 17213
15947 18020 17376 16077
17737 17311 16406 15716
16479 16564 17031 17599
17578 15869 16738 17085
16610 16277 16905 17771
17552 16588 16835 16569
16163 16450 17174 17710
17743 16898 16330 16613
16950 16228 16977 17547
16913 16685 16563 17347
17553 16502 16339 16827
17242 16442 16744 16971
17593 17316 15673 16534
16541 17245 17994 15894
15649 17521 17883 16535
16360 16724 17168 17338
17923 16962 16417 16033
16807 16548 16738 17622
16482 16760 17794 16785
16799 16614 16923 16968
17713 16703 16227 16721
15796 17218 17747 16814
16706 17595 17526 15936
17544 17244 16250 16188
18006 17003 16410 15907
15931 18180 17274 15973
17475 16668 16471 16942
15680 17531 17867 16667
16585 17855 17252 15688
15354 17679 17754 16739
15856 17834 17203 16268
16044 17007 18222 16553
15916 16927 17878 16867
18274 16595 16312 16156
15699 17056 17708 17020
18147 17034 16235 15657
17173 16060 17045 17502
15671 17763 17761 16566
16438 16578 17476 17036
16181 16923 18454 16432
16088 17087 18143 16553
16988 17642 17273 15181
17914 17207 16807 15574
17655 17231 15758 16579
16357 17383 18184 16271
17198 17528 16370 15795
17239 17653 16572 15713
17076 17632 17287 15321
17300 17792 15906 16038
15839 18300 17286 15745
15973 16763 17640 16929
16009 17324 18134 16370
17252 17453 16313 16392
17423 17019 15855 16896
17343 15804 17188 17213
16998 17786 17176 15226
16282 16452 17005 17678
16515 16788 16671 17756
16384 17612 17826 15834
16942 17559 17760 15252
16055 18272 17243 16027
15858 17169 18039 16836
17804 17315 15981 16231
16034 17328 18176 16298
16961 17218 16046 16649
16787 17963 17344 15196
17973 16198 16871 16292
17265 17554 17296 15089
16238 16637 16860 17814
17319 15716 17201 17224
18175 17070 16319 15482
15668 17535 17683 16862
16147 18134 17262 15768
17064 17453 16196 16437
16762 16034 17249 17491
16805 15742 17239 17609
17312 17070 15828 16921
16440 16827 18009 16696
17807 16342 16512 16599
16775 16402 16864 17452
17306 16072 17079 17422
17297 15712 17237 17158
15878 17681 17842 16308
16980 16003 17370 17161
17533 17448 15824 16539
15720 18029 17571 16132
17811 16995 16354 16291
17517 15763 17154 16966
17661 17408 15720 16282
16377 18245 17132 15732
17217 15990 17445 16862
17874 16247 16593 16663
15523 17736 17833 16576
18203 16844 16427 15840
17627 16750 17140 16013
17681 16620 16649 16207
16391 16706 17203 17088
17611 16474 16235 16886
17379 16820 16098 16843
17431 17624 16773 15416
16785 16323 16665 17852
17076 16457 16483 17584
16111 17932 17420 15968
15959 17585 17668 16602
15556 17726 17920 16523
15827 17979 16976 16137
16201 16427 17497 17011
16658 16048 17639 17196
17411 17459 16633 16020
17181 16682 16620 16972
16401 18176 17105 15484
15975 17294 17410 17000
17977 16919 16498 16008
17894 16395 16504 16598
17821 16769 16645 16488
17283 16922 15982 16987
17373 16495 16562 16985
17314 17091 15973 16857
16907 17379 16432 16500
16540 17518 17538 16179
15685 17766 17831 16103
15979 18308 17138 15894
16714 16735 17886 16064
16095 16784 16705 17662
16262 16420 17549 17447
17888 17211 16315 15690
18180 16798 16121 16200
16229 16714 18183 16547
16718 17394 16490 16645
17147 17729 16889 15440
16743 17853 16921 15610
16795 16499 16749 17636
16992 17730 17486 14968
16417 17608 17900 15654
16226 16834 18431 16403
16126 17098 18342 16319
17899 17295 16345 15666
16735 17612 17597 15327
16311 16887 18198 16515
17183 16239 16461 17464
16579 17962 17464 15567
16061 17097 18489 16328
17298 17503 15929 16495
16642 16242 17553 16851
16635 16100 17055 17725
16870 15994 17267 17253
15923 17823 17546 16335
17333 17370 16143 16344
16866 17792 17408 15185
17421 16130 17131 16853
15829 18022 17245 16136
17038 17723 17249 15385
16719 18172 16601 15504
15912 17935 17571 16034
16665 16029 17202 17621
17622 17151 16013 16627
16656 16269 17066 17712
16320 18154 17448 15282
17793 16808 16795 15739
18242 16921 16319 15744
16814 16263 17391 17134
17797 16975 16343 16416
16720 16351 17000 17688
18112 17029 16393 15651
17226 17629 16128 16366
17396 15883 17070 16997
15811 18051 17448 16144
17139 17044 15884 17201
15896 17910 17197 16343
16772 15927 16930 17788
16764 16336 16982 17637
16826 16167 17700 17165
18010 16883 16323 16428
16609 18163 16864 15353
16941 16828 16817 16761
16041 17882 17652 15886
17975 16381 16450 16742
17517 16739 15811 16988
15955 18175 17545 15838
16856 17077 16460 16812
15874 16956 16892 17608
16937 17345 16389 16634
15728 17838 17434 16492
16405 17329 17825 16446
16037 17828 17270 16234
17437 16387 16694 16820
15842 17377 17952 16649
17272 17089 16212 16826
17719 17387 16545 15738
16744 16676 17009 17073
15921 17521 17606 16625
17162 16617 16965 16845
16731 17532 17152 15587
17588 16907 16322 16662
15805 17160 17585 16987
17598 17085 16067 16518
17791 16831 15832 16610
16766 18048 16892 15627
16805 18014 17182 15239
15958 17784 17550 16227
16315 16790 18231 16433
16456 16354 16692 18081
16937 16642 16540 17422
17805 17033 15690 16396
17032 17592 17439 15346
16446 17211 17970 16303
16468 16534 16522 17900
17077 16224 17349 16933
16645 16069 17506 17520
17714 16379 16915 16612
15929 17689 17835 16220
17275 17234 16843 16048
17532 17421 16809 15592
17423 17019 15855 16896
16326 16470 16938 17846
15686 17640 17768 16628
16626 18059 16930 15585
16713 16513 16824 17553
16915 16114 16978 17512
16511 16594 16905 17742
17193 17744 17096 15236
17521 17690 15771 15660
16859 17113 16616 16797
16463 16427 17250 17564
16701 16578 17162 16831
16453 17233 17870 16009
16462 16535 16808 17959
17473 17159 16052 16777
17343 16892 16464 16701
17660 16709 16494 16561
16872 16144 17074 17507
16080 18306 17230 15999
17211 17693 16674 15554
16697 16816 16949 17369
16776 15927 17522 17290
17084 17285 17674 15601
16699 17537 17618 15475
17198 15770 17551 16784
17169 17686 16637 15625
16250 17895 17189 15981
16214 18145 17222 15888
15985 17739 17276 16378
16677 17597 17541 15646
16894 16511 16667 17605
15978 17939 17146 16185
17590 17005 16114 16406
16848 16797 17744 16681
16651 17128 17890 16398
16327 17186 18128 16398
16600 16641 17600 16736
16768 18014 16248 15857
15865 18037 17529 15990
16154 17375 17413 16498
17461 16374 16639 16799
16140 17794 17140 16438
17865 16954 16542 16003
17290 17575 15924 16276
16877 15873 17591 16822
18288 16681 16358 16107
15556 17726 17920 16523
16615 17748 17447 15725
16531 17470 17849 15564
16181 17360 17603 16472
16981 16747 16856 16679
16926 16107 16875 17739
17555 17165 16232 16726
15757 17516 17704 16549
16754 15872 17013 17723
16878 16617 16329 17607
17722 17313 15776 16415
17329 17206 15749 16796
17862 16768 16448 16653
18197 17002 16200 15855
17000 17503 16877 15522
16456 18121 16912 15906
16233 16553 17023 17655
15689 17378 17796 16914
16805 15938 17491 17208
16437 16926 18241 15986
16660 17922 17107 15292
16548 16840 17093 17022
17413 17625 16288 15465
17658 17418 15842 16076
16465 17836 17305 15912
17828 16994 16395 16395
18170 17103 15835 15866
17576 16999 16391 16384
16592 17266 17515 16315
16471 17941 16952 15992
16886 17250 16253 16760
17201 17584 17065 15192
15660 17721 18104 16262
17870 17269 16349 15866
15465 17111 18141 16684
17483 17443 16979 15215
16226 16834 18431 16403
17887 17055 16241 16108
17781 17248 16444 16094
16067 18122 17416 15640
16865 15868 17165 17445
17614 16419 16714 16772
15965 17808 17517 16167
17480 17454 16883 15259
16840 17776 17381 15374
16468 16534 16522 17900
17238 17550 17244 15334
16328 16664 16807 17727
17329 15878 17124 16935
16184 16621 17089 17771
16741 17487 17982 15168
16999 16580 16623 17354
16318 16721 17263 17311
17305 16980 16406 16652
16430 17846 16602 16026
17225 16046 17348 17224
16841 16267 17239 17086
17195 16815 16503 17298
17084 16198 16960 17425
16575 16148 17767 17302
17897 16712 16486 16439
15469 17674 17568 16802
17140 16165 17286 16962
16084 18240 17217 15894
17046 17441 15840 16539
16603 17399 17602 15861
16344 16783 17576 16815
15354 17679 17754 16739
16329 17146 16627 17100
17112 16385 17377 16634
17833 16014 16707 16821
17130 17078 17012 16123
17936 16987 16200 15984
17368 17336 16408 16483
16734 17589 17041 15954
16420 17885 16813 16168
17065 16555 17024 16776
16245 17614 17652 15919
15967 17698 17724 16468
16903 16660 17185 16508
16739 16231 17279 17595
16039 17213 17001 16976
15729 17549 17633 16769
16624 17745 17469 15800
16775 17464 17100 15734
16546 16212 17223 17605
16498 17210 18006 16309
16915 17997 16611 15744
17439 16475 16693 16840
15767 17092 18000 16908
16307 16420 17508 17156
16723 17313 17302 15893
17412 17677 16359 15962
