78134 1020.18
16463 15735 15922 15212
16106 15303 15486 15685
15628 15932 16612 15039
15567 15491 16228 16375
15864 15088 16400 15392
15342 16263 16352 15004
15154 16215 15624 15321
15854 15483 16358 14871
15411 15539 16082 15988
15567 15491 16228 16375
15754 16026 16586 15485
15604 15709 16407 15616
15864 15088 16400 15392
15154 16215 15624 15321
15741 15462 16075 15672
15604 15709 16407 15616
15754 16026 16586 15485
15741 15462 16075 15672
15312 16071 16261 15288
16316 15615 15983 15080
15411 15539 16082 15988
16191 15294 15692 15732
16191 15294 15692 15732
16023 15980 16306 14989
15491 16052 16217 15017
15379 15628 15533 15905
15491 16052 16217 15017
16018 16177 15795 15203
15817 16067 15845 15174
16138 15595 15851 15573
16234 15677 15755 15260
16313 15796 15582 15126
16138 15595 15851 15573
15910 15397 15918 15649
15803 16101 15834 14915
15379 15628 15533 15905
16002 15773 15929 15342
15850 15597 16121 15425
15670 15208 16076 15805
15941 15311 16069 15533
15929 15269 16371 15115
15915 15314 16253 15709
16234 15677 15755 15260
15312 16071 16261 15288
15491 16052 16217 15017
15544 15960 16173 15679
15379 15628 15533 15905
16018 16177 15795 15203
15754 16026 16586 15485
16051 15710 15584 15272
15544 15960 16173 15679
15910 15397 15918 15649
15850 15597 16121 15425
15483 15699 15946 15860
16023 15980 16306 14989
15768 15395 16292 15327
16106 15303 15486 15685
15786 15348 15713 15746
16046 15933 15840 15676
15912 15623 16187 15414
15685 15684 15869 15755
16023 15980 16306 14989
15810 15644 16028 15141
15628 15932 16612 15039
16051 15710 15584 15272
15810 15644 16028 15141
15915 15314 16253 15709
16316 15615 15983 15080
15685 15684 15869 15755
16234 15677 15755 15260
16316 15615 15983 15080
16106 15303 15486 15685
15912 15623 16187 15414
15567 15491 16228 16375
16191 15294 15692 15732
15447 15881 16294 15766
15929 15269 16371 15115
15786 15348 15713 15746
15312 16071 16261 15288
16129 15755 15628 15219
15944 15826 15866 15159
15956 15846 15702 15857
15786 15348 15713 15746
15628 15767 16380 15744
15941 15311 16069 15533
15397 16091 15896 15237
15491 16052 16217 15017
16316 15615 15983 15080
15628 15932 16612 15039
16234 15677 15755 15260
16316 15615 15983 15080
16234 15677 15755 15260
15567 15491 16228 16375
15397 16091 15896 15237
16191 15294 15692 15732
15956 15846 15702 15857
15769 15798 16019 15461
15670 15208 16076 15805
15397 16091 15896 15237
15483 15699 15946 15860
15882 15765 16023 15266
15786 15348 15713 15746
15604 15709 16407 15616
15604 15709 16407 15616
15770 15702 16164 15209
15810 15644 16028 15141
16234 15677 15755 15260
15312 16071 16261 15288
15786 15348 15713 15746
15447 15881 16294 15766
15447 15881 16294 15766
16051 15710 15584 15272
16234 15677 15755 15260
15817 16067 15845 15174
15912 15623 16187 15414
15944 15826 15866 15159
15411 15539 16082 15988
16234 15677 15755 15260
15786 15348 15713 15746
16463 15735 15922 15212
15944 15826 15866 15159
15670 15208 16076 15805
15379 15628 15533 15905
16313 15796 15582 15126
15604 15709 16407 15616
15910 15397 15918 15649
15312 16071 16261 15288
16316 15615 15983 15080
15952 15922 16076 15112
15882 15765 16023 15266
15929 15269 16371 15115
15810 15644 16028 15141
15854 15548 16023 15421
16106 15303 15486 15685
15567 15491 16228 16375
15397 16091 15896 15237
15803 16101 15834 14915
16129 15755 15628 15219
16002 15773 15929 15342
16316 15615 15983 15080
16234 15677 15755 15260
16234 15677 15755 15260
15483 15699 15946 15860
15864 15088 16400 15392
15912 15623 16187 15414
15544 15960 16173 15679
16313 15796 15582 15126
15786 15348 15713 15746
15544 15960 16173 15679
15628 15932 16612 15039
15604 15709 16407 15616
15544 15960 16173 15679
15864 15088 16400 15392
15929 15269 16371 15115
15854 15483 16358 14871
15786 15348 15713 15746
15312 16071 16261 15288
16002 15773 15929 15342
16316 15615 15983 15080
15956 15846 15702 15857
15567 15491 16228 16375
15915 15314 16253 15709
15483 15699 15946 15860
16463 15735 15922 15212
15854 15548 16023 15421
16191 15294 15692 15732
15941 15311 16069 15533
16106 15303 15486 15685
16463 15735 15922 15212
15941 15311 16069 15533
15312 16071 16261 15288
16106 15303 15486 15685
15882 15765 16023 15266
15447 15881 16294 15766
15567 15491 16228 16375
16051 15710 15584 15272
15741 15462 16075 15672
16018 16177 15795 15203
15910 15397 15918 15649
15941 15311 16069 15533
15941 15311 16069 15533
16051 15710 15584 15272
16191 15294 15692 15732
15910 15397 15918 15649
15628 15767 16380 15744
15929 15269 16371 15115
16316 15615 15983 15080
15912 15623 16187 15414
16106 15303 15486 15685
15854 15548 16023 15421
15411 15539 16082 15988
15915 15314 16253 15709
16051 15710 15584 15272
16234 15677 15755 15260
15910 15397 15918 15649
15342 16263 16352 15004
15944 15826 15866 15159
15956 15846 15702 15857
15397 16091 15896 15237
15397 16091 15896 15237
15786 15348 15713 15746
15397 16091 15896 15237
15154 16215 15624 15321
16106 15303 15486 15685
15483 15699 15946 15860
15379 15628 15533 15905
15956 15846 15702 15857
15379 15628 15533 15905
15604 15709 16407 15616
15929 15269 16371 15115
15604 15709 16407 15616
16313 15796 15582 15126
15567 15491 16228 16375
15154 16215 15624 15321
15754 16026 16586 15485
16191 15294 15692 15732
16051 15710 15584 15272
16138 15595 15851 15573
16138 15595 15851 15573
15786 15348 15713 15746
15379 15628 15533 15905
16234 15677 15755 15260
15850 15597 16121 15425
15670 15208 16076 15805
15956 15846 15702 15857
16002 15773 15929 15342
15491 16052 16217 15017
15483 15699 15946 15860
16018 16177 15795 15203
16106 15303 15486 15685
15754 16026 16586 15485
15850 15597 16121 15425
16023 15980 16306 14989
15768 15395 16292 15327
16106 15303 15486 15685
16234 15677 15755 15260
15567 15491 16228 16375
15786 15348 15713 15746
16046 15933 15840 15676
16023 15980 16306 14989
16316 15615 15983 15080
15952 15922 16076 15112
15397 16091 15896 15237
15786 15348 15713 15746
15810 15644 16028 15141
15397 16091 15896 15237
15956 15846 15702 15857
16106 15303 15486 15685
15910 15397 15918 15649
16234 15677 15755 15260
15397 16091 15896 15237
15915 15314 16253 15709
15803 16101 15834 14915
16129 15755 15628 15219
16106 15303 15486 15685
16002 15773 15929 15342
15483 15699 15946 15860
15929 15269 16371 15115
15912 15623 16187 15414
15544 15960 16173 15679
15864 15088 16400 15392
16051 15710 15584 15272
15941 15311 16069 15533
15929 15269 16371 15115
15567 15491 16228 16375
15915 15314 16253 15709
15741 15462 16075 15672
16051 15710 15584 15272
15483 15699 15946 15860
15941 15311 16069 15533
16106 15303 15486 15685
15379 15628 15533 15905
15810 15644 16028 15141
15786 15348 15713 15746
15567 15491 16228 16375
16023 15980 16306 14989
15850 15597 16121 15425
15754 16026 16586 15485
16234 15677 15755 15260
16018 16177 15795 15203
15483 15699 15946 15860
15491 16052 16217 15017
15864 15088 16400 15392
15786 15348 15713 15746
15670 15208 16076 15805
16234 15677 15755 15260
15770 15702 16164 15209
16234 15677 15755 15260
15817 16067 15845 15174
15944 15826 15866 15159
16191 15294 15692 15732
16234 15677 15755 15260
15944 15826 15866 15159
15670 15208 16076 15805
15379 15628 15533 15905
15604 15709 16407 15616
15312 16071 16261 15288
15604 15709 16407 15616
15379 15628 15533 15905
15956 15846 15702 15857
