14252 2463.49
27814 24954 24005 24235
24389 23181 25860 27821
27445 25040 23785 24578
23561 24409 27388 26021
25764 27274 25305 23505
24633 22859 26373 27256
26437 26581 25478 22978
24251 24182 28270 25207
23773 23626 26844 26734
23688 24368 27593 25911
26131 26960 25455 23333
27645 25026 24099 24421
25938 27071 25358 23525
25728 25760 25842 24352
27474 25501 24230 24038
23823 24170 27436 26199
27512 24999 23799 24561
26133 26866 25270 23396
27279 25150 23855 24535
24580 23172 25979 27570
23908 24344 27544 25984
26374 26533 25426 23029
26983 25107 24595 24469
23676 24365 27627 25787
27547 25187 23919 24399
24488 22899 26551 26879
27247 25619 24327 23916
25889 26917 25415 23718
25479 23275 25780 26653
24427 24373 28116 25186
24657 22945 26194 27292
25923 26853 25191 23544
24480 24271 27984 25261
23610 24256 27467 26043
27386 25540 24428 23894
26424 26513 25140 23306
24292 24244 27895 25461
24410 23239 26284 27270
25425 25667 25731 24848
23810 23827 27206 26468
26261 26645 25427 23182
25217 26053 25392 24749
27140 25279 24061 24428
26922 24985 24405 24626
25827 27156 25312 23468
26641 26283 25081 23236
24369 23466 26646 26752
23788 23854 26782 26735
24035 24192 27721 25639
27001 25976 24510 24113
26584 26490 25058 23190
23963 24308 27772 25410
25048 23509 25724 27025
26197 26712 25362 23075
25252 24535 25811 25774
26027 26547 25598 23394
24722 23050 26318 26964
24497 23200 25883 27660
26705 24753 24545 25216
25682 27018 25488 23600
27421 25121 23885 24433
26317 26576 25411 23240
27212 25676 24372 23865
24148 23987 27798 25816
24620 23021 26429 27186
26422 26594 25005 23518
24392 25093 26804 24970
24033 23782 26950 26614
24423 23181 25926 27709
27176 25797 24357 24058
24180 24356 28133 25342
25549 24784 25353 25747
24677 24843 27149 24942
25878 27000 25238 23549
25734 26443 25428 23777
23958 24196 27659 25974
23632 23925 27265 26222
27368 25187 23953 24447
25635 26817 25425 23814
24489 23180 26013 27488
25019 25341 26468 24893
24306 24225 27302 25865
27608 24964 24001 24466
27272 25276 24464 24110
26161 25301 25458 24566
24474 23132 26496 26919
27319 25039 23956 24646
23926 24075 27150 26316
24168 24978 26911 25290
25990 26771 25125 23429
27357 25444 24135 24239
26413 25997 25642 23712
24681 23148 25748 27438
26517 26229 24489 23704
24972 24497 27091 25372
24494 23212 26012 27602
24565 24007 26275 26505
23595 24280 27382 26108
26211 26787 25298 23156
24010 24216 26788 26309
25754 26934 25224 23603
26227 26774 25335 23091
26614 24765 24337 25174
25698 25518 25183 24518
25264 23601 25567 26536
27519 24920 23856 24588
27764 25050 24121 24332
24448 23255 25900 27764
24702 23066 26162 27223
24272 23548 26175 27120
27814 24954 24005 24235
23915 24553 27127 25602
24272 24089 26456 26433
26860 25962 24839 23815
24432 24319 27928 25248
27344 25429 24315 24014
26348 24676 25310 24815
26878 24661 24245 25164
24448 23255 25900 27764
26453 25729 24718 24527
26803 25209 24926 24202
26355 26258 25217 23640
24791 23405 25964 27129
27619 25123 24165 24324
26116 26542 24978 23862
24317 24221 28188 25334
24068 24421 26614 25896
24587 23116 26140 27463
26939 25490 24982 24175
24212 23802 27004 26378
24177 24099 27367 25805
24206 23876 26634 26699
25462 26416 25590 23947
27105 24799 24973 24506
24905 23954 26205 26555
27693 25069 24078 24382
25801 27132 25344 23548
26757 26151 24677 23657
26187 24888 25171 24693
27213 25170 23982 24666
24827 25144 27118 24613
25941 24973 25166 25061
24244 24125 28051 25440
24882 25086 26989 24873
25285 23312 25550 26784
24178 23362 26544 27056
24495 23282 25934 27689
24957 24033 26723 25849
27368 25484 24169 24139
26484 26197 25006 23852
23990 23963 26952 26365
26955 24944 24570 24762
25639 26245 25770 23566
24856 24520 27171 25223
24597 24426 26879 25679
27047 25115 24298 24528
24699 23085 26107 27347
24414 23902 26890 26176
27018 25858 24897 23910
25959 27007 25317 23203
24503 24611 26686 25493
25280 23789 25410 26594
23865 23668 26757 26828
24985 24654 27409 24824
24214 24879 27433 25107
27506 25219 24269 24361
26596 26017 24784 23821
23913 24293 27802 25564
24084 24152 27860 25647
27173 25530 24581 24323
24254 24311 28165 25356
27693 25069 24078 24382
24711 23584 26639 26160
27417 24942 24048 24456
25356 23822 25609 26210
25145 23747 25708 26495
26179 26469 24950 23689
26997 25917 24758 24191
26215 26215 25436 23628
24244 24125 28051 25440
24246 23436 26227 27072
25484 24999 26471 25040
24763 23456 26536 26115
27573 25164 24196 24267
23941 23693 26911 26671
24633 22859 26373 27256
27311 25325 24416 24243
26239 26633 25510 23256
24626 23044 26167 27420
24532 24256 26912 25756
27191 25565 24486 24213
24328 24522 26274 26068
24419 24231 27981 25324
27101 25690 24433 24081
24242 24484 27816 25178
24259 24643 27341 25129
25262 23879 25534 26251
24094 23656 26332 27011
24621 23571 26101 27147
23866 24043 27613 26028
26265 26356 25218 23507
23981 24267 27757 25726
26246 26299 25480 23587
24335 24130 27693 25666
24835 23648 26304 26415
25867 26388 25384 24145
26302 26730 25197 23446
27009 25573 24691 24222
24129 24266 27939 25461
25272 24905 26750 24706
23889 24190 27386 25998
27549 25174 24105 24328
25757 25350 25447 24923
26508 25418 24398 24635
25204 24805 27239 24514
25449 23480 25323 26459
27414 25253 24285 24186
25092 23636 26307 25966
24141 23956 27822 25526
26842 25592 24217 24229
25121 23396 26245 26453
24773 23377 26522 26676
26768 25079 24454 24652
26083 26949 25233 23411
25968 25815 25577 23808
24564 23841 26292 26393
25306 23602 26188 26227
24060 24577 27019 25591
25592 25554 26140 23738
24545 23535 26210 27136
24355 24874 26696 25448
25983 26794 25207 23540
26811 24606 24662 24907
26251 26245 25335 23759
27052 25586 24382 24318
26537 26451 24819 23535
24369 23322 26253 27246
24417 23529 26029 27535
25827 27030 25298 23573
25503 25459 26140 24419
26562 26171 24821 23690
24366 23886 27424 25856
23847 24135 27030 26336
26239 26633 25510 23256
24434 24280 27743 25275
27084 25603 24195 24207
24251 24182 28270 25207
26078 26693 25018 23674
24318 24276 28224 25118
26373 26581 25325 23121
24762 23120 26428 26941
25414 23724 25915 26142
26794 25040 24675 24704
25160 23780 25620 26033
25636 24105 25519 25931
26741 26082 24913 23663
25139 25150 26572 24744
26706 25933 25104 23937
24084 24152 27860 25647
27733 25051 24026 24297
25339 25841 25995 23943
24643 22915 26205 27394
27127 25732 24444 24070
24819 24115 27052 25455
24278 23323 26137 27371
24091 24036 27179 25994
24375 23900 27604 25592
26733 25588 24850 24375
25290 24846 25288 25575
25112 23707 26130 26484
25158 23864 25623 26808
26634 24833 25043 24793
26276 25185 24648 24918
24667 22908 26313 27183
24460 23192 26407 27000
26361 26482 25083 23500
24851 23318 25920 27152
25849 26398 25249 23782
25834 25405 25156 24791
24533 24018 26359 26334
25410 23300 26001 26459
26075 24771 25368 24594
27764 25050 24121 24332
24089 24076 26976 26058
23994 23783 26293 26909
26060 25505 25123 24396
24474 23977 26711 26270
23999 24605 27282 25286
25956 25727 24871 24565
25189 25167 25831 25019
24793 23031 26026 27310
24373 23689 27625 25694
23906 24717 26719 25745
27733 25051 24026 24297
25784 27225 25310 23543
26603 24642 24771 24857
26972 24637 24445 24851
26738 25319 24795 24278
27088 24875 24563 24769
26553 26000 25131 23829
26831 26398 25020 23574
24573 23345 26056 27456
25784 27225 25310 23543
24539 22986 26172 27304
24119 24314 27376 25540
25604 23910 25862 25834
25171 24150 25955 25897
24815 23614 25755 26991
26309 24491 25103 25314
25204 25863 25660 24330
26678 26148 25153 23801
27015 25449 24259 24388
25821 27187 25218 23565
25076 23956 26061 26082
26437 26581 25478 22978
25383 24812 25213 25398
25961 25127 25377 24639
24916 22931 26022 27185
24417 23529 26029 27535
25361 25942 25023 24428
24699 23085 26107 27347
26282 26316 25234 23528
24995 24696 26069 25694
26489 24404 24750 24996
27222 25511 24430 24130
24912 23494 25851 26595
24389 23181 25860 27821
24456 24244 26633 25847
24599 23438 26329 26984
24985 24467 26142 25576
24573 23483 25906 27321
25473 24323 25690 25713
25338 24374 26930 25083
24315 23120 26335 27095
24463 23218 26044 27630
25269 24651 26117 25498
25369 24341 25714 25701
25970 24621 25270 24915
24429 24589 27120 25420
24127 24531 26992 25477
24806 24022 26541 25863
25068 24586 27233 24915
23632 23925 27265 26222
24948 23642 25765 26595
24463 23218 26044 27630
26676 25897 24831 23967
25574 25861 25743 24352
24193 23592 26345 27091
25989 26064 25962 23666
25009 26330 25948 24287
26851 25925 24638 23908
25389 26120 25881 24027
