33 0.114386
14407 14687
14407 14687
14407 14687
14407 14687
14407 14687
14407 14687
14407 14687
14407 14687
14407 14687
14407 14687
14407 14687
14407 14687
14407 14687
14073 14787
14407 14687
13495 15222
14407 14687
13981 14988
14407 14687
14407 14687
14407 14687
14407 14687
14407 14687
13981 14988
14407 14687
14407 14687
14407 14687
14407 14687
14407 14687
14407 14687
14073 14787
14407 14687
13495 15222
14407 14687
14407 14687
14407 14687
14407 14687
14407 14687
14407 14687
13298 15081
13897 14792
13667 14946
13667 14946
14407 14687
13814 14839
14407 14687
13742 14890
13667 14946
14407 14687
13667 14946
13742 14890
13667 14946
13667 14946
13667 14946
13667 14946
13667 14946
13667 14946
13667 14946
13897 14792
13667 14946
13667 14946
13667 14946
13667 14946
13667 14946
13667 14946
13667 14946
13667 14946
13667 14946
13667 14946
13667 14946
13667 14946
14407 14687
13897 14792
13667 14946
13667 14946
13667 14946
13667 14946
13667 14946
13667 14946
13667 14946
13667 14946
13667 14946
13667 14946
13667 14946
13667 14946
13667 14946
13667 14946
13667 14946
13667 14946
13667 14946
13667 14946
13667 14946
13667 14946
13667 14946
13667 14946
13667 14946
13667 14946
13667 14946
13667 14946
13667 14946
13667 14946
13667 14946
13667 14946
13667 14946
14407 14687
13667 14946
13667 14946
13667 14946
13667 14946
13667 14946
13667 14946
13667 14946
13667 14946
13667 14946
13667 14946
13667 14946
13667 14946
13667 14946
13667 14946
13667 14946
13667 14946
13667 14946
13667 14946
13667 14946
13897 14792
13667 14946
13742 14890
13667 14946
13667 14946
13667 14946
13667 14946
13667 14946
13667 14946
13667 14946
14407 14687
13667 14946
13667 14946
13667 14946
13667 14946
13667 14946
13667 14946
13667 14946
13667 14946
13667 14946
13298 15081
14407 14687
14407 14687
14073 14787
14407 14687
13495 15222
14407 14687
14407 14687
14407 14687
14407 14687
13667 14946
13897 14792
13667 14946
13667 14946
14407 14687
13814 14839
14407 14687
13742 14890
13667 14946
13667 14946
13667 14946
13667 14946
13667 14946
13667 14946
13667 14946
13667 14946
13667 14946
13667 14946
13667 14946
13667 14946
13667 14946
13667 14946
13667 14946
13667 14946
14407 14687
13667 14946
14407 14687
13667 14946
13667 14946
13667 14946
14407 14687
13897 14792
13667 14946
13667 14946
13667 14946
13667 14946
13667 14946
13667 14946
13667 14946
13667 14946
13667 14946
13667 14946
13667 14946
13667 14946
13667 14946
13667 14946
