85524 3120.93
17439 14367 13878 11993
16072 13220 13256 16074
16241 15102 14241 14423
17093 15271 14705 13822
15133 16446 15432 16543
15078 14965 15251 14421
14799 12967 13586 14968
12672 15535 15623 16777
17239 14716 14743 13623
16886 13533 14156 13947
16748 13332 13773 14809
13265 16132 14995 16848
16702 14804 15543 13703
15779 15819 15181 12393
12756 14965 14812 16786
15450 12886 14155 17188
16611 15992 16263 14124
15436 16635 17471 15053
15732 14136 15048 15470
16665 15370 14589 12116
17702 13415 13309 14260
15108 16016 16225 14743
16318 12704 12848 14769
13312 15951 15444 16042
17267 15178 14433 12164
13241 14163 15734 14933
14068 14427 14851 16826
14159 15027 14351 16091
14325 15730 15854 15054
14316 14245 14895 17893
17387 14085 14334 13924
13952 16253 16567 15086
16567 13927 13380 12832
17184 15035 14377 12212
13712 16677 15668 15964
13122 15513 15395 15780
17181 15444 13887 13788
14452 14773 15600 18354
17473 13989 13908 15387
14815 13976 14068 15940
17990 13527 13667 15185
15103 14760 16943 16661
14890 15912 16957 13911
12794 15444 16431 16259
15920 16143 16860 14746
14270 15159 14479 17167
16741 14312 14679 15396
18449 14535 14348 14501
16502 15750 14795 11931
12970 15145 15480 15677
15020 16406 17746 15562
17415 14881 14891 12758
15511 16713 15773 14922
13621 14329 15580 17073
13913 16374 15601 14554
17517 15980 15926 13288
16733 15590 15211 13979
16861 13733 13919 15212
13911 16144 17061 16010
17562 15145 14506 11929
16293 13652 13521 12796
13080 14675 15093 17292
14023 14783 15255 17518
13986 14453 15553 15900
16143 13236 14115 15193
12455 16069 15632 15682
14909 17828 16544 14485
16321 14885 15132 13440
16871 14296 15202 13425
15854 16827 17380 14599
14895 15645 17438 14640
14237 17012 16062 15335
17768 15411 14792 12515
14823 16463 14710 15795
15463 16529 16390 14857
16781 15030 15016 13114
12923 14267 15473 17361
16248 15328 16352 14311
16861 15583 15431 14588
13179 13808 14516 16684
15177 13428 14283 16653
12350 13790 13982 16887
14889 16718 17878 15173
13816 14336 15130 16127
14078 17524 16008 14866
15492 17068 16105 13455
12507 14993 15078 16419
15799 13880 15515 16465
17091 13496 13445 14005
14458 14625 15507 14696
16277 14903 13727 13637
15216 16516 16388 14706
14578 13724 14333 15830
15988 16013 15135 15009
13698 15818 16551 17057
16979 14288 14484 14552
14028 16777 15611 15017
13907 14169 14571 17607
14888 17212 15735 14589
16141 12833 13860 16379
16119 16370 16845 13353
15183 15091 15928 16114
14747 14093 14105 18221
17530 14287 14063 13869
14765 16279 16647 16536
14280 16678 15945 14806
15972 15868 16820 12575
16704 13694 13561 14002
17496 15331 14257 14101
15025 14203 14738 17078
13449 16510 16471 15608
14105 15623 17243 13742
16177 13270 13155 14508
14077 14929 15151 16048
17197 16011 16151 13530
16428 14413 14984 15349
12946 16998 15662 14287
16092 15255 16330 13546
15158 16093 17209 14440
13456 16241 16785 15993
14289 14149 14722 17728
17317 15577 15899 13882
16185 13848 14896 16121
14319 17545 15873 14300
13652 14737 15989 17744
12240 15086 15535 16236
13545 15169 15611 15417
17128 14184 14968 13519
16957 15375 15411 14511
15983 15561 16113 14890
17364 15566 15404 12244
13835 15846 16710 14233
14719 15294 16637 14375
13825 15998 16896 16282
12577 15233 15396 14899
13167 16184 15444 15966
13928 15903 16806 16333
17150 14758 14891 12585
15742 15115 15129 15001
17084 14814 15389 13139
12766 13821 13914 17395
14971 15945 17449 15253
17284 16507 16441 13389
15614 15611 16505 13348
13182 16566 16391 13978
15254 15381 16641 13874
12371 16467 15728 14897
15683 16284 15764 14989
17211 14034 14774 16278
16997 13482 13453 14670
16650 13642 13895 14840
15576 15705 16697 14121
14312 16306 15322 16795
17193 14184 13945 14337
16433 14659 14461 12119
15187 16017 16096 15170
14925 16293 17033 14619
16167 14055 14815 16630
14535 15965 16883 13600
15279 14706 14620 15868
15200 14493 14918 18118
13585 15637 16784 14451
14912 17056 16898 14020
14585 14785 15421 16729
16983 14176 14161 15064
15777 13222 13717 16297
14728 15630 17279 15314
15328 16020 15395 16265
15862 14612 15402 15273
15097 16737 15730 13389
17798 15044 14684 13529
13667 14686 15594 17826
17923 13709 13593 14637
15590 15747 15825 15968
16196 16946 16745 14331
13521 15114 15185 17211
14633 15542 16384 14462
12568 16168 15901 15546
13942 14387 14972 18472
15268 14756 14666 17137
17770 13546 13564 15102
15058 14284 14526 14925
15051 14489 16009 16338
14068 17138 15610 16114
15822 15836 16419 13202
13822 15340 15607 16564
16102 15255 15475 14284
14639 16842 17084 13929
14513 12773 12582 12502
15583 13636 14561 15848
13345 15150 15004 15479
13141 16101 16038 14503
14186 12654 13852 16848
17271 13839 13586 15223
13610 17102 15828 14240
17349 14003 14980 15410
14254 15682 16258 16291
14044 14961 13796 16155
14581 14547 14410 16073
13007 15609 14612 16773
12456 15313 14939 16421
16243 14592 15094 12862
14382 15261 14766 16764
14212 15999 16996 15113
13427 15995 16354 15139
15397 16310 14705 13711
15895 14280 13836 14537
13327 15666 15476 17368
16061 15093 15352 13408
12954 16483 14929 15062
13514 17338 16114 15092
12909 15915 15214 16802
15267 16396 16588 13585
14628 13241 13689 15328
17169 13184 13459 15123
13219 14788 15808 17085
18648 15461 15282 13360
14248 17065 16668 14382
15712 17239 16416 13742
15932 15005 14694 14395
13428 16557 16268 15605
14179 16954 17713 15676
12838 14529 15259 17806
12891 16370 14698 15072
12767 16490 15315 15183
15577 16390 17664 13851
17396 13452 13745 15663
12883 16175 16184 16183
15720 17078 17277 14525
18126 15066 15206 13787
13911 14717 14492 18274
13577 15378 15667 14723
15628 13551 13308 17099
14292 14676 15427 18189
15271 14051 14994 16680
13574 14587 15715 17475
14843 15604 15296 14977
17324 14627 14699 12955
17272 13710 13584 15874
16271 13521 14004 15796
13254 16589 15547 16585
14698 15856 16256 15683
14177 16746 16593 14951
17061 12982 13159 14381
14809 15554 16305 15107
15345 16612 16166 14703
14907 16534 16235 15335
13935 14265 14787 16569
17169 15817 14355 14423
14812 16229 14524 14398
15433 13578 13807 16040
15041 13354 13869 16912
14975 15733 16866 14816
17252 13297 13655 15256
16190 12519 12354 15329
14169 15865 16225 15080
15957 13272 15089 13621
16243 15905 16424 12931
14501 15819 15121 13380
14352 15322 15878 16373
15009 13613 14858 16825
14411 14910 15024 17023
14960 13766 13358 15013
13903 14834 15861 16688
16111 16144 16007 15875
14404 14499 15259 14362
13025 16628 15559 14123
13987 15407 14561 16453
16958 14871 15123 13278
15842 16298 15468 15959
17242 15280 15567 14496
17217 13823 13889 14045
14513 17424 16663 14976
14977 16368 16070 14937
13872 14500 15254 16836
15248 12382 13061 15283
14670 16119 16840 15447
14436 14769 14401 16786
14690 16107 16145 16130
13956 15425 15710 15147
14991 15204 16983 13573
14583 15688 16526 16146
16636 13452 13594 14777
13130 14103 15126 17420
14352 16579 16616 14695
14402 14653 16333 16259
13405 16185 15377 14022
12989 14996 14931 17414
14922 15044 14592 14065
13936 14150 15576 17591
14135 16761 15693 15083
14523 14459 15154 16016
14434 15505 15857 16271
14472 15458 16816 15706
14832 15817 16325 14262
12149 15649 15026 16068
12937 15898 16280 16161
17145 15811 15117 14275
13244 16134 16252 16008
14203 17162 16467 15683
