305847 3060.26
3815 3533 3523
3855 3536 3445
3708 3676 3475
3661 3868 3358
3580 3609 3650
3829 3729 3222
3534 3504 3739
3893 3654 3240
3389 3760 3621
3507 3788 3542
3399 3953 3444
3593 3936 3331
3428 3859 3510
3386 3713 3657
3763 3594 3494
3814 3658 3379
3359 3983 3359
3592 3520 3686
3450 3494 3755
3745 3814 3278
3440 3626 3688
3697 3531 3596
3337 3860 3553
3689 3875 3269
3931 3581 3252
3738 3522 3575
3586 3723 3575
3420 3994 3252
3771 3775 3281
3943 3534 3251
3548 3552 3704
3482 3921 3465
3402 3565 3732
3523 3693 3633
3649 3640 3564
3694 3760 3411
3383 4027 3238
3559 3891 3394
3699 3834 3339
3703 3448 3628
3615 3913 3314
3469 3588 3708
3647 3762 3441
3335 4048 3247
3558 3749 3566
3897 3575 3303
3678 3630 3545
3545 3702 3616
3547 3954 3308
3561 3841 3440
3593 3752 3518
3864 3634 3301
3555 3809 3474
3489 3927 3453
3506 3956 3338
3754 3560 3533
3871 3574 3359
3729 3759 3367
3885 3531 3350
3770 3725 3344
3314 3425 3825
3277 4093 3132
4018 3404 3209
2893 2738 2963
3156 3085 3058
2837 3114 2921
2890 2934 2880
2967 3071 3058
2932 3124 2961
2736 3291 2837
2837 2899 2925
2736 2887 2941
2784 2945 2739
2619 2756 2693
2865 2685 2836
2868 2857 2822
2951 2968 2675
2822 2887 2628
2841 2825 2861
2868 2867 2983
2720 2639 2912
2693 2325 2457
2594 3017 2653
2907 2914 2892
3197 2983 3136
3065 2720 3072
2663 2876 2851
2941 2835 3019
2956 2895 2707
2800 3087 2761
2779 2970 2892
2970 3109 2807
2803 2906 2846
3052 2757 2707
3079 3053 3136
2940 3089 2690
2736 2867 2883
3138 3331 2979
2648 2757 2797
2678 2910 2822
2850 2781 2716
2490 2564 2600
3072 2793 3015
3015 2985 2799
2968 2954 2785
3186 2942 2732
2723 2821 2905
2902 2646 2983
2954 3172 2908
2732 3142 2717
2769 2601 2775
2693 2832 2702
2742 2484 2665
3032 3113 2998
3037 3017 2949
3008 3082 2978
2810 2860 2968
2714 3310 2918
3154 3087 3005
3132 3099 2967
2853 2895 2721
2717 2955 2704
3042 2655 2564
3105 3222 3205
2806 3052 2778
2823 3091 2768
2975 3096 2930
3211 2933 2707
2775 3086 2961
3042 3091 2986
3046 2991 3113
2920 2929 2888
2717 2898 2565
3127 3263 3135
2962 3020 2878
2905 2881 2877
2780 2806 2907
2922 3233 2855
2780 2911 2887
2936 3042 2821
2762 2896 2787
3207 3011 2840
3313 3309 3201
2864 2898 2894
2920 2659 2866
2913 2751 2984
2894 2795 2628
2945 2845 2879
2491 2961 2858
2680 2855 2869
2788 2596 2736
3065 3121 2830
2930 2918 2698
3038 3378 3158
2958 3201 3090
2742 2906 2781
2812 2949 2968
2505 2581 2560
2661 2790 2688
2911 3078 2994
2861 2961 2700
3055 3191 3004
2777 2972 2874
2997 2979 3074
2688 2923 2762
2903 2735 2893
3133 3302 3065
2731 2956 2993
2774 3066 2680
3019 3060 3001
2840 2821 2957
3195 3073 2987
2836 3034 2649
2552 2919 3012
3054 3157 3045
2965 2815 3107
2591 2834 2700
3057 3241 2942
3169 3290 2890
2762 2790 3053
2926 2919 3019
3047 2984 2859
3010 3041 3001
3004 3169 2954
2790 2721 2827
3149 3381 2917
2849 2793 2861
2727 2890 2765
2857 3032 3056
2682 2785 2810
2710 3054 3035
2875 2858 2576
3040 3144 2876
2984 3023 3041
2979 3058 3110
3073 3084 2908
2638 3050 2643
3078 3081 2807
2749 2741 2957
2830 2944 3123
