0 0.0309603
21828 21516 21684
21245 20798 20857
20722 20372 20747
20718 20214 20767
21374 20540 20566
21213 19909 20363
21692 19863 20480
20488 19052 20112
20555 19355 20236
21271 20582 21463
20814 20077 21296
20966 20787 20658
20809 19768 20782
20744 20528 21112
21200 20763 21260
20932 21125 20677
20685 19793 20386
20830 20227 21195
21836 20824 20908
21026 20413 20515
20567 19441 20382
21005 20709 20955
21141 20284 20977
21151 19770 20578
20936 20277 20456
21404 21035 21616
20698 19817 20989
20623 20864 19953
21454 19895 20169
21543 20953 20729
21529 20827 21433
21066 20401 20896
21073 20265 21309
20584 20516 20392
21853 20689 20737
21614 21029 20540
21590 20238 21087
21107 20725 20882
20929 20102 20243
21605 20185 20543
20637 20388 21105
20364 20067 20249
21617 20818 21099
20981 20439 21367
21662 20974 21434
21181 20028 20048
20989 20851 21170
20791 20659 20233
21841 20792 20722
21887 20634 20651
20995 20866 21668
21170 20170 20737
21597 20888 21018
20771 20268 21262
21255 20534 21110
21044 20754 21547
20961 20877 20580
21045 20633 21196
21566 20421 20588
21659 20453 20982
20817 20048 20448
20742 20520 20381
20160 19106 20499
21180 20227 20996
21482 20323 20622
21172 20393 21394
21207 19871 20717
19924 19668 19881
20714 20398 21217
20965 19692 21125
21187 20592 20913
20186 20213 20792
20894 20670 21614
21982 20102 21218
21703 20427 21680
21398 20449 20878
20849 20695 20113
21530 20325 20945
20735 20026 21011
20643 19832 20769
20244 19980 20536
21895 20239 20196
21799 20379 20695
21440 19990 21086
21281 20806 21284
21723 20586 20697
21653 20045 21284
21010 20256 21452
21363 20957 21223
20709 19445 20264
20912 20527 21046
20428 19691 20300
20847 19839 21161
19560 19510 20430
21147 20072 20304
21786 20405 20830
20972 20494 19930
21846 20051 20557
20931 20542 20649
21554 20713 21186
20183 19996 20405
21247 20397 20630
21399 20104 20951
21862 20371 21393
20485 19884 20773
20964 19893 20093
21648 20248 20116
21486 20600 20765
20659 20748 21005
21168 20992 21068
22010 20283 21073
20884 20835 20505
21241 20887 21332
21625 20812 20996
21264 20823 21259
20730 20246 20309
21360 20273 21594
21822 20584 21450
21795 20473 20316
21406 20399 21221
21529 20587 21077
21125 20405 20707
21031 19969 20911
21747 20856 21980
20918 20252 20873
20744 20224 20878
21518 20071 20724
21172 20429 20375
21445 20607 20362
21056 20005 20080
22358 20839 20813
21269 20200 21400
20979 20205 20617
20606 20176 20239
20567 20200 19970
20830 19873 20620
21035 20209 20769
21205 19779 20903
21166 19197 20102
22012 20531 20522
20848 20232 20396
21153 19834 21461
21241 20815 21297
21639 20866 20421
20399 20115 20577
21236 20483 21225
21437 20601 21474
20634 19659 20329
21352 20494 22164
20982 19639 20710
21045 20715 21097
20776 20383 20296
21459 19517 20124
21783 21072 21302
21359 20530 20720
20695 20046 20647
20852 20191 20066
21495 20616 21088
20866 20437 20839
20620 20501 19950
20543 19611 20175
21072 21020 20558
20944 20226 20716
20844 20610 19996
21674 20011 20988
20254 19860 20492
20767 20346 21026
21148 19582 21092
21695 20650 21114
20892 20221 20525
21483 20942 20928
20797 20145 20850
20640 20160 21078
21032 20333 21034
21028 20694 21331
21309 20954 21067
20690 19771 20315
20985 20236 22119
21643 20982 21379
20692 20439 20664
20686 20239 19887
21320 20368 20754
21043 20743 21231
21795 21510 20983
20528 19964 20785
19711 19650 20715
21467 20615 20831
21638 19828 21022
21279 20225 20899
21567 20824 21258
21545 20840 20764
20856 20819 20880
21195 20513 21337
21020 21097 20416
20946 21146 21224
21164 20095 20449
21462 20132 21179
21145 20071 21268
21327 20423 20992
20964 20416 21535
21034 20422 21468
21324 20145 21497
21782 20778 21394
20916 20476 20246
20964 20686 20978
22221 21880 21709
21429 20470 21069
21051 19954 20288
20783 20082 20147
21697 21117 21587
21397 20928 21049
20443 20581 20684
21517 20979 21648
21210 20001 20748
21210 19714 20091
21655 20194 20468
20713 20663 20430
20866 20219 20173
21156 20600 20942
21314 20239 20699
21225 21073 21341
21639 21256 20862
21044 20722 20720
22216 20634 21069
20724 20297 20853
20804 19951 20493
22149 20309 21565
21308 21037 21111
21097 19797 20907
21223 20480 20553
21104 20105 20732
22224 20475 20905
20908 20562 20397
21289 20613 21211
21248 20123 20688
20904 19765 20269
20686 19991 20451
21896 20468 21906
20780 19683 20245
21475 20428 20994
20499 19946 20807
21285 20923 21081
21309 20985 21554
20930 20355 20923
21357 20034 20992
21688 20036 20201
21505 20710 20790
21395 20775 21235
20468 19619 20106
22397 20688 21825
21016 20379 20591
20561 20072 20790
21704 20751 20946
20743 20512 20614
20662 20337 21309
20851 20600 20588
21134 19915 21238
21166 19955 20903
21261 20298 20622
20798 20788 21226
21298 20809 21051
20885 20619 21219
21204 20460 20792
21671 20553 21420
22292 20545 20974
21218 20479 21004
20807 20487 21055
21741 21074 21597
21245 20582 21307
21213 20555 21280
21278 19474 20924
20808 20021 20734
20964 19293 20336
20795 20246 20956
20919 20274 20485
20760 20242 20506
20941 19940 20779
20934 19846 20500
21765 21020 21018
21276 20708 21329
21312 20024 20884
20460 20266 20712
20833 19671 20032
21455 21108 21268
21813 20262 20816
20818 21086 20729
20327 20287 19934
21622 19846 21228
20614 20360 20679
22037 20824 21199
21101 20343 21186
21440 20233 21485
21103 20695 21490
20704 20322 21079
21735 20863 20889
21887 20664 21819
21972 21551 21453
21654 20568 20579
21001 20115 20780
20798 20077 20495
