449 30.0726
20015 19477 21540 23904
23432 20622 22783 21300
21829 19605 23180 21821
22059 20135 22514 22263
21378 18954 21509 23797
21639 23240 22182 22383
21414 21225 21735 22767
20862 21107 22925 23317
22062 22523 22684 21263
23093 21713 23631 21370
20290 21078 22390 23473
21933 21397 21425 23210
21939 23152 21253 20119
20346 21924 21456 22388
20881 22244 21933 22527
21602 22247 22819 22611
22271 19832 22812 23301
20541 20681 21400 22548
22089 19906 23135 24156
21056 23702 21691 20486
22979 22071 22220 20515
21577 22253 24081 22978
21431 23503 23119 21259
21444 22118 21584 19449
20926 19152 21761 24187
21495 20564 21954 22797
22575 21255 23761 21003
21677 20526 23466 22012
21461 22950 21159 20918
20608 23360 21893 20278
21516 18585 21497 24039
23960 20285 22409 20513
21819 23012 22993 22394
21771 21287 22845 22837
21114 23617 21868 19760
22806 22146 21262 20291
22063 22724 22514 20933
20597 21494 21239 23996
23211 22202 22007 19836
21517 18929 21511 23787
23506 21528 23187 21525
21599 19246 21790 24241
21862 20234 23776 22929
21856 20842 23357 23294
22835 21530 23141 22613
22951 22395 21869 19760
21667 21452 22012 23481
22379 20976 20962 20763
22690 20306 23167 23651
21573 20505 22803 22960
21652 21329 20981 20658
22254 20151 23490 22962
23193 20172 23887 22463
21159 20101 21996 24280
22720 22896 21778 19383
22990 21153 23152 20867
23029 20858 23236 22544
21767 21129 22060 21143
23321 20175 22589 22154
21840 21830 21575 19664
20447 21527 21584 21446
21435 18564 22080 24505
21868 21712 21610 21022
23220 21954 22693 22034
22779 21787 23237 22001
23476 21742 24327 21619
22316 21306 24378 22555
22884 21133 22685 20443
20990 22711 20538 22210
21755 21650 22926 22040
22734 20135 23229 22290
23093 20104 22147 23450
22386 20385 23094 22405
21660 20383 22747 23946
20797 20290 20888 22091
21499 20906 21980 23582
21929 20256 22196 22949
22100 20125 23967 22057
20990 20622 22769 23897
20352 22167 20500 20827
23526 20468 22153 21770
22175 20734 22750 22350
23241 21887 22515 21373
21367 22415 22426 21798
19879 20256 21396 23185
21410 21670 22553 22878
22276 20414 23543 22279
23070 22834 22832 20438
24228 19693 23431 23083
23532 20920 21721 21759
22009 23252 22407 19998
20741 21842 21522 20582
20459 22473 20907 20711
22781 22346 22694 20949
21558 19758 21226 23258
19839 20727 22526 22602
21347 19963 22481 23322
20851 20441 22121 23834
22261 22663 22398 18886
22216 20727 23375 21745
22809 21696 22640 21016
22397 22159 23176 21016
20450 21484 21346 22589
22698 19548 23304 22991
21171 22426 21795 21145
21964 21195 24402 22490
20889 19269 21175 24014
24135 19416 23163 21719
20338 21443 22968 22605
22447 21599 24021 21395
20556 22088 21974 22560
23086 22208 24372 22480
21066 23441 21763 19796
22118 19967 22280 22701
21781 18463 21643 24006
22678 21036 22497 22970
19939 20402 20894 23634
21743 19469 22914 23091
22970 22208 23155 21494
21041 22222 22456 22634
22806 20808 23379 23257
21922 21752 23163 21767
21347 22375 21838 20852
21287 20527 22393 23371
21175 20968 22174 23341
21234 21396 22573 22259
23375 18843 22899 22762
22365 20423 23002 22379
20691 23297 21317 19363
21583 19463 21345 23738
23308 21064 22230 21900
22182 22794 21454 20300
22026 19093 21760 22427
22546 18512 21867 23269
22771 20275 20917 22893
21361 20285 21691 23150
20523 23092 21429 21276
23310 23105 22817 20298
21528 18867 21937 22950
22977 22982 21865 19648
21655 18995 21150 23921
22199 19765 22697 23250
22195 19458 22530 22416
21532 21016 23069 22867
22657 22524 21676 20557
20837 22655 21105 19883
21975 21729 21869 20555
21257 21960 23406 21600
21470 23165 23038 22172
21568 18817 21647 23737
20042 22139 21844 22510
24679 19779 22278 21731
22830 22368 22309 20936
21067 20376 21845 23795
22415 21712 22271 23012
23687 20558 23113 21904
21973 21116 23499 22723
21640 19430 21952 22273
23537 21902 23011 21272
20420 21199 21496 20963
21098 23759 22273 20731
21675 20917 22039 21983
21189 22052 21188 20894
22439 22903 22067 21044
22062 21146 23453 22053
22229 20405 21640 20285
23343 22291 22477 20324
21229 20356 21160 22448
21740 19248 22938 23340
22668 21783 24093 21455
23631 22701 23290 19813
22334 20242 22822 23375
22715 21342 23925 21982
20773 19840 21941 22882
19408 20949 19979 22428
22565 22464 23148 21077
21276 21358 21541 22317
20890 19032 21059 24392
22461 20399 22795 23450
21506 20456 22080 21712
21703 22141 22927 21712
22375 21631 22583 21362
21277 22621 23058 22603
20351 19449 20392 22789
21722 20861 22831 23297
23367 22506 22564 21226
22298 23022 22408 20790
21426 18858 22462 24072
22115 19135 21154 22756
23417 21682 23879 21992
21027 23859 22438 19843
23445 20568 23699 22472
22177 22150 23309 22436
24144 21131 23318 22628
22072 20480 21322 20241
23408 19859 23230 22724
22145 20188 23131 22282
21244 19281 21652 23318
22291 18476 22095 22946
22632 21219 22768 22430
22392 18509 21952 23588
21069 21736 21844 23216
22831 21142 23740 20896
21934 21387 20500 19725
22500 20547 23263 22384
24087 21475 23138 19450
20808 21959 21051 20596
21065 21362 23567 22681
21451 19619 22618 23618
22078 21740 22084 20885
23263 21870 22476 21974
22229 21271 23534 22199
23604 22711 24350 21477
23118 22136 21245 19641
20470 20873 20446 21189
23171 20763 22964 19948
22644 21309 23595 21151
21943 22387 23601 21039
22927 21532 24127 21696
22735 22148 22413 21620
21603 19855 22335 23929
23224 21814 22832 21497
21944 21782 22632 21655
23885 20984 24311 21874
21909 20609 23374 22124
21237 23147 23177 21921
22907 21478 21768 22034
22650 22969 22782 20863
21253 21438 21251 19173
23289 22164 22751 19782
23078 21643 23268 20519
24035 21301 22291 20676
22580 20728 22047 21517
22731 21611 24011 21292
21988 21811 22466 19530
21981 23041 23383 22411
20893 21054 22530 23355
21156 18894 21634 23929
20124 20204 21180 23450
21250 20348 23175 22567
23023 21840 23670 22913
20893 18536 21379 23667
21885 22419 23645 21708
23012 22325 23385 21260
21100 20563 22153 22602
20900 20982 22203 21673
20114 19671 21861 23838
21805 23241 21965 21418
20529 22390 21897 21829
22504 22302 23125 22881
23327 22362 22890 22115
22477 20431 24112 22405
23663 20229 22411 23418
23326 20457 23144 22042
20155 18604 22108 23175
22252 21529 21636 21633
22612 22526 23330 20965
21636 21459 21673 21273
22221 22374 22430 21495
23768 21459 23815 21160
22687 18582 21601 23565
21179 20537 23209 21528
21493 21808 22626 23084
22427 20484 22190 23636
22958 22458 22636 20508
21852 20156 22180 23667
22301 23049 22810 20492
23114 20869 22258 23275
22404 20124 21828 22448
21686 21267 22235 21527
22079 21970 22897 21833
21707 21334 22255 21861
21962 18772 21491 23226
21624 18771 21990 24233
21403 22818 21777 21890
21363 20784 23976 22620
22863 21004 23531 21134
21391 22337 22538 20521
23084 20228 23187 21380
23164 20181 21607 22661
21586 20410 23425 23918
22492 21371 23068 22393
22760 21309 22926 22233
22237 21381 22582 22658
22581 19935 23123 22565
22442 20918 22194 22374
23315 21629 24327 20941
22205 22221 23594 22476
22524 23983 22219 22317
21650 20770 21743 23628
22432 21420 23005 19994
23005 21340 23576 22614
22740 21233 23867 20608
23732 20489 23578 23452
20918 20219 22835 23981
21522 20791 22541 23667
21198 21791 22627 22578
21806 20404 22017 22720
22281 21157 22907 22539
20021 21288 21316 23750
21829 21468 22869 22700
22034 21095 21812 23338
22638 21420 21958 20148
20724 21394 21488 22334
20980 23444 21427 19973
21717 19535 22193 24386
22083 19791 23306 22674
22106 22023 23269 22681
22063 22318 22861 22405
21960 22361 21837 22687
21100 21511 22077 21892
20798 23472 21724 21191
20952 18682 21197 23762
21859 21888 22140 22067
23356 21688 23026 21618
21092 19073 23165 22756
23000 21886 23671 22341
21943 20051 23387 22853
20448 19592 19919 20201
22465 21921 22450 21468
23050 20996 22463 22231
22287 20419 22048 21831
22551 21576 23417 20335
21809 20669 22212 22568
23262 20604 23784 21953
22594 21977 23533 22138
22448 22260 21941 19609
22315 21409 22288 22078
22194 21841 22220 20208
23353 20242 23363 22091
21835 22589 23150 21766
22797 20655 22646 21966
22953 20113 23328 23084
22419 21958 20819 22624
21864 22041 21854 22484
21473 22104 22886 20397
23115 21800 22964 20266
21425 20161 20258 22621
22714 21504 22962 22952
22370 23221 22134 21191
23921 20333 23509 21936
20873 18723 21462 24037
21713 19694 21562 23420
22519 21434 22034 20525
21773 21250 22809 22930
21885 19952 21568 22452
22997 21683 23207 22207
22564 22012 24099 22680
21794 19886 21868 22216
20558 19147 21400 24012
23307 20740 24268 22331
21937 22561 23495 20594
