2284 18.6538
3841 3720 3299
3897 3523 3362
3675 3845 3306
3761 3778 3298
3815 3554 3479
3465 3753 3612
3545 3635 3642
3474 3814 3555
3498 3925 3416
3714 3793 3363
3620 3796 3485
3601 3525 3691
3706 3684 3537
3556 3942 3316
3581 3731 3588
3386 3601 3695
3750 3684 3484
3548 3585 3671
3601 3905 3326
3775 3684 3436
3695 3518 3608
3391 3847 3495
3791 3518 3520
3624 3601 3627
3460 3951 3304
3474 3783 3592
3777 3739 3337
3717 3819 3229
3548 3788 3556
3680 3773 3422
3730 3559 3560
3877 3559 3368
3752 3726 3420
3718 3729 3490
3583 3912 3370
3629 3840 3393
3420 3934 3402
3666 3579 3592
3560 3949 3240
3857 3558 3392
3574 3661 3615
3602 3714 3570
3647 3744 3511
3512 3824 3484
3596 3859 3438
3744 3582 3536
3867 3594 3316
3562 3901 3405
3849 3639 3348
3514 3794 3569
3717 3707 3516
3603 3575 3654
3627 3500 3677
3804 3662 3395
3821 3632 3397
3855 3643 3314
3604 3864 3430
3478 3683 3620
3505 3882 3430
3452 3548 3694
3506 3443 3748
3289 4014 3118
3930 3446 3235
3573 3697 3197
3519 3525 3229
3449 3558 3327
3592 3481 3275
3743 3543 3359
3519 3450 3264
3499 3665 3267
3594 3465 3386
3497 3472 3127
3682 3472 3177
3801 3558 3195
3607 3643 3171
3378 3600 3197
3672 3425 3284
3440 3459 3295
3497 3528 3240
3357 3534 3183
3702 3711 3223
3646 3460 3313
3357 3255 3276
3550 3629 3265
3608 3685 3287
3652 3666 3262
3489 3441 3207
3422 3424 3280
3702 3722 3275
3555 3510 3442
3519 3450 3260
3645 3509 3447
3442 3478 3015
3472 3557 3445
3610 3462 3082
3681 3592 3159
3383 3539 3336
3501 3501 3263
3459 3396 3140
3576 3619 3148
3759 3517 3467
3544 3556 3337
3673 3444 3131
3698 3547 3315
3433 3481 3329
3593 3654 3282
3671 3571 3379
3424 3512 3211
3513 3481 3243
3553 3588 3220
3605 3566 3446
3415 3567 3285
3577 3472 3262
3694 3484 3318
3596 3562 3276
3471 3343 3356
3491 3403 3291
3689 3706 3263
3553 3601 3375
3526 3583 3204
3741 3594 3339
3280 3623 3132
3698 3585 3265
3359 3386 3084
3750 3495 3309
3501 3454 3369
3551 3458 3250
3645 3570 3317
3428 3750 3288
3725 3611 3294
3734 3637 3341
3568 3625 3303
3550 3505 3202
3663 3584 3238
3622 3517 3358
3487 3568 3254
3726 3547 3319
3653 3510 3409
3660 3553 3443
3618 3566 3366
3508 3549 3296
3619 3739 3343
3672 3642 3349
3578 3451 3359
3450 3526 3040
3466 3492 3302
3471 3536 3287
3386 3541 3105
3699 3622 3256
3503 3785 3363
3827 3569 3374
3539 3444 3240
3727 3621 3390
3287 3473 3317
3452 3699 3354
3534 3594 3321
3567 3637 3295
3440 3454 3404
3608 3426 3338
3537 3506 3511
3365 3645 3218
3582 3529 3336
3508 3517 3153
3824 3548 3374
3676 3568 3295
3840 3504 3247
3488 3446 3351
3420 3518 3347
3604 3654 3370
3573 3517 3270
3731 3581 3340
3414 3442 3200
3580 3393 3187
3346 3523 3166
3640 3550 3289
3658 3612 3338
3513 3581 3307
3461 3503 3237
3581 3422 3228
3559 3527 3403
3571 3648 3160
3565 3619 3247
3697 3627 3372
3591 3380 3361
3457 3495 3066
3750 3626 3315
3441 3467 3296
3412 3548 3230
3546 3411 3151
3690 3531 3293
3659 3504 3235
3772 3542 3398
3623 3489 3475
3589 3620 3215
3578 3627 3309
3708 3718 3297
3429 3504 3283
3495 3668 3351
3559 3526 3226
3394 3510 3091
