150228 2940.5
18242 17970
18292 17872
18143 18061
18209 18006
18294 17850
18113 18097
17908 18212
18097 18117
18006 18166
18217 17978
18146 18044
18115 18070
17910 18202
18219 17975
18011 18164
17983 18167
18116 18063
18326 17765
17884 18241
17981 18196
18018 18163
18201 18037
18067 18120
18040 18121
18038 18135
18110 18115
18271 17948
17901 18222
18297 17809
18032 18148
17901 18222
18297 17809
18201 18037
17981 18196
18038 18135
18018 18163
18040 18121
18110 18115
18067 18120
18032 18148
18271 17948
18108 18089
18262 17934
18190 18007
18163 18033
17928 18135
17985 18116
18282 17863
17969 18122
18140 18056
18227 17963
18015 18094
18267 17891
18196 17987
18218 17974
18130 18058
18214 17975
18202 17977
18229 17939
18164 18012
17892 18158
18293 17843
18065 17822
15967 16729
16376 16136
16077 16211
16300 16566
16223 16110
16041 16020
16140 16790
16168 16124
15854 16411
16280 16505
16322 16549
15977 16246
16213 16364
16278 16599
16430 16132
16327 16008
16517 16067
16418 16827
16214 16333
16146 16165
16389 16334
16685 16734
16237 16136
16204 16556
16028 16246
16144 16391
16171 16068
16163 15947
16196 16486
16474 16698
15730 15961
15978 16392
15948 15948
16464 16332
16085 15952
16042 16102
16407 16212
15781 16095
16168 15916
16059 16235
16549 16480
16325 16421
16110 15889
16350 16175
16859 16395
16151 15915
16320 16422
15900 15627
16097 16180
15725 15942
16336 16199
16099 16120
15804 15886
15884 16283
15973 16338
16305 16518
16276 16492
16144 16349
15757 16026
15961 15957
15875 15918
15931 15986
16539 16424
16270 16317
15956 15750
16313 16394
16157 16262
16133 16180
15797 16074
15942 15972
15716 16010
16021 16064
15955 16174
16127 16134
16860 16417
16092 16078
15912 16247
15941 16133
16318 16383
16157 16632
16486 15872
16153 16184
16357 16030
16315 15946
16218 16439
16362 16405
16171 16502
16011 16165
16451 16138
16154 15850
16178 16530
16639 16770
16559 16333
15925 16131
15810 16347
15936 16316
16102 15909
16351 16358
16394 16299
16154 16104
16220 16010
16286 15974
16714 16260
16195 15996
16346 16210
16565 15897
16576 16586
16653 16832
16104 15958
16410 15962
16214 16352
16264 16694
16061 16325
15908 15860
16252 16308
16151 16623
15925 16173
16248 16336
16192 16455
16425 16098
16688 16579
15975 16209
16437 16717
16226 16316
16664 16345
15904 16290
16516 16657
15306 16129
15866 15740
16239 16495
16208 16297
16096 16460
16136 16429
16346 16129
16451 16104
16160 15793
16162 16167
