43460 1380.4
9377 8984 7753
7803 8196 9478
9597 8632 7928
8241 9768 8017
8428 7880 9256
7589 8802 9076
9413 8931 7833
9385 8982 7775
9542 8697 7947
8484 7968 9214
7932 8498 9294
8989 8615 8687
8545 7932 9151
9518 8781 8054
8428 7880 9256
7644 8415 9421
8222 9691 8111
8267 9727 8016
8535 9539 8281
8117 8311 9311
9134 9138 8047
8486 9559 8268
7754 8224 9467
8586 9323 8441
8728 9020 8511
8635 9519 8113
8929 8547 8692
8837 8591 8781
8186 9766 8062
9591 8658 7930
8959 8161 8814
8377 8129 9288
9435 8847 8001
8611 9221 8537
7887 8567 9192
8048 8918 8914
7948 8360 9345
8755 8341 8979
9300 8600 8311
9188 8949 8204
9452 8830 7964
9459 8889 7959
7715 8247 9449
8391 8017 9263
9253 9063 7874
8067 8739 9106
8302 9665 8147
8284 9425 8433
8702 9369 8339
8456 9393 8382
8230 8077 9323
7910 8376 9358
8426 7955 9267
9327 8938 8029
7589 8802 9076
8618 9499 8153
8078 8797 9018
7663 8660 9274
7817 8303 9380
8166 8370 9246
7832 8903 9041
8831 9034 8416
7843 8270 9410
9011 8855 8398
8611 8202 9001
8621 9464 8226
8351 8578 9051
8306 8685 9056
8472 8965 8705
7744 8653 9196
9054 8894 8325
8402 8709 8885
7720 8994 8933
8142 8300 9301
8359 8893 8759
7775 8719 9165
8134 9441 8476
9204 9113 8027
8803 9204 8242
9319 8989 7852
7844 8176 9422
7968 8429 9283
8821 9183 8299
7694 8288 9461
8779 9049 8503
8950 8392 8831
9151 8475 8575
8599 9399 8336
8518 9447 8370
8927 8470 8729
8370 8242 9130
8534 9585 8129
8207 8817 8896
8759 8860 8651
7694 8288 9461
8630 8727 8857
8327 8325 9245
7872 8140 9438
8549 9345 8484
9377 8984 7753
7835 8214 9433
8790 9110 8425
8871 9019 8455
8253 8037 9335
8503 7932 9189
8711 9121 8499
8387 9624 8223
8492 8816 8790
7960 8344 9336
9004 8946 8296
9063 9121 8125
8513 9097 8640
8759 8860 8651
8284 9235 8606
9233 9054 7984
9046 8796 8557
9120 8978 8215
8442 8083 9218
7788 8327 9374
8128 8974 8799
8849 8327 8873
8192 8463 9174
8990 9162 8273
9223 9147 7866
9142 8611 8613
9030 9039 8276
8474 8063 9184
8215 8409 9176
9265 9058 7842
8875 8730 8626
9273 8924 8101
8003 8258 9396
8656 9485 8077
8240 8052 9304
9240 8744 8387
9178 8701 8395
8742 8674 8823
8756 9354 8233
9390 8725 8271
9083 9160 7983
8184 8452 9195
9472 8825 7935
9066 9148 8114
8382 8169 9220
8484 8518 8901
9428 8625 8237
8412 9244 8485
7952 9040 8722
8881 8682 8746
7857 8664 9166
8025 8526 9237
9491 8842 7914
8749 9307 8257
9470 8857 7898
9116 9004 8188
8508 9609 8029
7899 8767 9094
8765 8441 8838
8576 9086 8551
9358 8968 7895
8025 8526 9237
8273 8716 9007
8172 9282 8577
8914 9193 8249
8576 8482 8953
8795 8753 8745
9171 9060 8136
9077 9194 8018
8627 8671 8870
9343 8917 8098
8335 9656 8137
8340 9257 8567
8560 8266 9043
8674 9250 8436
8894 9009 8362
8447 9450 8360
7660 8397 9396
8699 9298 8344
8463 8096 9185
7660 8465 9360
9111 9142 8011
8819 9194 8191
8011 8531 9146
8093 8802 9002
7996 8612 9139
7803 8773 9082
9346 8907 7915
8270 9716 8090
8888 9278 8071
8659 8056 9129
9272 8617 8450
8843 9309 8176
8576 8482 8953
8656 9485 8077
7731 8516 9353
8689 8911 8592
8725 9040 8579
8555 8391 9054
8228 8750 8942
8697 9216 8417
