236146 1680.13
9879 7993
9879 7993
9685 8519
9685 8519
9727 8517
9774 8395
9752 8445
9752 8445
9727 8517
9754 8443
9868 8015
9754 8443
9857 8090
9774 8395
9841 8135
9813 8252
9794 8321
9829 8209
9824 8222
9824 8222
9786 8339
9860 8051
9786 8339
9868 8015
9813 8252
9849 8123
9832 8179
9807 8262
9777 8359
9805 8281
9852 8105
9775 8369
9861 8039
9800 8282
9840 8160
9794 8321
9798 8299
9798 8299
9861 8039
9777 8359
9857 8090
9852 8105
9829 8209
9860 8051
9849 8123
9838 8165
9834 8174
9807 8262
9841 8135
9838 8165
9834 8174
9832 8179
9775 8369
9840 8160
9805 8281
9800 8282
9879 7993
9879 7993
9879 7993
9879 7993
9879 7993
9879 7993
9879 7993
9879 7993
9879 7993
9879 7993
9879 7993
9879 7993
9879 7993
9879 7993
9879 7993
9879 7993
9879 7993
9879 7993
9879 7993
9879 7993
9879 7993
9879 7993
9879 7993
9879 7993
9879 7993
9879 7993
9879 7993
9879 7993
9879 7993
9879 7993
9879 7993
9879 7993
9879 7993
9879 7993
9879 7993
9879 7993
9879 7993
9879 7993
9879 7993
9879 7993
9879 7993
9879 7993
9879 7993
9879 7993
9879 7993
9879 7993
9879 7993
9879 7993
9879 7993
9868 8015
9868 8015
9868 8015
9860 8051
9860 8051
9860 8051
9860 8051
9857 8090
9857 8090
9852 8105
9841 8135
9838 8165
9832 8179
9824 8222
9824 8222
9824 8222
9824 8222
9824 8222
9794 8321
9794 8321
9786 8339
9786 8339
9775 8369
9752 8445
9859 8025
9859 8025
9794 8249
9835 8162
9856 8052
9820 8204
9797 8247
9825 8184
9824 8192
9859 8025
9847 7965
9790 8249
9832 8153
9836 8035
9829 8116
9829 8116
9785 8231
9789 8222
9823 8117
9816 8107
9807 8117
9758 8036
9757 8074
