51531 600.079
7648 7546 9460
8913 8375 8251
9344 8563 7428
9291 8324 7363
8469 8837 8107
7712 7374 8811
7241 7355 9379
7513 8251 8738
8769 8115 8197
7282 7543 9469
8479 8052 8464
7775 9339 7796
8233 8882 7939
8096 9344 7570
9150 8740 7094
6957 7468 8589
7630 7219 7057
6628 7848 8981
7830 8454 7412
6783 7090 8668
8003 7595 6850
7849 7827 9311
8933 8490 7703
7061 7101 9146
7243 8541 8191
7279 8280 9241
7214 8223 8762
6680 7581 7355
7854 9056 7916
6916 6841 8529
8373 9281 7961
6355 7058 7554
8546 6964 6892
8708 8910 7110
9377 8628 7426
7527 6388 8301
7380 8154 9200
7109 7922 9370
8638 7979 8104
7769 7873 8906
7683 8749 8707
6973 7610 8665
7189 8330 8751
7831 8743 8667
8241 7695 8940
8131 9196 8126
8360 8396 7067
7998 8691 8249
7141 7940 8966
7814 8238 8595
8505 9065 8353
7360 8050 8959
7750 7725 7646
7815 8323 7152
8432 8142 8635
6649 7709 8110
9146 8907 7412
7569 6815 8010
7160 7836 8859
7220 6781 7284
7569 7039 8210
7905 7409 9134
6155 7303 7981
7731 8489 9047
7681 8055 8937
9009 8677 7172
8765 7940 7265
9212 8257 8031
8523 8562 7343
6786 8493 8520
6386 7110 8408
8839 7798 7523
7679 8236 8596
8819 8629 8426
8771 8099 7879
6975 7989 8129
7550 8014 6973
6784 7813 8580
8752 9249 7688
7901 8492 8473
7169 8418 9103
7717 8711 7383
8113 7833 8171
6832 8009 8977
8091 9133 7603
8255 8464 8771
8858 8155 7744
9230 7877 7409
7416 7215 6962
7275 7739 8366
8280 8486 7480
7671 8500 8833
6592 7207 8473
7854 6826 7617
7930 6844 7009
8218 6909 7228
8996 7628 7413
7670 7918 9016
7540 7795 9342
8935 7575 7131
8536 7438 7032
8304 8087 8733
9231 8554 8113
7179 8349 8384
8181 8146 8797
8329 8830 8186
8837 8214 7395
6595 8078 9056
7592 6359 8251
8334 8158 6647
7536 8806 7693
7736 7654 8766
7791 8888 7118
8751 7096 6860
8139 7679 8467
7231 8212 9389
8466 8069 7537
8005 7495 8825
7899 9006 8366
7752 8829 7367
6815 7551 7859
8556 8766 7510
8859 8113 7818
9214 8212 7111
7846 7687 9002
7997 8328 7644
6858 7897 8467
7307 7233 8903
9066 7889 7258
7641 7160 8320
7010 8123 9351
7537 7242 9012
8570 8935 8235
8046 8870 8231
8307 8920 7756
8695 9068 8047
9033 8709 7379
6697 6634 7733
9183 8738 7290
6358 6952 7757
7028 7324 7783
9186 8567 7515
8862 8535 7039
7191 7887 9359
8632 8036 8210
7800 6780 6875
6872 8111 9249
7882 8252 8699
7463 8354 8708
8160 7895 7399
9280 7685 7213
9107 8423 7147
8090 8432 8527
9232 8281 7519
8220 8321 8279
7127 7353 9238
8391 8911 8447
8574 8608 7487
8609 8578 7129
7869 8081 8428
8029 7867 7682
7764 8412 8479
8342 8168 7662
7807 7609 8002
8260 8023 7528
5361 6881 7506
7691 8129 8308
6998 8161 7629
8923 8275 8462
8033 8580 8875
6692 8164 9217
9135 8521 7430
8298 8704 8050
7455 7631 7292
8899 8115 7162
7370 8075 9115
7559 7212 9351
8318 7833 8742
9329 8341 7160
6997 8309 7819
6036 6897 7878
8019 9128 8414
8321 8374 7163
8935 7833 7649
7484 8325 8195
9221 8024 7130
7194 8725 8745
8371 8673 7662
8964 8032 7218
6978 8387 7082
8294 8038 8983
7140 7856 9364
8303 7355 6958
9032 8201 8086
6876 7559 8112
8322 7645 8526
9037 8493 7497
7907 7953 7811
8377 8997 7833
8380 7858 8652
