24423 930.677
17583 17679 16745
16794 18578 16234
16503 16629 18348
16594 18230 17499
16650 17843 17916
17344 17503 17627
16785 17526 18101
17247 18076 16890
16295 18422 17220
16563 18033 17674
17215 16835 18151
17397 17372 17697
16950 16730 18235
17185 17596 17699
17114 18028 17332
17117 18400 16488
16503 18092 17662
17293 18190 16402
16510 17621 18076
17084 18003 17401
16594 18230 17499
16503 18092 17662
17211 17185 18043
17489 17081 17829
16510 17621 18076
17337 16992 17985
17242 18378 16081
16352 18349 17323
16843 17364 18117
17438 17033 17900
16650 17843 17916
17285 18324 16193
16415 18320 17370
16650 17843 17916
16874 17882 17845
17420 17739 17186
16211 17227 18219
17047 17782 17797
17011 17908 17648
16672 18403 17068
16727 17947 17823
17258 17794 17369
17131 16731 18165
17284 17759 17312
16974 18479 16409
16453 18198 17547
17281 16880 18082
17421 17982 16504
16629 17488 18166
17321 16959 18022
16996 18272 17072
16920 18141 17303
16524 18066 17667
17367 18117 16478
16874 17882 17845
17142 18307 16441
16525 18182 17572
16563 18033 17674
17162 17164 18073
17477 17112 17780
17094 16799 18218
17302 17577 17745
17243 18195 16406
16848 18532 16349
16650 17843 17916
17206 17640 17612
16833 17095 18174
17195 17748 17496
16352 18349 17323
16803 17947 17761
17045 17699 17869
17522 17620 17134
16709 16682 18289
17262 17328 17972
16934 18085 17443
16666 18246 17291
16727 17947 17823
17420 17739 17186
17083 17257 18086
17367 18117 16478
16827 18547 16311
16705 18000 17732
17131 16731 18165
17397 17372 17697
16886 16793 18250
17122 17727 17736
17084 18003 17401
16948 18404 16676
16651 17986 17763
17332 18005 16820
16491 17784 17997
17126 18184 17125
16614 18135 17588
16453 18198 17547
17281 16880 18082
17459 17929 16572
16487 17691 18060
17321 16959 18022
17117 18400 16488
16415 18320 17370
16491 17784 17997
17455 17207 17801
16603 17642 18026
17277 18112 16832
16680 18351 17206
16874 17882 17845
16946 17855 17806
17479 17913 16623
16694 17581 18140
16967 17973 17608
17136 17636 17695
16974 18479 16409
16874 17882 17845
17240 17766 17425
17094 16799 18218
17258 17780 17396
16812 18376 16839
16525 18182 17572
17225 16839 18120
17418 17994 16629
16886 16793 18250
17262 17328 17972
17174 18143 17192
16996 18272 17072
16781 17961 17792
17421 17982 16504
16727 17947 17823
17262 18354 16096
16415 18320 17370
16650 17843 17916
16766 17801 17931
17421 17497 17540
16694 17581 18140
17384 16976 17963
17228 18363 16180
16295 18422 17220
16491 17784 17997
17293 17301 17833
16694 17581 18140
17182 18022 17253
16595 18254 17427
16737 18062 17616
17201 17399 17948
17522 17249 17531
16499 17009 18299
17158 17361 18030
16805 18065 17519
16595 18254 17427
16874 17882 17845
17334 17734 17339
17083 17257 18086
17374 18034 16680
16817 18493 16739
16563 18033 17674
17174 17010 18103
17455 17207 17801
17094 16799 18218
17302 17577 17745
17233 18127 16924
17227 18379 16137
16525 18182 17572
17309 18292 16180
16487 17691 18060
16960 18084 17407
16526 18143 17627
16503 18092 17662
17225 16839 18120
17461 17559 17379
16694 17581 18140
17321 16959 18022
17073 18291 16719
16352 18349 17323
16785 17526 18101
17438 17033 17900
16595 17821 17928
17309 18292 16180
16352 18349 17323
16896 17811 17886
16874 17882 17845
17457 17792 16743
16339 17271 18205
17090 17848 17711
17060 17926 17503
16948 18404 16676
16727 17947 17823
17288 17863 17093
17173 16862 18155
17353 17827 17153
17174 18421 16054
16595 18254 17427
17127 17370 18032
17367 18117 16478
16339 17271 18205
17281 16880 18082
16788 18184 17357
16699 18164 17460
16651 17986 17763
17385 18008 16746
16502 17809 17960
17142 18203 16821
16594 18230 17499
16651 17986 17763
17033 17536 17975
17489 17081 17829
16951 16989 18165
17438 17033 17900
17285 18324 16193
16722 18491 16766
16650 17843 17916
17222 17699 17602
16951 16989 18165
17258 17780 17396
16680 18351 17206
16891 17956 17700
17098 17718 17781
17523 17795 16701
16334 17174 18237
17045 17699 17869
16982 17930 17675
16680 18351 17206
16732 17780 17964
17455 17207 17801
16787 17676 17983
17329 18206 16324
16568 18445 16866
16651 17986 17763
17083 17257 18086
17438 17033 17900
17032 16795 18234
17268 17337 17864
17174 18143 17192
17053 18307 16743
16503 18092 17662
17329 18206 16324
16487 17691 18060
17174 18143 17192
16641 18208 17462
16614 18135 17588
17274 16956 18041
17523 17795 16701
16287 17722 18030
17304 17173 17899
17167 18397 16032
16352 18349 17323
16694 17581 18140
17384 16976 17963
16595 17821 17928
17285 18324 16193
16595 18254 17427
16651 17986 17763
17062 17522 17950
17489 17081 17829
