3660 180.192
24655 24120 25820 24852
24545 24154 25861 24824
24711 24032 25762 24835
24568 24374 25562 24688
24454 24261 25627 24809
24463 24038 25558 25073
24802 24173 25613 24639
24559 24087 25535 24991
24541 23941 25818 24948
24609 24302 25738 24612
24646 23983 25746 24908
24776 23898 25427 24948
24405 24484 25529 24610
24585 23965 25459 25078
24645 23947 25916 24734
24575 24101 25940 24647
24327 24453 25624 24630
24314 24000 25586 25122
24482 24061 25712 24935
24826 24012 25438 24719
24787 24300 25712 24523
24531 23970 25918 24785
24439 23902 25485 25161
24700 24344 25626 24603
24469 23911 25741 24979
24768 24261 25463 24675
24561 24029 25809 24909
24336 23932 25561 25173
24567 24213 25714 24760
24711 24155 25692 24708
24679 24448 25488 24545
24716 24039 25822 24694
24402 24198 25447 24917
24437 24456 25367 24717
24679 24312 25652 24631
24442 24202 25791 24798
24732 24208 25437 24741
24747 24402 25447 24578
24471 24146 25523 24930
24744 24061 25780 24642
24707 23859 25563 24964
24442 24085 25953 24698
24483 24347 25448 24733
24623 24218 25756 24683
24504 23994 25959 24708
24580 24218 25846 24593
24645 23908 25474 25027
24514 24151 25702 24858
24393 24221 25852 24672
24423 24102 25393 25041
24853 24084 25522 24581
24744 23924 25646 24738
24792 23919 25784 24576
24860 24192 25526 24548
24622 24088 25884 24670
24472 23932 25983 24636
24460 24142 25899 24658
24339 24563 25296 24482
24189 23773 25467 25186
24189 23773 25467 25186
24448 23857 26081 24639
24339 24563 25296 24482
24903 24242 25520 24509
23902 23649 25072 23902
23997 23454 25319 24523
23837 23520 25283 24631
24111 23477 25177 24518
24004 23586 25075 24063
23904 23482 24966 24125
24023 23288 25422 24462
23758 23376 24868 24042
23987 23552 25149 24164
23862 22960 25023 24025
24153 23473 25503 24042
23724 22987 25056 23837
24043 23445 25436 24289
23848 23134 25113 24392
23874 23030 24883 24242
24025 23428 25021 24377
24035 23557 25228 24113
23749 23268 24962 24176
24100 23838 25223 24492
24111 23600 25068 24387
24375 23586 25169 24563
23969 23549 25047 24276
24087 23789 25311 24613
24189 23201 25254 24094
24360 23644 25398 24121
24104 23469 25099 24013
23931 23120 25156 24251
23862 23302 25197 24338
23904 23400 25165 24183
23800 23559 25317 24429
24076 23481 25399 24551
23975 23298 24886 24105
24018 23696 25382 24110
24135 23817 24986 24051
24176 23706 25381 24484
23944 23823 25138 24290
23830 23373 25544 24311
23725 23071 25071 23955
23879 23355 25295 24295
24255 23469 25246 24421
24049 23558 25241 24587
24178 23585 25294 24338
24028 23412 25457 24462
23902 22954 25375 24139
24220 23555 25460 24151
24265 23486 25116 24059
23925 23736 25245 24214
24485 23657 25249 24216
24623 23504 25306 24165
23953 23233 25071 24237
23708 22783 24703 24095
23972 23355 24851 24154
23850 23677 25049 24149
24094 22917 25201 23914
23977 23434 25281 24124
23969 23372 25237 24372
24047 23216 25364 24378
24243 23341 25423 24226
24691 23829 25363 24353
24267 23515 25434 24267
24281 23795 25328 24267
24177 23343 24964 24370
24120 23715 25365 24209
23988 23183 25053 24279
23897 23198 25130 24373
23766 23168 24999 24192
23914 23674 25482 24196
24113 23640 24895 24207
23945 23613 25234 24268
23945 23355 25113 24541
24222 23268 25271 24323
24114 23572 25194 24488
23951 23289 25014 24388
23594 23396 25390 24290
23927 23246 25074 24440
24060 23414 25377 24401
23860 23240 25075 24048
24222 23592 25342 24697
23931 23522 25280 24272
23748 23749 24722 24371
23910 23597 25128 23915
24203 23284 24980 24065
23799 23402 25321 24658
23823 23368 25235 24397
23964 23254 25313 24161
24335 23877 25271 24610
23967 23468 25118 24183
24280 23305 25306 24417
24175 23365 25138 24254
24206 23741 25259 24788
23815 22941 25177 24276
23898 23389 25324 24314
23872 23323 24833 24132
23836 23467 25200 24099
24044 23416 25557 24184
23848 23633 25198 24123
24202 23701 25731 24500
24334 23599 25443 24290
24174 23790 25096 24310
23884 23380 25258 24248
24310 23529 25310 24277
24313 23649 25412 23998
24066 23808 25018 24114
23993 23166 24771 24114
24088 23571 25224 24507
23772 22956 24922 24440
24034 23558 25027 24012
23879 23404 25136 24248
24140 23388 25139 24259
24125 23502 25384 24564
24069 23613 25036 24113
23884 23356 25419 24395
24115 23470 25440 24704
24090 23819 25168 24436
24052 23353 25197 24174
23784 23466 25077 24481
23968 23569 25188 24392
24299 23433 25162 24434
24073 23352 25137 24433
24282 23393 25479 24028
24167 23576 25286 24238
24036 23736 25284 24035
23912 23326 25180 23922
23906 23304 25470 24270
24165 23442 25085 23920
23861 23241 25173 24316
24076 23467 25240 24123
23916 23310 25390 24264
24081 23438 25180 24394
23994 23306 25237 24081
24120 23432 25313 24001
24079 23390 25618 24416
23867 23330 25110 24605
24009 23433 25163 24151
24190 23574 25254 24252
24087 23657 25506 24318
24010 23429 25049 24442
24035 23487 25095 23655
24106 23647 25161 24389
23937 23460 24675 24073
24065 23712 25037 24476
24020 23275 25382 24351
24165 23682 25435 24231
23875 23434 25001 24315
23605 23152 25062 24216
23799 23169 25254 24329
24215 23603 25316 24539
23900 23324 25266 24323
24049 23322 25450 24694
24177 23729 25277 24628
24088 23519 25028 24287
24246 23024 25170 24220
23883 23409 24779 24113
23573 23256 25022 24215
24433 23612 25238 24022
24355 23370 25430 24393
24195 23674 25101 24191
23896 22976 24931 24192
23904 23144 24870 24038
23882 23511 25102 24143
23878 23160 24855 23796
24149 23379 25155 24461
24083 23771 25359 24339
24089 23082 25162 24340
23956 23336 25072 24025
24172 23585 25221 24105
24048 23546 25101 24028
23897 23249 25047 24075
23979 23355 25182 24298
23885 23717 25204 24151
23908 23467 25129 24271
23510 23452 25071 24177
23909 23393 25143 24291
24209 23416 25267 24314
23873 23306 24790 24126
23809 23171 25145 23962
24309 23463 24921 24392
24055 23590 25274 24377
23636 23597 24892 24450
24180 23544 25205 24290
24149 23434 25211 24156
24028 23527 25273 24328
23860 23320 25183 24091
23891 23378 25139 24400
23835 23391 25218 23918
23862 23228 25261 24379
23833 23295 25171 24257
24195 23378 25052 24365
24022 23596 25171 24462
23922 23605 25070 24216
23798 23060 25073 23995
23766 23607 25060 24590
23889 23448 25158 24304
24007 23214 25209 24333
23836 23305 25046 24040
24177 23649 25352 24659
24121 23640 25214 24380
24019 23453 24965 24345
24138 23475 25168 24199
24136 23245 25478 24347
23861 23432 25024 24159
24047 23496 25232 24480
24307 23591 25108 24223
24142 23467 25219 24195
23932 23480 25260 23987
24306 23655 25088 24202
23942 23502 24945 23876
23879 23745 25067 24410
24023 23610 25184 24135
24047 23383 24762 24086
23984 23356 25105 24005
23821 23360 25035 24289
23475 23350 24942 24233
23996 23441 25209 24425
23981 23560 25126 23902
24122 23188 24778 23866
24265 23817 25500 24683
23905 23454 25319 24418
23970 23695 24964 24199
24136 23577 25107 24312
23740 23379 24733 24202
23851 23353 24966 24266
23771 23520 25248 24060
23506 23184 24778 24281
23788 23310 25019 24498
23995 23372 25234 24400
23878 23654 24959 24011
24109 23521 25022 24076
23870 23570 25007 24261
24100 23640 25143 24341
24137 23417 25277 24708
24338 23818 25601 24558
24172 23252 25324 24203
24280 23840 25597 24708
23770 23126 25308 24225
24162 23769 25350 24091
24016 23831 25090 24469
23801 23183 24849 24015
24267 23371 24906 24231
23929 23409 25372 24233
24081 23755 25289 24267
24159 23743 25286 24630
24300 23404 24918 24152
24236 23563 25318 24272
24163 23610 25310 24011
24169 23581 24724 24311
23994 23356 25274 24151
23499 23105 25095 23852
24022 23578 25387 24307
24149 23527 25430 24462
23823 23413 24983 24402
23760 23267 25099 24261
24050 23426 25425 24487
24244 23598 25118 24265
24101 23385 25046 24260
24016 23494 25376 24512
23895 22897 25226 23961
24028 23572 25263 24368
24013 23551 25213 24407
24077 23240 25143 24542
23901 23462 25290 24267
23685 23261 25322 24117
24199 23616 25325 24386
23858 23187 25181 24301
24158 23399 25631 24337
23983 23028 24812 24043
23988 23113 25041 24266
24041 23318 25182 24589
23935 23344 25114 24078
24091 23515 25181 24231
23795 23518 24710 24216
24089 23565 25230 24344
24278 23372 25371 24223
24018 23396 25145 24285
24077 23433 25431 24464
24021 23285 25235 24238
23870 23666 25463 24062
24013 23352 25163 24374
23911 23400 25046 24685
23699 23141 25056 24189
24097 23482 25703 24402
23965 23629 25438 24307
23962 23450 25155 24143
24330 23562 25311 24147
24092 23480 25269 24154
24138 23289 25078 24383
23939 23622 24668 24346
24125 23358 25279 24149
24127 23476 25094 24368
