16763 540.168
26203 26303
26379 26052
26366 26119
26230 26270
26289 26197
26308 26156
26246 26222
26296 26187
26302 26172
26253 26214
26383 25953
26274 26200
26389 25930
26231 26256
26388 25936
26256 26202
26449 25878
26163 26340
26354 26125
26354 26125
26316 26132
26316 26132
26145 26329
26301 26164
26287 26182
26356 26094
26383 25942
26364 26073
26162 26313
26336 26103
26190 26295
26242 26220
26218 26244
26251 26201
26261 26189
26196 26275
26367 26038
26379 25988
26180 26297
26308 26120
26306 26126
26220 26236
26227 26224
26233 26221
26424 25871
26106 26333
26202 26265
26202 26265
26378 26022
26378 26022
26142 26269
26341 26090
26349 26066
26256 26189
26181 26237
26236 26220
26192 26232
26270 26098
26244 26195
26225 26221
26237 26204
26021 26289
26363 25899
26158 26034
25949 25899
26033 25939
26148 25869
26202 26005
26049 26184
26076 26053
26071 26103
25898 26007
26093 25935
26055 25912
26127 26007
26092 25830
26062 25919
26173 26014
26031 26128
25950 25827
26305 25863
26180 25893
25927 25970
26064 26009
26051 25973
26003 26096
25955 25889
26094 25960
26202 25840
26004 25743
26128 25983
26139 26070
26056 26076
25989 25962
26081 26018
25966 25841
26062 25718
25968 25950
26080 26099
26011 26036
26048 25992
26111 25996
25967 25986
26118 25922
25897 25996
25965 26076
25962 25974
25979 25914
26074 25799
26145 26109
26147 26097
26203 26128
26144 26185
26035 25807
26179 26065
26159 26052
25956 26122
25866 25843
26053 25933
25971 25684
25977 26159
26161 26093
26055 25985
26020 26129
26155 26127
26176 26097
26084 26097
25941 25966
26039 25908
26150 26109
26110 25844
26261 25991
25946 26047
26212 25841
26240 25820
26063 25766
26066 25803
26208 26083
26139 25870
25969 26049
26049 26089
26032 26132
26050 25978
26170 26108
25862 25789
26077 26226
26146 25796
25961 25976
26135 26034
26164 26001
26116 25986
26067 25939
25956 25966
26347 26040
26095 25881
25934 25763
26041 25888
25920 25957
26189 26151
25980 25880
26142 26008
26035 26003
26045 25835
26084 26001
26142 25994
25972 25955
26093 26111
26044 25997
26004 26056
26115 26107
26067 25940
26161 25997
25948 25964
26132 25998
26166 26018
26264 25883
26029 26083
26143 25897
26262 26034
25998 25878
26156 25971
25984 25925
26196 26008
26196 26146
26084 26029
26058 26059
26126 26127
26022 25856
25877 26025
25886 26088
25965 25790
25948 26011
26065 25971
26066 26061
26033 25968
26171 26009
26155 26126
26005 25894
26062 25964
26207 25973
26149 26001
26024 26019
25967 26064
26082 26094
26198 26056
26017 26025
26115 25895
25989 25860
26028 25938
26120 25955
26157 26026
26216 26043
26079 26119
26096 26107
26225 25979
25955 25955
26085 25873
25990 25864
25971 25940
26173 25890
25958 25788
26102 25958
25957 26062
26040 26071
26137 25726
26156 26159
26116 25958
26086 25987
25949 25550
26097 25955
25956 25997
25909 25886
26099 26015
26012 26005
26222 25971
26100 26130
26166 26144
26082 25853
26026 25999
26113 26099
26128 26023
26040 26022
26141 26193
26107 26093
26037 25888
26080 26054
25939 25719
26070 26176
26048 25746
25930 26007
26205 25853
26013 25710
