501 40.5673
9161 8386 8427 7329
9020 8578 8423 7159
8929 8608 8154 7368
8614 7958 8762 8086
8484 8915 8784 7505
8446 8253 8798 8191
7894 8098 9252 7606
7894 8098 9252 7606
8556 8828 8442 7418
8092 8192 9185 7861
7979 8102 9209 7793
8847 8694 8482 7168
8942 8648 8192 7363
8407 8113 8947 8078
8230 8158 8898 8125
8818 8803 8349 7476
8050 8735 8843 7384
8183 8015 9124 8010
9111 8400 8512 7248
9098 8291 8286 7430
8083 8004 9217 7609
8354 8124 9140 7759
8976 8421 8369 7561
8486 8265 8751 8145
8892 8667 8634 7197
8916 8747 8335 7314
8296 8171 8971 8101
8985 8527 8611 7276
8257 8019 9137 7819
9059 8445 8318 7290
8938 8591 8499 7228
8345 8150 9018 8059
8614 7958 8762 8086
9035 8404 8407 7405
8395 8164 9013 7912
8366 8037 9037 7875
9006 8586 8308 7447
8139 8132 8867 8170
8652 8239 8563 7991
9065 8507 8384 7260
9019 8560 8265 7270
9161 8386 8427 7329
8922 8741 8378 7350
8770 8370 8768 7533
9001 8412 8229 7597
8356 8133 9080 7959
8020 8432 8987 7973
8836 8624 8445 7301
8790 8668 8207 7687
8020 8432 8987 7973
8315 8080 8897 8103
8346 8212 9099 7772
8814 8775 8430 7491
8448 8685 8807 7458
8487 8785 8684 7637
8280 8519 8881 7887
8139 8132 8867 8170
8964 8541 8346 7507
8809 8663 8238 7626
8909 8376 8408 7542
8745 8724 8575 7332
8341 8495 8921 7670
7979 8102 9209 7793
8183 8050 9136 7957
8801 8057 8720 7854
8488 8210 9065 7801
8964 8469 8284 7587
8401 8755 8533 7664
8211 8223 9044 7825
8929 8608 8154 7368
8345 8177 8859 8035
8423 8826 8582 7647
8886 8609 8398 7613
8511 8345 8818 7935
8868 8670 8624 7251
8374 8343 9050 7762
9046 8504 8525 7237
8684 8718 8446 7650
9090 8388 8465 7381
8488 8089 8941 8015
8491 8245 8550 8046
8083 8004 9217 7609
8723 8477 8621 7566
8608 8650 8660 7701
8473 8226 9122 7679
8315 8432 8881 7829
8480 8315 8909 7935
8662 8629 8630 7656
8806 8699 8420 7578
8311 8391 8929 7870
8548 8556 8462 7903
8213 8196 8972 7910
8675 8806 8470 7597
8454 8328 8974 7905
8571 8549 8596 7788
8899 8304 8532 7664
8707 8701 8557 7733
8694 8552 8585 7765
8593 8673 8671 7737
8659 8464 8740 7783
8645 8141 8754 8039
8643 8520 8778 7751
8578 8230 8939 7845
9014 8588 8194 7234
8662 8363 8731 7838
8714 8562 8641 7585
8590 8397 8719 7925
8630 8318 8770 7864
8561 8567 8764 7875
8589 8584 8709 7765
8671 8599 8471 7852
8754 8354 8650 7718
8700 8453 8657 7629
8500 8409 8801 7815
8458 8773 8696 7632
8571 8539 8634 7858
8538 8353 8895 7919
8725 8339 8623 7739
8642 8302 8822 7664
8594 8441 8866 7672
8731 8400 8665 7683
8482 8390 8892 7626
8458 8773 8696 7632
8427 8506 8805 7955
8526 8572 8863 7810
8671 8588 8643 7774
8684 8377 8733 7727
8579 8332 8829 7891
8581 8565 8546 7825
8787 8610 8554 7710
8649 8315 8900 7657
8572 8730 8755 7610
8760 8481 8569 7613
8471 8579 8820 7855
8535 8459 8779 7893
8525 8614 8789 7732
8553 8463 8850 7652
8525 8366 8836 7852
8583 8282 8853 7850
8632 8257 8760 7898
8582 8615 8737 7734
8592 8285 8651 7874
8753 8278 8666 7920
8590 8490 8581 7815
8728 8469 8494 7771
8442 8389 8830 7870
8604 8525 8814 7607
8761 8451 8571 7804
8535 8367 8837 7813
8787 8610 8554 7710
8628 8487 8688 7842
8531 8499 8872 7733
8592 8570 8806 7721
8584 8468 8815 7764
8437 8427 8843 7844
8598 8370 8811 7609
8624 8514 8660 7765
8632 8257 8760 7898
8676 8390 8666 7727
8583 8578 8518 7786
8753 8278 8666 7920
8628 8487 8688 7842
8531 8499 8872 7733
8624 8514 8660 7765
8437 8427 8843 7844
8761 8451 8571 7804
8427 8506 8805 7955
8601 8354 8846 7833
8601 8354 8846 7833
8583 8578 8518 7786
8728 8469 8494 7771
8756 8200 8377 7751
8606 8137 8701 7849
8556 8631 8587 7495
8470 8344 8783 7894
8434 8481 8856 7797
8693 8549 8493 7668
8723 8397 8638 7571
8580 8524 8625 7691
8719 8349 8430 7753
8671 8441 8568 7726
8504 8308 8769 7851
8564 8603 8605 7693
8449 8341 8815 7762
8487 8152 8800 7848
8673 8294 8674 7641
8711 8281 8571 7722
8521 8476 8713 7827
8613 8472 8654 7702
8629 8262 8803 7598
8539 8229 8672 7850
8603 8371 8644 7837
8551 8388 8808 7613
8497 8567 8803 7697
8641 8186 8812 7658
8529 8437 8584 7882
8606 8334 8745 7743
8606 8422 8733 7771
8548 8261 8790 7774
8660 8200 8633 7764
8533 8366 8750 7781
8641 8368 8611 7653
8621 8357 8652 7810
8538 8533 8651 7803
8529 8426 8680 7767
8551 8354 8686 7797
8644 8302 8526 7637
8588 8328 8741 7519
8426 8510 8676 7655
8396 8046 8438 7869
8355 8335 8762 7609
8547 8170 8721 7593
8533 8469 8602 7742
8459 8165 8696 7865
8486 8431 8759 7623
8598 8354 8640 7671
8617 8335 8550 7716
8442 8299 8547 7824
8479 8349 8709 7784
8599 8326 8471 7802
8431 8243 8757 7661
8408 8337 8625 7853
8616 8260 8540 7721
8613 8310 8614 7758
8583 8457 8602 7663
8560 8246 8629 7801
8449 8508 8550 7609
8547 8508 8470 7656
8609 8342 8632 7748
8603 8200 8591 7672
8507 8450 8470 7664
8456 8244 8438 7754
8441 8170 8708 7764
8400 8282 8740 7545
8321 8262 8575 7775
8141 8356 8559 7719
8553 8399 8576 7614
8568 8431 8520 7659
8423 8347 8503 7687
8509 8204 8621 7730
8587 8309 8557 7729
8538 8297 8613 7732
8589 8285 8565 7737
8558 8267 8496 7578
8553 8346 8485 7508
8520 8360 8410 7525
8423 8122 8213 7739
8381 8131 8657 7580
8406 8345 8379 7655
8546 8291 8507 7541
8553 8167 8396 7715
8432 8350 8360 7373
9161 8386 8427 7329
9020 8578 8423 7159
8929 8608 8154 7368
8614 7958 8762 8086
8484 8915 8784 7505
8446 8253 8798 8191
7894 8098 9252 7606
7894 8098 9252 7606
8092 8192 9185 7861
9011 8550 8272 7411
8139 8132 8867 8170
8050 8735 8843 7384
7979 8102 9209 7793
8985 8527 8611 7276
8020 8432 8987 7973
8916 8747 8335 7314
9026 8359 8393 7564
8942 8648 8192 7363
8847 8694 8482 7168
8083 8004 9217 7609
8284 8494 8993 7480
8230 8158 8898 8125
8864 8714 8450 7549
8354 8124 9140 7759
8183 8015 9124 8010
9111 8400 8512 7248
9125 8378 8291 7415
8472 8887 8618 7598
8246 8369 9122 7589
8356 8133 9080 7959
9090 8388 8465 7381
8658 8035 8827 8038
9010 8408 8477 7295
8981 8574 8308 7433
8311 8287 8998 7953
8743 8791 8579 7488
8433 8228 8952 8045
8874 8617 8407 7453
9046 8504 8525 7237
8211 8223 9044 7825
8407 8113 8947 8078
8707 8798 8361 7361
8908 8442 8678 7210
8902 8667 8504 7350
8892 8667 8634 7197
8370 8144 9060 7774
8605 8069 8855 8119
9002 8539 8592 7546
8564 8854 8588 7522
8508 8844 8667 7635
8488 8089 8941 8015
8735 8773 8510 7616
8952 8257 8532 7724
8506 8080 8796 8107
8812 8693 8540 7701
9061 8414 8437 7351
8668 8338 8737 8065
8423 8301 9030 7810
8339 8427 8972 7987
8835 8370 8565 7801
8302 8319 8981 7970
9042 8567 8317 7363
8964 8469 8284 7587
8484 8915 8784 7505
8403 8197 9069 7622
8366 8335 8810 8185
8395 8164 9013 7912
8606 8876 8489 7687
8183 8050 9136 7957
8377 8381 8852 8157
8856 8556 8603 7555
8683 8819 8544 7663
7979 8102 9209 7793
9161 8386 8427 7329
8719 8654 8658 7441
8083 8004 9217 7609
8494 8726 8872 7515
8258 8289 9077 7514
8540 8683 8670 7888
8773 8275 8598 7714
9072 8391 8373 7411
8942 8648 8192 7363
8343 8241 9022 7906
8209 8659 8926 7767
8598 8564 8578 7737
8887 8346 8375 7707
8612 8449 8400 7834
8609 8279 8710 8138
8328 8347 9009 7917
8658 8625 8673 7505
8719 8347 8718 7729
8619 8754 8559 7761
8257 8019 9137 7819
8543 8436 8750 7875
9109 8300 8506 7422
8775 8161 8487 7998
8696 8483 8816 7454
8738 8544 8359 7753
8552 8602 8557 7928
8751 8420 8709 7713
8516 8497 8954 7590
8528 8580 8906 7529
8640 8819 8693 7625
8451 8509 8694 7778
8401 8419 8933 7640
8467 8442 8697 7904
8721 8178 8646 7853
8623 8522 8842 7674
8625 8477 8338 7879
8657 8050 8929 7882
8588 8599 8636 7853
8663 8645 8630 7715
8518 8242 8878 7835
8680 8296 8590 7841
8463 8687 8748 7655
8731 8481 8828 7581
8580 8583 8766 7747
8535 8340 8778 7821
8595 8373 8920 7600
8465 8315 8833 7800
8580 8217 8943 7688
8631 8464 8791 7795
8502 8433 8671 7932
8552 8491 8795 7783
8379 8550 8880 7631
8731 8423 8683 7652
8572 8490 8774 7760
8652 8474 8743 7669
8527 8390 8862 7711
8676 8486 8710 7525
8334 8478 8830 7807
8790 8412 8809 7701
8703 8548 8522 7754
8649 8486 8817 7680
8594 8423 8729 7857
8689 8426 8758 7778
8635 8441 8847 7721
8699 8427 8669 7792
8559 8376 8866 7686
8731 8322 8722 7770
8479 8297 8886 7852
8580 8217 8943 7688
8633 8305 8907 7795
8655 8376 8629 7797
8664 8524 8728 7658
8686 8548 8689 7661
8618 8501 8644 7681
8641 8254 8909 7630
8790 8412 8809 7701
8447 8471 8804 7687
8584 8579 8741 7719
8479 8297 8886 7852
8397 8483 8867 7610
8721 8178 8646 7853
8731 8322 8722 7770
8580 8583 8766 7747
8685 8489 8599 7779
8657 8476 8642 7767
8502 8433 8671 7932
8784 8441 8631 7677
8784 8441 8631 7677
8631 8464 8791 7795
8641 8254 8909 7630
8747 8390 8462 7695
8566 8536 8129 7512
8546 8411 8618 7841
8479 8195 8793 7725
8463 8385 8895 7294
8409 8633 8667 7566
8372 8272 8922 7682
8261 8464 8744 7805
8737 8326 8448 7719
8629 8492 8599 7484
8264 8339 8798 7688
8486 8555 8742 7636
8423 8291 8768 7763
8528 8503 8792 7585
8485 8264 8794 7714
8608 8450 8733 7598
8672 8461 8709 7543
8626 8417 8826 7662
8652 8534 8515 7611
8652 8319 8534 7747
8705 8327 8683 7654
8481 8279 8844 7711
8572 8465 8544 7798
8646 8485 8634 7629
8651 8437 8502 7690
8693 8386 8584 7656
8581 8362 8494 7708
8529 8367 8724 7790
8552 8455 8687 7573
8686 8374 8793 7518
8475 8377 8750 7810
8530 8550 8541 7500
8705 8303 8754 7562
8733 8323 8607 7708
8536 8537 8741 7556
8635 8452 8642 7630
8666 8485 8608 7504
8653 8377 8758 7608
8420 8297 8832 7807
8619 8501 8624 7707
8561 8370 8794 7676
8539 8351 8750 7719
8574 8492 8669 7631
8690 8462 8493 7629
8549 8498 8752 7698
8719 8269 8598 7669
8653 8196 8486 7700
8530 8500 8615 7589
8511 8349 8610 7832
8484 8294 8807 7656
8415 8090 8694 7727
8311 8361 8807 7584
8303 8299 8681 7810
8539 8316 8580 7799
8527 8337 8531 7729
8611 8408 8772 7638
8600 8496 8527 7626
8623 8361 8697 7640
8624 8281 8777 7609
8541 8430 8645 7655
8495 8434 8678 7679
8459 8475 8681 7671
8514 8455 8622 7673
8511 8355 8650 7720
8561 8194 8526 7427
8540 8249 8741 7624
8508 8057 8565 7719
8478 8498 8585 7515
8476 8247 8421 7759
8332 8225 8533 7700
8501 8297 8645 7550
8373 8273 8605 7593
8451 8338 8461 7726
8469 8394 8577 7626
8462 8332 8475 7698
8557 8205 8510 7463
8516 8322 8580 7589
8553 8388 8515 7600
8480 8222 8516 7702
8528 8295 8502 7520
8513 8332 8422 7455
8470 8201 8615 7534
8380 8125 8417 7594
8419 8211 8576 7566
8444 8328 8473 7500
8442 8175 8605 7392
8351 8083 8436 7528
8320 8059 8234 7415
7659 7440 7997 6940
9161 8386 8427 7329
9020 8578 8423 7159
8929 8608 8154 7368
8614 7958 8762 8086
8484 8915 8784 7505
8446 8253 8798 8191
7894 8098 9252 7606
7894 8098 9252 7606
8561 8833 8764 7464
8916 8747 8335 7314
8020 8432 8987 7973
9019 8560 8265 7270
8908 8442 8678 7210
8892 8667 8634 7197
8183 8050 9136 7957
8942 8648 8192 7363
8345 8150 9018 8059
9046 8504 8525 7237
9111 8400 8512 7248
8161 8291 8968 8046
8985 8527 8611 7276
8806 8699 8420 7578
7979 8102 9209 7793
8867 8516 8588 7475
8795 8689 8459 7540
8105 8322 9007 7964
9010 8408 8477 7295
8636 8789 8522 7496
8833 8709 8386 7385
8471 8805 8630 7720
8733 8770 8532 7621
8139 8132 8867 8170
8847 8694 8482 7168
8092 8192 9185 7861
9098 8291 8286 7430
8215 8017 9063 7994
9090 8388 8465 7381
8257 8178 9207 7861
8353 8288 8825 8132
8138 8331 9082 7918
8083 8128 9051 8024
9026 8359 8393 7564
8826 8475 8541 7558
8286 8487 8808 7947
8144 8273 9115 7809
8785 8715 8504 7483
8234 8827 8274 7507
8354 8124 9140 7759
8419 8132 9035 7922
8199 8292 9170 7713
8274 8813 8680 7666
8083 8004 9217 7609
8886 8609 8398 7613
8315 8080 8897 8103
8953 8472 8558 7512
8407 8113 8947 8078
8306 8348 8915 8111
8745 8724 8575 7332
8624 8727 8570 7446
8981 8574 8308 7433
8858 8410 8724 7407
9043 8460 8365 7437
8050 8735 8843 7384
8215 8240 9168 7931
9161 8386 8427 7329
8739 8369 8363 7930
8942 8648 8192 7363
8693 8555 8788 7354
8829 8630 8512 7405
8491 8761 8741 7520
8664 8403 8727 7833
8183 8015 9124 8010
8775 8161 8487 7998
7979 8102 9209 7793
8765 8265 8687 7795
8330 8247 8914 7980
8521 8390 8856 7774
8495 8209 9130 7848
8568 8598 8767 7745
8230 8158 8898 8125
8783 8218 8615 7860
8978 8306 8552 7432
8062 8344 9101 7882
8899 8687 8472 7589
8532 8338 8937 7871
8507 8545 8840 7734
8762 8265 8707 7646
8083 8004 9217 7609
8710 8679 8711 7819
8538 8260 8961 7894
8584 8326 8880 7694
8603 8230 8906 7629
8701 8697 8650 7726
8690 8609 8789 7633
8698 8199 8792 7871
8488 8089 8941 8015
8658 8455 8797 7645
8364 8243 9102 7888
8637 8292 8650 7841
8613 8172 8811 7986
8754 8570 8596 7691
8539 8495 8737 7897
8587 8077 8944 7724
8641 8499 8744 7678
8587 8426 8813 7768
8073 8403 8857 8006
8734 8500 8782 7534
8429 8340 9064 7726
8374 8373 8966 7863
8419 8485 8920 7852
8222 8326 9097 7854
8392 8600 8886 7613
8592 8397 8801 7915
8374 8310 9011 7729
8398 8503 8830 7747
8715 8475 8907 7602
8502 8458 8889 7837
8488 8643 8714 7646
8604 8374 8843 7764
8643 8535 8740 7689
8660 8165 8873 7814
8579 8334 8837 7802
8652 8469 8789 7768
8269 8570 8864 7655
8734 8114 8773 7782
8557 8380 8832 7908
8437 8380 8910 7687
8548 8402 8723 7854
8752 8314 8712 7591
8513 8502 8749 7810
8410 8502 8736 7859
8420 8622 8768 7598
8365 8565 8906 7853
8420 8622 8768 7598
8435 8428 8918 7734
8553 8253 8910 7610
8594 8384 8756 7802
8454 8602 8740 7725
8642 8240 8822 7763
8623 8302 8837 7822
8623 8302 8837 7822
8269 8570 8864 7655
8564 8565 8825 7746
8453 8319 8874 7909
8734 8114 8773 7782
8453 8319 8874 7909
8594 8384 8756 7802
8587 8077 8944 7724
8454 8602 8740 7725
8702 8448 8655 7490
8674 8014 8475 7649
8665 8650 8528 7593
8582 8381 8396 7774
8493 8174 8919 7847
8419 8163 8748 7904
8155 8514 8745 7711
8696 8147 8441 7677
8348 8487 8894 7595
8377 8552 8879 7545
8628 8621 8685 7731
8574 8249 8831 7822
8658 8323 8616 7572
8700 8531 8572 7614
8394 8330 8774 7898
8432 8300 8918 7741
8584 8404 8655 7754
8477 8457 8802 7626
8535 8395 8729 7769
8479 8467 8603 7773
8565 8432 8658 7806
8577 8533 8718 7660
8651 8349 8703 7824
8554 8500 8815 7608
8508 8342 8847 7745
8405 8320 8866 7593
8394 8364 8807 7863
8379 8379 8695 7874
8557 8416 8673 7807
8563 8296 8812 7722
8517 8349 8836 7723
8348 8487 8894 7595
8413 8455 8862 7757
8380 8419 8879 7824
8349 8506 8799 7745
8557 8375 8798 7821
8418 8453 8740 7720
8491 8399 8863 7734
8408 8435 8807 7820
8583 8437 8706 7744
8644 8263 8694 7694
8626 8505 8559 7622
8574 8487 8620 7442
8567 8616 8630 7639
8385 8167 8901 7791
8162 8209 8645 7877
8032 8229 8821 7692
8463 8536 8639 7643
8257 8480 8778 7693
8479 8285 8782 7546
8307 8172 8754 7841
8532 8239 8825 7680
8560 8229 8708 7563
8508 8398 8656 7632
8554 8344 8580 7731
8339 8391 8687 7602
8354 8369 8801 7679
8592 8176 8665 7817
8532 8326 8701 7754
8519 8221 8793 7772
8305 8336 8815 7789
8466 8515 8633 7725
8547 8385 8671 7698
8508 8281 8769 7789
8373 8337 8679 7747
8566 8337 8662 7818
8473 8356 8644 7750
8486 8336 8673 7751
8557 8014 8696 7451
8501 8288 8449 7584
8425 8525 8584 7595
8384 8222 8624 7817
8379 8073 8821 7654
8197 8141 8773 7677
8237 8408 8600 7661
8510 8180 8775 7525
8323 8326 8605 7786
8348 8183 8753 7775
8422 8245 8687 7554
8450 8322 8537 7655
8374 8184 8714 7470
8508 8197 8589 7597
8468 8235 8675 7722
8438 8339 8551 7480
8442 8299 8582 7749
8381 8382 8557 7700
8374 8345 8652 7666
8494 8273 8659 7789
8503 8156 8560 7729
8453 8174 8619 7794
8424 8289 8666 7592
8454 7984 8517 7754
8388 8477 8564 7588
8328 8236 8631 7473
8327 8156 8689 7756
8155 8325 8568 7713
8350 8094 8520 7657
8401 8467 8533 7551
8443 8191 8634 7526
8434 8254 8577 7562
8380 8101 8332 7371
8322 8103 8511 7507
8298 8161 8526 7430
