337 10.5326
17395 15513
15412 17354
14034 17028
15180 16877
16351 16801
15830 16890
14301 16583
15771 16520
15411 16490
15642 15034
16547 16144
15808 16904
15838 15362
14810 16834
16958 16384
15937 16689
16450 16173
16028 17033
16570 17315
16243 16952
16548 15611
16594 16328
16255 17276
15963 16505
17093 16248
14113 17063
16506 15461
15608 16285
13811 15846
17210 16001
14950 16685
16683 16008
14587 16784
16687 14842
15688 16596
15692 16864
17465 15777
15237 15109
17057 15646
16591 15722
15278 16999
15433 15728
15659 16022
15714 16928
16918 15284
16945 16977
16249 16700
13502 15140
15323 16873
16984 16555
16198 16008
16304 16416
15279 16282
16874 16233
15498 16786
16870 15050
16230 17374
16959 16491
16479 16825
16348 17247
16246 15077
16740 17183
17236 15887
16314 15919
15165 16646
17444 16155
17279 15934
16635 14690
15706 16726
17071 15650
16886 15522
16073 15027
15890 16139
13956 16694
16273 16183
17414 16807
15152 16693
13756 16551
16319 15804
15494 16951
16443 16306
14789 15140
15531 15404
15865 15135
15795 16024
16790 15196
17053 15278
16968 15463
15933 15673
14973 16969
16857 16346
15281 16833
16370 16289
15547 17019
16915 16362
17094 15304
17043 16672
16065 16882
15415 15579
15661 15501
14863 17024
15768 16360
15072 17374
15494 17053
16165 15360
14748 17209
16058 16304
15074 16785
16559 15266
17262 16060
15172 16678
16375 16119
15548 15243
14094 16943
15056 16954
14081 14342
14084 16649
16730 15072
16730 15812
16183 16180
16705 16346
15402 15830
15383 15940
16230 16767
16002 15178
15743 15031
16847 15982
15241 16082
15773 16408
15496 16999
15498 14692
17100 15421
17031 14619
17065 15478
16784 15460
16310 16393
14859 16932
15359 16665
16603 17059
15343 16490
16262 16186
16259 14793
15700 16224
16953 15990
16746 14465
17099 17043
14916 17327
14966 16949
16196 16057
16143 17391
16077 14271
16848 15936
16907 16638
16143 16860
14805 17044
16203 15408
14725 16889
14275 16277
15240 16330
14769 16691
16728 15466
15728 16350
15743 16413
16516 15944
15918 16660
15189 16422
15886 15883
16340 15919
16792 15979
16614 17015
17309 16117
16235 16149
16704 15174
17219 15842
15860 15216
14925 17119
15987 16232
15582 15859
15533 16131
13551 16727
15730 17128
14407 16924
16138 16237
16376 15755
15030 16391
15530 15941
15464 16896
16847 16128
16243 16205
16610 16056
16195 16810
15093 15623
15057 16907
16749 15593
16306 14533
15867 16286
17192 16287
14102 15966
16363 14730
16247 17505
14948 15993
16611 15155
16745 15049
15752 17255
15814 16247
15640 17420
14673 16640
14676 16681
16405 15364
14304 16804
15740 15639
16744 16923
15813 16146
15984 17323
15374 17228
15948 16423
16507 16485
16366 16463
16279 16983
15396 16894
15480 16846
16180 16274
17193 16573
16947 15478
16394 15299
14334 16857
16194 15730
16226 15320
14297 16642
15512 17477
15360 16316
15535 15978
14648 16393
15264 16528
17017 16714
16133 16221
15965 16880
14258 16881
17302 16059
15929 15824
16534 13716
16528 16681
16067 16289
15914 16004
17100 16504
16870 15966
15735 13622
15150 17036
16397 16793
14552 15121
14953 16471
15903 16392
16976 16313
16593 16324
15471 16456
17013 16104
15848 16456
16505 16487
15799 15158
16591 15659
15440 16712
15610 16372
15608 16504
14783 16988
16441 16326
16212 15375
16928 16668
16352 16181
16424 15880
16255 16587
16219 15415
14985 15914
16269 16091
14707 17464
14998 17178
14555 16503
16656 15933
14834 16384
16352 16587
16652 15822
16512 15876
16016 15898
16312 13959
15431 16218
16028 16395
17183 15379
16477 15199
15405 16119
16605 15543
14542 16980
15760 15535
16590 15521
16957 15192
16700 16256
17454 15679
14336 17146
16133 16247
15261 16379
17397 15964
14794 17043
