40 2.28564
16237 15524 15043 15189
16110 15853 14713 15114
15962 15178 15911 15392
15662 16039 16167 14666
15401 15932 16160 15982
15312 15700 16339 15055
14805 16388 15881 15112
14805 16388 15881 15112
16214 15509 15184 15190
15725 15637 15980 15892
16110 15853 14713 15114
15425 15687 15015 15661
15107 16344 15796 15419
15425 15687 15015 15661
15962 15178 15911 15392
15580 15343 15995 15574
14998 16001 15400 15575
16067 15719 15285 15410
15635 15783 15113 15621
15397 16058 16092 14786
15813 15681 16213 14814
15740 15332 15681 15476
15681 16184 15482 15299
15867 16135 15680 15476
15664 15626 16049 15219
15367 15529 16259 15222
15419 16149 16086 14987
16072 15516 15622 14794
15705 15836 15112 15582
15525 15544 16271 15183
15796 15908 15908 15167
15210 16248 16153 15085
16009 15866 15694 15315
15662 16039 16167 14666
15256 15931 16206 14876
15631 16273 15381 15506
15755 16156 16027 15282
14998 16001 15400 15575
15633 15873 15784 15340
15524 15865 16189 14891
15774 16068 15963 15298
15582 15716 15354 15532
15312 15700 16339 15055
15879 16008 15396 15015
15560 15826 15862 15313
15950 15513 15508 15528
15931 15851 15745 15095
15663 16226 15763 15517
15619 16320 15434 14878
15338 16110 16104 14855
15337 15898 16271 14903
15877 15950 15845 14992
15624 15814 15878 15457
15916 15938 15308 15060
15664 15530 16027 15567
15619 16320 15434 14878
15646 16262 15571 14865
15646 16262 15571 14865
15591 15846 16315 14837
15338 16110 16104 14855
15210 16248 16153 15085
15337 15898 16271 14903
15591 15846 16315 14837
15880 15758 15794 14861
15916 15938 15308 15060
15877 15950 15845 14992
15777 16237 15751 15197
15880 15758 15794 14861
15770 16246 15801 15288
15624 15814 15878 15457
15953 15684 16044 15317
15740 15332 15681 15476
15770 16246 15801 15288
15525 15544 16271 15183
15524 15865 16189 14891
15777 16237 15751 15197
15953 15684 16044 15317
15916 15938 15308 15060
15777 16237 15751 15197
15740 15332 15681 15476
15646 16262 15571 14865
15646 16262 15571 14865
15624 15814 15878 15457
15624 15814 15878 15457
15591 15846 16315 14837
15591 15846 16315 14837
15525 15544 16271 15183
15525 15544 16271 15183
15525 15544 16271 15183
15337 15898 16271 14903
15337 15898 16271 14903
15210 16248 16153 15085
15210 16248 16153 15085
16234 15056 15003 14706
16144 15517 14699 14971
15706 15660 15960 14412
15362 15828 15250 15784
14989 16224 15694 14580
14837 14979 16191 14599
14509 15921 16044 15230
15849 16055 14986 15082
15549 16137 15582 14923
14762 15590 16145 15208
15704 16064 15045 14796
15904 15773 14771 15124
14989 16224 15694 14580
15896 15138 15378 15454
15080 16221 15629 15242
16234 15056 15003 14706
15411 15854 16012 15102
15994 15277 15634 15060
15513 16105 15813 15171
16049 15425 15274 15404
15373 15613 15499 15661
15305 16037 15535 15377
14935 15783 15932 15268
16005 15551 14731 14688
15589 16132 15363 15511
15551 15397 15647 15628
15889 15754 15730 14850
15984 15646 15135 15150
15714 15937 15898 15198
15588 15302 15154 15542
15396 15646 15431 15713
15121 15917 15601 15448
16144 15517 14699 14971
15810 15943 15024 15044
15909 15640 15308 14977
15299 15065 16006 15670
15894 15351 15319 15442
14762 15590 16145 15208
15640 15936 15726 15316
15408 16111 16012 14891
15166 15815 15877 15587
15325 15998 15506 15382
15889 15687 15282 15329
15187 15836 15842 15332
14929 15844 15780 15357
15798 15936 15632 15436
15235 15698 16018 15697
15896 15138 15378 15454
15589 15579 15684 15418
15651 15963 15507 15497
15578 15730 15656 15483
15318 15455 16002 15393
15155 15347 16041 15518
15902 15489 14748 15298
15691 16011 15199 15474
15942 15580 16026 15254
15824 15897 15178 15219
15701 15631 15913 15164
14871 15725 15889 15553
16025 15482 15137 15331
15704 15951 15440 15358
15242 15335 16109 15116
15541 15432 15892 15536
15524 15965 15642 15356
15675 15707 15973 14584
15257 15743 15782 15337
15407 15595 15714 15741
15892 15839 15078 15068
14833 15588 16072 15151
16005 15551 14731 14688
14871 15725 15889 15553
16012 15492 15269 15016
15283 15908 16052 15254
15275 15533 15812 15468
15166 15815 15877 15587
15824 15897 15178 15219
15242 15335 16109 15116
15022 15771 15969 15463
15849 16055 14986 15082
16012 15492 15269 15016
15251 15768 15743 15613
15022 15823 15803 15450
15251 15768 15743 15613
14833 15588 16072 15151
15691 16011 15199 15474
15994 15277 15634 15060
15068 15709 15994 15345
15247 15638 15989 15396
15208 15505 16060 15483
15294 16091 16015 15261
15068 15709 15994 15345
15407 15595 15714 15741
15892 15839 15078 15068
15864 15768 15634 15255
15383 15531 16065 15277
15208 15505 16060 15483
15240 15777 15712 15440
15383 15531 16065 15277
15552 15836 15646 15438
15904 15773 14771 15124
15022 15823 15803 15450
15294 16091 16015 15261
15299 15065 16006 15670
15704 15951 15440 15358
16005 15551 14731 14688
16005 15551 14731 14688
16005 15551 14731 14688
16005 15551 14731 14688
15896 15138 15378 15454
15896 15138 15378 15454
15208 15505 16060 15483
15068 15709 15994 15345
15068 15709 15994 15345
14871 15725 15889 15553
14762 15590 16145 15208
14762 15590 16145 15208
16015 15122 14912 14114
16015 15122 14912 14114
15710 15738 14393 15332
15490 16053 15578 14947
15337 15259 16025 15136
14842 15789 15158 15742
14670 15774 15935 15190
15545 15584 15808 14711
14962 15395 14909 15570
15710 15738 14393 15332
15332 15689 15040 15454
15271 15620 15506 15365
15043 15919 15595 14732
15318 15932 15228 15320
15923 15167 15628 14936
15671 15797 15298 14983
15763 15541 15551 15099
15454 15863 15892 15179
15288 15650 15205 15565
15699 15430 15904 14778
15659 15834 15677 15160
15499 15140 15588 15600
15533 15464 15660 15229
15771 15183 15771 15166
14822 15550 15917 15595
15832 15719 15456 15244
15627 15550 15971 15007
14992 15439 15855 15195
14924 15766 15881 15347
15963 15306 15114 14728
15856 15759 15449 14988
15963 15306 15114 14728
15771 15377 15516 15301
14842 15789 15158 15742
15566 15741 15780 14771
15563 15572 15519 15444
15735 15589 15410 15345
15790 15796 15415 15016
15796 15862 15223 15224
15779 15593 15174 15385
15707 15917 15226 15315
15925 15546 15194 15101
15783 15173 15139 15287
15491 15609 15608 15381
15537 15779 15577 15290
15735 15589 15410 15345
15735 15589 15410 15345
15735 15589 15410 15345
15735 15589 15410 15345
15710 15738 14393 15332
15806 15439 14617 15199
15757 15194 15445 15276
15434 15870 15458 14874
15256 15610 15862 14626
14734 15678 15581 15208
15708 15814 15097 14993
15562 15731 15625 15148
14995 15468 15659 15033
15730 15533 14887 14848
15156 15628 15709 14767
15653 15848 15225 14910
15453 15233 15360 15264
15744 15365 15344 14900
15399 15646 15267 15227
14977 15692 15344 15165
15256 15707 15831 14764
14984 15859 14695 15269
15423 15624 15845 14754
15440 15608 14906 15264
15424 15596 15474 15209
15684 15656 15439 15189
15215 15622 15655 15164
15644 15121 15246 14525
15635 15324 14831 14870
15295 14938 14924 15180
14904 15694 15271 14840
14860 15012 15642 14425
15265 15483 15594 15020
15448 15682 15406 15000
15569 15365 15245 15144
15635 15679 15081 14844
15532 15687 15134 14511
15571 15334 15398 14889
15543 15210 15161 14849
15384 15303 15031 15024
15242 15391 15133 14917
14995 15363 15308 14981
15121 15153 14989 14970
15102 15277 14967 14461
14960 14925 14985 14827
14842 15168 14748 14312
16142 15764 15643 14863
16142 15764 15643 14863
15880 15755 15059 15621
15483 15021 16190 15614
15467 16501 15688 15699
15307 15456 15394 16123
15085 15578 15932 15753
15145 15387 16041 15835
15812 16257 15261 15466
16011 15317 15737 15449
15331 15707 15433 16094
15408 16026 15873 15990
16016 15670 15146 15520
16014 15804 15529 15113
15711 16218 15834 15214
15922 15618 15365 15302
15898 15873 15652 14884
15230 15378 15883 15413
16102 16097 15455 15230
15674 15821 15449 15986
15938 15759 15750 15280
16038 15846 15612 14996
15582 16253 15482 15493
15491 15527 15707 15711
15307 15456 15394 16123
16009 15815 15983 15011
15625 16118 15570 15520
16046 15397 15700 15044
15731 15816 16096 15363
16112 15901 15303 15427
15495 15768 16010 15393
15873 15926 15335 15565
15552 15827 15962 15409
15880 15755 15059 15621
15415 15460 16150 15412
15522 15945 15533 15653
15739 15751 15779 15209
15427 15933 15797 15612
15638 15785 15753 15526
15617 15407 15741 15641
15853 15561 15864 15457
15727 16070 15725 15026
15817 16067 15775 15361
15221 15692 15938 15416
15694 15460 15545 15808
15794 15878 15545 15369
15469 16043 15403 15694
16023 15918 15569 15014
15748 15733 15573 15480
15635 15380 15579 15544
15525 15853 15807 15473
15694 15460 15545 15808
15511 16042 15289 15564
15597 15672 15602 15595
15794 15878 15545 15369
15597 15672 15602 15595
15569 15437 15869 15664
15221 15692 15938 15416
15481 15657 15616 15531
15481 15657 15616 15531
15853 15561 15864 15457
15817 16067 15775 15361
15569 15437 15869 15664
16046 15397 15700 15044
15471 15608 15801 15678
15896 15687 15540 15431
15748 15733 15573 15480
15471 15608 15801 15678
15674 15821 15449 15986
15739 15751 15779 15209
15511 16042 15289 15564
15896 15687 15540 15431
15525 15853 15807 15473
16046 15397 15700 15044
15896 15687 15540 15431
15896 15687 15540 15431
15794 15878 15545 15369
15794 15878 15545 15369
15569 15437 15869 15664
15525 15853 15807 15473
15974 15157 15729 15042
15601 15192 15834 14761
15517 15830 14789 15449
15381 14897 15665 15686
15335 15453 16094 15085
15283 16463 15647 15281
15069 14962 15506 15943
14690 15348 15898 15395
15136 15903 15500 15813
15287 16202 15417 15651
15582 15949 15368 14849
15252 15715 15331 15938
15374 15466 15953 15023
15633 15609 15035 15615
15597 15769 14892 15491
15346 16172 15205 15423
14793 16046 15590 15459
15439 15094 15654 15498
14977 15685 15938 15129
15200 16010 15781 15566
15070 15668 15975 15087
15320 14929 16074 15596
15935 15799 15278 15407
15441 15136 15738 15346
15706 15766 15522 15066
14690 15348 15898 15395
15713 15853 15167 15412
15829 15334 15569 15222
15667 15690 15625 15266
15907 15891 15436 15148
15762 15506 15640 15433
15683 15911 15320 15388
15030 16051 15627 15439
15517 15830 14789 15449
14793 16046 15590 15459
15529 15207 15607 15457
15839 15826 14965 15211
15911 15868 15173 15165
15839 15826 14965 15211
15451 15304 15380 15563
15578 16032 15027 15109
15096 15568 15653 15726
15680 15658 15824 15119
15549 15484 15578 15531
15735 15585 15499 15204
15051 15345 15578 15732
15278 15947 15692 15466
15385 15401 15871 15627
15301 16090 15405 15162
15391 15683 15797 15352
15424 15389 15398 15767
14977 15685 15938 15129
15341 15882 15855 15664
15359 15711 15703 15283
15612 15280 15498 15596
15927 15725 15684 15081
15409 15600 15473 15640
15406 15443 15580 15653
15747 15396 15299 15554
15508 15358 15377 15689
15399 15560 15297 15714
15474 15745 15932 15229
15301 16090 15405 15162
15719 15533 15626 15432
15424 15389 15398 15767
15474 15745 15932 15229
15497 15520 15376 15598
15348 15846 15771 14809
15536 15735 15301 15489
15561 15565 15865 15294
15626 15981 15811 14788
15511 16011 15438 15023
15432 15837 15010 15610
15348 15846 15771 14809
15626 15981 15811 14788
15320 14929 16074 15596
15409 15797 15457 15688
15432 15849 15455 15304
15934 15265 15364 15397
15069 14962 15506 15943
15385 15866 15726 15216
15544 15889 15354 15349
15429 15473 15375 15683
15480 15733 15514 15297
15366 15798 15362 15710
15478 15598 15693 15444
15538 15972 15665 15085
15829 15334 15569 15222
15713 15853 15167 15412
15381 14897 15665 15686
15401 15849 15667 15396
15432 15837 15010 15610
15934 15265 15364 15397
15432 15849 15455 15304
15934 15265 15364 15397
15839 15826 14965 15211
15626 15981 15811 14788
15626 15981 15811 14788
15381 14897 15665 15686
14690 15348 15898 15395
15908 15705 15427 15038
15340 15698 14907 15532
15334 15644 15852 15345
15225 15947 15708 14733
15163 16238 15307 14765
15099 15133 15290 15773
14998 15613 15112 15842
14715 15251 15277 15816
15593 15436 15000 15365
15762 15640 15036 15221
14944 16199 15197 15179
14961 15751 15369 15629
15491 15836 15246 14913
14715 15251 15277 15816
15675 15860 15359 14878
15089 15870 15703 15078
15241 16081 15543 14919
15635 15551 15556 15113
15613 15595 15254 15193
15908 15705 15427 15038
15308 15226 15577 15401
15434 15240 15498 15505
15731 15777 15353 14981
14835 15817 15506 15562
15452 15694 15457 15283
15370 15669 15684 15146
15682 15308 15214 15450
15374 15488 15756 15173
15346 15734 15747 14997
15234 15188 15268 15788
15193 15323 15619 15576
14998 15613 15112 15842
15163 16238 15307 14765
14835 15817 15506 15562
15029 15781 15822 15604
15225 15947 15708 14733
15282 15801 15640 15447
15656 15514 15289 15126
15059 15710 15780 15289
15461 15367 15059 15581
15337 15737 15642 15395
15236 15983 15613 15049
15179 15996 15470 15531
15638 15663 15215 15314
15718 15814 15368 15023
14896 16212 15415 15163
15324 15861 15390 15600
15479 15533 15374 15283
15467 15376 15629 15340
15344 15384 15545 15507
15244 16055 15293 15311
15755 15648 15064 15159
15473 15238 15598 15072
15283 15156 15641 15518
15244 16055 15293 15311
15241 16081 15543 14919
15220 15717 15690 15464
15386 15716 15215 15512
15381 15835 15461 15294
15287 15797 15840 15035
15287 15854 15812 15029
15681 15214 15278 15507
14896 16212 15415 15163
14906 15784 15780 15591
15179 15996 15470 15531
14906 15784 15780 15591
15457 15859 15287 15064
15731 15777 15353 14981
15220 15717 15690 15464
15755 15648 15064 15159
15287 15854 15812 15029
15287 15854 15812 15029
15241 16081 15543 14919
15241 16081 15543 14919
15225 15947 15708 14733
15163 16238 15307 14765
15163 16238 15307 14765
14896 16212 15415 15163
15550 15640 15194 15022
15491 15536 14875 15302
15332 15543 15840 15076
15306 15661 15369 15587
15303 14848 15797 15264
15114 16055 15312 14688
14770 15655 15403 15569
15082 15859 15202 15460
14824 15575 15606 15361
15130 15770 15790 14912
15415 15617 14991 15115
15245 15232 15395 15417
15265 15410 15745 15286
15149 15857 15016 15432
15207 15508 15555 15237
15129 15720 15266 15218
15385 15585 15118 15440
14800 15337 15384 15405
15549 15455 15486 15039
15371 15277 15312 15329
15546 15458 15228 15068
15236 15625 15538 15383
15406 15690 15324 15265
15324 15746 15200 15445
15470 15055 15456 14957
15310 15667 15301 14781
15191 15555 15538 15339
15088 15659 15357 14761
14465 15273 14633 15582
15322 15387 15044 15211
15239 15535 15474 14849
15317 15356 15190 14875
15235 15300 15434 15380
15308 15628 15275 15228
15146 15593 15376 15364
15232 15612 15534 15281
15193 14703 15232 15051
15164 15582 15176 15171
15080 15208 15113 15269
14793 15352 15113 15222
14702 15166 15244 14806
14625 15151 15129 14928
16183 15764 15661 15046
15939 15852 15569 14821
15611 14967 15194 16114
15373 15507 15111 15977
15171 15309 16470 15115
15050 16202 16047 15355
15562 15123 16206 15741
15586 16037 15876 15171
15913 15252 16070 15385
15475 15791 16108 15670
15827 15860 16381 15509
16088 15255 15573 15327
15865 15675 15689 15635
15797 15816 16051 15933
15559 15942 15436 15604
16040 15365 15781 15757
16021 15469 15886 14902
15812 15434 16372 15718
15545 15541 16195 15557
15875 15609 15613 15238
15802 15413 15944 15887
15829 15562 15767 14909
15963 16006 15479 15577
15170 15606 15879 16062
15802 15413 15944 15887
15166 15824 15601 15726
15879 15845 15679 15201
15421 15985 15779 15554
15559 15942 15436 15604
15963 16006 15479 15577
15829 15562 15767 14909
16040 15365 15781 15757
15879 15579 15610 15596
15421 15985 15779 15554
15166 15824 15601 15726
16040 15365 15781 15757
15963 16006 15479 15577
15829 15562 15767 14909
15802 15413 15944 15887
15559 15942 15436 15604
15166 15824 15601 15726
16157 15192 15199 14667
15689 14820 15271 15801
15600 15800 15656 14574
15575 15079 14969 15778
15417 15958 15475 15553
15313 15428 16348 15355
15200 15807 15837 15930
14870 15457 16000 15740
14955 15732 15998 15389
16041 14879 15123 14853
15826 15443 15737 14978
16157 15192 15199 14667
15963 15795 15261 15260
15499 15857 15283 15195
15383 15928 15632 15324
15774 15334 16009 14724
15570 15184 15415 15817
15746 15662 15605 15481
15905 15580 15442 15562
15524 15516 15185 15712
15495 15400 15025 15882
15676 15225 15658 15685
15209 15397 15957 15746
16012 15296 15664 15520
15355 15156 16234 14919
15431 15850 15562 15392
15347 15028 15666 15625
15673 15716 15347 15585
15825 15358 15634 15129
15714 15631 15918 15546
16041 14879 15123 14853
15667 14937 16096 15544
14870 15457 16000 15740
15284 15337 15656 15627
15688 15361 15967 15451
15627 15663 15725 15609
15294 15512 16043 15299
15361 15335 16154 15325
15330 15132 15793 15567
15822 15520 15843 14825
15722 15792 15784 15571
15921 15317 15501 15398
15355 15156 16234 14919
15474 15776 16119 14937
15775 15556 15684 15467
15596 15749 15823 15228
15340 15037 15488 15826
15667 14937 16096 15544
15668 15480 15997 15077
15590 15613 15999 15532
15575 15079 14969 15778
15523 14877 16216 15620
15689 14820 15271 15801
15271 15483 16059 15176
15508 15276 15568 15611
15404 15268 15270 15926
15292 15797 15875 15247
15822 15520 15843 14825
15417 15958 15475 15553
15722 15252 16031 15339
15506 15248 14999 15736
15760 15331 15339 15623
15239 15320 16200 15564
15607 15332 16036 15026
15813 15701 15693 15304
15920 15764 15429 15525
15807 15555 15892 15411
15474 15776 16119 14937
15601 15750 16094 15163
15495 15400 15025 15882
15807 15555 15892 15411
15271 15483 16059 15176
15646 15108 15728 15611
15239 15320 16200 15564
15322 15574 15439 15738
15456 15688 15657 15617
15668 15480 15997 15077
15424 15450 15422 15865
15695 15544 15913 15559
15607 15332 16036 15026
15646 15108 15728 15611
16031 15332 15725 15231
15812 15730 15972 15377
15921 15317 15501 15398
15340 15037 15488 15826
15695 15544 15913 15559
15812 15730 15972 15377
15424 15450 15422 15865
15456 15688 15657 15617
15601 15750 16094 15163
15506 15248 14999 15736
15813 15701 15693 15304
15404 15268 15270 15926
15760 15331 15339 15623
15523 14877 16216 15620
15822 15520 15843 14825
15822 15520 15843 14825
15822 15520 15843 14825
15667 14937 16096 15544
15607 15332 16036 15026
15495 15400 15025 15882
15474 15776 16119 14937
15474 15776 16119 14937
15456 15688 15657 15617
15417 15958 15475 15553
15404 15268 15270 15926
15271 15483 16059 15176
15271 15483 16059 15176
15271 15483 16059 15176
15271 15483 16059 15176
15984 15156 15486 14791
15951 15480 15003 14939
15928 14684 15190 15220
15618 15787 15567 15389
15547 15304 16047 14601
15198 15060 15452 15911
14616 15245 16265 15180
15049 15318 16032 15413
15370 14904 15229 15803
15928 14684 15190 15220
15368 15115 15357 15616
15112 15213 16146 15176
15244 15289 16204 14622
15828 15137 15683 14769
15339 15362 15161 15786
15866 15054 15169 15391
15546 15502 15876 14908
15653 14982 15873 15446
15286 15456 15394 15708
15781 15290 15905 15073
15547 15304 16047 14601
15487 15253 15840 15242
15053 15366 16015 15267
15333 15585 15492 15480
15640 15373 15979 14964
15672 14981 15237 15385
15753 15291 15553 15322
15799 15201 15775 15152
15826 15080 15595 15244
15348 15239 15238 15685
15151 15605 15810 15719
15198 15060 15452 15911
15743 15382 15785 15200
15422 15209 15689 15566
15380 15468 15628 15429
15228 15661 15756 15084
15530 15451 15028 15498
15325 15452 15068 15693
15244 15289 16204 14622
15573 15391 15069 15572
15451 15509 15989 15228
15341 15278 15989 15361
15639 15679 15702 15319
15854 15376 15435 15138
15934 15129 15718 15092
15951 15480 15003 14939
15638 15383 15610 15526
15761 15628 15775 15289
15352 15303 15944 15246
15469 15415 15970 14780
15984 15156 15486 14791
15328 15762 15754 15483
15190 15722 15781 15505
15390 15586 15958 15231
15646 15717 15694 15121
15450 15550 15920 15302
15686 15451 15669 15365
15189 15220 15816 15588
15209 15545 15721 15499
15523 15614 15809 14930
15159 15468 15464 15665
15194 15544 15785 15579
15575 15406 15612 15387
15388 15777 15670 15139
15159 15468 15464 15665
15350 15628 15889 15313
15470 15636 15952 14952
15158 15393 15903 15407
15450 15550 15920 15302
15686 15451 15669 15365
15368 15603 15804 15087
15856 15464 15229 15220
15189 15220 15816 15588
15348 15239 15238 15685
15534 15428 15811 15501
15573 15391 15069 15572
15328 15762 15754 15483
15646 15717 15694 15121
15339 15362 15161 15786
15470 15636 15952 14952
15523 15614 15809 14930
15525 15604 15439 15520
15534 15428 15811 15501
15525 15604 15439 15520
15575 15406 15612 15387
15547 15304 16047 14601
15882 15016 15513 14890
15383 14564 14704 15455
15328 15475 15660 14416
15243 15764 15596 14775
15115 15517 15571 15717
14581 15339 15973 15186
15083 15414 15579 15580
15810 15455 15058 15011
15246 14817 15945 15048
15205 15279 15129 15519
15243 15764 15596 14775
15824 15213 15248 15108
15311 14916 15702 15445
15261 15272 15345 15603
15745 15622 15444 15214
15308 15085 15187 15587
15291 15016 15810 15182
15705 15248 15760 15221
15566 15059 15627 15289
15462 15372 15732 15314
15230 15521 15655 15167
15548 15735 15454 15103
15617 15334 15565 15365
15427 15260 15793 15333
15357 15476 15293 15395
15604 15730 15495 15199
15363 15598 15554 15362
15310 15440 15656 14930
15115 15517 15571 15717
15255 15505 15279 15461
15476 15692 15553 15388
15488 15419 15283 15446
15476 15692 15553 15388
15115 15517 15571 15717
15881 15012 15403 14635
15369 14910 15598 15102
15187 15577 15504 15279
14976 15085 14989 15545
14938 15108 15747 14991
14914 15140 15474 15715
15108 14985 15224 15452
15648 15479 15367 14903
15521 15296 15551 15260
15236 15554 15063 15053
15478 15175 15564 14834
15256 15333 15582 14670
15007 15036 15647 15066
15676 15013 15416 15038
15451 15069 15711 14893
15463 15410 15503 15349
15347 15413 15442 15279
15211 15171 15628 15152
15272 15561 15542 15006
15462 15154 15287 15002
15435 15046 15365 15229
15137 15360 15013 14821
14855 15065 15188 15344
15456 15195 15357 15011
15457 14710 15029 14612
15419 14592 14803 15095
15365 14752 15005 15183
15165 15119 15242 14915
15398 14859 14940 14864
