41379 2281.29
23036 22472 24796 23228
23976 22179 23353 23052
23510 22046 24132 22379
23473 21388 23818 23440
23038 23214 23702 22576
22028 23037 22916 23411
22618 22080 23775 24079
22028 23037 22916 23411
22461 22536 24140 23417
23038 23214 23702 22576
23045 21503 24493 22756
23045 21503 24493 22756
23045 21503 24493 22756
23628 21731 23914 22447
22955 21952 24479 23620
23246 22162 24272 22831
23584 22560 24083 22560
23428 22329 23852 23782
23199 22465 24022 23638
23028 22507 24307 22636
23473 21388 23818 23440
23584 22560 24083 22560
22787 22799 24013 23274
23045 21503 24493 22756
23028 22507 24307 22636
23246 22162 24272 22831
23628 21731 23914 22447
23976 22179 23353 23052
22880 22493 24041 23308
23083 22619 23746 23821
23381 21991 24191 23926
23334 22090 24304 22883
23393 22656 23061 23489
23065 22652 22950 23541
23727 22296 23237 23210
22962 22461 24008 23980
22618 22080 23775 24079
22811 23158 23452 23375
23395 23140 23904 23394
23799 22526 23627 22624
23662 22869 23292 22848
23316 22969 24181 23263
23727 22296 23237 23210
22584 22864 23137 23813
23096 22400 24072 23630
23191 21787 24233 22910
23518 22208 23375 23483
22584 22864 23137 23813
23799 22526 23627 22624
23623 21872 23852 22576
23316 22969 24181 23263
23951 21943 23103 23064
23561 22385 23793 23251
23561 22385 23793 23251
23626 22793 23119 22944
23884 22033 23420 23136
22955 21952 24479 23620
22461 22536 24140 23417
22542 22739 23999 23634
23636 22047 23838 23327
23626 22793 23119 22944
23381 21991 24191 23926
23701 22131 23624 23610
23623 21872 23852 22576
23951 21943 23103 23064
23404 22392 23655 23128
22542 22739 23999 23634
23799 22526 23627 22624
23727 22296 23237 23210
23884 22033 23420 23136
23395 23140 23904 23394
23096 22400 24072 23630
23167 23200 23491 23217
22962 22461 24008 23980
22632 22844 23538 23535
22461 22536 24140 23417
23951 21943 23103 23064
23884 22033 23420 23136
22028 23037 22916 23411
23401 22610 24224 23162
23191 21787 24233 22910
22972 22695 23315 23404
23065 22652 22950 23541
22632 22844 23538 23535
23641 22709 23598 22825
23591 22767 23293 22787
22962 22461 24008 23980
23628 21731 23914 22447
23364 22643 23971 22422
23191 21787 24233 22910
23536 21994 24183 22896
23299 22464 23854 23565
22880 22493 24041 23308
22998 22501 23923 23442
23662 22869 23292 22848
23028 22507 24307 22636
23434 22157 23256 23624
23393 22656 23061 23489
23799 22526 23627 22624
23623 21872 23852 22576
23727 22296 23237 23210
23571 22478 23304 23013
23976 22179 23353 23052
23364 22643 23971 22422
22972 22695 23315 23404
23364 22643 23971 22422
23727 22296 23237 23210
23381 21991 24191 23926
23434 22157 23256 23624
23167 23200 23491 23217
22632 22844 23538 23535
23199 22465 24022 23638
23191 21787 24233 22910
23884 22033 23420 23136
23473 22344 23436 23502
23561 22385 23793 23251
22853 22691 23666 23480
22998 22501 23923 23442
23951 21943 23103 23064
23316 22969 24181 23263
23399 22601 23630 23564
22853 22691 23666 23480
23401 22610 24224 23162
23439 22163 23455 23339
22795 22645 23645 23578
23636 22047 23838 23327
23662 22869 23292 22848
22542 22739 23999 23634
23701 22131 23624 23610
23701 22131 23624 23610
23034 22479 23994 23274
23701 22131 23624 23610
23412 22565 23723 22757
22811 23158 23452 23375
23473 22344 23436 23502
22632 22844 23538 23535
23393 22656 23061 23489
22853 22691 23666 23480
23439 22163 23455 23339
22998 22501 23923 23442
23167 23200 23491 23217
23709 22305 23755 23242
23641 22709 23598 22825
23428 22329 23852 23782
23083 22619 23746 23821
22028 23037 22916 23411
22618 22080 23775 24079
23709 22305 23755 23242
23412 22565 23723 22757
23085 23170 23598 22812
22584 22864 23137 23813
23439 22163 23455 23339
22618 22080 23775 24079
22795 22645 23645 23578
23167 23200 23491 23217
23727 22296 23237 23210
23623 21872 23852 22576
23334 22090 24304 22883
23028 22507 24307 22636
22998 22501 23923 23442
23364 22643 23971 22422
23591 22767 23293 22787
23584 22560 24083 22560
22962 22461 24008 23980
23628 21731 23914 22447
22028 23037 22916 23411
23951 21943 23103 23064
23709 22305 23755 23242
23641 22709 23598 22825
22461 22536 24140 23417
23473 21388 23818 23440
23399 22601 23630 23564
23951 21943 23103 23064
22998 22501 23923 23442
23395 23140 23904 23394
23584 22560 24083 22560
23976 22179 23353 23052
23951 21943 23103 23064
23412 22565 23723 22757
23096 22400 24072 23630
23551 22632 23649 22798
23034 22479 23994 23274
23085 23170 23598 22812
23884 22033 23420 23136
22880 22493 24041 23308
22811 23158 23452 23375
23473 21388 23818 23440
23412 22565 23723 22757
23551 22632 23649 22798
22880 22493 24041 23308
22859 22710 24210 22636
23395 23140 23904 23394
23473 21388 23818 23440
23028 22507 24307 22636
23034 22479 23994 23274
23045 21503 24493 22756
23641 22709 23598 22825
22859 22710 24210 22636
22811 23158 23452 23375
23401 22610 24224 23162
22787 22799 24013 23274
23045 21503 24493 22756
23393 22656 23061 23489
22618 22080 23775 24079
23626 22793 23119 22944
23083 22619 23746 23821
23536 21994 24183 22896
23727 22296 23237 23210
23065 22652 22950 23541
23083 22619 23746 23821
23536 21994 24183 22896
23439 22163 23455 23339
23065 22652 22950 23541
23364 22643 23971 22422
23473 22344 23436 23502
23473 22344 23436 23502
23364 22643 23971 22422
23045 21503 24493 22756
23096 22400 24072 23630
23034 22479 23994 23274
23439 22163 23455 23339
23473 22344 23436 23502
23412 22565 23723 22757
23412 22565 23723 22757
23884 22033 23420 23136
23399 22601 23630 23564
23038 23214 23702 22576
23167 23200 23491 23217
23473 22344 23436 23502
23473 22344 23436 23502
22542 22739 23999 23634
23034 22479 23994 23274
23085 23170 23598 22812
23401 22610 24224 23162
22955 21952 24479 23620
22618 22080 23775 24079
23591 22767 23293 22787
22618 22080 23775 24079
22542 22739 23999 23634
22632 22844 23538 23535
23316 22969 24181 23263
23439 22163 23455 23339
23951 21943 23103 23064
23334 22090 24304 22883
23412 22565 23723 22757
23571 22478 23304 23013
22961 22651 23626 23567
22795 22645 23645 23578
23167 23200 23491 23217
23036 22472 24796 23228
23551 22632 23649 22798
23316 22969 24181 23263
23381 21991 24191 23926
23641 22709 23598 22825
23038 23214 23702 22576
23399 22601 23630 23564
22955 21952 24479 23620
22955 21952 24479 23620
23701 22131 23624 23610
23096 22400 24072 23630
22795 22645 23645 23578
23364 22643 23971 22422
23393 22656 23061 23489
23404 22392 23655 23128
23591 22767 23293 22787
23096 22400 24072 23630
22618 22080 23775 24079
23628 21731 23914 22447
23395 23140 23904 23394
23473 21388 23818 23440
22962 22461 24008 23980
23628 21731 23914 22447
23085 23170 23598 22812
22961 22651 23626 23567
23028 22507 24307 22636
23628 21731 23914 22447
22998 22501 23923 23442
23401 22610 24224 23162
23439 22163 23455 23339
23404 22392 23655 23128
23199 22465 24022 23638
23701 22131 23624 23610
23404 22392 23655 23128
22998 22501 23923 23442
23395 23140 23904 23394
23399 22601 23630 23564
22461 22536 24140 23417
23727 22296 23237 23210
23167 23200 23491 23217
22028 23037 22916 23411
23404 22392 23655 23128
22795 22645 23645 23578
23709 22305 23755 23242
23191 21787 24233 22910
23404 22392 23655 23128
23584 22560 24083 22560
23404 22392 23655 23128
23393 22656 23061 23489
22461 22536 24140 23417
23065 22652 22950 23541
23096 22400 24072 23630
22955 21952 24479 23620
22795 22645 23645 23578
23028 22507 24307 22636
23404 22392 23655 23128
23364 22643 23971 22422
23028 22507 24307 22636
22955 21952 24479 23620
22853 22691 23666 23480
23473 22344 23436 23502
22961 22651 23626 23567
23662 22869 23292 22848
22584 22864 23137 23813
23439 22163 23455 23339
22618 22080 23775 24079
23199 22465 24022 23638
22795 22645 23645 23578
23439 22163 23455 23339
23401 22610 24224 23162
23028 22507 24307 22636
23399 22601 23630 23564
23591 22767 23293 22787
23028 22507 24307 22636
23623 21872 23852 22576
23626 22793 23119 22944
23404 22392 23655 23128
23401 22610 24224 23162
23473 21388 23818 23440
22961 22651 23626 23567
23316 22969 24181 23263
23623 21872 23852 22576
23395 23140 23904 23394
23065 22652 22950 23541
23636 22047 23838 23327
23034 22479 23994 23274
23399 22601 23630 23564
23571 22478 23304 23013
22961 22651 23626 23567
23641 22709 23598 22825
23591 22767 23293 22787
22961 22651 23626 23567
23727 22296 23237 23210
23036 22472 24796 23228
22795 22645 23645 23578
22961 22651 23626 23567
23034 22479 23994 23274
23701 22131 23624 23610
22962 22461 24008 23980
23727 22296 23237 23210
23038 23214 23702 22576
23551 22632 23649 22798
22461 22536 24140 23417
22880 22493 24041 23308
23884 22033 23420 23136
22880 22493 24041 23308
22461 22536 24140 23417
22461 22536 24140 23417
23518 22208 23375 23483
23199 22465 24022 23638
23641 22709 23598 22825
23381 21991 24191 23926
22461 22536 24140 23417
23393 22656 23061 23489
22962 22461 24008 23980
22632 22844 23538 23535
23428 22329 23852 23782
23083 22619 23746 23821
22584 22864 23137 23813
23628 21731 23914 22447
23473 22344 23436 23502
23334 22090 24304 22883
22461 22536 24140 23417
23536 21994 24183 22896
23884 22033 23420 23136
23434 22157 23256 23624
23473 21388 23818 23440
23028 22507 24307 22636
22461 22536 24140 23417
22787 22799 24013 23274
23623 21872 23852 22576
23473 21388 23818 23440
22880 22493 24041 23308
23191 21787 24233 22910
23561 22385 23793 23251
23045 21503 24493 22756
22584 22864 23137 23813
22618 22080 23775 24079
22028 23037 22916 23411
23065 22652 22950 23541
23626 22793 23119 22944
23191 21787 24233 22910
23364 22643 23971 22422
23167 23200 23491 23217
22618 22080 23775 24079
22853 22691 23666 23480
23439 22163 23455 23339
22853 22691 23666 23480
23662 22869 23292 22848
23083 22619 23746 23821
23701 22131 23624 23610
23628 21731 23914 22447
22962 22461 24008 23980
23709 22305 23755 23242
23399 22601 23630 23564
23381 21991 24191 23926
22880 22493 24041 23308
22542 22739 23999 23634
23623 21872 23852 22576
22955 21952 24479 23620
22632 22844 23538 23535
23628 21731 23914 22447
23701 22131 23624 23610
22542 22739 23999 23634
23404 22392 23655 23128
23951 21943 23103 23064
23381 21991 24191 23926
23364 22643 23971 22422
22461 22536 24140 23417
23096 22400 24072 23630
23799 22526 23627 22624
23727 22296 23237 23210
22028 23037 22916 23411
23799 22526 23627 22624
23884 22033 23420 23136
23884 22033 23420 23136
23727 22296 23237 23210
23561 22385 23793 23251
23364 22643 23971 22422
23884 22033 23420 23136
22461 22536 24140 23417
22028 23037 22916 23411
23096 22400 24072 23630
23028 22507 24307 22636
22972 22695 23315 23404
23951 21943 23103 23064
23727 22296 23237 23210
22811 23158 23452 23375
22584 22864 23137 23813
22632 22844 23538 23535
22961 22651 23626 23567
22028 23037 22916 23411
23628 21731 23914 22447
23096 22400 24072 23630
23636 22047 23838 23327
22584 22864 23137 23813
23065 22652 22950 23541
23884 22033 23420 23136
23404 22392 23655 23128
23571 22478 23304 23013
23626 22793 23119 22944
22028 23037 22916 23411
22028 23037 22916 23411
23038 23214 23702 22576
23976 22179 23353 23052
23571 22478 23304 23013
23334 22090 24304 22883
23036 22472 24796 23228
23510 22046 24132 22379
23428 22329 23852 23782
23951 21943 23103 23064
23623 21872 23852 22576
22961 22651 23626 23567
23584 22560 24083 22560
23727 22296 23237 23210
22880 22493 24041 23308
23662 22869 23292 22848
23412 22565 23723 22757
23404 22392 23655 23128
23473 22344 23436 23502
23641 22709 23598 22825
22955 21952 24479 23620
22787 22799 24013 23274
23393 22656 23061 23489
23393 22656 23061 23489
22962 22461 24008 23980
23381 21991 24191 23926
23199 22465 24022 23638
23034 22479 23994 23274
22880 22493 24041 23308
23473 21388 23818 23440
23428 22329 23852 23782
23316 22969 24181 23263
22998 22501 23923 23442
23096 22400 24072 23630
23701 22131 23624 23610
23167 23200 23491 23217
23028 22507 24307 22636
23641 22709 23598 22825
23083 22619 23746 23821
22880 22493 24041 23308
23662 22869 23292 22848
23401 22610 24224 23162
22853 22691 23666 23480
22618 22080 23775 24079
23584 22560 24083 22560
23626 22793 23119 22944
23584 22560 24083 22560
23028 22507 24307 22636
23167 23200 23491 23217
22961 22651 23626 23567
23976 22179 23353 23052
23628 21731 23914 22447
23246 22162 24272 22831
23536 21994 24183 22896
23028 22507 24307 22636
23641 22709 23598 22825
22632 22844 23538 23535
23028 22507 24307 22636
23439 22163 23455 23339
23393 22656 23061 23489
23393 22656 23061 23489
23083 22619 23746 23821
23399 22601 23630 23564
22461 22536 24140 23417
22618 22080 23775 24079
23395 23140 23904 23394
23551 22632 23649 22798
23085 23170 23598 22812
22632 22844 23538 23535
22028 23037 22916 23411
22880 22493 24041 23308
23085 23170 23598 22812
23404 22392 23655 23128
23399 22601 23630 23564
23536 21994 24183 22896
23036 22472 24796 23228
23628 21731 23914 22447
23399 22601 23630 23564
23395 23140 23904 23394
23551 22632 23649 22798
23401 22610 24224 23162
23045 21503 24493 22756
23628 21731 23914 22447
22787 22799 24013 23274
23884 22033 23420 23136
23083 22619 23746 23821
22955 21952 24479 23620
23434 22157 23256 23624
23045 21503 24493 22756
23623 21872 23852 22576
23028 22507 24307 22636
23085 23170 23598 22812
23591 22767 23293 22787
23045 21503 24493 22756
23951 21943 23103 23064
23316 22969 24181 23263
23404 22392 23655 23128
23038 23214 23702 22576
23316 22969 24181 23263
22853 22691 23666 23480
22787 22799 24013 23274
22955 21952 24479 23620
23884 22033 23420 23136
23381 21991 24191 23926
23083 22619 23746 23821
23473 21388 23818 23440
23065 22652 22950 23541
23401 22610 24224 23162
22787 22799 24013 23274
23727 22296 23237 23210
23439 22163 23455 23339
23334 22090 24304 22883
23191 21787 24233 22910
23641 22709 23598 22825
23316 22969 24181 23263
22955 21952 24479 23620
23028 22507 24307 22636
23191 21787 24233 22910
23641 22709 23598 22825
23628 21731 23914 22447
23951 21943 23103 23064
23316 22969 24181 23263
22632 22844 23538 23535
23085 23170 23598 22812
23561 22385 23793 23251
23636 22047 23838 23327
23951 21943 23103 23064
23316 22969 24181 23263
22584 22864 23137 23813
23473 22344 23436 23502
23518 22208 23375 23483
23199 22465 24022 23638
23191 21787 24233 22910
23316 22969 24181 23263
22853 22691 23666 23480
23536 21994 24183 22896
23584 22560 24083 22560
22584 22864 23137 23813
23316 22969 24181 23263
23473 21388 23818 23440
23727 22296 23237 23210
22461 22536 24140 23417
23393 22656 23061 23489
23884 22033 23420 23136
22962 22461 24008 23980
23628 21731 23914 22447
23727 22296 23237 23210
23727 22296 23237 23210
23662 22869 23292 22848
23727 22296 23237 23210
23038 23214 23702 22576
23065 22652 22950 23541
23065 22652 22950 23541
23199 22465 24022 23638
23316 22969 24181 23263
22584 22864 23137 23813
22811 23158 23452 23375
22880 22493 24041 23308
23191 21787 24233 22910
23404 22392 23655 23128
23799 22526 23627 22624
22461 22536 24140 23417
23381 21991 24191 23926
23473 22344 23436 23502
23334 22090 24304 22883
23536 21994 24183 22896
22461 22536 24140 23417
22880 22493 24041 23308
23473 22344 23436 23502
23884 22033 23420 23136
23727 22296 23237 23210
22584 22864 23137 23813
23065 22652 22950 23541
23167 23200 23491 23217
23045 21503 24493 22756
23167 23200 23491 23217
23641 22709 23598 22825
22880 22493 24041 23308
23727 22296 23237 23210
23395 23140 23904 23394
22795 22645 23645 23578
23662 22869 23292 22848
23799 22526 23627 22624
23473 22344 23436 23502
22028 23037 22916 23411
22618 22080 23775 24079
23036 22472 24796 23228
22961 22651 23626 23567
23623 21872 23852 22576
23395 23140 23904 23394
23065 22652 22950 23541
23399 22601 23630 23564
23571 22478 23304 23013
22961 22651 23626 23567
23641 22709 23598 22825
23591 22767 23293 22787
22961 22651 23626 23567
23727 22296 23237 23210
23473 21388 23818 23440
22961 22651 23626 23567
23034 22479 23994 23274
22962 22461 24008 23980
23727 22296 23237 23210
23038 23214 23702 22576
22461 22536 24140 23417
23709 22305 23755 23242
23167 23200 23491 23217
22880 22493 24041 23308
22998 22501 23923 23442
23662 22869 23292 22848
23191 21787 24233 22910
23404 22392 23655 23128
23584 22560 24083 22560
23404 22392 23655 23128
23393 22656 23061 23489
23096 22400 24072 23630
22955 21952 24479 23620
23028 22507 24307 22636
22853 22691 23666 23480
23473 22344 23436 23502
23709 22305 23755 23242
22461 22536 24140 23417
22584 22864 23137 23813
23439 22163 23455 23339
22795 22645 23645 23578
23439 22163 23455 23339
23428 22329 23852 23782
23591 22767 23293 22787
23028 22507 24307 22636
23626 22793 23119 22944
23404 22392 23655 23128
23401 22610 24224 23162
22962 22461 24008 23980
22028 23037 22916 23411
23065 22652 22950 23541
22853 22691 23666 23480
23364 22643 23971 22422
23167 23200 23491 23217
22618 22080 23775 24079
23439 22163 23455 23339
23662 22869 23292 22848
23083 22619 23746 23821
23701 22131 23624 23610
23473 22344 23436 23502
22618 22080 23775 24079
22811 23158 23452 23375
23412 22565 23723 22757
22880 22493 24041 23308
22542 22739 23999 23634
23623 21872 23852 22576
23628 21731 23914 22447
23701 22131 23624 23610
22542 22739 23999 23634
23404 22392 23655 23128
23951 21943 23103 23064
23434 22157 23256 23624
23199 22465 24022 23638
23641 22709 23598 22825
22461 22536 24140 23417
23393 22656 23061 23489
22962 22461 24008 23980
22632 22844 23538 23535
22584 22864 23137 23813
23628 21731 23914 22447
23473 22344 23436 23502
23334 22090 24304 22883
22461 22536 24140 23417
23709 22305 23755 23242
23473 21388 23818 23440
23028 22507 24307 22636
22461 22536 24140 23417
23439 22163 23455 23339
23623 21872 23852 22576
23473 21388 23818 23440
22880 22493 24041 23308
23191 21787 24233 22910
23045 21503 24493 22756
22584 22864 23137 23813
23473 22344 23436 23502
23951 21943 23103 23064
23065 22652 22950 23541
23083 22619 23746 23821
23536 21994 24183 22896
23439 22163 23455 23339
22028 23037 22916 23411
23473 22344 23436 23502
23473 22344 23436 23502
23045 21503 24493 22756
23096 22400 24072 23630
23034 22479 23994 23274
23709 22305 23755 23242
23412 22565 23723 22757
23412 22565 23723 22757
23884 22033 23420 23136
23399 22601 23630 23564
23167 23200 23491 23217
22542 22739 23999 23634
23034 22479 23994 23274
23401 22610 24224 23162
22618 22080 23775 24079
23628 21731 23914 22447
23395 23140 23904 23394
23412 22565 23723 22757
23551 22632 23649 22798
23976 22179 23353 23052
22880 22493 24041 23308
22811 23158 23452 23375
23473 21388 23818 23440
23412 22565 23723 22757
23551 22632 23649 22798
23584 22560 24083 22560
22859 22710 24210 22636
23395 23140 23904 23394
22542 22739 23999 23634
23951 21943 23103 23064
23045 21503 24493 22756
23641 22709 23598 22825
23399 22601 23630 23564
22811 23158 23452 23375
22461 22536 24140 23417
23393 22656 23061 23489
22618 22080 23775 24079
23626 22793 23119 22944
23641 22709 23598 22825
22618 22080 23775 24079
22618 22080 23775 24079
23628 21731 23914 22447
23623 21872 23852 22576
23473 21388 23818 23440
22962 22461 24008 23980
23167 23200 23491 23217
22961 22651 23626 23567
22795 22645 23645 23578
23628 21731 23914 22447
22998 22501 23923 23442
23401 22610 24224 23162
23096 22400 24072 23630
23701 22131 23624 23610
23404 22392 23655 23128
23395 23140 23904 23394
23399 22601 23630 23564
22461 22536 24140 23417
23727 22296 23237 23210
23167 23200 23491 23217
22028 23037 22916 23411
23404 22392 23655 23128
22795 22645 23645 23578
23316 22969 24181 23263
22632 22844 23538 23535
23316 22969 24181 23263
23951 21943 23103 23064
22962 22461 24008 23980
23584 22560 24083 22560
23591 22767 23293 22787
22998 22501 23923 23442
23167 23200 23491 23217
23334 22090 24304 22883
23551 22632 23649 22798
23381 21991 24191 23926
23641 22709 23598 22825
23038 23214 23702 22576
23399 22601 23630 23564
22955 21952 24479 23620
23701 22131 23624 23610
23096 22400 24072 23630
22795 22645 23645 23578
23364 22643 23971 22422
23393 22656 23061 23489
23404 22392 23655 23128
23628 21731 23914 22447
23065 22652 22950 23541
23401 22610 24224 23162
23727 22296 23237 23210
23623 21872 23852 22576
23191 21787 24233 22910
23641 22709 23598 22825
23316 22969 24181 23263
22955 21952 24479 23620
23028 22507 24307 22636
23799 22526 23627 22624
23641 22709 23598 22825
23473 21388 23818 23440
23951 21943 23103 23064
23316 22969 24181 23263
22632 22844 23538 23535
23085 23170 23598 22812
23636 22047 23838 23327
23951 21943 23103 23064
23316 22969 24181 23263
22584 22864 23137 23813
23393 22656 23061 23489
23518 22208 23375 23483
23028 22507 24307 22636
23395 23140 23904 23394
23199 22465 24022 23638
22632 22844 23538 23535
23045 21503 24493 22756
23628 21731 23914 22447
22787 22799 24013 23274
23083 22619 23746 23821
23167 23200 23491 23217
23434 22157 23256 23624
23381 21991 24191 23926
23623 21872 23852 22576
23199 22465 24022 23638
23085 23170 23598 22812
23591 22767 23293 22787
23951 21943 23103 23064
23316 22969 24181 23263
23404 22392 23655 23128
22972 22695 23315 23404
22853 22691 23666 23480
23884 22033 23420 23136
23976 22179 23353 23052
23083 22619 23746 23821
22584 22864 23137 23813
23191 21787 24233 22910
23404 22392 23655 23128
23799 22526 23627 22624
22461 22536 24140 23417
23381 21991 24191 23926
23662 22869 23292 22848
23536 21994 24183 22896
22461 22536 24140 23417
22880 22493 24041 23308
23473 22344 23436 23502
23884 22033 23420 23136
22880 22493 24041 23308
23167 23200 23491 23217
23045 21503 24493 22756
22880 22493 24041 23308
23727 22296 23237 23210
23395 23140 23904 23394
22795 22645 23645 23578
23299 22464 23854 23565
23799 22526 23627 22624
23473 22344 23436 23502
22618 22080 23775 24079
22962 22461 24008 23980
23191 21787 24233 22910
22853 22691 23666 23480
23536 21994 24183 22896
23584 22560 24083 22560
22584 22864 23137 23813
23316 22969 24181 23263
23727 22296 23237 23210
22461 22536 24140 23417
23393 22656 23061 23489
23884 22033 23420 23136
23399 22601 23630 23564
23628 21731 23914 22447
23727 22296 23237 23210
23662 22869 23292 22848
23434 22157 23256 23624
23038 23214 23702 22576
23065 22652 22950 23541
23065 22652 22950 23541
23199 22465 24022 23638
23316 22969 24181 23263
23028 22507 24307 22636
22961 22651 23626 23567
23404 22392 23655 23128
23571 22478 23304 23013
23626 22793 23119 22944
22795 22645 23645 23578
22028 23037 22916 23411
23976 22179 23353 23052
23439 22163 23455 23339
23334 22090 24304 22883
23036 22472 24796 23228
23951 21943 23103 23064
23623 21872 23852 22576
23884 22033 23420 23136
23584 22560 24083 22560
22880 22493 24041 23308
23662 22869 23292 22848
23412 22565 23723 22757
23404 22392 23655 23128
23473 22344 23436 23502
23641 22709 23598 22825
22955 21952 24479 23620
22787 22799 24013 23274
23393 22656 23061 23489
23028 22507 24307 22636
23364 22643 23971 22422
22028 23037 22916 23411
22542 22739 23999 23634
23662 22869 23292 22848
23884 22033 23420 23136
23727 22296 23237 23210
23561 22385 23793 23251
23884 22033 23420 23136
22461 22536 24140 23417
22028 23037 22916 23411
23096 22400 24072 23630
23401 22610 24224 23162
23727 22296 23237 23210
22811 23158 23452 23375
22584 22864 23137 23813
22632 22844 23538 23535
22961 22651 23626 23567
22028 23037 22916 23411
23628 21731 23914 22447
23096 22400 24072 23630
23636 22047 23838 23327
23065 22652 22950 23541
22618 22080 23775 24079
23976 22179 23353 23052
23628 21731 23914 22447
23246 22162 24272 22831
23561 22385 23793 23251
23641 22709 23598 22825
22632 22844 23538 23535
23028 22507 24307 22636
23439 22163 23455 23339
23083 22619 23746 23821
23473 22344 23436 23502
22461 22536 24140 23417
22961 22651 23626 23567
23884 22033 23420 23136
23551 22632 23649 22798
23085 23170 23598 22812
22632 22844 23538 23535
22028 23037 22916 23411
22880 22493 24041 23308
23085 23170 23598 22812
23404 22392 23655 23128
23399 22601 23630 23564
23536 21994 24183 22896
22853 22691 23666 23480
22962 22461 24008 23980
23199 22465 24022 23638
23034 22479 23994 23274
22880 22493 24041 23308
23473 21388 23818 23440
23428 22329 23852 23782
23316 22969 24181 23263
22998 22501 23923 23442
23096 22400 24072 23630
23701 22131 23624 23610
23036 22472 24796 23228
23641 22709 23598 22825
22880 22493 24041 23308
23401 22610 24224 23162
22853 22691 23666 23480
22618 22080 23775 24079
23316 22969 24181 23263
23626 22793 23119 22944
22853 22691 23666 23480
23028 22507 24307 22636
