4873 55.7187
29913 29446 30839 29626
30926 30861 28845 29847
29587 29865 29769 31282
31595 30407 29693 29879
29587 29865 29769 31282
30516 31470 29533 30164
31315 30074 29291 30386
29913 29446 30839 29626
30926 30861 28845 29847
29587 29865 29769 31282
29587 29865 29769 31282
30857 30513 29675 30935
30926 30861 28845 29847
29851 30060 29935 30852
31595 30407 29693 29879
30333 31125 30226 30019
30146 30089 29866 30865
31191 30766 29424 30406
30946 30867 29633 29668
30333 31125 30226 30019
30723 30009 29981 30585
30122 30692 30448 30701
30632 31004 30283 30755
30713 30365 30090 30327
30516 31470 29533 30164
30516 31470 29533 30164
30489 30047 30475 30828
31037 30472 29649 30638
30800 30228 30652 30072
30304 31368 30228 30442
30977 30633 29492 29807
30977 30633 29492 29807
30946 30867 29633 29668
31225 30106 30123 30128
29587 29865 29769 31282
30205 30295 30362 30499
30926 30861 28845 29847
30413 30542 30440 30004
31315 30074 29291 30386
31225 30106 30123 30128
29910 30032 30735 30154
30988 30108 30234 30220
31291 30454 29675 30569
30946 30867 29633 29668
30911 30668 30345 30038
30988 30108 30234 30220
30795 31058 30050 29630
29910 30032 30735 30154
30911 30668 30345 30038
30800 30228 30652 30072
30479 30360 30596 30197
30474 30588 30355 30122
30634 30445 29696 30588
30795 31058 30050 29630
30632 31004 30283 30755
29587 29865 29769 31282
30146 30089 29866 30865
30592 31460 29725 30034
30857 30513 29675 30935
31191 30766 29424 30406
30702 29489 30731 30415
30122 30692 30448 30701
30977 30633 29492 29807
30205 30295 30362 30499
30333 31125 30226 30019
30865 30261 30605 30358
30634 30445 29696 30588
30800 30228 30652 30072
30632 31004 30283 30755
30209 30101 30374 30453
30205 30295 30362 30499
30366 30419 30579 30442
30413 30542 30440 30004
30800 30228 30652 30072
31191 30766 29424 30406
30632 31004 30283 30755
31037 30472 29649 30638
30911 30668 30345 30038
30988 30108 30234 30220
30413 30542 30440 30004
30634 30445 29696 30588
30413 30542 30440 30004
30474 30588 30355 30122
31037 30472 29649 30638
30205 30295 30362 30499
30413 30542 30440 30004
30205 30295 30362 30499
29910 30032 30735 30154
30713 30365 30090 30327
30209 30101 30374 30453
30988 30108 30234 30220
30713 30365 30090 30327
30865 30261 30605 30358
30413 30542 30440 30004
30911 30668 30345 30038
29587 29865 29769 31282
30946 30867 29633 29668
30977 30633 29492 29807
30946 30867 29633 29668
30632 31004 30283 30755
31595 30407 29693 29879
31037 30472 29649 30638
31225 30106 30123 30128
30516 31470 29533 30164
31291 30454 29675 30569
30479 30360 30596 30197
30489 30047 30475 30828
30865 30261 30605 30358
30333 31125 30226 30019
31225 30106 30123 30128
30122 30692 30448 30701
30977 30633 29492 29807
30946 30867 29633 29668
30983 30456 29968 30163
30865 30261 30605 30358
30857 30513 29675 30935
30516 31470 29533 30164
31037 30472 29649 30638
31037 30472 29649 30638
30413 30542 30440 30004
30632 31004 30283 30755
30122 30692 30448 30701
31595 30407 29693 29879
30983 30456 29968 30163
31595 30407 29693 29879
30723 30009 29981 30585
30479 30360 30596 30197
30333 31125 30226 30019
30723 30009 29981 30585
30632 31004 30283 30755
30723 30009 29981 30585
30209 30101 30374 30453
30911 30668 30345 30038
30865 30261 30605 30358
30333 31125 30226 30019
30865 30261 30605 30358
30800 30228 30652 30072
30795 31058 30050 29630
30592 31460 29725 30034
30795 31058 30050 29630
29587 29865 29769 31282
30209 30101 30374 30453
30122 30692 30448 30701
30634 30445 29696 30588
29587 29865 29769 31282
30632 31004 30283 30755
30988 30108 30234 30220
30474 30588 30355 30122
31225 30106 30123 30128
30926 30861 28845 29847
31191 30766 29424 30406
30926 30861 28845 29847
30857 30513 29675 30935
30209 30101 30374 30453
30479 30360 30596 30197
31191 30766 29424 30406
30205 30295 30362 30499
30634 30445 29696 30588
30865 30261 30605 30358
30946 30867 29633 29668
31037 30472 29649 30638
31291 30454 29675 30569
31291 30454 29675 30569
30988 30108 30234 30220
31315 30074 29291 30386
31595 30407 29693 29879
30122 30692 30448 30701
30413 30542 30440 30004
29587 29865 29769 31282
30413 30542 30440 30004
30857 30513 29675 30935
31037 30472 29649 30638
30632 31004 30283 30755
30926 30861 28845 29847
30516 31470 29533 30164
29587 29865 29769 31282
30632 31004 30283 30755
30205 30295 30362 30499
30926 30861 28845 29847
30632 31004 30283 30755
30516 31470 29533 30164
30800 30228 30652 30072
29587 29865 29769 31282
31191 30766 29424 30406
30926 30861 28845 29847
30865 30261 30605 30358
30723 30009 29981 30585
31595 30407 29693 29879
30474 30588 30355 30122
30304 31368 30228 30442
30800 30228 30652 30072
30795 31058 30050 29630
30516 31470 29533 30164
30474 30588 30355 30122
30713 30365 30090 30327
30723 30009 29981 30585
30122 30692 30448 30701
30516 31470 29533 30164
30516 31470 29533 30164
30516 31470 29533 30164
30946 30867 29633 29668
30723 30009 29981 30585
30946 30867 29633 29668
30977 30633 29492 29807
30857 30513 29675 30935
31595 30407 29693 29879
29851 30060 29935 30852
30209 30101 30374 30453
30479 30360 30596 30197
30333 31125 30226 30019
30632 31004 30283 30755
30723 30009 29981 30585
30911 30668 30345 30038
30865 30261 30605 30358
30333 31125 30226 30019
30865 30261 30605 30358
30800 30228 30652 30072
30988 30108 30234 30220
30713 30365 30090 30327
29587 29865 29769 31282
29910 30032 30735 30154
30205 30295 30362 30499
31037 30472 29649 30638
30474 30588 30355 30122
30413 30542 30440 30004
30634 30445 29696 30588
30988 30108 30234 30220
30926 30861 28845 29847
30946 30867 29633 29668
31037 30472 29649 30638
30516 31470 29533 30164
31291 30454 29675 30569
30479 30360 30596 30197
30632 31004 30283 30755
30946 30867 29633 29668
30946 30867 29633 29668
31225 30106 30123 30128
30122 30692 30448 30701
30977 30633 29492 29807
31191 30766 29424 30406
30865 30261 30605 30358
30857 30513 29675 30935
30516 31470 29533 30164
30911 30668 30345 30038
30413 30542 30440 30004
30632 31004 30283 30755
30122 30692 30448 30701
30413 30542 30440 30004
30713 30365 30090 30327
30122 30692 30448 30701
30146 30089 29866 30865
31191 30766 29424 30406
30474 30588 30355 30122
30479 30360 30596 30197
30304 31368 30228 30442
30800 30228 30652 30072
30795 31058 30050 29630
30516 31470 29533 30164
30474 30588 30355 30122
30800 30228 30652 30072
30592 31460 29725 30034
30516 31470 29533 30164
30516 31470 29533 30164
30516 31470 29533 30164
30946 30867 29633 29668
30723 30009 29981 30585
30946 30867 29633 29668
30977 30633 29492 29807
31595 30407 29693 29879
30911 30668 30345 30038
30209 30101 30374 30453
30926 30861 28845 29847
30857 30513 29675 30935
30479 30360 30596 30197
31191 30766 29424 30406
30205 30295 30362 30499
30413 30542 30440 30004
31037 30472 29649 30638
30205 30295 30362 30499
31291 30454 29675 30569
31315 30074 29291 30386
30209 30101 30374 30453
30122 30692 30448 30701
30413 30542 30440 30004
31037 30472 29649 30638
30205 30295 30362 30499
30926 30861 28845 29847
30702 29489 30731 30415
30857 30513 29675 30935
30926 30861 28845 29847
30627 30684 30606 29602
31595 30407 29693 29879
30122 30692 30448 30701
30489 30047 30475 30828
30800 30228 30652 30072
30795 31058 30050 29630
30632 31004 30283 30755
30634 30445 29696 30588
30632 31004 30283 30755
31595 30407 29693 29879
