13519 1561.41
16728 17535 15260 16775
16304 18487 15924 16294
16474 16152 18570 16110
17076 15620 17733 16406
18556 16672 16784 15166
15138 17141 16819 17519
15444 16865 16324 18249
18005 17199 17124 14588
16281 17469 15651 17074
15245 17201 16743 17431
16901 17726 15569 16483
16639 17860 15341 16758
15295 16748 16495 18129
17103 15657 17801 16311
16984 15845 17565 16624
16639 17793 15444 16875
17976 17102 17162 14604
16653 15897 17710 16660
15420 16921 16443 18077
18015 17093 17115 14732
15275 16964 16488 18012
16658 18268 16186 15902
16571 18123 15711 16408
15338 16841 16474 18087
16655 17745 15545 16857
17080 15802 17823 16132
16753 16237 18125 16155
16153 18240 16092 16430
16303 18079 16003 16644
18233 16948 16869 15359
15138 17141 16819 17519
15444 16865 16324 18249
18040 17229 17051 14686
18185 16675 17073 15366
17179 16022 17645 16261
16959 17506 15816 16346
18510 16657 16838 15226
17814 16622 17443 15355
18484 16672 16792 15257
16558 17610 15483 16973
16696 15957 17328 16707
15382 17227 16639 17125
15403 16826 16555 17954
17053 15713 17876 16363
15620 16667 16482 17939
16473 18173 15728 16521
17348 16658 17787 15299
16683 16206 18310 15791
17653 17025 17114 15816
16017 17993 16175 16898
16804 16191 18159 16297
15477 16560 16686 17684
16743 15760 17553 16677
16446 18318 15935 16359
16523 16271 18487 16132
16387 16175 18354 16365
18143 16845 16990 14877
18089 16963 16653 15479
16803 17736 15300 16535
15573 16773 16589 17787
17263 15918 17532 16102
16201 18055 16238 16503
16268 17931 16196 16616
16706 16405 18087 15908
16700 17934 15684 16487
16170 18227 15896 16626
17823 16969 17224 15050
16987 16528 17385 16027
16496 15932 17296 16929
16123 16319 18023 16388
18306 16781 16772 15187
16631 17975 15876 16254
15990 17764 16192 16991
15313 17127 16530 17871
18437 16740 16779 15257
16335 17335 15923 17171
16362 16172 18474 16187
15919 17067 16048 17747
16675 17670 15494 16767
16574 16221 18439 15974
15897 17443 16504 17302
15607 17290 16564 17602
15552 16764 16895 17633
15603 17004 16470 17993
16318 16125 18525 16269
17062 15722 17757 16356
17466 16044 17662 16000
18165 16687 16805 15376
18116 16897 16969 14978
15632 16503 16585 17720
17884 17058 17371 14756
16820 18025 15931 15977
17879 17214 16757 14988
18275 16883 16913 15143
15520 16915 16356 18181
15520 16915 16356 18181
16354 17626 15747 17047
18040 17229 17051 14686
16348 15721 17464 16957
17707 16808 17480 15461
15623 16862 16705 17659
17799 16817 17441 14956
17600 16715 17518 15270
16333 18332 15812 16361
17687 16457 17658 15511
17550 16800 17214 15518
17845 17194 17179 14826
16348 16081 17151 17014
18363 16778 16853 14876
16982 16431 18185 15848
16529 17829 15373 16501
16256 17057 16929 17158
16566 16153 18255 16045
17426 16090 17639 15942
16718 18044 16126 16091
16448 18366 15840 16225
17758 16604 17258 15388
17100 16108 17853 16029
17273 16669 17700 15422
15774 16579 17601 16802
15596 17177 16350 17700
15843 17686 16157 17122
16371 18440 15905 16276
15922 17010 16906 17209
16207 17985 16074 16725
16074 16157 17195 17091
15874 17513 16240 17263
17006 15987 17738 16439
15675 16932 16462 17585
18073 16852 17198 15198
16729 16143 18215 15515
15538 16718 17047 17213
16220 18203 16205 16350
17115 16406 17967 15531
16395 18405 15991 16214
15969 16490 16854 17312
17906 16948 17270 14848
17654 16545 16681 16052
16535 15985 18260 16273
16240 16235 18281 16364
15852 16629 17313 16913
16973 17696 16140 16280
16696 16161 18326 15855
16500 16300 17881 16398
16304 18487 15924 16294
16008 17515 16102 17163
16485 17424 16575 16433
15824 16496 17631 16836
18352 16651 16869 15144
16986 15788 17138 16638
15436 17134 16451 17850
16308 16349 17933 16394
16108 17446 16420 16555
16404 17585 16279 16613
17285 17571 16368 15864
16844 16297 18079 16037
18332 16614 16912 15072
16998 16427 17905 15974
17222 16672 17522 15565
16686 17889 15944 16348
17922 16739 16872 15570
16750 17654 15299 16668
16557 16184 18432 16205
15942 17404 15868 17393
17396 17314 16599 15118
17531 16419 17303 15766
16966 17205 17078 16479
16395 18405 15991 16214
15618 16876 16802 17561
16096 17218 15977 17291
16214 18034 16266 16520
18293 16783 16928 14862
16240 18181 15953 16523
16346 16348 17995 16316
16655 16146 18375 16171
15502 17360 16298 17502
15942 16901 16617 17363
17308 16788 16714 15893
16000 16471 16839 17623
17915 16954 16976 15267
17164 16536 17125 16081
15762 16804 17203 17033
15648 17135 17032 16976
17027 16369 17827 15662
17455 16869 17577 15140
16227 17979 15808 16891
16049 17370 16503 16815
17736 16571 16826 15864
18138 17068 17013 14825
16525 16332 18066 16069
15950 17247 16147 17338
16435 18324 15889 16314
16450 15939 18272 16458
17510 16545 17633 15694
16668 17217 16219 16682
17003 16070 17871 16087
17643 17002 17421 14915
16318 16125 18525 16269
15443 17163 16829 17384
15792 17651 16540 17120
16743 17559 16447 16149
17249 15920 17680 16110
15667 17302 16256 17411
17043 17815 16149 15641
17012 17077 17027 15938
18556 16672 16784 15166
16502 18108 15816 16588
17076 15620 17733 16406
17566 16482 16963 15976
17360 16388 17764 15927
15583 17307 16164 17555
15749 16610 16927 17479
16649 17723 15764 16740
15734 17312 16248 17465
16418 17838 16427 16553
18418 16746 16783 15220
17820 16900 17344 14805
17048 16360 18016 15588
16181 17590 16810 16388
18078 16730 17011 15084
17973 16454 17280 15595
17617 17128 16609 15964
16371 18440 15905 16276
17156 17469 16334 16199
16695 17655 15392 16662
16048 16629 16904 17160
17001 16453 17976 15735
16874 17492 16671 16064
17770 16990 17351 14788
16756 17254 16823 15619
16071 17720 16230 16652
17483 16914 17472 15065
16478 16264 17746 16451
16240 18088 16027 16515
16091 17471 15790 17241
16070 16568 17948 16410
16915 16339 18041 16162
17112 16596 17650 15718
17104 17356 15861 16315
16541 17549 15776 16678
17940 17158 16432 15111
16103 16383 17990 16427
17211 16647 17742 15430
15386 17186 16701 17788
17377 16902 16700 15829
16469 17803 16314 16396
17350 16514 17618 15757
17996 16975 16922 14928
16313 16397 17501 16466
17806 17031 16643 15241
17643 17002 17421 14915
18058 16826 17138 15256
17273 16910 16727 16002
15772 17554 16531 17192
16355 17956 16029 16824
16850 16185 18046 16120
15867 16972 17173 17103
17401 16724 17379 15816
15732 16445 16624 17715
16679 16228 18395 15914
15264 16898 16624 17840
17093 17742 16395 15785
15723 16620 17184 17245
15636 17389 16435 17408
16579 17704 15843 16583
15908 17482 16258 17062
16474 16152 18570 16110
16546 16283 18482 16111
17859 17174 17267 14744
18116 16995 16749 15284
16470 18214 15756 16424
17447 17293 16364 15473
17577 16900 16668 15896
15755 16733 16554 17683
15702 16441 16523 17759
15765 16695 16893 17491
16619 17204 15780 16853
15512 17325 16542 17226
15289 16988 16539 17943
15911 17934 16233 16748
16729 16636 17647 15993
15847 17186 16189 17542
15819 16885 16673 17508
16459 16495 17900 16065
17321 17268 16949 15222
17204 17033 16750 15655
17721 16905 17002 15504
16660 17400 16052 16608
17185 16183 17681 16235
17793 16706 16617 15581
16239 16437 17860 16752
16728 17535 15260 16775
16143 17391 16863 16300
17851 17004 16511 15753
15689 16933 16605 17425
16686 17889 15944 16348
17133 17170 16737 16083
17487 16622 17278 15740
16456 16051 18198 16224
17773 17030 16953 15030
