106180 3120.84
16927 20299
19745 17828
18518 19552
18861 19244
17927 19944
18061 19878
17620 20114
18772 19327
19713 17911
19376 18603
18075 19860
18209 19789
18893 19207
19452 18488
18917 19180
18569 19520
18277 19722
18583 19507
17395 20187
17790 20027
18447 19605
18713 19377
18231 19771
19126 18932
18881 19221
19148 18920
17644 20099
19172 18870
19737 17840
18248 19756
19567 18262
19259 18768
18948 19144
19524 18362
18832 19266
18270 19743
18641 19444
19658 18081
19631 18116
18490 19586
18601 19479
19076 18990
19549 18304
17729 20049
17809 20014
19701 17954
18472 19596
18179 19798
17437 20170
17853 19997
19244 18776
18639 19462
17829 20004
19052 19011
19671 18041
17006 20291
17062 20285
19469 18448
18697 19405
17708 20051
18820 19268
17433 20182
19705 17932
17993 19913
19424 18522
18967 19119
18125 19831
18025 19897
18602 19466
19623 18164
17573 20127
18748 19355
18687 19409
17513 20147
17478 20165
19732 17879
17908 19963
17966 19930
19412 18550
19393 18581
19229 18798
18396 19644
18425 19623
19038 19044
18537 19537
19190 18841
19209 18828
19439 18494
17338 20210
19606 18186
19583 18232
17374 20199
19732 17879
18107 19845
17875 19988
17575 20117
18157 19800
17650 20076
17690 20069
18309 19708
19053 19002
19513 18372
19497 18400
16927 20299
16969 20294
19343 18649
18953 19127
19674 18002
18779 19304
18799 19291
17880 19978
19097 18983
19111 18954
19432 18515
19539 18334
17478 20165
19307 18698
19324 18672
17966 19930
19697 17982
19674 18002
19275 18742
19324 18672
18929 19167
19551 18287
17905 19973
17278 20224
19469 18448
19483 18421
18672 19432
19560 18274
17277 20230
19539 18334
18395 19645
17763 20042
19279 18712
19307 18698
19412 18550
19594 18214
19358 18624
18135 19818
17125 20270
17157 20260
19667 18051
17539 20135
19170 18886
18425 19623
18140 19806
17125 20270
17094 20280
19610 18184
19393 18581
17763 20042
18369 19659
19358 18624
18997 19077
18985 19103
18369 19659
18348 19677
19626 18121
19015 19060
19038 19044
19343 18649
18672 19432
19210 18814
17216 20244
17006 20291
17253 20241
16969 20294
17185 20252
17216 20244
19111 18954
17513 20147
17539 20135
17337 20211
17690 20069
19160 18897
19279 18712
19275 18742
19483 18421
19497 18400
17094 20280
17062 20285
18309 19708
18334 19697
19015 19060
18997 19077
19225 18806
17314 20223
17185 20252
17157 20260
18348 19677
18334 19697
17314 20223
17253 20241
18000 19907
18025 19897
18985 19103
18537 19537
19697 17982
