1075 180.246
24582 24936 27982 24495
26020 23116 26477 25859
24708 26631 26253 24743
24784 24256 25544 27075
26866 24138 26062 24946
25570 25141 24372 26036
23706 25625 26392 25794
25478 25528 27366 23680
25450 25306 24441 25793
25778 25259 27026 24029
25382 25043 24633 26206
26803 24040 25996 24953
25224 24847 24600 26407
25012 24989 24690 26511
23798 25837 26360 25701
24049 26028 26476 25508
26705 24003 26103 24820
23881 26020 26275 25792
26086 23295 26554 25786
24986 24493 25349 26785
25263 25537 27241 23721
24938 26361 26195 24688
25033 23857 25532 26729
24816 24932 27753 24573
24005 25598 26167 26113
26281 23593 26180 25394
26637 23910 26021 25132
25621 25451 27355 23801
24817 26454 26274 24915
25407 25355 27344 23826
24682 26470 26399 24773
23749 25726 26363 25868
26332 24636 26056 24936
24898 24880 27970 24312
25498 25373 26604 24096
24113 25893 26083 25416
25092 25024 24919 26073
24989 24976 27853 24477
25372 23490 26245 25974
26673 23840 26100 25059
24982 26159 26835 24454
24797 23950 25509 26991
24502 24766 25823 26439
23931 25703 26270 25716
24303 25733 25408 26121
24743 26621 26314 24816
24073 26056 26185 25482
26167 23380 26294 25455
24931 24477 25882 26700
24569 26284 26531 24758
23829 25661 26343 25934
25486 25218 24559 26098
25464 25475 27348 23760
24716 25874 27012 24504
25161 24731 25059 26497
25131 24789 25275 26185
25504 23815 26705 25450
26366 24024 26142 25038
24137 26079 26111 25289
25357 25451 27511 23914
25162 24799 27695 24310
25003 25480 27453 24231
23940 25684 25862 25761
24953 24969 27914 24423
25871 23726 26687 25135
26259 23771 26048 25490
26004 24302 24554 25638
24399 25827 25790 25573
25433 25512 27123 23901
25743 23153 26575 25827
23963 25789 26334 25513
25953 23550 26685 25286
24918 24609 25665 26418
25276 24593 27571 24279
24632 26403 26333 25076
24846 24358 25432 27032
25705 25131 27222 23865
25204 24754 27650 24431
24481 25398 27195 24906
25108 25380 27438 24111
26501 24190 26119 24977
25943 23213 26460 25874
25058 25244 24845 26066
24591 26241 26537 24840
25169 24990 24888 26267
24887 26213 26383 24553
24672 24858 25346 26364
25191 25081 27616 24146
24724 25157 27809 24365
25859 24714 27057 24262
24575 24857 25701 26820
24536 26009 26579 25015
24055 26111 26005 25552
25040 24918 24757 26689
26470 24273 25936 24465
26443 23955 25931 25420
25959 23675 26199 25353
25728 23427 26459 25802
24825 24427 26896 25420
25880 24007 26451 25272
25112 25115 27791 24460
26859 24151 26050 24939
26355 24527 26004 24929
24890 24342 25577 26934
25270 24820 27503 24342
25724 23458 26429 25597
23848 25937 26299 25778
25312 24990 24784 26279
23753 25804 26385 25791
25696 24376 25200 25941
25671 25102 27299 24153
25489 25510 26420 24526
25477 25188 24513 26253
25306 25542 26926 24213
25988 24551 25245 25632
24223 26019 25848 25402
25189 24859 25081 26134
25999 23528 26398 25774
25745 24453 25040 25919
25533 25330 27137 23943
24662 24856 25443 26569
25328 24019 25852 26339
24356 25799 26626 25242
24628 26531 26394 24831
25690 25237 27295 23735
25476 25327 24922 25701
26197 23398 26241 25659
25626 23762 26519 25613
24859 24129 25629 26959
24264 25074 26631 25744
25259 24958 25131 26027
24208 26203 25925 25416
24711 24448 27717 24580
26599 24008 25896 25044
25087 23811 25403 26681
25153 23968 25453 26660
25062 25553 27150 24126
25538 25169 24521 26154
24488 24996 25651 26400
24784 24256 25544 27075
26515 23869 26234 25171
25522 25361 27343 24159
23706 25625 26392 25794
25391 23930 25724 26519
23991 25643 26358 25909
24955 25070 24811 26530
24680 24824 27626 24785
23950 25774 26485 25634
26750 23982 26077 24895
26013 24917 24964 25611
24923 26330 26271 24532
24864 24145 25683 26740
25271 25052 24615 26273
24314 25213 26713 25344
25584 24602 25515 26051
24776 25810 27293 24377
25545 25365 26630 24184
25451 24692 25050 26541
24846 24358 25432 27032
25525 25185 27432 23979
24327 25948 26642 25151
25119 26067 26737 24615
25792 23720 26225 25621
24290 25379 26860 25278
24996 24452 25071 26805
26314 23892 26262 25162
26622 23766 25790 25160
24969 24560 27263 24779
25155 25431 27283 24319
24719 25070 25064 26589
24617 25464 25266 25931
25843 23348 26358 26018
25712 24290 25145 25741
25420 24103 25617 26307
24960 25475 27554 24196
24516 24811 27102 25120
26045 23256 26569 25746
26296 23603 26257 25255
25943 23213 26460 25874
26426 24262 25923 24973
24243 25302 26737 25472
25063 25319 27592 24065
24759 24411 27320 24894
26231 24499 25839 25090
26095 24188 25645 25307
26017 24940 26981 24151
24155 25606 25681 26030
24549 24741 26159 25804
24766 24677 27114 24685
24721 26397 26337 24855
25210 25125 26941 24476
25014 24518 27376 24623
26116 24313 26413 24479
25280 25182 27531 23968
25484 23656 26600 25692
26058 23985 25928 25407
25173 24120 25724 26262
24528 25041 25380 26289
25478 25528 27366 23680
24456 25421 25589 25979
24709 26567 26350 24796
26189 24039 25864 25381
25297 25466 26662 24303
25778 24285 26775 24661
24948 25308 25195 25881
24521 25964 26088 25332
24603 24671 25957 26172
24430 24460 25772 26864
26308 24102 26470 24601
25070 24828 25612 25656
26220 24408 25884 25097
25049 25005 25293 26251
25660 24581 26541 24931
25348 24974 27014 24327
25401 24744 26974 24710
24839 24311 26013 26161
25146 25022 24776 26082
26045 23256 26569 25746
25759 24393 25764 25405
26142 23511 26369 25638
26559 24011 26111 25014
25978 25154 27038 23932
24720 26548 26387 24833
25838 23329 26400 25891
25800 23396 26638 25588
25929 23704 25742 25559
25823 24250 26328 25138
24589 24550 25455 26968
24823 25647 26746 24670
25511 25270 26379 24399
25324 24931 26959 24542
26459 23978 25830 25234
24245 25289 25168 26231
26560 24168 25883 25114
26265 24423 26076 24676
25925 24344 25966 25474
24391 25015 27398 24858
25391 24335 25472 26325
26415 24144 25768 25244
25740 24540 25336 25496
25141 25620 27178 23877
24823 26190 26355 24893
24811 25208 27183 24405
25807 24461 24997 25769
25191 25086 24759 26452
25051 24217 27236 24723
24925 24029 25497 26913
24944 24417 25564 26621
24784 24981 24866 26424
24947 24650 25141 26609
25811 24367 25595 25487
24670 24720 27161 24842
25693 24573 26226 25108
25202 24593 25092 26234
26530 23981 26168 24955
25722 24396 25950 25312
25280 25182 27531 23968
26696 24034 26167 24971
24736 24658 25228 26550
25039 25975 26348 24883
26486 23870 25995 25204
24727 26239 26487 24716
24632 25994 26192 25169
24863 24901 25738 25826
25367 25334 25443 25228
24977 25188 27655 24319
25456 23601 26425 25724
25717 24320 24817 25977
25837 24358 24713 25690
24978 24517 25239 26919
24363 26057 25806 25484
24790 25749 26053 25155
25009 24972 27884 24392
24903 23917 25629 26900
24379 25618 25796 25852
24465 25002 25609 26008
25239 25283 27348 24177
25260 24886 24989 26139
25819 23878 26437 25373
24797 25252 27460 24508
26227 24069 25999 25220
26774 24045 26118 24755
26676 24327 25780 25169
26069 24724 25322 25514
25439 24210 25619 26030
25256 25559 26718 24399
26020 23116 26477 25859
25298 25474 27403 24153
25162 24110 25342 26664
25000 24670 26508 25598
24865 25675 26849 24663
26070 24355 25591 25369
25145 24920 25158 26217
25952 25008 27082 24060
25904 23312 26780 25545
24430 24460 25772 26864
24434 26307 26425 25116
24652 24672 26066 25941
25075 24765 27492 24487
24753 25886 26716 24702
26686 24180 25929 24831
25698 23719 26588 25440
25743 23153 26575 25827
26774 24045 26118 24755
25590 24787 26006 25061
25470 25547 26561 24298
25162 25087 24865 26001
24850 26172 26617 24773
25904 23312 26780 25545
25708 24561 27105 24290
24178 26124 26187 25176
25269 25227 25178 25357
24429 25017 27730 24627
25002 25555 26763 24511
26595 24057 25812 25148
26121 24132 25478 25297
24953 24969 27914 24423
24455 25715 26782 25324
25234 25322 25925 25183
24118 25606 25878 25718
24749 24876 27546 24638
26127 24238 26472 24934
24874 24857 26659 25064
24360 25334 25908 26010
24742 25045 25585 26087
24713 25073 25303 25581
25014 25015 26802 24987
24712 24713 25398 26764
24178 26124 26187 25176
25063 25319 27592 24065
24184 25478 26798 25140
25306 24531 25051 26464
25613 24597 25675 25146
24446 25446 25952 25960
25638 24595 27141 24760
26203 24664 26368 24631
25518 24647 25095 26052
24491 25526 27095 25118
25525 23642 25722 25977
25426 24088 26201 25888
25425 25040 26934 24302
26396 24263 25830 24880
26595 24054 26092 24870
24722 25399 26887 24456
24896 25066 26873 24850
24637 25058 25962 25815
24393 25579 25985 25985
25489 25198 24401 25998
26142 23511 26369 25638
25009 24972 27884 24392
24808 24547 25703 26229
25525 25185 27432 23979
