72387 2820.86
26468 26418
26594 26271
26631 26116
26352 26452
26144 26510
26614 26176
26078 26561
26105 26540
26250 26462
26209 26472
26021 26564
26508 26290
26180 26476
26471 26335
26529 26285
26535 26281
26214 26465
26264 26456
26267 26455
26353 26421
26660 25902
25956 26587
26622 26105
26583 26254
26411 26405
26061 26525
26179 26473
26511 26283
25997 26539
26605 26165
26451 26361
26466 26346
26340 26419
26281 26437
26309 26432
26594 26190
26195 26447
26470 26310
26084 26486
26115 26482
26065 26498
26118 26480
26135 26474
26475 26285
25929 26567
26632 25818
26530 26212
26511 26261
26538 26144
26397 26369
26454 26340
26369 26391
26489 26280
26460 26331
26424 26346
26518 26225
26383 26374
26465 26297
26492 26270
26466 26287
26461 26298
26574 26100
26354 26396
25929 26287
26017 25906
26118 26176
26199 25965
26038 25968
26055 25652
25658 26060
25701 25822
26114 26073
26055 25909
26398 26022
26014 26037
26087 26295
25720 25493
26148 25979
25861 25826
25977 25960
26038 25870
26018 25915
26272 26099
26219 25937
25939 25967
26207 26027
26317 26055
25846 25801
25863 25908
25976 25964
25800 25877
25727 25851
26023 25767
25695 25824
25994 25947
26192 25939
26084 25994
26037 25861
26210 26165
26254 25867
26198 26106
26051 25986
25980 25661
25968 25579
26003 25916
26046 25880
26187 25805
26150 25884
25806 25904
26046 26024
26070 25942
25739 25903
26092 25997
25917 25806
26164 25961
26076 25697
25989 25948
26239 26044
26120 26103
26022 25799
26087 25813
25868 25956
25959 25951
26102 25950
26074 26040
26297 25954
26050 25929
26011 26128
25844 26069
26095 26000
26045 26068
26214 25965
25981 26003
26136 25847
26247 25800
25996 25758
26156 26117
26066 25678
26196 26024
26036 25837
26308 25974
26191 25889
26105 25872
25954 25816
26167 26032
25878 25963
26095 26091
26181 25955
26008 25852
26062 26041
25733 25962
26051 25928
26045 25946
26027 26017
26167 25815
25934 25937
26125 25986
26068 26123
26193 25987
25933 25981
26145 26044
26251 25834
26146 26047
26029 25973
26208 26121
26155 26042
26136 26047
26082 25911
26236 25764
25842 25529
26088 25846
26249 26149
26302 26090
26061 25944
26230 25713
26059 25938
26032 26079
25808 26107
26118 25796
25959 25835
25990 25936
25976 25883
26179 25898
26049 26135
26049 26047
26032 25723
26035 25706
25935 26101
25712 25865
26283 25665
26057 26030
26020 25873
25907 25995
26023 25981
26008 25774
26179 25873
25969 25899
26103 26086
26078 26126
26355 26124
26151 25972
26081 25773
26321 25847
26030 25955
26001 25819
25797 25845
26147 26058
26224 26068
25936 25703
26212 25903
26090 26019
26108 26052
26260 25958
25934 25957
25961 25843
26345 25887
26036 25699
26235 25782
26039 25782
26075 25822
26122 25726
26252 26031
26222 26124
26228 26060
26055 25646
25876 25998
26174 26051
25979 25876
26074 25811
25898 25913
26017 25826
26070 25984
25974 26063
26136 26043
26119 25982
26045 25778
26236 25795
26128 26006
25718 25657
25967 26020
26003 25878
26275 26045
26045 25728
25985 25855
26026 25908
25801 25944
26236 25977
26057 25934
26128 25958
26187 26010
26130 25847
25825 25907
