139072 2520.35
3746 3560 3126
3275 3959 3312
3765 3324 3338
3350 3638 3677
3765 3324 3338
3275 3959 3312
3723 3519 3229
3275 3959 3312
3450 3478 3675
3619 3381 3593
3323 3881 3384
3732 3512 3438
3318 3670 3596
3450 3478 3675
3335 3855 3476
3484 3841 3309
3384 3853 3483
3579 3714 3512
3717 3517 3395
3510 3349 3643
3601 3555 3582
3541 3543 3608
3692 3640 3392
3425 3873 3267
3535 3798 3431
3510 3349 3643
3619 3381 3593
3732 3512 3438
3561 3721 3477
3681 3559 3435
3373 3866 3380
3350 3638 3677
3461 3590 3616
3497 3815 3254
3723 3519 3229
3484 3841 3309
3578 3489 3585
3392 3865 3289
3413 3826 3403
3631 3790 3374
3373 3866 3380
3601 3555 3582
3643 3752 3315
3470 3834 3314
3392 3865 3289
3765 3324 3338
3510 3349 3643
3765 3324 3338
3564 3663 3544
3590 3678 3494
3430 3663 3622
3578 3489 3585
3425 3873 3267
3607 3618 3481
3690 3522 3395
3601 3555 3582
3413 3826 3403
3444 3853 3367
3350 3638 3677
3335 3855 3476
3765 3324 3338
3655 3599 3453
3746 3560 3126
3497 3815 3254
3559 3739 3470
3535 3577 3597
3443 3744 3540
3430 3663 3622
3548 3795 3415
3584 3651 3557
3426 3861 3353
3413 3826 3403
3323 3881 3384
3426 3861 3353
3503 3780 3462
3584 3651 3557
3497 3815 3254
3543 3694 3567
3622 3733 3462
3426 3861 3353
3323 3881 3384
3548 3795 3415
3373 3866 3380
3655 3599 3453
3413 3826 3403
3373 3866 3380
3674 3709 3416
3665 3654 3449
3607 3618 3481
3535 3577 3597
3541 3543 3608
3590 3678 3494
3510 3349 3643
3489 3749 3535
3569 3675 3529
3613 3792 3430
3422 3778 3521
3690 3522 3395
3569 3675 3529
3723 3519 3229
3470 3834 3314
3430 3663 3622
3503 3780 3462
3584 3651 3557
3722 3609 3346
3510 3349 3643
3419 3805 3495
3425 3759 3514
3543 3694 3567
3677 3550 3475
3497 3815 3254
3392 3865 3289
3647 3687 3426
3535 3577 3597
3443 3760 3467
3497 3815 3254
3470 3834 3314
3655 3599 3453
3569 3675 3529
3425 3759 3514
3559 3739 3470
3373 3866 3380
3665 3654 3449
3765 3324 3338
3422 3778 3521
3722 3609 3346
3450 3478 3675
3624 3642 3467
3647 3687 3426
3559 3703 3537
3665 3654 3449
3624 3642 3467
3461 3590 3616
3584 3651 3557
3632 3692 3454
3622 3733 3462
3544 3749 3448
3548 3795 3415
3643 3752 3315
3722 3609 3346
3676 3582 3574
3444 3853 3367
3422 3778 3521
3461 3590 3616
3676 3582 3574
3564 3770 3440
3450 3478 3675
3590 3678 3494
3425 3873 3267
3456 3803 3376
3619 3381 3593
3419 3805 3495
3508 3707 3590
3605 3746 3445
3425 3873 3267
3619 3381 3593
3461 3590 3616
3456 3803 3376
3717 3517 3395
3638 3613 3460
3456 3803 3376
3722 3609 3346
3564 3770 3440
3456 3803 3376
3541 3543 3608
3584 3651 3557
3497 3815 3254
3643 3752 3315
3548 3795 3415
3559 3703 3537
3605 3746 3445
3564 3663 3544
3624 3642 3467
3564 3770 3440
3537 3577 3577
3503 3780 3462
3510 3349 3643
3579 3714 3512
3666 3712 3382
3676 3672 3448
3632 3692 3454
3507 3802 3459
3507 3802 3459
3426 3861 3353
3643 3752 3315
3601 3555 3582
3444 3853 3367
3537 3577 3577
3677 3550 3475
3447 3517 3642
3537 3577 3577
3631 3790 3374
3765 3324 3338
3638 3613 3460
3613 3792 3430
3604 3652 3472
3655 3599 3453
3643 3752 3315
3535 3798 3431
3765 3324 3338
3665 3654 3449
3548 3795 3415
3318 3670 3596
3350 3638 3677
3510 3799 3383
3426 3861 3353
3638 3613 3460
3508 3707 3590
3722 3609 3346
3564 3770 3440
3638 3613 3460
3422 3778 3521
3622 3733 3462
3619 3381 3593
3419 3805 3495
3723 3519 3229
3450 3478 3675
3726 3489 3440
3535 3577 3597
3510 3799 3383
3443 3744 3540
3619 3381 3593
3676 3672 3448
3564 3663 3544
3624 3642 3467
3692 3640 3392
3537 3577 3577
3508 3707 3590
3430 3741 3541
3604 3652 3472
3676 3582 3574
3578 3489 3585
3619 3381 3593
3559 3703 3537
3456 3803 3376
3604 3652 3472
3443 3744 3540
3535 3798 3431
3605 3746 3445
3444 3853 3367
3643 3752 3315
3590 3678 3494
3430 3741 3541
3690 3522 3395
3544 3749 3448
3692 3640 3392
3624 3642 3467
3508 3707 3590
3559 3703 3537
3537 3577 3577
3541 3543 3608
3676 3582 3574
3677 3550 3475
3638 3613 3460
3604 3652 3472
3631 3790 3374
3425 3759 3514
3450 3478 3675
3507 3802 3459
3443 3760 3467
3419 3805 3495
3548 3795 3415
3765 3324 3338
3631 3790 3374
3430 3741 3541
3422 3778 3521
3503 3780 3462
3444 3853 3367
3665 3654 3449
3503 3780 3462
3717 3517 3395
3676 3672 3448
3578 3489 3585
3632 3692 3454
3508 3707 3590
3544 3749 3448
3665 3654 3449
3430 3663 3622
3444 3853 3367
3590 3678 3494
3503 3780 3462
3535 3798 3431
3632 3692 3454
3665 3654 3449
3564 3770 3440
3497 3815 3254
3318 3670 3596
3631 3790 3374
3323 3881 3384
3544 3749 3448
3510 3349 3643
3638 3613 3460
3392 3865 3289
3584 3651 3557
3535 3798 3431
3510 3799 3383
3765 3324 3338
3619 3381 3593
3624 3642 3467
3318 3670 3596
3350 3638 3677
3413 3826 3403
3604 3652 3472
3422 3778 3521
3722 3609 3346
3422 3778 3521
3665 3654 3449
3665 3654 3449
3717 3517 3395
3607 3618 3481
3422 3778 3521
3373 3866 3380
3535 3798 3431
3607 3618 3481
3318 3670 3596
3564 3770 3440
3508 3707 3590
3624 3642 3467
3318 3670 3596
3622 3733 3462
3622 3733 3462
3543 3694 3567
3619 3381 3593
3578 3489 3585
3425 3873 3267
3607 3618 3481
3384 3853 3483
3350 3638 3677
3470 3834 3314
3690 3522 3395
3392 3865 3289
3430 3741 3541
3584 3651 3557
3647 3687 3426
3444 3853 3367
3559 3703 3537
3647 3687 3426
3690 3522 3395
3746 3560 3126
3543 3694 3567
3422 3778 3521
3430 3741 3541
3676 3582 3574
3535 3798 3431
3643 3752 3315
3569 3675 3529
3676 3672 3448
3584 3651 3557
3765 3324 3338
3559 3703 3537
3655 3599 3453
3607 3618 3481
3450 3478 3675
3604 3652 3472
3624 3642 3467
3318 3670 3596
3470 3834 3314
3508 3707 3590
3559 3739 3470
3323 3881 3384
3584 3651 3557
3674 3709 3416
3655 3599 3453
3535 3577 3597
3569 3675 3529
3461 3590 3616
3461 3590 3616
3607 3618 3481
3674 3709 3416
3426 3861 3353
3425 3759 3514
3450 3478 3675
3605 3746 3445
3677 3550 3475
3765 3324 3338
3510 3349 3643
3765 3324 3338
3717 3517 3395
3450 3478 3675
3535 3798 3431
3541 3543 3608
3392 3865 3289
3655 3599 3453
3578 3489 3585
3564 3663 3544
3426 3861 3353
3717 3517 3395
3765 3324 3338
3631 3790 3374
3647 3687 3426
3590 3678 3494
3430 3741 3541
3643 3752 3315
3535 3798 3431
3559 3739 3470
3676 3582 3574
3470 3834 3314
3430 3741 3541
3564 3663 3544
3569 3675 3529
3619 3381 3593
3443 3744 3540
3443 3744 3540
3619 3381 3593
3559 3703 3537
3638 3613 3460
3677 3550 3475
3508 3707 3590
3765 3324 3338
3456 3803 3376
3638 3613 3460
3318 3670 3596
3510 3349 3643
3613 3792 3430
3535 3798 3431
3690 3522 3395
3765 3324 3338
3590 3678 3494
3676 3672 3448
3373 3866 3380
3564 3770 3440
3470 3834 3314
3461 3590 3616
3430 3741 3541
3323 3881 3384
3392 3865 3289
3450 3478 3675
3559 3703 3537
3450 3478 3675
3350 3638 3677
3619 3381 3593
3578 3489 3585
3690 3522 3395
3765 3324 3338
3318 3670 3596
3461 3590 3616
3643 3752 3315
3508 3707 3590
3569 3675 3529
3422 3778 3521
3535 3577 3597
3564 3663 3544
3765 3324 3338
3584 3651 3557
3350 3638 3677
3559 3739 3470
3559 3703 3537
3443 3744 3540
3665 3654 3449
3690 3522 3395
3323 3881 3384
3350 3638 3677
3643 3752 3315
3461 3590 3616
3444 3853 3367
3717 3517 3395
3564 3770 3440
3510 3799 3383
3430 3663 3622
3665 3654 3449
3607 3618 3481
3426 3861 3353
3350 3638 3677
3746 3560 3126
3619 3381 3593
3559 3703 3537
3643 3752 3315
3497 3815 3254
3631 3790 3374
3607 3618 3481
3622 3733 3462
3430 3663 3622
3497 3815 3254
3607 3618 3481
3632 3692 3454
3422 3778 3521
3422 3778 3521
3413 3826 3403
3607 3618 3481
3508 3707 3590
3275 3959 3312
3765 3324 3338
3350 3638 3677
3318 3670 3596
3578 3489 3585
3607 3618 3481
3508 3707 3590
3392 3865 3289
3470 3834 3314
3638 3613 3460
3392 3865 3289
3564 3663 3544
3443 3744 3540
3430 3663 3622
3422 3778 3521
3624 3642 3467
3275 3959 3312
3350 3638 3677
3622 3733 3462
3638 3613 3460
3655 3599 3453
3444 3853 3367
3430 3741 3541
3544 3749 3448
3665 3654 3449
3535 3798 3431
3564 3770 3440
3578 3489 3585
3722 3609 3346
3535 3798 3431
3537 3577 3577
3643 3752 3315
3717 3517 3395
3619 3381 3593
3535 3577 3597
3722 3609 3346
3619 3381 3593
3426 3861 3353
3717 3517 3395
3604 3652 3472
3564 3770 3440
3569 3675 3529
3426 3861 3353
3569 3675 3529
3510 3349 3643
3323 3881 3384
3584 3651 3557
3535 3577 3597
3323 3881 3384
3584 3651 3557
3422 3778 3521
3450 3478 3675
3643 3752 3315
3564 3770 3440
3643 3752 3315
3619 3381 3593
3508 3707 3590
3535 3798 3431
3722 3609 3346
3450 3478 3675
3559 3703 3537
3692 3640 3392
3676 3672 3448
3497 3815 3254
3373 3866 3380
3564 3770 3440
3484 3841 3309
3584 3651 3557
3392 3865 3289
3584 3651 3557
3559 3703 3537
3665 3654 3449
3607 3618 3481
3622 3733 3462
3638 3613 3460
3535 3798 3431
3631 3790 3374
3676 3582 3574
3559 3703 3537
3717 3517 3395
3350 3638 3677
3535 3577 3597
3510 3799 3383
3676 3582 3574
3422 3778 3521
3384 3853 3483
3503 3780 3462
3717 3517 3395
3692 3640 3392
3676 3582 3574
3631 3790 3374
3578 3489 3585
3722 3609 3346
3677 3550 3475
3690 3522 3395
3392 3865 3289
3508 3707 3590
3584 3651 3557
3569 3675 3529
3413 3826 3403
3590 3678 3494
3584 3651 3557
3537 3577 3577
3643 3752 3315
3676 3582 3574
3676 3582 3574
3443 3744 3540
3619 3381 3593
3676 3672 3448
3564 3663 3544
3624 3642 3467
3692 3640 3392
3508 3707 3590
3430 3741 3541
3676 3582 3574
3619 3381 3593
3559 3703 3537
3456 3803 3376
3604 3652 3472
3443 3744 3540
3605 3746 3445
3444 3853 3367
3643 3752 3315
3590 3678 3494
3430 3741 3541
3690 3522 3395
3544 3749 3448
3692 3640 3392
3624 3642 3467
3508 3707 3590
3559 3703 3537
3537 3577 3577
3426 3861 3353
3537 3577 3577
3677 3550 3475
3447 3517 3642
3537 3577 3577
3638 3613 3460
3613 3792 3430
3604 3652 3472
3643 3752 3315
3535 3798 3431
3318 3670 3596
3350 3638 3677
3510 3799 3383
3541 3543 3608
3638 3613 3460
3508 3707 3590
3722 3609 3346
3564 3770 3440
3638 3613 3460
3422 3778 3521
3619 3381 3593
3419 3805 3495
3723 3519 3229
3450 3478 3675
3535 3577 3597
3510 3799 3383
3318 3670 3596
3425 3873 3267
3497 3815 3254
3318 3670 3596
3323 3881 3384
3544 3749 3448
3510 3349 3643
3638 3613 3460
3392 3865 3289
3584 3651 3557
3510 3799 3383
3765 3324 3338
3619 3381 3593
3665 3654 3449
3350 3638 3677
3413 3826 3403
3604 3652 3472
3422 3778 3521
3422 3778 3521
3665 3654 3449
3717 3517 3395
3607 3618 3481
3422 3778 3521
3373 3866 3380
3535 3798 3431
3607 3618 3481
3444 3853 3367
3676 3582 3574
3677 3550 3475
3604 3652 3472
3631 3790 3374
3450 3478 3675
3507 3802 3459
3535 3798 3431
3419 3805 3495
3548 3795 3415
3631 3790 3374
3430 3741 3541
3422 3778 3521
3601 3555 3582
3503 3780 3462
3717 3517 3395
3578 3489 3585
3632 3692 3454
3508 3707 3590
3544 3749 3448
3665 3654 3449
3430 3663 3622
3444 3853 3367
3590 3678 3494
3535 3798 3431
3632 3692 3454
3607 3618 3481
3413 3826 3403
3323 3881 3384
3497 3815 3254
3543 3694 3567
3622 3733 3462
3426 3861 3353
3323 3881 3384
3548 3795 3415
3561 3721 3477
3413 3826 3403
3373 3866 3380
3674 3709 3416
3426 3861 3353
3590 3678 3494
3489 3749 3535
3569 3675 3529
3422 3778 3521
3690 3522 3395
3569 3675 3529
3723 3519 3229
3732 3512 3438
3584 3651 3557
3722 3609 3346
3510 3349 3643
3419 3805 3495
3590 3678 3494
3681 3559 3435
3497 3815 3254
3484 3841 3309
3578 3489 3585
3392 3865 3289
3413 3826 3403
3373 3866 3380
3470 3834 3314
3392 3865 3289
3765 3324 3338
3765 3324 3338
3564 3663 3544
3543 3694 3567
3578 3489 3585
3607 3618 3481
3413 3826 3403
3350 3638 3677
3335 3855 3476
3655 3599 3453
3746 3560 3126
3497 3815 3254
3559 3739 3470
3535 3577 3597
3443 3744 3540
3584 3651 3557
3584 3651 3557
3461 3590 3616
3450 3478 3675
3508 3707 3590
3605 3746 3445
3425 3873 3267
3619 3381 3593
3456 3803 3376
3717 3517 3395
3456 3803 3376
3722 3609 3346
3564 3770 3440
3456 3803 3376
3422 3778 3521
3643 3752 3315
3559 3703 3537
3605 3746 3445
3624 3642 3467
3564 3770 3440
3510 3349 3643
3666 3712 3382
3676 3672 3448
3632 3692 3454
3507 3802 3459
3426 3861 3353
3643 3752 3315
3722 3609 3346
3677 3550 3475
3392 3865 3289
3647 3687 3426
3535 3577 3597
3443 3760 3467
3497 3815 3254
3619 3381 3593
3569 3675 3529
3559 3739 3470
3373 3866 3380
3665 3654 3449
3422 3778 3521
3318 3670 3596
3450 3478 3675
3624 3642 3467
3647 3687 3426
3559 3703 3537
3624 3642 3467
3461 3590 3616
3584 3651 3557
3622 3733 3462
3643 3752 3315
3722 3609 3346
3676 3582 3574
3444 3853 3367
3430 3663 3622
3422 3778 3521
3413 3826 3403
3607 3618 3481
3508 3707 3590
3350 3638 3677
3318 3670 3596
3508 3707 3590
3392 3865 3289
3638 3613 3460
3392 3865 3289
3564 3663 3544
3443 3744 3540
3422 3778 3521
3422 3778 3521
3624 3642 3467
3275 3959 3312
3350 3638 3677
3655 3599 3453
3430 3741 3541
3665 3654 3449
3535 3798 3431
3564 3770 3440
3578 3489 3585
3722 3609 3346
3643 3752 3315
3430 3663 3622
3765 3324 3338
3584 3651 3557
3692 3640 3392
3559 3739 3470
3559 3703 3537
3690 3522 3395
3323 3881 3384
3350 3638 3677
3643 3752 3315
3444 3853 3367
3717 3517 3395
3564 3770 3440
3717 3517 3395
3665 3654 3449
3607 3618 3481
3350 3638 3677
3746 3560 3126
3619 3381 3593
3643 3752 3315
3497 3815 3254
3607 3618 3481
3622 3733 3462
3430 3663 3622
3497 3815 3254
3632 3692 3454
3676 3582 3574
3638 3613 3460
3535 3798 3431
3631 3790 3374
3676 3582 3574
3559 3703 3537
3717 3517 3395
3350 3638 3677
3535 3577 3597
3676 3582 3574
3422 3778 3521
3384 3853 3483
3692 3640 3392
3607 3618 3481
3631 3790 3374
3578 3489 3585
3722 3609 3346
3677 3550 3475
3690 3522 3395
3392 3865 3289
3508 3707 3590
3584 3651 3557
3569 3675 3529
3537 3577 3577
3643 3752 3315
3676 3582 3574
3564 3770 3440
3535 3577 3597
3426 3861 3353
3717 3517 3395
3604 3652 3472
3564 3770 3440
3510 3349 3643
3323 3881 3384
3584 3651 3557
3535 3577 3597
3323 3881 3384
3422 3778 3521
3643 3752 3315
3564 3663 3544
3619 3381 3593
3508 3707 3590
3535 3798 3431
3692 3640 3392
3676 3672 3448
3497 3815 3254
3373 3866 3380
3564 3770 3440
3584 3651 3557
3392 3865 3289
3584 3651 3557
3665 3654 3449
3674 3709 3416
3765 3324 3338
3559 3703 3537
3655 3599 3453
3607 3618 3481
3450 3478 3675
3604 3652 3472
3624 3642 3467
3318 3670 3596
3470 3834 3314
3508 3707 3590
3559 3739 3470
3584 3651 3557
3584 3651 3557
3655 3599 3453
3535 3577 3597
3569 3675 3529
3461 3590 3616
3461 3590 3616
3674 3709 3416
3426 3861 3353
3450 3478 3675
3765 3324 3338
3717 3517 3395
3535 3798 3431
3541 3543 3608
3584 3651 3557
3564 3770 3440
3508 3707 3590
3624 3642 3467
3318 3670 3596
3622 3733 3462
3543 3694 3567
3578 3489 3585
3425 3873 3267
3384 3853 3483
3350 3638 3677
3470 3834 3314
3392 3865 3289
3392 3865 3289
3647 3687 3426
3444 3853 3367
3559 3703 3537
3647 3687 3426
3690 3522 3395
3746 3560 3126
3543 3694 3567
3676 3582 3574
3535 3798 3431
3643 3752 3315
3569 3675 3529
3676 3672 3448
3559 3703 3537
3535 3798 3431
3690 3522 3395
3765 3324 3338
3590 3678 3494
3373 3866 3380
3564 3770 3440
3470 3834 3314
3461 3590 3616
3430 3741 3541
3323 3881 3384
3392 3865 3289
3450 3478 3675
3613 3792 3430
3450 3478 3675
3350 3638 3677
3619 3381 3593
3578 3489 3585
3690 3522 3395
3765 3324 3338
3318 3670 3596
3461 3590 3616
3643 3752 3315
3508 3707 3590
3569 3675 3529
3422 3778 3521
3430 3741 3541
3655 3599 3453
3578 3489 3585
3564 3663 3544
3426 3861 3353
3717 3517 3395
3765 3324 3338
3647 3687 3426
3590 3678 3494
3430 3741 3541
3535 3798 3431
3559 3739 3470
3470 3834 3314
3676 3582 3574
3564 3663 3544
3619 3381 3593
3443 3744 3540
3619 3381 3593
3559 3703 3537
3638 3613 3460
3677 3550 3475
3765 3324 3338
3638 3613 3460
3318 3670 3596
