150260 3060.62
3557 3127 2571 3024
2659 3971 2902 3030
2766 3061 3664 3015
2713 3251 2884 3578
2865 3636 3361 3109
2664 3818 3096 3179
3139 3125 3052 3430
3349 3308 3370 2885
2658 3804 3245 2945
2771 3772 3279 2957
2689 3671 2863 3468
3208 3726 2832 3047
2902 3083 3322 3397
3339 3438 2882 3224
3351 3724 2794 2849
3008 3384 3537 2902
2701 3583 3268 3369
3349 3308 3370 2885
2737 3482 3419 3205
3324 3715 2966 2778
2960 2943 3533 3259
3003 3386 3316 3261
3336 3191 2736 3380
3489 3386 2800 3010
2645 3515 3538 2870
2708 3840 2808 3370
3124 3347 3517 2867
2674 3670 3415 2946
3113 3139 3268 3318
3467 3126 2950 3210
2661 2993 3425 3422
3151 3426 3461 2925
2734 3703 3325 3057
3119 3616 2919 3285
3138 3617 3277 3018
2804 3881 3136 2999
2804 3313 3210 3487
3301 3095 3029 3307
3258 3572 2720 3174
3094 3869 2884 2924
2661 2993 3425 3422
3237 3546 3223 2992
3169 3013 3133 3349
3449 3337 2863 3132
3150 3863 2839 2880
2760 2942 3541 3314
3300 3158 2746 3401
3377 3445 3168 2829
2753 3368 3507 3191
3349 3308 3370 2885
2817 3596 3471 2829
3127 3015 3485 3114
2929 3525 3237 3283
3378 3103 3305 2960
2762 3686 3381 2974
2817 3596 3471 2829
2762 3331 3452 3321
2854 3675 3045 3342
3304 3038 3115 3280
3504 3062 2811 3224
2910 3536 2865 3526
3226 3575 2971 3161
3315 3186 3395 2861
2765 3784 3257 2937
2674 3670 3415 2946
2845 3709 3204 3232
3174 3157 2804 3473
3355 3097 3214 3153
2940 3842 2994 3062
3138 3617 3277 3018
2956 3465 3244 3333
3298 3771 2882 2834
2627 3060 3465 3374
3324 3254 3166 3195
3197 3726 3101 2842
2739 3437 3499 3034
3027 3065 3365 3373
3314 3603 3085 2826
3235 3288 3092 3310
3449 3479 2966 2834
2850 3047 3640 2979
2701 3583 3268 3369
3244 3205 2951 3404
3437 3118 2991 3245
2938 3058 3565 3176
2760 3704 3205 3289
3226 3144 3397 3136
3108 3547 3372 2912
2731 3794 3060 3299
3406 3653 2827 2809
2718 3252 3313 3462
3259 3035 3448 2890
3075 3654 3026 3202
2928 3804 2944 3202
3312 3083 3405 2901
3039 3853 3082 2845
2720 3692 3035 3458
3363 3168 2677 3335
3203 3769 3008 2837
2829 3832 3197 2926
2594 3249 3377 3442
3089 3714 2853 3163
3034 3530 2739 3420
3378 3103 3305 2960
2782 3887 2962 3130
2742 3537 3310 3340
3171 2997 3306 3275
3346 3718 2921 2797
2737 3432 3445 3262
3270 3688 3057 2902
2795 3707 3223 3269
2978 3437 3525 2947
2708 3771 2801 3405
3438 3389 2811 3139
3184 3117 3512 2923
2901 3734 3252 3068
3026 3432 3498 2887
2740 3819 3002 3324
3274 3121 3315 3166
3450 3569 2865 2833
3083 3195 2796 3521
3323 3117 2891 3340
3274 3487 3222 2967
3231 3810 2869 2912
3064 3621 3324 2991
2752 3844 3181 3002
2778 3220 3372 3413
3264 3159 3457 2827
2763 3816 3082 3196
3020 3604 3328 3027
2629 3496 3302 3371
3188 3806 2870 2899
2942 3552 3040 3434
3406 3126 2798 3302
3314 3749 2907 2825
2806 3011 3636 3148
2682 3680 2908 3485
3379 3087 2948 3298
2827 3446 3406 3270
3369 3703 2858 2822
2938 3058 3565 3176
3148 3062 3375 3235
3362 3165 2706 3353
3450 3569 2865 2833
2806 3011 3636 3148
2975 3609 3003 3372
3194 3043 3378 3186
2965 3709 3200 3118
2893 3694 3250 3160
3437 3514 2928 2875
2720 3692 3035 3458
3004 3689 3263 3040
2624 3605 3460 2934
2749 3797 2831 3361
3266 3209 3395 3037
2636 3893 2976 3208
3174 3157 2804 3473
3348 3155 3126 3239
3340 3390 3237 2768
3246 3782 2855 2879
2760 2942 3541 3314
3135 3446 3405 2899
2716 3586 3182 3387
3232 3683 2919 3095
2864 3799 3194 2888
2793 3069 3489 3315
3288 3202 2713 3413
3393 3637 2877 2862
2714 3355 3476 3244
3361 3202 3338 2871
3023 3408 3519 2897
2735 3628 3428 2925
3092 3369 3126 3368
3452 3215 2649 3290
2872 3600 3442 2932
2762 3686 3381 2974
2729 3414 3509 3064
3228 3311 2946 3377
3167 3606 2802 3282
3486 3244 3109 2853
2710 3179 3247 3523
3161 3263 3270 3268
3296 3021 3297 3133
2982 3741 3235 3042
2718 3721 3350 2947
2765 3784 3257 2937
3246 3205 2779 3428
3399 3314 3230 2877
3041 3706 3220 3015
2790 3861 3150 2984
2920 3599 3010 3424
3202 3604 3247 2848
2654 3160 3450 3382
3331 3060 3206 3222
3199 3802 2948 2819
3046 3100 3478 3203
2882 3566 3170 3344
3388 3197 3292 2872
2714 3622 3373 3085
3298 3771 2882 2834
2760 2942 3541 3314
2970 3051 3378 3344
3288 3202 2713 3413
3405 3507 2711 3057
3124 3095 3505 3080
2656 3843 2891 3336
3158 3414 3450 2855
2674 3670 3415 2946
2795 3707 3223 3269
3402 3570 2849 2939
2988 3367 2980 3505
3208 3518 3226 3019
2895 3637 3359 3072
3185 3657 2630 3191
3292 3501 3245 2866
3083 3881 2912 2876
2680 3110 3365 3482
3275 3391 2821 3337
3242 3641 2880 3117
3083 3881 2912 2876
2999 3055 3316 3377
3295 3669 2834 3045
3164 3554 2826 3362
3385 3434 3138 2860
2813 3935 3051 2969
2627 3060 3465 3374
3188 3123 3011 3427
3295 3593 2700 3066
2906 3073 3446 3324
3384 3337 3143 3026
2674 3670 3415 2946
3199 3128 3510 2847
2815 3754 3103 3356
3378 3103 3305 2960
2657 3572 3487 2892
2674 3670 3415 2946
3113 3095 3456 3168
3052 3635 3114 3227
3348 3155 3126 3239
3521 3229 3017 2895
2683 3220 3275 3474
3260 3486 2851 3283
3160 3504 3386 2923
2676 3888 2877 3240
3090 3384 3512 2886
3002 3749 2812 3238
2810 3686 2947 3432
3349 3308 3370 2885
2864 3855 2976 3201
2987 3641 3334 3014
2788 3723 3127 3358
3160 3848 2837 2837
