110523 1140.09
3557 3523 2864
3809 3650 3232
2592 3338 3423
3589 2838 2697
3485 2947 3575
3118 3783 3119
2833 3751 3346
3615 2886 3688
3450 3431 3283
3171 3856 2924
3315 3673 3371
2627 3433 3410
3470 3143 3245
3383 2866 3726
3157 3351 3373
3479 3875 3037
2830 3812 3327
3687 3373 3348
3428 3257 3647
3607 3076 3264
3955 3331 3281
3003 3305 3360
3189 3901 3086
3575 2840 3671
3245 2906 3123
3186 3414 3612
3322 2993 3605
3349 3124 3486
2807 4080 3183
3577 3633 3341
2994 3914 3564
3532 3126 3364
3393 3978 2887
3436 3347 2906
2718 3134 2621
3745 3275 3228
3863 3315 3145
3628 3172 3192
3131 2642 3428
3778 2896 3262
3792 3500 2986
3186 3379 3435
2635 3537 2928
2928 3751 3542
3303 3594 3458
2925 3717 3445
3509 3102 3175
3249 3361 3525
2673 3441 3359
3130 3536 2747
3006 3466 2957
3599 3087 3178
3322 3640 3520
3255 3767 3040
2832 3550 3093
3151 3731 3403
3216 4053 2997
3197 3160 3745
3583 3187 3457
2443 3610 3027
3799 3498 3328
2927 3761 3370
2534 3259 3003
3405 3322 3363
2992 3738 3291
3693 3151 3157
3760 3247 2908
2983 4022 3045
3666 3401 2962
2879 3349 3656
2953 2518 3268
3192 3925 3034
3747 3045 3109
3083 3944 2996
3015 3378 3155
3404 3742 3519
3520 3090 3287
3463 3002 3501
3749 3106 3280
3223 3627 3240
3437 3208 3492
3371 2988 3850
3743 3426 3200
3045 3646 3503
2955 3139 3721
3425 3094 3110
3376 3167 3134
3750 3450 3496
3263 3711 3106
3783 3325 3211
3040 3690 2820
3633 3374 3239
3266 3618 3173
2857 3081 3542
3012 3751 2977
3376 3330 3722
3019 3778 3180
3352 3777 3350
3889 3345 3148
2932 3624 3026
3546 3407 3140
3863 3182 3204
3607 3646 3097
3928 3177 3073
3802 3103 2976
3052 3321 3472
3036 3592 2934
2881 3625 2975
3567 3101 3747
3421 3345 3166
3390 3507 3453
3827 3044 3231
3394 3772 2820
3362 3730 3224
3172 3344 3660
2566 3279 3424
3659 3464 2811
2913 3995 2759
3264 3208 3685
3039 3635 2851
3134 3225 3647
3750 3071 3295
3073 4014 2843
3753 3616 3099
2649 3022 2998
3470 3590 3133
3309 3874 3060
3170 3754 3075
3644 3497 3679
3715 3334 3508
3388 3189 3611
3405 3774 3019
3135 3887 3368
3186 3035 3203
3894 3128 3321
3292 3896 2923
2510 2925 3369
3428 3665 2888
2868 3664 3392
3363 3743 2892
3138 3485 3407
3670 3379 3432
3620 3215 3373
3240 3949 2887
3662 3159 3459
3041 2759 3225
3611 3461 2862
3418 3195 3214
3478 3312 3490
3184 3377 3655
3502 3386 3455
3960 3240 3141
3186 3117 3368
3921 3396 3291
2760 3114 3468
2987 2785 3149
3622 3255 2729
3033 3400 3448
2940 3147 3610
3678 3477 3254
3736 3145 3417
3164 3451 2964
3005 3803 3168
3675 3460 2821
3536 3777 2995
3913 3286 3321
3283 3679 3100
3201 3388 3332
3631 3229 3095
3483 3020 3361
3664 3051 3338
3163 3585 3131
3260 3171 3322
3748 3335 3200
3535 3775 2975
3090 3754 2664
2619 2604 3264
3597 3413 3532
3417 3033 3769
3273 3713 3435
3118 3765 3271
3762 3264 3074
3081 3231 3701
2700 3665 3066
3121 3593 3206
3508 3795 2855
3260 3711 3394
2690 3500 3067
3296 3010 3501
3659 3547 2940
3582 3077 3717
3395 3447 3590
3766 3176 3383
2885 2916 3593
2975 3877 3406
2870 3690 3153
3640 3242 3616
3153 3686 3551
3522 3520 3541
2780 2939 3321
