20977 2462.45
25978 25643 25386
26144 25342 25580
26056 25376 25672
26188 25162 25546
26230 25451 25233
26111 25532 25330
26348 25173 25234
26077 25427 25532
26180 25578 25115
26371 25106 25183
26031 25644 25194
26258 25404 25293
26037 25602 25325
26084 25242 25691
26270 25216 25425
26126 25579 25208
25939 25342 25750
26204 25329 25445
25949 25201 25785
26179 25495 25216
26226 25399 25377
26123 25277 25613
26317 25340 25109
26157 25394 25466
26057 25452 25475
26295 25281 25319
25943 25677 25277
26320 25235 25260
26038 25246 25702
26245 25251 25433
26289 25311 25302
26062 25322 25685
26037 25541 25385
26164 25416 25421
26017 25498 25417
26244 25398 25338
26153 25444 25336
25988 25389 25654
25891 25329 25795
26121 25443 25398
25892 25583 25452
25977 25201 25721
26320 25132 25283
25940 25400 25634
25929 25451 25530
26097 25142 25652
26070 25500 25372
26308 25289 25197
25963 25095 25770
26064 25588 25240
26168 25229 25496
26276 25159 25382
25941 25516 25434
26138 25162 25602
26068 25605 25142
25913 25300 25774
26329 25281 25071
26131 25602 25056
25924 25497 25461
26105 25406 25428
25874 25252 25844
25970 25708 25191
26381 24999 25024
23769 23456 23722
23849 23456 23710
24329 23740 23875
23634 23263 23329
24598 23493 23958
24463 24341 23906
24164 23722 23948
24262 23425 23583
23858 23463 23300
24322 24222 23978
24665 23372 23968
24072 23466 23401
24392 23602 23694
24841 23928 23982
24706 23730 23810
24141 23582 23545
24243 23481 24065
24335 23594 23660
24492 24282 24296
24405 23663 24207
24576 24227 24204
24030 23348 23688
24067 24331 23709
24469 24155 23943
24464 24050 24574
24721 23919 23992
24601 23922 24093
24786 24072 24325
24561 23654 23925
24311 23534 23820
24368 23895 23691
24446 23970 24116
24372 23485 23520
23905 23254 23161
24389 23687 23851
23960 23342 23254
23867 22979 23776
24059 23205 23127
24880 24123 23834
24239 24013 23614
24339 24034 24154
24732 24138 23746
24427 24006 24198
24426 23780 24096
24624 23928 24108
24880 23303 23590
24503 23493 24103
24045 23611 23559
24533 23711 23616
23958 23522 23254
24994 23935 23676
24395 23562 24074
24261 23536 24198
24195 23273 23513
24332 23497 23791
24280 23556 23990
24501 23852 23893
24466 23788 23883
24309 23269 23268
24527 23884 23855
24865 24034 23722
24593 23427 23666
23884 23410 23882
24106 23299 23762
24507 23464 23667
24401 23563 23743
24448 23659 24013
24468 23905 24069
24194 23396 23864
24455 23827 24280
24363 23404 23316
24220 23334 23807
24226 24061 24088
24219 23651 23855
23883 23645 23901
23637 23317 24341
24133 23250 23481
24175 23240 24113
23822 23647 23641
23971 23469 23685
24195 23829 23886
24150 23924 23784
24060 23476 23696
24469 23621 23808
24137 23734 23562
24624 24101 24288
24869 23802 24015
24555 23858 24137
23273 22769 22961
23991 23170 23825
24160 23456 23305
24599 23457 23892
24333 23591 23230
24113 23506 23897
24429 23539 24097
24512 23541 23991
24474 23444 23644
24180 23640 23845
24727 23757 24191
23901 23307 23288
24762 23993 24115
24497 23049 23767
24197 23533 23430
24321 23828 23977
24686 23345 23819
24065 23672 24169
24190 24286 23735
24593 23733 23658
24549 24064 24151
24396 23439 23255
24024 23931 23787
24187 23416 23621
24989 24153 24083
23777 22876 23399
24280 23758 24139
24739 23937 24054
24224 23609 23369
24387 23751 23722
24816 24124 23936
23961 23971 23748
24347 23472 23722
24031 23276 23434
24768 23679 23581
24462 23930 23993
24242 23190 23916
24517 24113 23878
24624 23503 23770
24393 23893 24390
24205 23785 23840
24388 23524 24108
23465 23076 23444
24225 23399 23726
24164 23976 24023
24548 23625 24108
23902 23438 23720
24567 23921 23774
24240 23836 23575
24265 23585 23956
24595 23657 23973
24760 24001 24087
23799 22846 23749
24110 23764 23644
24301 23881 23606
24102 23545 23783
24804 23816 24028
23883 23551 23014
24675 23408 23546
24076 23702 24022
24273 23326 23761
24326 23693 23789
24429 23631 23796
23874 23204 22916
23901 23161 23554
24734 23222 24056
24305 23734 23932
25109 24281 24679
24330 23582 24644
24508 23621 23628
23939 23203 23074
24821 23829 23988
24403 23313 24008
24278 23457 23889
24425 23837 23918
24263 23140 23165
24642 24050 24221
24587 23739 23952
24114 23445 24186
24356 23188 23753
24802 23433 24005
24816 23589 23923
24138 23491 23069
23983 23685 23778
24341 23877 24083
24962 23859 24152
24090 23321 23539
24512 23937 23830
23771 23628 23582
24736 23966 23856
23677 22856 23336
23840 23139 23434
24306 23672 23277
24505 23905 23836
24412 23671 23724
24606 23841 23956
24155 23688 23949
24159 23634 23752
24443 23857 24116
24061 23072 23858
24136 23357 23461
24269 23533 23626
24816 24015 23895
24550 23603 24068
23985 23150 23663
24278 23571 23574
24450 23862 23947
24455 23851 23588
24604 24041 24116
23907 23116 23830
23581 23573 23924
24478 23873 23885
24606 23584 24031
24207 23712 23747
24241 23568 23938
24853 24034 24417
24319 23514 23388
24743 23896 23944
24367 23691 23740
24264 23576 23755
24572 23520 23839
24569 23929 24233
24492 23491 24114
24506 23469 24223
24007 23412 23461
23976 22938 23770
23707 23213 23022
24263 23541 23645
24590 23639 24109
24354 23621 23698
24521 23506 23617
24325 23452 23520
24085 23757 23943
24292 23641 23673
24563 23964 23691
24370 23812 23908
23907 23484 23506
23667 23030 23368
24518 23872 23841
24817 23631 24500
23615 22701 23234
23600 22880 22984
24684 23201 23357
24205 23282 23864
24227 24124 24486
24083 23562 23078
24980 24261 23933
24301 23892 23346
24351 24081 24022
24253 23688 23346
24050 23285 24057
24317 23400 23623
24175 23621 23828
23633 23151 23789
23967 24096 24037
24459 23552 23765
24336 23732 23832
24771 24057 24125
24141 23738 23699
24512 24103 23727
24531 23443 23638
24707 23720 24168
24566 23842 23318
24312 23714 23643
24815 23419 23392
24265 23194 23524
23934 23771 23981
24290 23906 24124
24429 23774 23422
24617 23890 24109
24321 23808 24210
24111 23207 23164
24518 23851 23793
24850 23894 24051
24377 23408 23561
24518 23933 24234
24853 23739 23750
24861 23816 23627
24151 23742 23739
24482 23549 23611
24131 23701 23581
24835 23501 24001
24966 24191 24302
24499 23883 23896
24341 23925 23810
24299 23555 24009
24036 23595 23817
24606 24059 23803
24554 23691 23711
23859 23739 23450
23442 22802 23469
24338 24072 23943
24412 23554 23840
24118 23543 23761
23219 23115 22971
24106 23764 23865
24897 23873 24471
24041 23763 23808
24561 23471 23741
24355 23752 23521
24016 23427 23961
24344 23495 23762
24051 23693 23885
24273 23775 24231
24945 23849 23999
23384 22624 22791
24878 24408 24185
24718 23283 24210
23421 23555 23489
24284 23782 23967
23921 23293 23160
24401 23736 23919
24598 23966 24000
24646 24181 24403
24477 23599 23945
23701 23295 23702
24227 23309 23604
24531 24240 24303
24280 23465 24122
24346 23928 23978
24414 23671 23161
24246 23355 23749
24397 23596 23778
24447 23960 23930
24112 23534 24042
24869 23627 24388
25191 23835 24229
24689 24051 24011
24211 23347 23334
24157 23362 24115
24392 23481 23619
24943 23402 24095
23644 22912 23394
24151 23569 24308
24307 23079 23535
24537 23807 23956
24454 23782 24035
24325 23859 23610
24084 23146 23456
24405 23598 23737
24573 23566 24067
24828 23768 23506
24695 23525 23621
24430 23381 24079
24176 23689 23981
24021 23150 23327
24501 23924 24371
24451 23493 23876
24577 24165 24278
24212 23490 23602
24502 24123 23976
24080 23531 23314
24571 23878 23618
24073 23783 23833
23943 23294 23770
23940 23975 23509
24899 24150 23801
24720 23715 23861
24537 23681 24270
24369 23692 24130
24199 23485 23454
24448 24103 24403
22812 22384 22802
25049 23926 24140
24315 24202 23706
24346 23721 24182
24258 23823 23642
24185 23905 24192
24318 23705 23994
24385 24050 23786
24016 23731 23898
24162 23582 23749
23400 22211 22948
24335 23228 23398
24611 23599 24183
24252 23571 23687
24522 24127 24299
24430 23629 23650
23748 23361 23124
23953 23186 23543
24435 23658 23850
24576 23516 23741
24706 23629 23628
23950 23687 23650
24086 23119 23206
24386 23409 23939
24375 23945 23733
24583 24071 23876
23233 22787 22881
24442 23515 23610
24214 23855 23602
24726 23790 23851
24466 23432 23454
24078 23596 23596
24642 23821 24043
24045 23557 23254
24866 24010 23797
24299 24039 23689
24666 24017 23755
23960 23377 23748
24179 23640 23838
24527 23898 23914
23901 22831 23243
24650 23531 23984
24205 23403 23663
24741 23953 23734
24213 23743 23831
23959 23256 23489
23817 23525 23234
24421 23401 23815
25080 23840 23740
24190 23478 24008
24192 23426 23723
24657 23716 23791
24351 24127 24000
24160 23567 24256
24607 23419 23807
24196 23456 24191
24443 23881 24215
24088 23509 23267
23986 23142 23812
23732 23019 23686
25021 24089 24018
24429 23336 24131
24026 23265 23550
25475 23827 23865
24538 23324 24342
24383 23223 23783
23771 23623 23447
23463 23237 23206
24206 23621 23867
24757 23562 23938
24472 23319 23614
24200 23343 24267
24665 23498 23696
24814 23866 24756
24228 23155 23508
24495 24062 23795
23985 23566 23733
24300 23811 23765
24466 23615 23709
24300 23832 24081
23930 23210 23717
24661 23542 23996
24007 23522 23616
24614 23628 24329
23964 23493 23551
24549 23556 24120
23922 23538 23763
24984 23772 23691
24198 23604 23375
24472 23492 24053
24324 23952 23907
24957 23933 23992
24618 23789 24163
24634 23814 24010
24134 23679 23658
24368 23451 23942
24451 23917 23857
24503 23691 24252
24152 23636 24092
23824 23491 23910
24480 23663 23930
24628 23598 23453
24427 23160 23802
24272 23890 23932
24637 23406 24177
24118 23714 24217
24484 23702 24147
24338 23713 23890
24199 23749 23778
24782 24032 24367
24426 23110 23708
24675 23914 23804
24080 23055 23284
24322 23553 23593
24586 23885 24145
23998 23759 23518
24264 24227 23906
24837 23811 23777
24622 23719 23664
24627 23696 24281
24005 23067 23409
24464 23775 23977
24272 23620 23482
24319 23422 23699
24140 23687 23644
25298 24310 24481
24640 23842 23623
24303 23194 23802
24493 23492 23735
24434 24084 24238
24646 23948 23821
24951 23900 24124
24516 23813 23950
24851 23775 24067
25079 23778 23858
24276 23780 24197
24356 23287 23914
24342 23296 23441
24528 24252 24103
23350 23012 22830
24584 23973 24220
23843 23178 23999
24341 23598 23979
24184 23066 23102
24354 23944 23956
24623 23827 23811
24247 23463 23536
24173 23326 23767
23882 23608 23802
24428 23773 23965
24540 23842 24038
24272 23734 23563
23688 23407 23562
24560 23178 23943
24157 23400 23176
24785 23377 23966
24362 23858 23709
24277 23619 24062
24017 23620 23385
24612 24142 24357
24019 23498 23678
24222 23462 22952
24440 23355 23638
24544 23895 24443
24844 23817 24639
24165 23544 24120
23735 23475 23686
24240 23464 24018
23897 23144 23115
24729 23929 24468
24590 23802 24118
24117 23388 23981
25292 24175 24413
24330 23746 24318
23737 23237 23224
24422 23757 23558
23871 23652 24137
24419 23551 24021
23983 23465 24102
24096 23500 23657
24201 23961 24012
24594 23922 23901
25048 23615 23926
24779 23668 23982
23841 23380 24023
23909 23326 23629
24229 23801 23733
23904 23090 23477
24450 23888 24137
24091 23710 23916
24869 24176 24119
24446 23692 24091
24559 23854 23786
24592 23666 23913
24372 23815 23652
24615 23823 24091
24155 23704 23794
24722 23873 24501
23898 22842 23316
24135 23387 23978
24065 23240 23522
24170 23791 23526
24055 23818 24103
24240 23937 24115
24416 23552 23630
24568 23795 23906
24024 23338 23663
23566 23470 23629
24434 23792 24072
24869 23886 23816
24611 24048 24279
24689 23458 24232
24589 23599 23842
24022 23691 23397
24441 23657 23498
25380 24286 24533
24807 23872 23787
24130 23540 23757
24958 24002 24010
24290 23357 23755
24899 24150 24507
24339 24313 24519
24554 23593 22988
23949 23232 24127
24320 23420 23738
24268 23190 23523
24828 23726 24250
24582 23409 23563
24766 23977 23618
24334 23963 24022
24222 23500 23768
24232 23972 23957
24336 23411 24031
24272 23707 24037
24558 23437 23895
23997 23673 24249
24743 23600 23783
24431 23568 23857
24722 23555 23876
24393 23642 23675
24336 23716 23876
24162 23703 23961
24689 23748 24221
24381 24055 23576
23919 23556 23512
24521 23950 24052
24330 23349 23447
24697 23543 24411
24498 23492 23951
24523 23701 24007
24635 23456 23843
24234 22857 23434
24527 23516 23573
24142 23332 23684
24313 23301 23524
24233 23804 23642
24576 23249 23732
24842 23690 23900
24059 23749 23963
24323 23539 23720
24366 23660 23184
24306 23612 23914
24195 23387 23522
24577 23662 23697
23785 22935 23337
24186 23584 23939
23967 23408 23839
24516 23968 24346
24352 23208 23135
24867 23790 23982
24222 23580 24008
24575 23937 24224
24183 23630 24175
24742 23790 23861
24443 23622 23667
24284 23701 23766
23965 23546 23544
23757 23564 23282
24754 23796 23956
24659 23694 23985
24205 23603 24050
24462 23810 23799
24273 23634 23982
23593 23188 23656
24065 24052 24143
24901 23966 24374
23521 23719 23375
24870 24069 24261
24007 23370 23576
24311 23783 23924
24866 24469 24287
24311 23264 23648
24451 23948 23879
23628 23087 23408
23796 23290 24041
24622 23991 24010
24026 23444 23708
24224 23646 23755
24641 23962 23702
24243 23317 23996
24230 23358 23579
24717 24031 24052
24053 23889 23901
24311 23588 24059
24590 24035 24056
24086 23006 23551
24070 23555 23704
24177 23700 24206
24366 23744 24388
24264 23483 23633
24421 23797 24289
24002 23381 23756
24434 23713 23677
23902 23395 22912
23916 23118 23038
23763 23607 23835
24608 23793 23911
24365 23579 23989
24440 23897 23867
24049 23466 23423
23334 23213 23259
24832 23749 23892
24823 23732 23638
24535 23906 24124
24473 24039 24027
24290 23804 23751
23866 23544 23547
24799 23935 24107
24157 23637 23360
24194 23679 23997
24175 23811 23817
24720 24056 24000
24158 23521 23620
24113 23820 24224
24161 23549 24076
24500 23883 24026
24366 23614 24057
24656 23324 23410
24460 23662 23803
24706 24065 24480
23946 23743 23812
24242 23294 23959
24244 23386 23505
25040 24329 23898
24153 23583 23513
24558 23997 24015
24146 23629 23364
24311 23714 23846
24990 23709 24150
24629 23936 23970
24498 24066 24086
24397 23422 23627
24641 23795 24151
24523 23427 23597
24399 23770 23938
24497 23786 23811
24610 23878 24355
23761 23281 23802
24579 23799 23628
24394 23699 23693
24084 23129 23828
24813 24219 24403
24735 23638 23596
24266 23820 24179
24164 23430 23981
24598 23899 23482
23972 23750 23650
24537 23556 24035
24597 23834 24151
23624 22995 23520
24100 23429 23774
23922 23641 23651
24937 24344 24178
25105 24237 23859
24216 23507 23327
23913 23705 23234
24202 24005 23568
24197 23362 23576
24650 24030 24040
24673 23935 24180
24491 23850 24476
23896 23769 23878
24598 23974 23932
23987 23406 23727
24042 23630 24052
24242 23398 23614
24235 23791 23798
24148 23756 23770
24254 23175 23661
23402 23601 24067
24322 23281 23873
24371 23606 24107
24425 23713 24176
24244 23589 23790
24769 23970 23951
24340 23441 24004
24489 24360 23846
24555 24150 24312
24456 23694 24022
24625 23203 23875
24103 23716 23583
24308 23779 23494
24141 23807 24046
23894 23846 23935
24522 23935 23684
24296 23892 23651
24050 22976 23575
24809 23804 24476
23497 23324 23302
24304 23505 23780
24131 23862 23830
24940 23703 23952
24413 23803 24315
24261 23734 23827
24334 23080 23625
24344 23766 23953
24277 23235 23514
24812 23957 24014
24556 23859 23647
24705 23521 24150
24612 23416 23532
23997 23502 23638
24424 23906 23439
23763 23357 23371
22914 22885 23299
24575 23523 23908
24087 23441 23654
24837 23614 24294
24711 24024 24188
24328 23515 24381
24334 23452 24167
23889 23397 23598
24351 23756 23748
24843 23731 24089
24401 23380 23872
24528 23804 24019
24710 24082 24525
24452 23535 23702
23821 22930 23490
24536 23386 23619
24540 23693 23742
24754 23590 23746
24268 23761 23977
24192 23423 23475
24124 23182 23709
25017 23667 23693
24027 23398 23370
23825 23256 23897
24476 24031 23963
24481 23759 23309
24777 23568 23739
23883 23365 23392
24618 23833 23410
24339 23769 23913
24287 23448 24059
24897 23770 23744
24426 23507 23637
24148 23424 23164
24009 23579 23388
24884 24017 24168
24485 23636 23729
24610 23870 24130
24194 23279 23478
24356 23197 23343
24616 23588 23599
24211 23539 23571
24029 23510 23398
23887 23157 23409
24697 23991 24208
24594 23483 23702
24292 23202 23564
24370 23495 23807
24340 23584 24110
24421 23438 23423
24742 23523 24031
25027 23982 24091
24737 23525 23961
23624 23320 23879
24195 23679 23659
24234 23839 24329
23938 23788 23402
23983 22949 23827
23977 23418 23971
24047 23277 23737
23687 23435 23534
24595 23734 24225
24411 23846 24079
24532 24138 24219
23977 23482 23440
24479 23483 23799
24689 24088 24033
24594 24128 24366
24661 23948 24031
24545 23209 23737
23429 23550 23592
24624 23558 23182
24605 24342 24211
23721 23625 23654
24173 23145 23612
24449 23690 24200
24708 23800 23898
24180 23344 23994
24195 23599 24278
23888 23636 23952
23451 22936 23505
24724 23869 24006
24240 23012 23354
24438 23717 23720
24202 23518 23651
23852 23008 23650
24280 23757 23800
24480 23687 24140
24266 23717 24430
23703 23191 23524
24874 23928 24464
24480 23744 24034
23700 23138 23124
23867 22877 23260
24712 23691 24495
24571 23739 23862
23728 23292 23403
24959 23617 24238
24790 24105 24059
24414 23271 23708
24973 23994 24114
24452 23490 24001
23794 23504 23434
24113 23731 23842
24399 24250 23801
24657 23829 24073
24356 23765 24004
24675 23806 23998
24598 23524 23675
24295 23795 23668
23951 23578 23512
23677 23377 23217
24080 23068 23748
24962 23724 24196
24429 23677 23734
24878 23655 24066
23826 23398 23191
24515 23980 23960
24588 23835 23861
24576 23714 23919
24854 23392 24030
24450 24149 23843
24106 23557 23988
24486 24006 24272
23797 23457 23666
24634 23759 23715
24534 23549 23496
24351 23984 24184
24521 23802 24253
24658 23825 23703
24816 23626 23780
23574 23009 23112
24589 23714 23923
24118 23425 23753
24719 23711 24084
24158 23853 24105
24575 23419 23763
24474 23463 23741
24326 23750 23817
24109 23473 23768
24986 23770 23944
24172 23580 23885
23748 23090 23214
24479 23172 23958
24231 23680 24158
24415 23587 23732
24378 23445 23642
24363 23645 23970
24242 23454 23669
24020 23729 23561
23987 23495 23363
24658 23874 24349
23883 23168 23620
24803 23618 24171
24188 22899 23503
24886 23689 24253
24309 23867 24011
24590 23840 23630
24624 23930 23565
24360 23583 23618
24084 23858 24173
24356 24115 23737
24352 23512 23605
