11043 600.24
26454 25227 25614
26762 25337 25263
26642 25437 25280
26441 25620 25253
26683 25178 25408
26538 25441 25387
26487 25389 25473
26777 25324 25206
26570 25486 25217
26705 25389 25271
26372 25637 25304
26629 25326 25407
26695 25438 25170
26591 25242 25494
26409 25579 25418
26493 25481 25331
26505 25224 25582
26454 25297 25560
26477 25265 25578
26664 25116 25490
26624 25463 25180
26452 25577 25286
26811 25172 25131
26543 25395 25408
26433 25430 25471
26495 25518 25189
26365 25514 25466
26418 25569 25409
26375 25388 25513
26738 25385 25166
26469 25597 25138
26444 25481 25401
26428 25367 25498
26350 25500 25479
26589 25269 25465
26793 25119 25249
26386 25335 25551
26370 25591 25369
26625 25285 25432
26652 25273 25326
26508 25267 25516
26663 25351 25293
26573 25155 25509
26458 25525 25292
26609 25526 25087
26753 25352 25195
26627 25249 25439
26303 25353 25578
26513 25136 25580
26577 25352 25334
26542 25317 25422
26634 25324 25346
26695 25352 25275
26335 25639 25278
26677 25283 25286
26398 25333 25533
26525 25218 25508
26770 25183 25235
26444 25425 25435
26608 25350 25307
26299 25089 25639
26293 25751 25118
26887 25134 25079
25769 24824 25185
25900 24713 24902
25714 24624 24799
25882 24883 24910
25800 24919 24565
25833 24646 24812
26007 24788 25080
25739 24797 24671
25989 24786 24816
26132 25028 24906
25836 24639 24854
25820 24807 25102
25926 24742 24967
25708 24676 25017
25802 24875 24687
26022 24995 24936
25944 24842 24662
25838 24835 24901
25699 24939 24921
26011 24883 24803
26125 24896 24826
25802 24681 24711
25947 25002 24834
25574 24450 24683
25486 24579 24823
25945 24531 24808
25825 24846 25288
25855 24696 24773
25800 24554 24639
25713 24582 24978
25954 24853 25064
26002 24791 24697
25698 24863 24775
26044 24909 25126
25794 24617 24521
25934 24870 25039
25569 24765 24655
25921 24734 24827
25860 24725 24425
25574 24838 24780
26056 24587 24870
25954 24894 24694
25803 24782 25356
25706 24856 24733
25817 24860 24587
25858 24738 25023
25998 24848 24798
25873 24755 24857
25596 24578 24449
25863 24753 24654
25907 24647 24834
25568 24694 24599
25616 24583 24821
26104 24585 24638
25853 24777 24734
25826 24606 24403
25937 24575 24610
25882 24531 24727
25670 24711 25107
26007 24768 24949
25944 24753 24747
25897 24821 25003
25794 24560 24803
25650 24680 24981
25481 24774 24642
25865 24567 24691
25886 24467 24835
25853 24740 25067
25735 24826 24929
25683 24538 25059
25733 24769 24842
25842 24863 24893
26100 24828 24707
25496 24508 24392
25998 24889 24835
25665 24709 24693
25869 24568 24868
25844 24626 25025
25393 24429 24483
25929 24847 24908
26232 24883 24964
25953 24952 24883
25845 24594 24816
25866 24731 24758
25878 24678 24973
26026 24579 24738
26025 24637 24866
25703 24814 24683
26288 24475 24752
25956 24750 24904
25933 24701 24883
25470 24779 24761
25727 24674 24832
25734 24810 24771
25790 24821 24858
25809 24721 24890
26111 24784 24830
26117 24875 24547
25810 24499 25028
25953 24656 24590
25653 24845 24791
25933 24481 24716
25606 24553 24778
25973 24864 24736
25851 24770 24764
25997 25005 24689
26176 24851 24907
25987 25004 24644
25995 25003 24622
25719 24440 24665
26034 24890 24832
25847 24972 24971
25769 24657 25005
25968 24878 24760
26011 24452 24966
25758 24280 24562
25403 24501 24516
25586 24637 24786
25939 24654 24555
25472 24342 24730
25815 24717 24888
25569 24883 24658
26267 24663 24938
25910 24587 24543
25590 24370 24564
25905 24695 24872
25612 24762 24721
25723 24645 24579
25850 24553 24618
25817 24600 24834
25581 24768 24520
26399 24752 24580
25735 24701 24640
25915 24635 24720
25975 24889 24591
25854 24855 24564
25848 25083 24864
25777 24798 24553
25881 24706 24464
25628 24790 24915
25792 24695 24969
25986 24912 25070
25783 25076 24744
26133 24560 24847
25582 24637 24818
26086 24780 24959
25772 24859 24804
25659 24471 24830
25581 24345 24648
25730 24659 24574
25694 24793 24896
25969 24644 24647
25891 24907 25048
26117 24960 25121
25898 24825 25043
25939 24597 24761
25656 24713 24779
25809 24641 24946
26147 24699 24883
25801 24872 25027
25649 24741 25151
25789 24697 24704
26068 24946 24803
25836 24550 24699
25944 25025 24842
25703 24870 24940
25541 24600 24614
25694 24628 24978
25660 24569 24679
25895 24843 24796
25919 24835 24999
26078 24473 24958
25862 24907 24969
26271 24696 24828
25953 24801 25037
25836 24755 24778
25977 25179 24967
26170 24720 24750
25928 24933 24897
26049 24965 25051
26061 24669 24614
25871 24575 25058
25867 25214 25018
25930 24987 24921
25935 24774 24919
25878 24681 24427
25758 25026 25044
25732 24577 24824
25996 24788 24716
25647 24785 24806
25889 24744 24990
25871 24962 24743
25940 24883 24929
25604 25068 24955
25814 24416 24841
25922 24782 24793
26180 24845 25002
25801 24676 24672
25706 24661 25110
25973 24743 24801
25767 24519 24773
26078 24847 24794
25775 25035 24888
25936 24620 24674
25530 24525 24447
26154 24734 24537
25998 24810 24990
25744 24532 24664
26164 24676 24974
25960 24781 24900
25976 25081 25014
25895 24752 24968
26157 24859 24896
25763 24693 24936
26029 24784 24921
25970 24488 24779
25594 24614 24594
25861 24549 25088
25806 24854 24958
25813 24557 24474
25802 24722 24975
26046 24761 24684
25940 24599 24897
25800 24503 24664
25933 24665 24912
25799 24472 24728
25662 25149 24851
26076 24798 24800
25884 24396 24736
25911 25073 24802
26136 24856 25095
25784 24691 24947
26146 24640 24863
26173 25134 24751
26139 24868 24993
26020 24752 24936
25843 24877 24828
