134952 2760.48
20071 16598
20071 16598
19818 16988
19818 16988
19958 16897
19958 16897
19987 16839
20069 16704
20048 16788
19995 16799
20059 16710
20057 16763
19990 16811
20057 16763
20048 16788
19995 16799
19990 16811
20069 16704
20059 16710
20071 16598
20071 16598
20071 16598
20071 16598
20071 16598
20071 16598
20071 16598
20071 16598
20071 16598
20071 16598
20071 16598
20071 16598
20071 16598
20071 16598
20071 16598
20071 16598
20071 16598
20071 16598
20071 16598
20071 16598
20071 16598
20071 16598
20071 16598
20071 16598
20071 16598
20071 16598
20071 16598
20071 16598
20071 16598
20071 16598
20071 16598
20071 16598
20071 16598
20071 16598
20071 16598
20071 16598
20071 16598
20071 16598
20071 16598
20071 16598
20071 16598
20071 16598
20071 16598
20071 16598
20071 16598
20071 16598
20071 16598
20071 16598
20071 16598
20071 16598
20071 16598
20071 16598
20071 16598
20071 16598
20071 16598
20071 16598
20071 16598
20071 16598
20071 16598
20071 16598
20071 16598
20071 16598
20071 16598
20071 16598
20071 16598
20071 16598
20071 16598
20071 16598
20071 16598
20071 16598
20071 16598
20071 16598
20071 16598
20071 16598
20071 16598
20071 16598
20071 16598
20071 16598
20071 16598
20071 16598
20071 16598
20071 16598
20071 16598
20071 16598
20071 16598
20071 16598
20071 16598
20071 16598
20071 16598
20071 16598
20071 16598
20071 16598
20071 16598
20071 16598
20071 16598
20071 16598
20071 16598
20071 16598
20071 16598
20071 16598
20071 16598
20071 16598
20071 16598
20071 16598
20071 16598
20071 16598
20071 16598
20071 16598
20071 16598
20071 16598
20071 16598
20071 16598
20071 16598
20071 16598
20071 16598
20071 16598
20071 16598
20071 16598
20071 16598
20071 16598
20071 16598
20071 16598
20071 16598
20071 16598
20071 16598
20071 16598
20071 16598
20071 16598
20071 16598
20071 16598
20071 16598
20071 16598
20071 16598
20071 16598
20071 16598
20071 16598
20059 16710
20059 16710
20059 16710
20048 16788
20048 16788
19995 16799
20069 16651
20069 16651
19977 16829
19977 16829
20020 16787
20042 16711
20031 16760
20040 16755
20050 16631
20032 16751
20035 16705
20048 16564
19994 16724
20037 16612
20016 16721
20032 16695
20031 16711
20031 16683
19998 16716
20024 16702
20024 16702
20026 16682
19978 16693
20025 16613
19924 16680
20015 16668
19959 16678
20010 16634
20010 16634
19956 16656
20007 16650
20010 16612
19894 16642
19945 16617
19940 16557
19934 16615
19600 16463
19558 16515
19265 16046
