1047 120.146
8868 8267 7935
8522 9052 8426
8455 8890 8645
8792 8928 8500
8692 9086 8645
8469 9015 8433
8681 8931 8555
8374 8942 8410
8654 8649 8404
8639 8914 8452
8813 8967 8573
8694 8972 8430
8740 9052 8601
8521 8946 8520
8681 8923 8446
8715 9020 8549
8685 8978 8564
8724 8956 8542
8660 8812 8428
8621 8941 8585
8647 8877 8449
8644 8869 8509
8802 8872 8460
8696 8941 8571
8439 8867 8313
8671 8953 8505
8670 8885 8510
8630 8940 8569
8708 8941 8454
8670 8956 8551
8822 8991 8558
8715 8998 8594
8659 8981 8578
8683 8976 8527
8712 8994 8574
8619 8971 8522
8776 8990 8571
8765 8855 8405
8665 8956 8555
8390 8796 8570
8637 8898 8421
8640 8935 8550
8593 8822 8558
8703 9003 8582
8711 9042 8579
8727 8990 8515
8682 8862 8378
8590 8956 8580
8632 8876 8557
8670 8885 8510
8554 9066 8579
8621 8959 8495
8410 8920 8391
8822 8991 8558
8631 8980 8525
8601 8895 8477
8760 8875 8516
8654 9018 8370
8636 8860 8459
8731 9028 8526
8679 8956 8585
8747 9053 8628
8634 8945 8456
8616 8938 8410
8801 9055 8564
8619 9071 8578
8767 9009 8477
8715 9079 8560
8610 8584 8414
8423 8894 8467
8709 8916 8454
8705 8980 8430
8636 8893 8452
8636 8989 8523
8468 9009 8306
8680 8854 8371
8594 8884 8569
8538 8931 8431
8737 8939 8531
8641 8719 8519
8668 9016 8522
8684 8895 8503
8646 8756 8477
8692 8925 8545
8761 8907 8553
8734 8981 8577
8687 9070 8564
8720 9116 8596
8758 8842 8311
8696 8814 8509
8745 9049 8590
8776 8982 8628
8666 8732 8459
8770 8902 8593
8491 8909 8516
8758 9001 8648
8631 8874 8512
8620 9044 8390
8715 8962 8594
8689 9071 8582
8580 8683 8392
8732 8980 8646
8753 8986 8640
8392 8908 8380
8727 9024 8597
8572 8990 8464
8694 9068 8594
8867 8907 8637
8696 8952 8571
8670 8979 8612
8747 9053 8628
8696 8814 8509
8798 8866 8662
8724 9039 8556
8644 8830 8395
8836 9000 8603
8717 8931 8507
8677 8929 8635
8707 8939 8544
8613 8802 8394
8680 9052 8587
8496 8754 8496
8742 8929 8578
8727 9029 8580
8751 8886 8564
8758 8992 8554
8714 9058 8615
8692 8984 8506
8677 8929 8635
8594 8895 8430
8836 9000 8603
8621 8861 8561
8767 8990 8551
8582 8917 8465
8596 8855 8435
8531 8952 8502
8723 9036 8548
8679 9024 8625
8631 9013 8486
8611 8933 8396
8700 8883 8507
8658 8853 8465
8647 8683 8490
8585 8880 8538
8568 8824 8540
8762 8967 8543
8602 8859 8507
8663 8975 8601
8550 8968 8454
8612 8868 8632
8717 9000 8596
8748 8920 8472
8724 9018 8527
8605 8962 8558
8746 8908 8554
8631 8982 8452
8679 8961 8588
8621 8950 8576
8647 8944 8536
8689 8997 8547
8539 9031 8461
8765 8824 8443
8697 8936 8388
8643 8935 8490
8660 8812 8428
8619 8829 8535
8698 8991 8555
8736 9073 8565
8708 8955 8582
8761 8907 8553
8666 8732 8459
8579 9022 8582
8786 8888 8610
8715 8948 8565
8699 8991 8563
8373 8704 8514
8667 9019 8546
8597 8896 8629
8723 9036 8548
8717 9000 8596
8642 9060 8641
8664 8703 8332
8616 8938 8410
8668 9034 8530
8696 9026 8574
8703 9042 8563
8754 8966 8564
8694 8972 8430
8699 8981 8580
8602 8940 8520
8740 8942 8556
8591 8865 8499
8671 8974 8479
8636 9030 8431
8626 8938 8476
8792 8928 8500
8804 8993 8599
8631 9044 8575
8722 8986 8596
8586 9129 8593
8643 8875 8621
8583 8917 8419
8788 8981 8536
8569 8987 8477
8596 8978 8564
8720 8911 8577
8579 9022 8582
8650 8878 8550
8661 8949 8498
8709 8980 8574
8659 9025 8594
8544 8942 8436
8703 8940 8482
8753 9027 8640
8714 8980 8524
8742 8991 8629
8724 9039 8556
8672 8900 8484
8728 8995 8625
8392 8908 8380
8717 8971 8540
8768 8953 8525
8658 8965 8580
8662 8940 8485
8762 8967 8543
8750 8966 8579
8743 8949 8523
8685 9035 8526
8563 8973 8553
8656 8814 8554
8700 8995 8558
8712 8996 8562
8680 8985 8544
8683 8968 8552
8700 8883 8507
8675 8973 8609
8753 9019 8555
8685 8805 8492
8713 9018 8550
8659 8847 8420
8637 8932 8592
8743 9010 8617
8614 8825 8404
8660 8860 8421
8758 8991 8590
8521 8946 8520
8661 8949 8498
8734 8990 8596
8734 8860 8454
8692 8852 8439
8744 8988 8627
8674 8917 8511
8702 8860 8447
8653 8964 8489
8689 8904 8472
8512 8856 8517
8410 8920 8391
8750 8968 8575
8387 8976 8417
8618 8998 8596
8597 8896 8629
8828 8919 8557
8810 8905 8497
8605 8996 8560
8696 8983 8503
8599 8887 8466
8863 8845 8319
8554 9066 8579
8742 8901 8390
8763 9014 8632
8717 8951 8525
8776 9005 8593
8695 9020 8604
8752 9050 8632
8744 9012 8540
8647 8683 8490
8790 8860 8317
8675 8937 8596
8621 8823 8577
8373 8704 8514
8763 8935 8594
8665 8978 8499
8735 8999 8524
8726 8965 8624
8756 8996 8558
8661 8997 8545
8676 8886 8500
8708 8874 8583
8752 8957 8568
8693 8997 8621
8644 8830 8395
8625 8962 8470
8702 8943 8478
8674 8900 8601
8671 8945 8538
8644 9021 8491
8692 8924 8586
8752 8951 8519
8798 8889 8514
8655 8847 8434
8788 8981 8536
8650 9030 8493
8653 8967 8577
8646 8756 8477
8629 8983 8393
8713 9068 8621
8654 9018 8370
8712 9009 8527
8748 8963 8608
8496 9050 8391
8675 8933 8533
8653 8735 8419
8791 8901 8532
8709 9006 8659
8686 9020 8618
8622 8935 8588
8665 8956 8555
8735 9024 8560
8551 8994 8459
8734 8990 8596
8510 8992 8492
8677 8965 8564
8479 8807 8626
8656 8946 8439
8601 8895 8477
8691 8967 8548
8666 8999 8608
8714 8922 8546
8776 8960 8578
8729 9029 8609
8639 8914 8452
8656 8814 8554
8699 8778 8507
8728 8830 8525
8607 9037 8470
8599 8923 8407
8700 8891 8511
8660 8948 8478
8741 8858 8565
8720 8789 8280
8715 9080 8540
8389 8945 8470
8738 8879 8547
8700 9046 8561
8500 8970 8598
8683 8837 8487
8652 8591 8310
8718 9007 8612
8756 8808 8462
8670 8867 8383
8720 9116 8596
8729 9085 8577
8655 8787 8385
8499 8753 8526
8626 9013 8556
8610 8900 8542
8663 8975 8601
8609 9012 8408
8541 8924 8377
8607 8834 8434
8485 8790 8409
8391 8705 8484
8529 9041 8432
8629 8919 8380
8698 8893 8412
8747 8909 8524
8648 8916 8578
8693 8933 8512
8767 9009 8477
8550 8912 8533
8656 8843 8522
8607 9037 8470
8740 9052 8601
8668 9016 8522
8612 8966 8537
8446 8658 8483
8700 8941 8623
8569 8916 8461
8730 9004 8571
8748 9092 8564
8689 8956 8528
8699 8991 8563
8548 9027 8561
8713 9012 8594
8635 8934 8565
8634 9045 8597
8685 9032 8545
8567 8894 8492
8824 8985 8655
8664 8861 8532
8554 9030 8609
8770 8904 8397
8504 9049 8352
8577 9010 8429
8655 9004 8473
8718 8952 8560
8583 8950 8594
8751 9009 8585
8575 8893 8427
8690 8976 8587
8592 8964 8468
8685 8943 8613
8642 9081 8527
8699 8849 8403
8711 9007 8589
8752 8951 8519
8387 8976 8417
8759 9049 8583
8673 8986 8427
8691 8843 8480
8640 9003 8562
8473 8800 8555
8740 8979 8587
8757 8919 8577
8664 8703 8332
8573 8891 8522
8634 9045 8597
8632 8981 8531
8681 8923 8446
8515 9051 8492
8620 9044 8390
8755 9066 8609
8729 9005 8603
8771 8961 8542
8601 8933 8497
8576 8749 8426
8770 9018 8581
8678 8979 8542
8366 9092 8286
8693 8887 8504
8672 8977 8677
8744 9050 8580
8521 8957 8398
8618 8998 8596
8660 8860 8421
8770 8902 8593
8694 9068 8594
8717 8931 8507
8798 8944 8471
8763 9014 8632
8741 8858 8565
8669 9047 8561
8728 8914 8413
8685 9004 8634
8696 9026 8574
8715 8957 8490
8675 8933 8533
8693 8933 8512
8547 8801 8473
8685 8838 8618
8709 8775 8569
8469 9015 8433
8729 8868 8525
8715 9023 8651
8781 8759 8390
8722 8919 8546
8612 8930 8517
8664 8861 8532
8713 9036 8570
8698 9014 8549
8693 8997 8621
8683 8968 8552
8675 8878 8538
8674 8917 8511
8655 8873 8507
8692 8925 8545
8676 9028 8585
8495 8958 8389
8701 9036 8639
8709 8980 8574
8732 8932 8535
8739 9005 8565
8750 9065 8590
8618 8998 8559
8706 9081 8635
8652 8915 8478
8608 8972 8637
8747 9053 8628
8658 8974 8538
8687 9070 8564
8603 8782 8518
8585 9026 8580
8656 8843 8522
8672 8977 8677
8550 8912 8533
8666 8921 8633
8546 8946 8544
8535 8828 8474
8635 8893 8504
8690 9078 8604
8742 8986 8630
8790 8860 8317
8643 8875 8621
8792 9000 8595
8446 8872 8463
8710 8847 8520
8635 8958 8610
8550 8932 8602
8647 8962 8495
8690 8976 8587
8543 8807 8345
8664 8911 8513
8753 9019 8555
8468 9009 8306
8781 9104 8579
8662 9019 8533
8716 8957 8541
8683 9006 8577
8707 8686 8332
8755 9066 8609
8763 8935 8594
8637 8932 8592
8605 8996 8560
8736 9036 8600
8625 8962 8511
8719 9086 8592
8670 9007 8592
8756 8996 8558
8653 8735 8419
8654 8649 8404
8622 8839 8610
8661 8836 8566
8801 9055 8564
8736 9023 8551
8768 9044 8577
8720 8982 8548
8568 8824 8540
8735 9016 8577
8804 8993 8599
8668 9034 8530
8632 8750 8499
8390 8796 8570
8810 8905 8497
8455 8920 8549
8736 9036 8600
8696 9027 8541
8593 9031 8524
8634 9019 8541
8583 8950 8594
8675 9009 8532
8687 9014 8597
8717 8978 8609
8645 8849 8407
8747 8985 8558
8546 8983 8590
8658 8836 8428
8689 8875 8587
8640 8860 8504
8742 8990 8554
8696 8881 8537
8707 8894 8560
8829 8887 8567
8707 8896 8554
8642 8919 8386
8679 8963 8550
8686 9020 8618
8670 8914 8535
8753 8986 8640
8633 9053 8548
8600 8855 8496
8654 8917 8529
8741 8887 8611
8694 8944 8547
8709 8913 8556
8634 8952 8626
8790 8878 8551
8660 8993 8686
8658 9068 8593
8758 8991 8590
8767 9009 8550
8749 9004 8544
8628 9012 8479
8624 8963 8564
8749 8930 8537
8804 8993 8599
8484 8914 8449
8586 8717 8487
8725 8975 8462
8718 9007 8612
8734 9001 8534
8529 9041 8432
8715 9023 8651
8661 8997 8545
8765 8855 8405
8755 8945 8343
8389 8945 8470
8656 8917 8583
8729 8868 8525
8626 8912 8488
8401 8865 8456
8634 9019 8541
8753 9008 8560
8717 9018 8532
8658 8786 8523
8577 9032 8571
8646 8966 8493
8652 8591 8310
8696 9026 8574
8680 8985 8544
8752 8979 8525
8643 9027 8564
8624 9032 8476
8630 8940 8569
8452 8733 8534
8742 9003 8600
8755 8966 8566
8790 8878 8551
8709 9042 8554
8720 8958 8589
8631 8874 8512
8581 8942 8498
8776 8982 8628
8701 9036 8639
8683 8837 8487
8657 8754 8522
8755 8966 8566
8689 9071 8582
8495 8958 8389
8692 9086 8645
8764 9022 8546
8628 9012 8479
8496 8853 8384
8679 8956 8585
8609 8842 8533
8592 8964 8468
8680 8854 8371
8671 8847 8511
8752 8873 8618
8605 8900 8475
8737 8967 8580
8541 8924 8377
8737 8936 8482
8724 9018 8527
8671 8946 8480
8682 9018 8500
8538 8879 8580
8734 8727 8504
8584 9001 8538
8732 8980 8646
8640 8954 8611
8690 8982 8542
8743 9010 8617
8659 9007 8502
8655 8834 8400
8625 9005 8482
8634 8872 8383
8532 8895 8557
8732 8945 8501
8745 9035 8592
8665 9049 8601
8666 9033 8546
8650 9030 8493
8652 8835 8363
8730 9009 8620
8768 9044 8577
8745 9049 8590
8659 8909 8544
8484 8965 8522
8638 9039 8507
8751 8914 8476
8728 8884 8462
8717 8825 8551
8653 8964 8489
8688 8942 8598
8671 8946 8480
8592 8970 8332
8604 8939 8314
8712 8996 8562
8624 8724 8517
8663 8955 8589
8677 8965 8564
8701 8940 8594
8726 9023 8547
8564 8926 8470
8602 8940 8520
8500 8970 8598
8630 8979 8511
8690 9017 8611
8616 8916 8544
8569 8987 8477
8374 8942 8410
8632 8981 8531
8776 8982 8628
8701 9013 8585
8715 8942 8569
8788 8993 8628
8690 8877 8576
8683 9006 8577
8542 8753 8564
8702 9071 8686
8480 8883 8537
8696 8923 8508
8706 8997 8558
8736 9023 8551
8686 8964 8516
8550 8932 8602
8567 8894 8492
8744 9015 8316
8444 8942 8348
8720 9011 8506
8699 8988 8536
8727 8830 8481
8655 9004 8473
8662 9014 8586
8621 8861 8561
8770 8837 8426
8712 8994 8574
8492 8861 8329
8652 8941 8412
8631 9013 8486
8635 8862 8438
8725 8975 8532
8666 9033 8546
8734 8981 8577
8567 8920 8619
8769 8975 8476
8753 8986 8640
8636 8893 8452
8676 9028 8585
8612 8957 8549
8632 8875 8417
8611 8933 8396
8763 8980 8646
8659 9025 8594
8704 8919 8334
8742 8929 8578
8689 9042 8536
8410 8920 8391
8729 9005 8603
8710 8847 8520
8776 9005 8593
8687 8985 8578
8722 8986 8596
8352 8789 8435
8726 8965 8624
8702 9069 8467
8738 8952 8586
8683 8894 8518
8710 9043 8660
8723 8978 8561
8653 8954 8569
8501 8917 8557
8690 8994 8534
8741 8887 8611
8747 9001 8589
8713 9012 8594
8717 9020 8590
8714 9058 8615
8560 9078 8631
8698 8964 8412
8702 8943 8478
8751 8985 8607
8699 8936 8540
8635 8862 8438
8547 8769 8504
8499 8753 8526
8793 9039 8586
8489 9021 8543
8616 8910 8443
8479 8807 8626
8673 8986 8427
8692 8852 8439
8742 8995 8613
8590 8954 8434
8488 8907 8623
8735 9016 8577
8715 9080 8540
8662 9019 8533
8702 9071 8686
8684 8923 8501
8672 8901 8453
8749 8931 8476
8644 9021 8491
8645 8901 8405
8676 8883 8542
8769 8992 8664
8753 9019 8555
8693 9044 8596
8612 8794 8399
8686 9066 8565
8622 8935 8588
8740 8910 8566
8756 8961 8626
8446 8872 8463
8597 8922 8519
8572 8990 8464
8620 8991 8422
8722 9003 8571
8656 8969 8618
8638 8905 8448
8682 8993 8570
8709 8913 8556
8455 8920 8549
8656 8946 8439
8687 8985 8578
8563 8973 8553
8535 8828 8474
8706 8952 8609
8510 8992 8492
8645 8980 8512
8748 8959 8544
8756 8860 8564
8489 9021 8543
8740 8999 8584
8636 8860 8459
8767 8949 8537
8554 9030 8609
8518 8979 8344
8640 8975 8356
8687 8836 8439
8656 8675 8515
8741 9033 8604
8621 8715 8453
8659 9007 8502
8640 9003 8562
8473 8800 8555
8763 9068 8528
8631 9044 8575
8692 9028 8537
8695 8908 8501
8769 9057 8608
8496 8754 8496
8731 9003 8662
8741 8852 8348
8698 8815 8536
8658 8836 8428
8484 8965 8522
8735 8921 8535
8366 9092 8286
8741 8852 8348
8634 8831 8483
8651 8935 8492
8589 9074 8518
8636 8989 8523
8659 8763 8376
8763 8980 8646
8626 9013 8556
8670 8956 8551
8709 8916 8454
8521 8957 8398
8711 8915 8547
8673 8891 8572
8863 8845 8319
8719 8931 8560
8625 8962 8470
8734 9001 8534
8755 8991 8554
8683 8894 8518
8683 8924 8555
8470 8769 8457
8594 8894 8311
8751 8914 8476
8689 8906 8469
8410 8920 8391
8540 8982 8456
8604 8939 8314
8580 9018 8527
8776 8990 8571
8454 9038 8570
8684 8953 8453
8706 8664 8237
8391 8705 8484
8540 8982 8456
8751 9009 8585
8693 8887 8504
8554 8927 8511
8642 9060 8641
8671 8950 8630
8794 8895 8600
8701 8988 8588
8681 8960 8590
8736 9023 8551
8592 8927 8548
8700 8995 8558
8705 8946 8543
8729 9085 8577
8686 9066 8565
8650 8878 8550
8689 8906 8469
8705 8980 8430
8677 8966 8611
8585 8955 8416
8743 8911 8451
8454 9038 8570
8695 8715 8364
8586 9012 8559
8618 8890 8433
8616 8910 8443
8610 8900 8542
8621 8959 8495
8669 8918 8523
8632 8750 8499
8741 8922 8646
8767 8990 8551
8713 9018 8550
8647 8877 8449
8722 8987 8516
8723 8920 8375
8639 8917 8397
8706 9081 8635
8524 8822 8516
8612 8966 8537
8624 8724 8517
8609 8821 8319
8704 8824 8429
8714 8989 8561
8642 8919 8386
8734 8727 8504
8689 8766 8409
8792 8928 8500
8729 9000 8525
8537 9027 8591
8727 8824 8544
8769 9057 8608
8738 8952 8586
8732 8982 8551
8518 8979 8344
8643 8865 8402
8698 8991 8555
8742 9003 8600
8682 8993 8570
8730 8849 8502
8774 8997 8566
8867 8907 8637
8676 8883 8542
8567 8900 8476
8708 9024 8513
8424 8870 8483
8678 9119 8481
8696 8983 8503
8647 8834 8423
8828 8919 8557
8697 8936 8388
8728 8914 8413
8752 9050 8632
8622 8698 8593
8650 8955 8485
8751 9021 8588
8666 8921 8633
8644 8958 8547
8444 8942 8348
8723 8949 8593
8729 9000 8525
8722 8919 8546
8781 8995 8555
8713 8990 8614
8747 9053 8628
8729 9015 8581
8588 9010 8538
8699 8936 8540
8688 8942 8598
8681 8982 8606
8579 9010 8504
8684 8923 8501
8721 9012 8503
8616 8795 8403
8661 8836 8566
8746 8956 8529
8618 8940 8495
8765 8824 8443
8635 8934 8565
8714 8989 8561
8523 8946 8452
8752 8979 8525
8645 8926 8540
8695 8920 8583
8630 8979 8511
8609 8821 8319
8583 8998 8516
8714 8980 8524
8730 9009 8620
8554 8927 8511
8735 8904 8585
8689 8956 8528
8649 8990 8575
8375 8708 8531
8689 9042 8536
8567 8900 8476
8681 9000 8593
8646 8743 8543
8573 8891 8522
8746 8956 8529
8734 8860 8454
8646 8910 8524
8748 8963 8608
8738 8879 8547
8756 9031 8494
8711 9042 8579
8804 8993 8599
8660 8948 8478
8788 8993 8628
8678 8914 8512
8621 8852 8474
8680 8991 8623
8700 8941 8623
8763 9068 8528
8567 8920 8619
8698 9039 8580
8685 9035 8526
8778 8913 8597
