7058 1924.69
17442 20140
19762 17855
19741 17959
19747 17930
17734 20051
17474 20131
17447 20133
19750 17900
19761 17873
18181 19814
17587 20101
17564 20109
17543 20114
19749 17924
17711 20053
19379 18668
17525 20120
17507 20126
17606 20096
19490 18483
19647 18200
17865 19984
18733 19397
17913 19963
19753 17890
19684 18104
17632 20084
18626 19489
17659 20070
19762 17855
19381 18653
18845 19291
17770 20031
17783 20025
19761 17873
19715 18026
19719 18012
19652 18187
17619 20091
17606 20096
17527 20116
17879 19980
19686 18102
19290 18785
19353 18700
19292 18776
18545 19548
18554 19547
18615 19490
17824 20004
17586 20102
17507 20126
17491 20127
19489 18498
19682 18118
19529 18413
19708 18045
19452 18553
18467 19611
19446 18563
19267 18812
19489 18498
19370 18672
19480 18505
17711 20053
17701 20059
18413 19652
17680 20066
18126 19842
18195 19800
17966 19930
17487 20128
18166 19815
19606 18272
19605 18286
19731 17970
19660 18161
19546 18384
19657 18173
17735 20043
19174 18930
19598 18295
18937 19194
18210 19792
18584 19521
18896 19232
17754 20034
18774 19354
18784 19349
18159 19821
17575 20106
17833 20000
17844 19996
18187 19801
17821 20005
17474 20131
17687 20060
17701 20059
19729 17983
19721 17998
19654 18175
19652 18187
19062 19055
18736 19386
19569 18351
19573 18341
19644 18201
19204 18884
18943 19188
19697 18080
19250 18834
19359 18692
17952 19942
18924 19206
18833 19301
18684 19437
18865 19267
17752 20038
18274 19750
18469 19609
18838 19292
17564 20109
18045 19887
17575 20106
17900 19964
19528 18425
19678 18133
19679 18121
19713 18034
19544 18395
19285 18786
19689 18092
18183 19806
19419 18599
19282 18796
19401 18629
18024 19901
19713 18034
18641 19472
18594 19510
18069 19875
18988 19140
18651 19462
18063 19882
18429 19641
18422 19647
18587 19516
18400 19662
17643 20080
18890 19243
17897 19968
18153 19822
18577 19526
18569 19531
17833 20000
18107 19852
18135 19838
18494 19589
18309 19727
18299 19730
18723 19400
18501 19587
18009 19909
18021 19908
17671 20069
17619 20091
19720 18009
19625 18242
19203 18891
19672 18136
19341 18716
19537 18408
18463 19619
19166 18933
18440 19633
18376 19674
18981 19146
18445 19626
19621 18249
17447 20133
17442 20140
19514 18445
19428 18590
19413 18609
18525 19565
18492 19591
19728 17991
19635 18219
18543 19553
19722 17997
17790 20020
18578 19522
18113 19849
17783 20025
18828 19302
18259 19758
17671 20069
18276 19746
18454 19620
18286 19744
17538 20115
18099 19863
19750 17900
19061 19065
19702 18064
19700 18073
19252 18827
18848 19283
19574 18335
19665 18156
19668 18148
19344 18708
19671 18144
17991 19916
19502 18470
19498 18477
19337 18723
19073 19043
19453 18551
19692 18086
19594 18302
19624 18244
19432 18583
17959 19935
18787 19345
19352 18702
19086 19028
18970 19158
19547 18383
19129 18981
19012 19114
18482 19599
19013 19110
19694 18081
18874 19258
19213 18878
18753 19374
18758 19368
19642 18209
19222 18864
19576 18333
19218 18872
18911 19219
19637 18215
18882 19248
19553 18373
19185 18912
18948 19182
17854 19990
18337 19705
18435 19636
19069 19053
17848 19995
18429 19641
18998 19123
18931 19199
18768 19358
18678 19439
18657 19456
18668 19447
18821 19312
18366 19684
18405 19655
18004 19911
17801 20016
17812 20007
17938 19949
18088 19864
19753 17890
19330 18724
19329 18733
19175 18921
19642 18209
19715 18026
19729 17983
19260 18814
19417 18607
17812 20007
19700 18073
17809 20014
19165 18938
18747 19377
19434 18578
19521 18435
18021 19908
19024 19099
19341 18716
19021 19106
19507 18460
18688 19430
19100 19017
18099 19863
18103 19857
18328 19709
18145 19829
19619 18251
18991 19134
19076 19037
19104 19011
18536 19557
18530 19560
18043 19889
19243 18839
19163 18940
19158 18946
19660 18161
19556 18372
18797 19330
19201 18893
18766 19363
18807 19322
19238 18844
19152 18954
19423 18595
19109 19003
19665 18156
18598 19507
17885 19976
18124 19843
18860 19268
17944 19945
18325 19715
18673 19445
19535 18410
17938 19949
19008 19116
18873 19259
18774 19354
18363 19686
19139 18966
18486 19598
18517 19575
19175 18921
19181 18917
18816 19314
19145 18962
17879 19980
19054 19068
18001 19912
18693 19425
18247 19768
18351 19696
18114 19847
18815 19316
19127 18982
19061 19065
18664 19452
17809 20014
18085 19868
18077 19870
17762 20033
18904 19230
17770 20031
17975 19929
17929 19951
18463 19619
17792 20017
18054 19886
19728 17991
19626 18234
19259 18821
19562 18362
19121 18985
18793 19333
19564 18355
19702 18064
19368 18679
19704 18057
18791 19340
19588 18312
19617 18255
19307 18756
18358 19689
18905 19226
18248 19767
19586 18314
19304 18762
18967 19160
19153 18949
19270 18806
19072 19044
19505 18461
19690 18088
18506 19583
19467 18521
18964 19166
18327 19714
19464 18527
18104 19853
19476 18510
18878 19253
19551 18378
19135 18974
18666 19449
19183 18913
19616 18257
18983 19144
18791 19340
18184 19804
18701 19420
19480 18505
18802 19327
19438 18567
19095 19021
19299 18766
19085 19031
19407 18618
19213 18878
19090 19025
19412 18614
18907 19224
19522 18433
19029 19092
18295 19738
19032 19091
19397 18630
19564 18355
19049 19072
18264 19752
18853 19279
18637 19476
18848 19283
19405 18621
19581 18327
19569 18351
19080 19035
18037 19894
19509 18453
19100 19017
18939 19192
19304 18762
18504 19586
18632 19480
19054 19068
18985 19141
18290 19742
19095 19021
18722 19401
19276 18799
19329 18733
18749 19376
19323 18736
19122 18984
19531 18412
18336 19707
19282 18796
18422 19647
18238 19772
18135 19838
17637 20083
18141 19835
18416 19650
19674 18135
18382 19670
18974 19152
18150 19827
19741 17959
19734 17961
17959 19935
18643 19469
17862 19985
18226 19781
19064 19054
18219 19783
18650 19467
19261 18813
17745 20039
18476 19606
18034 19899
18026 19900
17801 20016
17645 20078
17989 19922
17762 20033
17653 20077
17981 19923
19360 18685
19402 18622
19359 18692
19706 18051
19610 18269
19749 17924
18931 19199
19747 17930
19526 18431
19436 18572
19708 18045
19612 18263
19539 18402
18835 19295
18929 19205
19528 18425
17989 19922
18922 19212
19705 18053
19046 19077
19049 19072
19585 18318
19132 18976
18295 19738
18978 19151
18868 19262
18704 19415
17682 20064
18629 19484
19137 18970
19582 18323
18592 19514
19456 18546
18605 19500
18298 19733
18453 19621
19188 18907
18035 19896
18151 19826
19003 19120
19541 18399
19494 18481
19498 18477
18677 19441
19236 18849
18235 19773
18311 19723
19476 18510
19270 18806
18964 19166
18488 19595
19472 18514
18942 19190
18163 19817
18315 19719
19274 18802
18511 19579
18603 19504
18853 19279
18637 19476
19420 18597
18696 19423
19208 18882
17857 19987
19348 18706
18718 19404
18342 19702
18857 19275
18346 19698
18674 19443
18960 19170
18714 19408
18342 19702
18761 19365
18476 19606
19368 18679
18440 19633
19155 18948
18599 19505
19147 18957
18868 19262
18798 19328
19253 18826
18360 19688
18697 19421
19363 18682
18435 19636
19002 19122
17993 19915
17929 19951
17739 20041
18204 19794
18353 19695
18241 19770
18198 19796
18394 19664
18606 19499
18204 19794
19337 18723
19330 18724
18267 19751
19753 17890
17619 20091
19120 18991
19297 18775
19581 18327
19458 18536
19105 19005
19573 18341
19298 18769
19104 19011
18375 19680
19508 18454
19457 18542
18746 19383
19385 18651
19551 18378
18556 19542
19519 18440
19387 18646
18825 19305
17915 19958
19433 18579
18250 19762
19630 18225
19070 19049
18809 19317
19147 18957
19436 18572
18807 19322
19238 18844
19236 18849
19145 18962
18823 19310
19628 18230
17923 19952
18629 19484
18953 19175
19668 18148
17888 19974
18213 19788
18632 19480
17656 20074
19470 18517
18074 19874
19467 18521
18402 19659
19027 19095
18077 19870
18085 19868
19602 18290
19113 18998
19243 18839
19024 19099
17920 19956
18885 19244
17900 19964
18198 19796
19321 18739
19318 18743
19311 18749
18893 19239
18611 19498
18786 19346
19246 18835
19543 18398
19605 18286
19116 18994
18614 19494
18405 19655
18956 19171
18321 19718
18915 19216
18387 19669
18371 19683
19090 19025
19442 18566
19116 18994
18521 19572
18561 19535
18557 19538
18539 19554
18995 19131
18250 19762
18953 19175
19513 18450
18254 19759
18375 19680
18718 19404
19232 18853
19610 18269
19120 18991
19606 18272
18391 19666
18949 19178
18517 19575
18120 19846
19446 18563
18793 19333
17858 19986
17920 19956
18656 19460
18145 19829
18741 19384
19208 18882
18566 19533
18481 19604
17915 19958
18233 19777
18561 19535
18009 19909
18380 19673
18346 19698
18736 19386
18591 19515
18120 19846
17745 20039
18451 19625
18321 19718
18063 19882
17923 19952
18809 19317
18445 19626
18057 19883
18511 19579
18315 19719
18141 19835
19412 18614
18685 19432
18357 19694
17980 19928
17981 19923
18650 19467
19513 18450
19504 18466
19731 17970
18481 19604
19732 17965
18859 19271
18996 19127
18276 19746
19370 18672
19732 17965
19190 18903
18972 19154
19504 18466
18664 19452
19220 18868
19139 18966
19218 18872
19502 18470
18768 19358
19591 18304
19181 18917
19637 18215
17525 20120
19039 19081
19558 18368
18309 19727
19232 18853
18857 19275
19734 17961
19037 19085
19188 18907
19589 18308
17890 19970
19136 18971
19628 18230
18311 19723
19379 18668
18451 19625
18234 19776
19626 18234
18524 19566
19220 18868
18040 19892
18991 19134
17656 20074
17854 19990
18835 19295
19360 18685
18262 19755
19392 18640
19198 18896
18708 19413
18711 19410
19461 18533
18054 19886
18216 19785
19390 18643
19034 19088
19682 18118
18057 19883
19562 18362
19458 18536
18733 19397
17653 20077
18213 19788
19613 18260
19037 19085
19363 18682
18825 19305
19160 18943
18910 19222
18229 19778
18758 19368
18226 19781
17963 19933
19679 18121
19310 18753
19307 18756
19387 18646
19559 18365
19395 18637
18290 19742
17963 19933
19017 19108
18753 19374
19080 19035
19226 18858
19385 18651
19021 19106
19526 18431
17739 20041
19257 18824
19105 19005
19230 18856
19046 19077
18918 19214
18708 19413
19631 18221
19417 18607
19017 19108
19518 18443
18286 19744
19170 18931
19318 18743
19042 19079
19344 18708
18704 19415
17997 19914
19348 18706
18922 19212
19494 18481
19678 18133
19297 18775
18331 19708
18387 19669
17975 19929
18074 19874
17980 19928
17632 20084
18885 19244
17952 19942
17892 19969
18929 19205
17538 20115
17543 20114
18746 19383
17947 19943
18069 19875
18254 19759
18611 19498
18371 19683
17637 20083
18741 19384
19285 18786
18802 19327
19428 18590
19311 18749
19589 18308
18657 19456
18103 19857
18995 19131
19225 18862
19671 18144
18556 19542
19432 18583
18689 19426
19396 18633
19631 18221
18557 19538
18904 19230
19395 18637
19310 18753
19585 18318
19226 18858
19630 18225
18895 19236
18948 19182
19704 18057
19457 18542
19689 18092
18614 19494
18949 19178
18996 19127
18656 19460
19070 19049
19582 18323
18577 19526
19456 18546
19257 18824
19276 18799
19230 18856
19323 18736
18262 19755
19160 18943
19602 18290
19196 18899
19198 18896
19034 19088
18402 19659
19390 18643
19464 18527
19539 18402
19462 18530
19321 18739
18784 19349
19600 18293
19274 18802
19472 18514
18488 19595
17790 20020
19027 19095
19407 18618
19392 18640
17792 20017
18381 19672
18521 19572
19470 18517
18880 19250
18523 19569
18895 19236
18893 19239
18643 19469
18878 19253
18566 19533
19132 18976
19657 18173
18685 19432
18040 19892
18569 19531
19193 18901
17944 19945
18761 19365
18416 19650
18216 19785
19225 18862
17885 19976
18711 19410
19591 18304
18163 19817
19196 18899
18394 19664
18915 19216
19042 19079
19193 18901
19113 18998
18967 19160
18166 19815
19423 18595
18391 19666
19594 18302
18241 19770
17947 19943
19039 19081
19110 19000
19006 19118
18714 19408
18219 19783
19076 19037
18918 19214
19314 18745
19654 18175
19190 18903
17491 20127
18229 19778
18978 19151
19246 18835
17997 19914
18357 19694
18534 19559
18507 19580
18689 19426
17487 20128
18960 19170
17683 20061
19170 18931
17687 20060
18956 19171
18530 19560
19442 18566
17844 19996
17848 19995
18088 19864
19314 18745
19298 18769
18523 19569
19720 18009
19612 18263
19461 18533
19519 18440
19544 18395
19396 18633
19110 19000
19613 18260
19152 18954
19558 18368
17683 20061
19085 19031
19719 18012
19518 18443
19462 18530
18034 19899
18507 19580
19559 18365
19259 18821
18859 19271
19299 18766
18299 19730
18298 19733
19006 19118
19381 18653
18823 19310
