110166 450.043
16678 17570
17198 17312
17003 17333
16835 17471
17003 17333
16835 17471
16846 17398
16835 17471
16848 17389
16848 17389
17003 17333
16835 17471
16846 17398
16848 17389
17003 17333
16848 17389
17003 17333
17003 17333
16835 17471
16848 17389
17003 17333
16835 17471
16835 17471
16835 17471
16835 17471
16835 17471
16835 17471
17003 17333
17003 17333
17003 17333
16835 17471
17003 17333
16846 17398
16848 17389
17003 17333
16835 17471
16848 17389
17003 17333
17003 17333
16835 17471
17003 17333
17003 17333
17003 17333
16835 17471
17003 17333
17003 17333
16848 17389
16835 17471
16835 17471
16848 17389
16848 17389
16835 17471
17003 17333
17003 17333
17003 17333
16848 17389
17003 17333
16835 17471
16848 17389
17003 17333
16848 17389
16848 17389
16835 17471
16835 17471
16835 17471
16835 17471
16835 17471
16835 17471
16835 17471
17003 17333
16848 17389
16678 17570
17198 17312
17003 17333
16835 17471
16835 17471
16846 17398
16835 17471
16848 17389
17003 17333
17003 17333
16835 17471
16846 17398
16848 17389
16848 17389
17003 17333
17003 17333
17003 17333
17003 17333
16848 17389
16835 17471
16835 17471
16848 17389
16848 17389
16835 17471
17003 17333
16835 17471
17003 17333
16848 17389
17003 17333
16835 17471
16848 17389
16848 17389
17003 17333
16835 17471
16848 17389
17003 17333
16835 17471
16848 17389
17003 17333
17003 17333
16835 17471
17003 17333
17003 17333
17003 17333
17330 17044
16678 17570
16835 17471
17003 17333
16848 17389
17003 17333
17003 17333
16848 17389
17003 17333
16678 17570
17003 17333
17003 17333
16848 17389
16835 17471
16848 17389
16835 17471
16848 17389
17003 17333
17003 17333
17003 17333
16835 17471
17003 17333
17003 17333
16835 17471
17003 17333
17003 17333
16846 17398
16835 17471
17003 17333
16835 17471
16835 17471
16835 17471
16835 17471
17003 17333
16848 17389
16835 17471
17003 17333
16835 17471
16848 17389
16835 17471
16835 17471
17003 17333
16848 17389
16848 17389
16835 17471
16848 17389
17003 17333
16835 17471
16835 17471
16835 17471
16848 17389
16835 17471
17003 17333
17003 17333
17003 17333
16835 17471
17003 17333
17003 17333
16835 17471
17003 17333
16678 17570
16848 17389
17003 17333
16835 17471
16835 17471
16848 17389
16835 17471
17003 17333
16835 17471
16848 17389
17003 17333
16835 17471
16835 17471
16835 17471
17003 17333
16835 17471
16846 17398
17003 17333
17003 17333
16835 17471
16987 17370
17003 17333
16846 17398
16835 17471
16835 17471
