12657 600.002
26426 25733 28039
24315 25488 27634
28550 25013 24364
26924 24407 22994
27504 24778 27014
26411 26639 26345
27897 23982 25378
26076 26660 27050
26816 24745 27245
24837 25433 26482
26155 25447 26595
27080 26303 24340
27031 26027 25234
26230 24601 28232
25577 24158 28331
28853 25520 24990
25082 25309 27688
26823 26409 26540
25862 24264 26861
27023 26511 26429
25948 26014 24004
27091 23909 26252
26772 23945 27160
25897 26773 26010
28214 25874 25868
24826 23206 27412
25965 25677 24243
25740 26588 26055
27471 26522 24819
26498 24828 27345
24890 24980 27863
24925 25239 27351
26248 26717 26900
26805 23413 27175
27589 24787 27526
27037 24890 27677
26645 27040 25344
26227 24972 26910
27415 24135 26131
27438 23971 27596
24913 26566 26209
25495 25409 26976
27535 24070 26183
26369 24387 27812
27589 24027 26034
25455 24747 27154
27185 23804 27279
25862 27218 24869
27706 25840 25954
27435 27014 23822
25888 25212 27680
27274 26729 24036
24635 24367 27437
28024 26579 24072
25453 26655 24641
25248 24802 23016
25289 26987 26444
25398 24559 28296
27422 24411 27493
25222 25153 26686
26403 27557 24657
27014 24095 26755
27457 24621 27317
25905 26296 24769
25314 26353 27122
27329 25262 24816
27200 26520 25657
27169 26706 24428
26066 25834 27010
26421 27045 25409
24988 25706 27241
27409 26597 26187
26764 25298 23998
24602 24269 27696
25907 24795 26520
27656 24393 25191
26129 27151 25481
24981 26025 27212
26443 27616 25168
28411 25898 24432
25908 26682 25881
27110 26429 24357
26202 27098 25696
27509 26664 23810
26889 23827 26213
26804 25841 25628
25859 24129 28169
28233 24228 26176
24300 23428 25346
25253 25759 27473
27976 24822 25970
25201 25568 27107
27220 24955 26468
26876 24439 26143
27414 25777 25859
28453 25408 24546
24149 25628 24023
26983 24522 27369
26104 26648 26295
27460 23991 26343
27966 24056 23700
26596 27572 25613
25311 25411 25999
25070 24845 27716
25697 24979 28241
27380 25324 24673
26267 24331 26432
25009 26431 25208
27892 24290 25870
25901 25473 27630
26838 24292 27489
27455 25492 25780
27449 24994 26973
27330 25923 24209
26540 25297 26797
25525 26757 26160
28324 24295 24127
28908 25098 24549
27458 26793 24470
27190 23951 26873
28725 25408 24609
27724 26605 23902
27346 25339 25902
26260 26921 25360
28277 25957 23786
26748 24726 26980
24854 24041 25864
28446 24619 25250
27664 25810 24809
26474 26452 25017
25811 26093 25741
26331 25669 27015
25297 25226 26737
26018 24248 24258
28137 25344 25904
27545 24698 24735
27777 25862 25458
28201 24553 25365
25425 24131 27783
26005 24665 27321
26961 24498 27699
27291 25750 23181
26165 23875 25909
27218 23877 24751
25759 27327 24993
27073 26061 23961
26654 26539 25119
26663 24322 27269
28037 26374 25304
28220 25197 24251
25888 25030 26738
25294 24596 26627
24212 25196 27321
25126 24591 28310
28061 25258 25541
26942 24438 27278
27277 23733 26941
26800 23228 26807
26276 25858 27354
28229 24832 24478
26882 25070 27358
25943 25691 27155
28253 25248 25246
24782 25991 26937
25672 26717 26687
24374 25293 24952
26663 23467 26742
25998 26423 24325
26968 27417 25855
25186 25013 27506
26901 26293 25006
27837 25317 25813
28191 24709 26001
27882 25524 24028
27825 24657 24668
25866 26461 26519
25761 26607 26370
27943 24275 24629
26331 26145 24048
26140 24789 27164
26049 24512 27194
26866 23770 23858
26320 26603 26094
27315 27022 24431
25535 25815 24643
25555 24196 28153
25976 24701 27385
27201 25895 26226
25637 25916 27609
26883 25658 26676
26281 26724 24912
27174 25916 24877
27292 24615 25535
26287 26108 24938
24191 25688 26072
26946 24082 25625
25146 24816 27429
25271 25901 27481
28331 25710 25304
27227 25450 25301
25212 23931 27614
25592 24675 27327
27240 24375 26962
26404 27448 25016
28418 24529 25543
27363 26428 23442
26293 26348 26033
25222 25232 27267
28044 25583 24921
28857 25057 24624
25764 24359 28049
28126 24616 24805
27121 26155 25293
27281 24996 26108
27402 26307 26050
25590 25201 27898
27465 26205 24820
27214 24058 26881
24417 25803 23558
25816 25783 26697
28010 25038 25510
26168 24620 28375
26998 24711 27270
26277 25432 26125
27668 26146 24195
27744 25094 25064
25694 26700 25508
25293 24509 27329
27595 24820 26912
26547 25411 26467
26398 25236 26982
27107 23866 26359
27138 25880 24230
28134 26120 24772
25807 26583 26902
26840 25296 26952
25492 25325 27818
26552 26717 26317
25226 23482 26731
28172 25173 24183
27812 23698 26224
28122 25577 24907
26090 23215 26526
27423 26893 24640
25687 26074 24919
27484 24507 27076
26985 25837 25303
25476 26259 26177
27342 24267 25695
24596 25337 26430
26737 25144 27557
26921 24276 23318
26149 24847 27212
26350 24097 25581
27399 25313 25612
27947 25157 23902
26320 26963 26249
26615 26312 26660
25626 26103 25846
24951 24165 27074
24940 24626 24272
26295 26297 24494
28199 24869 23839
26003 26727 24310
27144 25669 26038
26092 24778 25851
25474 26083 26224
26343 24261 26871
28208 25103 24299
27367 24357 25835
27194 24081 25510
25950 25273 27109
26222 26886 24229
25721 25211 27267
27394 24146 25042
27434 25394 24183
26506 26529 24541
27408 26015 26307
27076 26739 24079
27576 25698 23371
25563 26479 25936
26163 25408 23593
24956 25708 27004
26997 24329 27849
28030 24599 26110
27962 24194 25399
25994 26036 25012
25591 25366 27442
26510 24537 26547
27306 25788 25677
26820 24309 25855
27106 25116 24865
26244 26400 26656
27045 25482 25195
26555 26572 26333
26859 23689 27270
27844 24649 25628
24809 23881 26581
26591 23742 24375
26312 24284 25281
