637874 2460.09
3271 4029
4262 3274
3350 4024
3271 4029
3415 4017
3364 4021
4220 3368
4121 3595
4218 3400
4230 3367
4236 3338
3888 3812
4250 3278
4199 3443
4019 3700
3990 3731
3749 3893
3732 3908
4102 3602
4185 3466
4089 3635
4094 3612
4122 3569
4236 3338
4246 3319
3616 3956
3595 3966
3666 3926
3704 3912
3732 3908
3512 3986
3540 3982
4215 3423
3688 3919
4218 3400
4041 3697
4050 3680
3653 3936
3927 3783
4248 3300
4014 3705
3453 4003
3751 3891
4205 3437
4215 3423
4071 3649
4139 3546
4197 3462
4246 3319
4248 3300
3907 3806
3431 4009
3415 4017
3969 3747
4041 3697
4174 3499
3540 3982
3481 3998
3556 3975
3632 3949
3690 3914
3616 3956
4168 3505
4164 3521
4056 3666
3964 3748
4050 3680
3938 3773
3762 3881
3994 3723
4175 3491
3763 3878
3672 3925
3997 3718
4182 3478
4064 3660
3977 3738
3431 4009
4152 3528
4142 3537
3952 3769
3963 3761
3839 3836
3855 3832
4164 3521
4152 3528
4098 3605
3909 3801
3832 3845
3870 3826
3918 3792
3879 3817
4010 3716
3635 3938
3787 3870
4182 3478
3466 4001
3822 3857
3806 3860
3977 3738
3797 3862
3952 3769
3938 3773
3778 3875
3511 3987
3582 3970
3595 3966
3963 3761
3364 4021
3350 4024
4122 3569
4128 3560
4136 3553
3632 3949
3635 3938
3497 3989
4262 3274
4197 3462
3568 3971
3556 3975
3485 3993
4132 3554
3497 3989
3704 3912
4082 3640
4056 3666
4074 3646
4009 3717
3453 4003
3787 3870
3778 3875
3879 3817
3568 3971
3582 3970
3860 3830
3870 3826
4064 3660
3825 3851
4142 3537
3469 4000
4168 3505
4205 3437
3918 3792
3924 3786
4082 3640
4089 3635
4094 3612
3653 3936
3839 3836
3797 3862
4128 3560
3806 3860
