51184 2401.16
29749 24528
29749 24528
29604 25006
29604 25006
29614 24964
29640 24951
29732 24702
29734 24608
29687 24885
29713 24826
29667 24915
29641 24920
29674 24895
29742 24576
29652 24916
29700 24827
29735 24583
29715 24792
29746 24539
29614 24964
29696 24850
29719 24767
29696 24850
29687 24885
29719 24767
29726 24724
29725 24742
29652 24916
29674 24895
29734 24608
29715 24792
29732 24702
29725 24742
29726 24724
29746 24539
29667 24915
29742 24576
29699 24837
29699 24837
29640 24951
29735 24583
29713 24826
29641 24920
29700 24827
29749 24528
29749 24528
29749 24528
29749 24528
29749 24528
29749 24528
29749 24528
29749 24528
29749 24528
29749 24528
29749 24528
29749 24528
29749 24528
29749 24528
29749 24528
29749 24528
29749 24528
29749 24528
29749 24528
29749 24528
29749 24528
29749 24528
29749 24528
29749 24528
29749 24528
29749 24528
29749 24528
29749 24528
29749 24528
29749 24528
29749 24528
29749 24528
29749 24528
29749 24528
29749 24528
29749 24528
29749 24528
29749 24528
29749 24528
29749 24528
29749 24528
29749 24528
29749 24528
29749 24528
29749 24528
29749 24528
29749 24528
29749 24528
29749 24528
29749 24528
29749 24528
29749 24528
29749 24528
29749 24528
29749 24528
29749 24528
29749 24528
29749 24528
29749 24528
29749 24528
29749 24528
29749 24528
29749 24528
29749 24528
29749 24528
29749 24528
29749 24528
29749 24528
29749 24528
29749 24528
29749 24528
29749 24528
29749 24528
29749 24528
29749 24528
29749 24528
29749 24528
29749 24528
29749 24528
29749 24528
29749 24528
29749 24528
29749 24528
29749 24528
29749 24528
29749 24528
29749 24528
29749 24528
29749 24528
29749 24528
29749 24528
29749 24528
29749 24528
29749 24528
29749 24528
29749 24528
29749 24528
29749 24528
29749 24528
29749 24528
29749 24528
29749 24528
29749 24528
29749 24528
29749 24528
29749 24528
29749 24528
29749 24528
29749 24528
29749 24528
29749 24528
29749 24528
29749 24528
29749 24528
29749 24528
29749 24528
29749 24528
29749 24528
29749 24528
29749 24528
29749 24528
29749 24528
29749 24528
29749 24528
29749 24528
29749 24528
29749 24528
29749 24528
29749 24528
29749 24528
29749 24528
29749 24528
29749 24528
29749 24528
29749 24528
29749 24528
29749 24528
29749 24528
29749 24528
29749 24528
29749 24528
29749 24528
29749 24528
29749 24528
29749 24528
29749 24528
29749 24528
29749 24528
29749 24528
29749 24528
29749 24528
29749 24528
29749 24528
29749 24528
29749 24528
29749 24528
29749 24528
29749 24528
29749 24528
29749 24528
29749 24528
29746 24539
29746 24539
29735 24583
29735 24583
29735 24583
29674 24895
29736 24554
29701 24782
29716 24722
29707 24728
29732 24635
29730 24638
29730 24638
29730 24638
29734 24409
29697 24740
29706 24634
29729 24624
29733 24491
29699 24682
29732 24611
29732 24611
29732 24611
29732 24606
29691 24734
29698 24664
29719 24624
29726 24623
29725 24591
29691 24690
29722 24609
29722 24609
29720 24605
29683 24653
29714 24564
29708 24578
29714 24558
29704 24543
29697 24537
29653 24539
29697 24468
29695 24518
29695 24398
29685 24518
29694 24474
29691 24452
29626 24509
