892252 780.01
8365 9421
8365 9421
9150 8817
9104 8960
9016 9184
9061 9090
8498 9419
8624 9405
8365 9421
8825 9335
8925 9265
8711 9393
8711 9393
8624 9405
8838 9296
8925 9265
9061 9090
8750 9362
9150 8817
9150 8817
8953 9191
8750 9362
8624 9405
9087 9043
8838 9296
8838 9296
9104 8960
9016 9184
9104 8960
9096 8994
8711 9393
8953 9191
9150 8817
9091 9019
8750 9362
8825 9335
8720 9368
9150 8817
9096 8994
8624 9405
8720 9368
9087 9043
9016 9184
9096 8994
8750 9362
9096 8994
8498 9419
9152 8762
8925 9265
8838 9296
8498 9419
8925 9265
8838 9296
9096 8994
8953 9191
8925 9265
8825 9335
8750 9362
8925 9265
9104 8960
8838 9296
8624 9405
8624 9405
8838 9296
9096 8994
8750 9362
8624 9405
8720 9368
8925 9265
9016 9184
9016 9184
8624 9405
9096 8994
8925 9265
8925 9265
8498 9419
8498 9419
9016 9184
9096 8994
9150 8817
8750 9362
9016 9184
9104 8960
8624 9405
8925 9265
8838 9296
8925 9265
8825 9335
9096 8994
9016 9184
9096 8994
8838 9296
8953 9191
9096 8994
8838 9296
8925 9265
8498 9419
8838 9296
8498 9419
9016 9184
8750 9362
9061 9090
9087 9043
8624 9405
8720 9368
8825 9335
8750 9362
9091 9019
8750 9362
8711 9393
9096 8994
9104 8960
9016 9184
9104 8960
8838 9296
8838 9296
8624 9405
9061 9090
8925 9265
8838 9296
8498 9419
8925 9265
8825 9335
8498 9419
8838 9296
9096 8994
9016 9184
9096 8994
8825 9335
8925 9265
8925 9265
8624 9405
9104 8960
9016 9184
9150 8817
9096 8994
9016 9184
9104 8960
8953 9191
8925 9265
8925 9265
9096 8994
8624 9405
9016 9184
8925 9265
8720 9368
8624 9405
8750 9362
9096 8994
8838 9296
8624 9405
8838 9296
