36289 77.2377
3479 3813
3950 3678
3623 3810
3875 3692
3824 3731
3776 3747
3950 3678
3875 3692
3686 3790
3623 3810
3755 3767
3689 3788
3824 3731
3706 3768
3824 3731
3706 3768
3623 3810
3950 3678
3775 3760
3824 3731
3950 3678
3950 3678
3755 3767
3706 3768
3623 3810
3706 3768
3950 3678
3623 3810
3706 3768
3623 3810
3623 3810
3950 3678
3824 3731
3706 3768
3623 3810
3706 3768
3824 3731
3623 3810
3706 3768
3706 3768
3706 3768
3706 3768
3706 3768
3706 3768
3623 3810
3706 3768
3706 3768
3950 3678
3623 3810
3706 3768
3706 3768
3623 3810
3706 3768
3706 3768
3950 3678
3706 3768
3706 3768
3623 3810
3755 3767
3706 3768
3706 3768
3623 3810
3706 3768
3623 3810
3950 3678
3479 3813
3706 3768
3706 3768
3706 3768
3623 3810
3824 3731
3623 3810
3706 3768
3950 3678
3706 3768
3706 3768
3623 3810
3706 3768
3706 3768
3706 3768
3950 3678
3706 3768
3623 3810
3623 3810
3706 3768
3824 3731
3824 3731
3950 3678
3824 3731
3623 3810
3706 3768
3623 3810
3706 3768
3706 3768
3706 3768
3623 3810
3706 3768
3950 3678
3706 3768
3706 3768
3623 3810
3706 3768
3623 3810
3950 3678
3824 3731
3623 3810
3706 3768
3706 3768
3824 3731
3706 3768
3706 3768
3706 3768
3623 3810
3706 3768
3706 3768
3824 3731
3824 3731
3706 3768
3623 3810
3623 3810
3623 3810
3706 3768
3706 3768
3623 3810
3706 3768
3623 3810
3950 3678
3706 3768
3623 3810
3706 3768
3706 3768
3706 3768
3706 3768
3875 3692
3706 3768
3706 3768
3755 3767
3706 3768
3479 3813
3950 3678
3706 3768
3623 3810
3706 3768
3706 3768
3623 3810
3706 3768
3706 3768
3950 3678
3755 3767
3950 3678
3706 3768
3623 3810
3950 3678
3950 3678
3623 3810
3775 3760
3623 3810
3706 3768
3824 3731
3706 3768
3706 3768
3706 3768
3623 3810
3623 3810
3950 3678
3824 3731
3706 3768
3623 3810
3706 3768
3824 3731
3623 3810
3706 3768
3623 3810
3824 3731
3623 3810
3706 3768
3623 3810
3706 3768
3706 3768
3950 3678
3706 3768
3623 3810
3706 3768
3706 3768
3623 3810
3706 3768
3706 3768
3623 3810
3623 3810
3623 3810
3706 3768
3824 3731
3706 3768
3623 3810
3706 3768
3706 3768
3824 3731
3706 3768
3776 3747
3706 3768
3706 3768
3706 3768
3950 3678
3706 3768
3706 3768
3623 3810
3824 3731
3623 3810
3706 3768
3706 3768
3950 3678
3706 3768
3623 3810
3623 3810
3706 3768
3824 3731
3824 3731
3950 3678
3824 3731
3623 3810
3706 3768
4028 3565
3776 3747
3706 3768
3706 3768
3623 3810
3479 3813
3623 3810
3950 3678
3623 3810
3706 3768
3623 3810
3706 3768
3623 3810
3706 3768
3824 3731
3706 3768
3706 3768
3824 3731
3623 3810
3824 3731
3775 3760
3824 3731
4028 3565
3706 3768
3706 3768
3623 3810
3706 3768
3706 3768
3706 3768
3706 3768
3950 3678
3706 3768
3623 3810
3950 3678
3706 3768
3706 3768
3706 3768
3706 3768
3706 3768
3623 3810
3623 3810
3950 3678
3824 3731
3623 3810
3686 3790
3824 3731
3706 3768
3706 3768
3623 3810
3706 3768
3706 3768
3950 3678
3706 3768
3623 3810
3706 3768
3950 3678
3824 3731
3706 3768
3950 3678
3623 3810
3706 3768
3706 3768
3950 3678
3706 3768
3824 3731
3706 3768
3776 3747
3706 3768
3950 3678
3623 3810
3623 3810
3706 3768
3706 3768
3706 3768
3706 3768
3950 3678
3706 3768
3706 3768
3819 3647
