73480 1020.16
27510 25828
24221 25917
27449 26027
25050 26511
27044 26280
28126 26326
25925 25546
26784 26958
27107 26550
27772 26301
25977 27927
26190 28385
27329 26027
28245 26483
26916 27748
24922 26651
26999 25507
27519 26457
26243 25996
25760 27646
27360 27441
26951 27274
26591 25351
25377 23905
25984 26898
27459 26217
25365 27117
27775 26965
24764 23346
26612 26799
26809 26654
25552 27081
27558 27226
26011 27196
27284 27213
27155 27183
26797 25763
26355 27701
26443 27900
24619 25536
25329 25876
27722 25802
25202 24158
26634 26617
26274 25987
27118 25039
26359 28320
25045 26519
25579 25323
25973 27252
27864 26669
26256 27422
26186 27587
27610 27243
28198 26383
25581 27825
26579 28190
25903 27463
27190 27117
27663 27214
28126 26777
27377 26754
26354 27580
26317 28369
26897 26046
27704 26878
27369 27599
26951 27497
27553 27203
27787 26751
26376 27284
26581 27415
25974 27300
26091 28148
27216 26707
27759 26645
26503 25896
27560 27141
24638 25795
26022 27107
26682 26237
24906 25776
25765 27657
26055 27207
25857 25672
27255 26004
26557 28098
27352 27385
26094 27872
25256 26211
26498 25027
27380 27160
27059 25919
24242 22759
26727 26757
24723 23243
26535 26173
27193 26203
25886 27033
25941 24694
24257 25802
26611 28200
27651 27019
26918 26738
26766 28078
28044 26588
27239 26359
25516 26129
27024 26980
26391 25530
27535 27316
26441 26377
26690 25756
26595 27602
27542 27119
27592 27367
26484 25570
26095 24966
27140 27077
25832 24674
27906 26128
26031 25399
25335 26691
27342 26148
24750 26440
25603 27186
25768 26246
26922 26565
26904 27065
27243 27102
26604 26426
26072 28276
25871 27621
25444 24543
26576 26845
27521 25732
27777 26059
27546 27317
25546 27472
25186 27162
27156 26923
27600 26119
25917 24276
26713 27327
27158 25933
28149 26519
25689 27042
27064 25766
25083 26623
28022 26542
27001 26211
26450 25726
28052 25960
24843 26621
25449 25442
26108 26789
26719 27857
27192 26429
27090 26757
26462 28073
27206 26486
27465 26095
26128 25583
27517 26203
23858 22919
27155 27257
26354 25033
27587 25725
27206 27256
27382 25759
27653 27017
26209 25508
26899 25325
25754 27354
25816 25264
26589 25536
27671 26590
27523 25936
24759 26455
27688 26909
26560 26005
26104 27669
27250 25614
27686 26435
26908 27994
26264 27284
26299 25294
27796 26677
26882 26182
26227 26721
26837 26130
27683 27384
27291 27502
27243 27299
28222 26271
26768 25479
26601 26775
25945 25856
25613 27355
26910 25892
27614 25996
26181 27253
27067 27091
27395 27280
27765 26548
26563 28090
27237 25593
25392 27292
27354 27564
27694 26847
26996 26082
26546 26952
27238 27351
26275 28410
27532 25693
27167 26067
26366 25492
27139 25841
26450 27170
26396 28001
26911 25681
26511 26177
27519 25846
26674 26837
25959 27327
27847 26896
26138 25123
25728 27114
26271 26886
27104 25749
27631 26329
25325 25601
24474 25036
27926 26488
26538 28089
26324 24713
27148 27369
26734 26740
25079 27008
26102 27599
26452 26185
25879 25590
26250 27990
26754 25642
26265 28173
26096 26107
25977 26887
25425 26972
26510 27714
26089 26666
27612 25643
27990 26330
