77946 540.037
9143 8529
8707 9245
8825 9152
9054 8901
8719 9197
8987 8985
8918 9100
9081 8886
8708 9220
8953 8997
8840 9111
9081 8886
8776 9184
9019 8939
8918 9100
9116 8723
8707 9245
8946 9032
8834 9134
9054 8901
8776 9184
9003 8967
8918 9100
9091 8771
8708 9220
8987 8985
8918 9100
9081 8886
8825 9152
9019 8939
8923 9047
9140 8580
8707 9245
8946 9032
8834 9134
9054 8901
8776 9184
9003 8967
8918 9100
9086 8783
8708 9220
8987 8985
8849 9107
9081 8886
8793 9155
9019 8939
8918 9100
9116 8723
8707 9245
8948 9019
8836 9118
9054 8901
8776 9184
9003 8967
8918 9100
9116 8723
8719 9197
8987 8985
8918 9100
9081 8886
8825 9152
9019 8939
8923 9047
9140 8580
8707 9245
8946 9032
8825 9152
9054 8901
8776 9184
8987 8985
8918 9100
9086 8783
8708 9220
8953 8997
8849 9107
9081 8886
8776 9184
9019 8939
8918 9100
9116 8723
8707 9245
8948 9019
8834 9134
9054 8901
8776 9184
9003 8967
8918 9100
9116 8723
8719 9197
8987 8985
8918 9100
9081 8886
8825 9152
9019 8939
8923 9047
9140 8580
8707 9245
8946 9032
8834 9134
9054 8901
8776 9184
9003 8967
8918 9100
9091 8771
8708 9220
8987 8985
8918 9100
9081 8886
8825 9152
9019 8939
8918 9100
9116 8723
8708 9220
8948 9019
8840 9111
9081 8886
8776 9184
9003 8967
8918 9100
9116 8723
8719 9197
8987 8985
8918 9100
9081 8886
8825 9152
9054 8901
8930 9034
9140 8580
8707 9245
8946 9032
8825 9152
9054 8901
8776 9184
8987 8985
8918 9100
9081 8886
8708 9220
8953 8997
8849 9107
9081 8886
8776 9184
9019 8939
8918 9100
9116 8723
8707 9245
8948 9019
8834 9134
9054 8901
8776 9184
9003 8967
8918 9100
9116 8723
