1201 84.7149
24376 23585 24490 24339
24132 23275 24861 24589
24337 23377 24701 24525
24247 23536 24592 24633
24176 23480 24777 24523
24450 23298 24614 24251
23989 23451 24893 24422
24391 23315 24581 24528
24169 23426 24597 24711
24128 23490 24585 24708
24083 23858 24411 24270
24075 23466 24848 24364
24203 23571 24607 24522
24106 23706 24413 24439
24112 23767 24419 24356
24300 23293 24487 24654
24034 23560 24770 24274
23921 23898 24463 24283
24281 23514 24554 24590
24148 23290 24703 24626
24310 23446 24522 24598
24115 23590 24588 24485
24168 23394 24815 24294
24073 23614 24697 24213
24229 23362 24768 24424
24179 23739 24462 24269
24023 23497 24700 24594
24186 23717 24534 24196
24263 23701 24338 24375
24396 23353 24415 24499
24095 23324 24438 24722
24197 23561 24646 24396
24351 23394 24634 24345
24420 23311 24439 24330
24237 23602 24442 24437
24399 23472 24389 24259
24223 23407 24742 24497
23959 23328 24673 24679
24059 23697 24483 24359
24049 23749 24529 24223
24062 23513 24714 24554
24291 23653 24446 24168
24130 23836 24366 24233
24147 23654 24559 24281
24161 23620 24548 24366
24319 23330 24548 24607
24267 23764 24310 24201
24253 23482 24663 24340
24041 23544 24674 24544
24157 23544 24691 24318
24364 23476 24543 24249
24336 23476 24465 24422
24261 23250 24681 24582
24225 23690 24368 24388
24264 23314 24725 24432
24244 23427 24675 24539
24072 23642 24616 24226
24135 23394 24752 24547
24258 23539 24547 24541
23992 23112 24401 24773
24114 23285 24899 24272
23869 23971 24227 24065
24450 23298 24614 24251
23972 23157 24177 24081
24095 23203 24256 24092
24196 23180 24190 23897
24204 23341 24225 24206
23861 23080 24349 24215
24125 23444 24385 24237
23984 23223 24162 24067
24067 23097 24535 24449
23827 23275 24118 23855
23831 23368 24802 24250
24147 23420 24179 24118
24135 23422 24349 24014
24073 23392 24232 24195
24092 23391 24250 24334
23728 23162 23964 23989
23989 23323 24398 24111
24023 23146 24006 24050
24049 23252 24214 24060
23846 23254 24311 24109
24066 23278 24138 24247
24085 23329 24346 24150
24022 23157 24152 24152
23905 23276 24465 24342
23918 23325 24248 24079
24121 23518 24526 24249
23798 23055 24466 24223
23888 23479 24300 23991
24150 23324 24389 24009
24107 23518 24151 24123
24039 23460 24415 23977
23904 22991 24484 24154
24186 23363 24206 24180
24098 23222 24600 24206
23874 23143 24498 24283
23972 23364 24146 24185
23843 23306 24301 24289
23985 23346 24444 24262
23956 23369 24241 24194
24204 23186 24140 24250
24048 23433 24262 24038
23873 23410 24459 24315
23689 23106 23966 24009
24080 23312 24359 24193
24060 23248 24029 24195
24096 23430 24270 24165
24049 23284 24523 24210
23972 23364 24333 24144
24075 23302 24268 24178
23895 23089 24222 24152
24027 23467 24224 24034
23862 23202 24136 24050
24076 23275 24288 24121
24029 23121 24073 24113
23993 23388 24470 24259
24067 23516 24297 24053
24030 23351 24287 24038
23879 23272 24409 24447
24010 23177 24245 24317
23969 23307 24185 24258
24152 23273 24407 23893
23852 23274 24224 23936
24099 23308 24309 24207
24136 23503 24549 24360
23936 23064 24643 24520
24041 23301 24355 24150
23919 23437 24247 24185
24058 23353 24373 24240
24141 23192 24219 24040
24004 23279 24250 24133
24075 23119 24475 24204
24049 23481 24517 24199
23958 23294 24221 24121
23720 23218 24343 24332
24159 23432 24404 24197
24050 23394 24574 24358
24204 23289 24279 24164
23960 23466 24113 24257
24149 23222 24501 24263
23792 23363 24211 23948
24045 23304 24561 24219
23783 23214 23929 23755
23996 23283 24201 24196
23956 23343 24320 24303
23906 23031 24422 24251
23994 23346 24297 24045
24000 23518 24267 24187
23918 23308 24263 24123
23921 23122 24546 24374
24065 23297 24188 23950
24196 23413 24399 24005
23928 23471 24343 24169
23818 23206 24524 24272
24037 23361 24430 24260
23850 23153 24412 24258
23866 23469 24227 23986
23895 23154 24127 24219
24028 23473 24211 24178
24015 23399 24247 24104
23885 23297 24008 24101
23912 23331 24215 23944
24192 23266 24299 23987
24027 23348 24336 24298
23993 23372 24056 24021
24109 23337 24217 24177
24013 23558 24435 24241
23802 23195 24147 23993
24158 23260 24341 24088
24035 23237 24183 24155
23977 23442 24287 24296
23938 23382 24272 24154
24007 23059 24335 23899
24003 23095 24124 24169
24022 23193 24307 24005
23881 23301 23947 24099
24144 23349 24203 24000
23956 23522 24236 24397
24032 23266 23921 24241
24025 23230 24371 24103
23634 23480 24010 24006
24055 23445 24485 24130
23690 23196 24466 24206
24058 23129 24098 24166
23969 23492 24536 24185
23977 23195 24543 23950
23865 23277 24079 24012
24150 23384 24319 24174
23833 23227 24615 24385
24016 23139 24460 24473
23949 23352 24012 24144
24024 23352 24180 24044
24040 23359 24281 24266
24069 23327 24368 23827
23857 23355 23910 24007
23933 23179 24074 24084
24139 23492 24173 24197
24056 23468 24297 24018
23818 23166 24526 24489
23987 23390 24273 24152
23937 23298 24171 23950
23906 23307 24216 24026
23911 23307 24620 24357
23929 23564 24115 23928
23896 23135 24331 24065
24146 23277 24290 24082
23997 23088 24310 24339
24042 23160 24272 24313
23854 23286 24233 24066
24076 23460 24240 24232
23924 23434 24402 24072
23957 23219 24402 24290
24026 23296 23986 24124
23967 23416 24148 24052
23876 23455 24274 24225
24149 23442 24356 24217
24248 23440 24475 24317
23868 23358 24316 23910
24126 23268 24194 24158
23973 23323 24323 24213
23915 23241 24342 24471
24125 23355 24340 24182
24087 23283 24393 24329
24048 23244 24355 24188
24001 23363 24188 24267
24021 23330 24340 24260
23862 23249 24145 24066
23951 23194 24511 24469
23865 23401 24261 24170
24010 23081 23938 23801
24004 23276 24547 24350
24074 23413 24385 24192
23665 23016 24475 24264
23797 22992 24026 23877
23900 23436 24377 24325
24056 23487 24073 24200
23918 23494 24344 24107
23940 23098 24620 24217
23891 23256 24365 23943
24013 23287 24192 24234
24135 23397 24208 24146
24017 23220 24047 23979
23861 23175 24294 24172
23834 23199 24034 24143
23510 23056 24067 24182
23884 23408 24280 24134
24024 23536 24262 24288
24110 23584 24388 24267
24076 23389 23968 24194
23922 23317 24553 24436
24039 23504 24440 24259
23886 23041 24415 24134
23845 23413 24264 23911
24028 23358 24297 24397
23954 23118 24128 24152
23821 23465 24382 24005
24142 23305 24269 24407
24221 23300 24297 24136
23800 22989 24116 23830
23943 23391 24276 24097
23853 23232 24002 24039
24115 23376 24323 24231
23881 23190 24091 24352
23761 23086 23786 24013
23868 23304 24208 24204
24115 23343 24573 24322
23981 23422 24221 24211
24088 23213 24083 24173
24050 23061 24221 23944
24174 23305 24248 24349
24042 23346 24276 24369
23977 23326 24190 24202
24064 23392 24314 24128
23993 23100 24628 24421
23991 23343 24265 24250
24198 23382 24285 24375
24083 23335 24298 24174
24106 23419 24344 24301
24271 23415 24408 24132
23768 23005 24398 24284
24117 23493 24253 24181
24007 23386 24120 24212
23797 23402 24213 24212
24050 23277 24172 24067
23870 23123 24181 24053
23802 23462 24176 24209
23967 23308 24353 23876
23910 23254 24247 24031
23975 23478 24214 24078
24018 23545 24316 24291
23995 23460 24375 24032
23902 23078 24598 24516
23975 23398 24504 24201
23830 23140 24138 24178
23947 23348 24518 24323
24087 23386 24552 24316
23746 23053 24334 24188
23931 23336 24488 24252
23959 23332 24412 24589
23849 23091 24572 24435
24054 23200 24090 24124
24116 23357 24207 24332
23939 23098 24413 24202
24007 23337 24232 24191
23878 23450 24348 24226
23912 23170 24411 24285
23925 23404 24171 24076
24063 23479 24356 24028
23921 23387 24182 24109
24241 23238 24252 24117
24204 23445 24353 24325
24002 23408 24303 24057
23857 23173 24464 24365
23977 23166 24681 24290
23975 22959 24417 24349
23902 23242 24285 24313
24133 23307 24252 23931
23978 23227 24200 24187
24176 23208 24166 24210
23973 23433 24408 24222
23975 23346 24539 24353
24046 23200 24198 23901
23890 23259 24155 24234
23679 23281 23770 23928
24062 23224 24412 24531
24050 23505 24502 24156
23931 23182 24218 24173
24086 23274 24235 24187
24013 23400 24297 24258
23881 23076 24182 24281
24063 23231 24273 24133
23738 23177 24181 24121
23802 23044 24280 24086
23854 23404 24243 24119
23794 23315 24038 24068
23954 23300 24196 24205
23862 23386 24234 24289
24232 23440 24412 24260
24192 23341 24345 24329
23877 23258 24417 24044
23988 23385 24271 24276
24029 23224 24059 24030
23902 23310 24600 24300
24167 23404 24268 24241
23937 23427 24402 24040
24056 23329 24214 24075
23755 23256 24209 23959
23836 22978 24385 24232
23784 23378 24083 24026
24025 23271 24204 24079
23981 23122 23977 23995
