12242 1141.02
16597 17174 16708
16590 16951 16936
16674 17082 16794
16385 17300 16577
16744 16937 16794
16258 16880 17074
16730 17000 16717
16137 17313 16753
16276 17135 16937
16402 16885 17052
16319 17325 16582
16453 16961 17012
16631 16999 16885
16810 16875 16497
16329 17292 16649
16535 17059 16897
16777 16914 16639
16216 17355 16601
16382 16998 17029
16508 17147 16797
16295 17005 17037
16790 16824 16639
16267 17237 16778
16453 17207 16715
16278 17190 16839
16757 16979 16565
16674 16807 16871
16262 17265 16710
16367 17102 16915
16725 16918 16807
16182 17367 16534
16649 16928 16880
16333 17142 16881
16762 16761 16741
16292 17083 16950
16487 16985 16959
16393 17156 16823
16491 17088 16856
16651 17096 16738
16497 16869 16981
16446 17222 16632
16155 17345 16635
16432 16823 17037
16458 17022 16939
16308 17219 16765
16409 17189 16746
16502 16756 17001
16526 17191 16633
16411 17229 16651
16622 17106 16746
16511 17200 16589
16690 17062 16608
16704 17036 16588
16279 17171 16853
16595 17051 16829
16386 17035 16951
16291 16920 17047
16579 17128 16754
16564 17094 16810
16880 16670 16457
16198 16761 17105
16060 17405 16402
16880 16670 16457
16322 16682 16672
16396 16447 16243
15945 16686 16437
16112 16674 16437
16222 16583 16384
16328 16633 16217
15928 16586 16518
16393 16629 16486
15795 16430 16107
16278 16545 16503
16031 16789 16110
16381 16833 16600
16409 16792 16525
15970 16420 16277
15821 16448 16144
16174 16536 16330
16348 16769 16533
16378 16894 16626
16288 16864 16556
15932 16176 16172
16338 16703 16566
16444 16798 16623
16564 16914 16636
16352 16733 16778
16481 16823 16502
16071 16361 16234
16279 16486 16549
16190 16887 16697
16177 16713 16347
16244 16652 16723
16261 16845 16468
16511 16966 16544
16608 16880 16468
16425 16955 16660
16088 16732 16357
16307 16875 16634
16284 16484 16410
15942 16337 16189
16112 16578 16361
16012 16700 16417
16047 16736 16196
16281 16617 16495
16150 16466 16460
16130 16702 16622
16209 16531 16610
16411 16927 16721
16308 16625 16395
16311 16866 16818
16300 16864 16592
16035 16440 16125
16273 16581 16421
16307 16932 16605
16252 16803 16484
16402 16933 16843
16419 16961 16648
16366 16741 16515
16247 16929 16578
16548 17006 16629
16375 16965 16647
16444 16797 16420
16100 16872 16585
16266 16815 16561
16510 16767 16500
15689 16281 15899
16029 16583 16365
16170 16493 16184
16360 16859 16680
16317 16612 16704
16180 16522 16288
15818 16541 16162
16151 16552 16258
16253 16591 16346
15765 16284 16135
16077 16449 16151
15900 16391 16140
16283 16656 16412
16198 16666 16513
16399 16858 16782
16419 17029 16421
15914 16530 16060
16381 16696 16629
16184 16653 16208
15977 16471 16150
16189 16483 16219
16358 16764 16309
16411 16923 16559
16234 16792 16130
15918 16462 16329
16200 16909 16269
16329 16710 16525
16181 16761 16519
16292 16733 16566
16335 16846 16606
16473 16702 16565
16365 16944 16671
16301 17005 16774
16537 16678 16587
16237 16819 16435
16313 16519 16450
16205 16827 16499
16206 16490 16354
16131 16443 16371
15968 16782 16164
16243 16729 16419
15830 16355 16052
15778 16453 16234
16151 16648 16629
16414 16717 16485
16436 16842 16546
15940 16799 16510
16477 16938 16435
16518 16813 16489
16118 16670 16324
16082 16560 16185
15961 16456 15986
16247 16968 16648
16143 16504 16290
16301 16697 16286
16227 16908 16610
16203 16796 16620
15960 16625 16520
16125 16736 16485
16310 17055 16636
16216 16518 16312
16402 16721 16463
15966 16522 16065
15841 16349 16126
16237 17031 16520
15742 16281 16060
15957 16402 16256
16186 16602 16357
15859 16760 16271
15847 16182 15963
16231 16794 16606
16151 16499 16500
16017 16531 16145
16348 16691 16429
16059 16645 16389
16395 16908 16548
16290 16927 16774
16164 16590 16501
16140 16447 16249
16303 16798 16589
16358 16792 16749
15967 16530 16240
16278 16695 16522
16431 16723 16442
16254 16805 16447
16316 16688 16630
16205 16415 16362
16045 16415 16329
16287 16816 16447
16151 16704 16328
16126 16946 16563
16287 16479 16279
15993 16551 16400
16325 17119 16718
16283 16871 16574
16138 16797 16624
16378 16925 16690
16434 16834 16441
16186 16885 16568
16140 16721 16438
16254 16732 16424
16161 16664 16593
16450 16915 16628
16044 16784 16574
15959 16263 16222
16212 16697 16401
16380 16843 16621
16438 16813 16629
16470 16872 16748
16046 16465 16249
16336 16834 16636
16472 16914 16519
16226 16468 16348
16318 16865 16523
15958 16209 16078
16261 16870 16683
16248 16773 16435
16342 16584 16673
16406 16741 16732
16321 16846 16395
16095 16852 16519
16028 16611 16257
15730 16157 16091
16182 16843 16499
16272 16634 16394
16349 16763 16367
16104 16481 16402
16257 16897 16536
16240 16787 16618
16176 16823 16430
16159 16995 16564
16258 16721 16734
16506 16611 16520
16183 16574 16198
16177 16608 16313
15955 16613 16121
16141 16532 16134
16308 16808 16470
16203 16709 16209
16310 16623 16481
16450 16777 16554
16214 16583 16317
15900 16434 16181
15966 16353 16003
16313 16857 16688
15940 16288 16198
16203 16798 16540
16023 16435 16371
15837 16317 16042
16328 17027 16603
16411 16823 16592
15887 16295 16397
16206 16432 16171
16011 16430 16251
16065 16477 16317
16417 16920 16505
16473 16617 16618
16322 16769 16559
16011 16562 16331
16092 16946 16511
16294 16726 16616
16179 16685 16400
16028 16552 16230
16216 16641 16434
16244 16932 16468
16154 17040 16664
16331 16828 16716
16213 16880 16559
16234 16811 16478
15879 16434 16143
15960 16444 16241
16228 16507 16386
16080 16588 16146
16380 16523 16446
16647 16731 16643
16263 16858 16591
16364 16799 16564
16375 16723 16500
16340 16845 16522
16176 16525 16509
16086 16820 16338
16122 16722 16483
16139 16576 16270
16247 16624 16300
16099 16651 16340
16239 16795 16530
15851 16563 16220
16230 16804 16614
16235 16656 16289
16063 16370 16340
15973 16302 16176
16273 16739 16744
16112 16494 16383
16285 16819 16412
16242 16606 16382
15960 16183 16029
16252 16950 16586
16237 16791 16443
16173 16650 16264
16261 16795 16554
16365 16889 16473
16523 16668 16497
16290 16622 16580
16139 16531 16430
15933 16478 16184
16251 16723 16428
16160 16729 16466
16191 16669 16413
16185 16780 16564
16314 16805 16404
16142 16542 16586
16230 16788 16493
16150 16585 16406
16245 16739 16115
16179 16776 16565
16185 16860 16359
16090 16538 16311
16368 16867 16532
16079 16729 16425
16397 16914 16677
16443 16780 16547
16057 16536 16334
16483 16932 16782
16449 17014 16676
16086 16680 16557
16225 17037 16511
16155 16646 16344
16268 16603 16513
16131 16750 16263
16156 16687 16544
15843 16397 16096
16336 16685 16327
16215 16839 16439
15810 16387 16308
16476 16742 16336
16354 16787 16602
16177 16530 16366
16001 16526 16244
16114 16588 16154
16232 16911 16518
16130 16736 16389
15917 16336 16197
16393 16685 16583
16273 16544 16549
16217 16762 16368
16305 16705 16619
15832 16195 16137
16280 16701 16651
16283 16903 16750
16102 16439 16153
16008 16646 16317
16287 16668 16413
16021 16552 16393
16448 16848 16636
16343 16671 16730
16421 16826 16582
16205 16786 16322
16382 16794 16621
16306 16842 16534
15930 16523 16369
16201 16876 16699
16189 16722 16336
16040 16672 16447
15674 16264 15913
15886 16679 16270
16147 16850 16468
16194 16629 16720
16352 16950 16667
16387 16553 16595
16149 16661 16463
16329 17026 16563
16097 16750 16532
16167 16771 16626
16265 16889 16572
15714 16272 16149
16304 16676 16470
16013 16715 16363
16434 16739 16779
16184 16704 16352
16460 16854 16426
16320 16944 16577
16258 16860 16435
16175 16836 16597
16253 16945 16440
16323 17002 16559
16195 16760 16368
16334 16910 16513
16338 16523 16253
16115 16752 16592
16347 16674 16566
15780 16352 15849
16245 16609 16264
16037 16575 16243
16076 16403 16300
16483 16791 16688
16002 16484 16010
16341 16778 16382
16320 16786 16458
16160 16691 16278
16249 16882 16551
16308 16950 16628
16093 16647 16391
16163 16717 16603
16151 16502 16593
16233 16908 16663
16220 16751 16315
15874 16341 16070
16399 16864 16575
16340 16773 16684
16165 16640 16438
16178 16564 16313
16281 16852 16598
16441 16810 16250
15992 16532 16166
16094 16450 16141
16029 16717 16472
16394 16933 16571
15943 16590 16309
16056 16476 16209
16198 16768 16347
16242 16876 16410
16270 16967 16455
16051 16708 16407
16530 16692 16442
16290 16966 16691
16372 16890 16462
16333 16989 16703
16253 16742 16398
16334 16764 16486
16471 17004 16748
16284 16819 16632
16252 16835 16553
16346 16772 16555
16156 16397 16178
16442 16768 16597
16073 16380 15898
16154 16628 16615
16277 16831 16629
16132 16730 16298
16386 17037 16507
16089 16853 16680
16100 16611 16277
16215 16644 16427
16307 16885 16456
16348 16882 16396
16130 16764 16206
16293 16763 16568
16221 16895 16548
16211 16459 16133
16460 16852 16630
16262 16713 16423
16154 16635 16412
16320 17106 16524
16172 16593 16204
16304 17029 16524
16318 16757 16470
16035 16312 16364
16326 16881 16572
16365 16969 16507
16266 16647 16541
16378 17047 16714
16124 16732 16414
16365 16875 16478
16180 16567 16268
16230 16856 16610
16469 16850 16567
16308 16809 16340
16331 16832 16616
16312 16801 16707
15797 16330 16045
16240 16921 16469
16314 16675 16630
16318 16541 16651
16061 16781 16174
16498 16789 16792
16215 16852 16559
15864 16433 16183
16479 16783 16716
16404 16557 16606
16338 16824 16455
15914 16322 16119
16410 16729 16605
16175 16807 16726
16185 16632 16530
16019 16509 16333
16321 16683 16346
16224 16842 16667
16397 16684 16419
15909 16321 16397
16262 16642 16486
16372 16825 16526
16500 16970 16713
16088 16363 16197
16257 16678 16572
16224 16570 16262
16341 17091 16718
16087 16982 16608
16160 16741 16511
16088 16635 16354
15883 16435 16377
16292 16660 16282
15957 16639 16139
16110 16488 16200
15764 16373 15985
16117 16455 15991
16294 16896 16660
16131 16523 16196
16138 16669 16428
16318 16532 16772
16328 16596 16391
16278 16746 16429
16026 16506 16127
16258 16708 16597
15633 16367 16094
16416 16659 16484
16229 16707 16412
16313 16852 16476
16012 16444 16172
16325 16891 16749
16231 16934 16350
15808 16258 16011
16541 16770 16562
16201 16742 16451
16009 16468 16160
16290 16556 16557
16327 16858 16505
16251 16793 16585
16181 16524 16285
16185 16882 16555
16152 16755 16463
16430 16889 16680
16443 16805 16395
16297 16762 16421
16294 16883 16655
16315 16814 16742
16319 16756 16437
16487 16847 16627
16389 16769 16805
15729 16184 15945
16039 16367 15974
16446 16814 16539
16430 16909 16626
16181 16544 16434
16205 16756 16785
16086 16486 16345
16070 16652 16291
16367 16795 16721
16252 16698 16462
16269 16430 16422
16001 16607 16219
16147 16559 16531
15953 16288 15954
16473 16996 16725
16312 16900 16745
16378 16779 16353
16281 16724 16066
16522 16894 16605
16261 16946 16540
16365 16977 16675
16050 16583 16133
16172 16632 16124
16278 16751 16617
16307 16847 16606
16405 16722 16362
16217 16695 16324
16263 16720 16476
16426 16734 16539
16130 16728 16478
16212 16646 16436
16449 16886 16395
16093 16520 16376
16295 16826 16526
16404 16752 16743
16175 16712 16547
16259 16780 16465
16276 16965 16403
16404 16915 16431
16200 16741 16353
15998 16403 16227
16385 16904 16399
16143 16908 16640
16327 16838 16731
16302 16995 16658
16199 16794 16342
15904 16335 16178
16241 16679 16318
16097 16623 16127
16416 16910 16595
16092 16386 16369
16140 16482 16260
16129 16895 16618
16181 16679 16631
16124 16608 16569
15833 16252 15971
16225 16524 16518
16257 16833 16437
16129 16801 16445
16145 16572 16331
16315 16956 16533
15930 16140 16231
16215 16732 16367
16339 16877 16573
16288 16754 16427
15945 16497 16149
16397 16831 16720
16341 16919 16823
16037 16708 16381
16293 16917 16624
16089 16431 16305
16083 16656 16533
15906 16568 16172
16110 16742 16444
16175 16694 16516
16278 16668 16472
16336 16912 16594
16039 16369 15953
16081 16270 16126
16315 16815 16448
16020 16651 16241
16657 16877 16717
15891 16282 16297
15935 16572 16122
16016 16736 16388
16400 16925 16593
16239 16728 16290
16341 17004 16543
16363 16778 16608
16253 16829 16563
16246 16800 16362
16243 16766 16384
16077 16487 16372
16272 16777 16708
16205 16850 16171
16319 16778 16670
16305 16801 16498
16232 16557 16626
16059 16599 16378
16268 16971 16691
16357 16625 16602
16394 16769 16492
16003 16655 16007
16353 16955 16481
16277 16841 16499
16079 16827 16477
16039 16725 16572
16192 16744 16714
16439 16698 16646
15885 16250 16027
16368 16862 16587
16202 16570 16639
16192 16484 16364
16148 16663 16597
16278 16654 16561
16257 16854 16592
16490 16807 16655
15956 16362 15981
16254 16857 16683
16205 16698 16328
16377 16836 16536
16043 16659 16334
16232 16798 16305
16212 16819 16522
16213 16764 16668
16313 16839 16589
16198 16478 16525
16308 16813 16459
16190 16671 16477
16558 16526 16506
16228 16839 16781
16244 16422 16413
16202 16677 16626
16308 16914 16474
16304 16913 16629
16153 16563 16156
16377 16603 16241
15979 16463 16253
16302 16761 16556
16056 16463 16336
16011 16518 16218
16264 16798 16508
16161 16874 16553
16050 16494 16214
16296 17033 16550
16336 16942 16593
16160 16583 16137
16301 16772 16476
15875 16166 16282
16202 16826 16435
16182 16693 16169
16373 16778 16770
16401 16676 16612
16453 16779 16672
16218 16629 16457
16113 16649 16311
15868 16503 16149
15946 16539 16427
15999 16296 16205
16448 16947 16511
16387 16987 16637
16356 16864 16334
16308 16815 16554
16401 16686 16594
16356 16621 16615
15951 16596 16329
16212 16996 16532
16215 16965 16603
16197 16908 16505
16317 16603 16415
16226 16743 16520
16243 16698 16307
16207 16780 16626
16229 16656 16576
16147 16533 16327
16123 16536 16511
16106 16526 16116
16294 16870 16509
16538 16837 16546
16193 17120 16511
16172 16751 16620
16107 16471 16307
16391 16802 16402
16422 16761 16257
16377 17008 16663
16210 16826 16616
16254 16654 16499
16429 16860 16440
16239 16629 16230
16167 16785 16288
15871 16549 16228
16288 16864 16712
16218 16789 16414
16285 16945 16333
16435 16847 16511
16292 16358 16317
16277 16853 16590
16201 16904 16546
15994 16679 16447
16113 16588 16335
16135 16685 16533
16206 16788 16458
16399 16900 16580
16329 16684 16447
16176 16741 16358
16457 16674 16578
16127 16566 16335
16159 16823 16511
16098 16751 16237
16439 16903 16684
16173 16899 16415
16521 16809 16618
16231 16742 16342
16201 16800 16557
16421 16744 16487
16301 16717 16296
16593 16605 16622
16500 16874 16635
16042 16491 16485
16334 16843 16557
15903 16360 16285
16120 16576 16439
16303 16772 16530
15840 16451 16193
16165 16765 16479
16402 17066 16688
15871 16252 15898
16323 16732 16647
16262 16653 16481
16071 16587 16001
16386 16690 16726
16369 16674 16424
16235 16908 16331
16154 16727 16686
16301 16619 16112
16258 16631 16412
15917 16550 16231
16271 16789 16563
16247 16501 16484
16292 16798 16507
16491 16777 16514
16155 16457 16352
16249 16595 16295
15943 16620 16139
16278 17059 16569
16127 16245 16225
15924 16401 16200
15955 16485 16166
16174 16923 16701
16413 16783 16553
16146 16523 16261
16443 16784 16567
16419 16977 16640
16262 16550 16439
16266 16390 16221
16030 16752 16499
16101 16595 16598
16145 16613 16303
16137 16613 16521
16487 16726 16762
15840 16336 16095
16354 16752 16689
15893 16354 16050
16277 16897 16772
16026 16737 16609
16257 16803 16588
16307 16587 16379
16354 16613 16599
15989 16518 16153
16199 16992 16390
16204 16779 16823
16048 16565 16263
16007 16782 16655
16372 16658 16411
16260 16780 16506
16450 16853 16523
16269 16931 16563
16580 16874 16602
15820 16671 16244
16331 16920 16733
16348 16600 16467
16279 16622 16335
16256 16958 16517
16320 16824 16583
16162 16670 16522
16303 16826 16502
16258 16831 16475
16238 16912 16408
16131 16471 16246
16308 16681 16548
16240 16732 16617
16308 16832 16666
16284 16533 16470
16456 16802 16861
16299 16861 16826
16003 16738 16518
16076 16732 16245
16210 16843 16372
16176 16487 16396
16399 16652 16445
16290 16668 16540
16203 16841 16315
16317 16723 16324
16477 16899 16430
15809 16304 16003
16122 16721 16261
16481 16942 16601
16161 16678 16584
15963 16550 16221
16320 17046 16522
16228 16893 16811
16172 16699 16446
15846 16631 16299
16241 16643 16616
16049 16789 16674
16197 16321 16261
16239 16864 16446
16167 16753 16538
16265 16730 16639
16261 16727 16378
16366 16880 16713
16133 16987 16480
16209 16772 16659
16143 16781 16502
16012 16369 16218
16220 16630 16331
16362 17047 16720
16274 16806 16713
16288 16836 16501
16129 16693 16541
16304 16638 16504
16136 16587 16124
16212 16663 16592
16295 16863 16775
16128 16974 16560
16439 16738 16521
16381 16978 16702
16465 16892 16734
16119 16861 16675
15975 16853 16243
16169 16632 16477
16272 16833 16435
16204 16743 16587
16273 17017 16532
16380 17069 16701
16367 16854 16537
16396 16736 16564
16405 16939 16588
16249 16808 16638
16332 16664 16635
16111 16499 16349
16186 16769 16556
15859 16620 16398
16437 16896 16393
16236 16838 16552
16563 17018 16640
16209 17054 16701
16321 16953 16484
16086 16484 16445
16128 16457 16245
16291 16894 16679
16229 16714 16629
16373 16908 16561
16051 16753 16370
16137 16609 16391
16428 16858 16756
15963 16432 16049
16412 16667 16698
15930 16476 16062
16238 16611 16551
16273 16742 16545
16085 16501 16066
16359 16753 16593
16185 16359 16385
16034 16452 16069
16128 16979 16495
16153 16761 16211
16291 16740 16441
16374 16845 16727
16278 16723 16576
16457 16647 16562
15872 16380 16025
16116 16489 16373
16437 16739 16638
16142 16406 16105
16164 16576 16368
16381 16783 16407
16370 16948 16491
16045 16794 16322
16309 16725 16449
16103 16803 16466
16238 16801 16524
16090 16728 16257
16165 16593 16432
16328 16773 16611
16106 16757 16263
15877 16270 16204
16041 16596 16334
16251 16690 16484
16265 16735 16557
16411 17095 16768
16333 16833 16282
16162 16699 16359
16025 16580 16357
16166 16959 16433
16327 16934 16786
16264 16851 16584
15813 16245 16050
16194 16772 16374
16265 16732 16541
16152 16514 16155
16403 16907 16832
16504 16951 16738
15924 16453 16127
16428 16921 16614
16311 16560 16622
16076 16560 16540
16083 16613 16228
16172 16686 16208
16240 16806 16704
16458 16551 16270
16351 16679 16730
16331 16666 16357
16196 16542 16217
15702 16374 16192
16192 16696 16599
16047 16653 16355
16297 16822 16642
16256 16647 16348
16183 16693 16162
16335 16991 16491
16307 16925 16536
16334 16679 16522
16383 16865 16465
16291 16833 16560
15878 16495 16212
