223442 600.02
4264 3132
4264 3132
4096 3494
4096 3494
4197 3462
4153 3479
4107 3486
4153 3479
4261 3217
4207 3411
4235 3327
4207 3411
4244 3307
4212 3360
4252 3271
4214 3335
4259 3246
4252 3271
4197 3462
4244 3307
4261 3217
4212 3360
4107 3486
4259 3246
4235 3327
4213 3340
4214 3335
4213 3340
4264 3132
4264 3132
4264 3132
4264 3132
4264 3132
4264 3132
4264 3132
4264 3132
4264 3132
4264 3132
4264 3132
4264 3132
4264 3132
4264 3132
4264 3132
4264 3132
4264 3132
4264 3132
4264 3132
4264 3132
4264 3132
4264 3132
4264 3132
4264 3132
4264 3132
4264 3132
4264 3132
4264 3132
4264 3132
4264 3132
4264 3132
4264 3132
4264 3132
4264 3132
4264 3132
4264 3132
4264 3132
4264 3132
4264 3132
4264 3132
4264 3132
4264 3132
4264 3132
4264 3132
4264 3132
4264 3132
4264 3132
4264 3132
4264 3132
4264 3132
4264 3132
4264 3132
4264 3132
4264 3132
4264 3132
4264 3132
4264 3132
4264 3132
4264 3132
4264 3132
4264 3132
4264 3132
4264 3132
4264 3132
4264 3132
4264 3132
4264 3132
4264 3132
4264 3132
4264 3132
4264 3132
4264 3132
4264 3132
4264 3132
4264 3132
4264 3132
4264 3132
4264 3132
4264 3132
4264 3132
4264 3132
4264 3132
4264 3132
4264 3132
4261 3217
4261 3217
4261 3217
4261 3217
4261 3217
4261 3217
4261 3217
4252 3271
4244 3307
4244 3307
4235 3327
4213 3340
4212 3360
4212 3360
4207 3411
4096 3494
4255 3184
4190 3357
4233 3243
4211 3349
4233 3243
4211 3349
4233 3243
4228 3242
4121 3344
4152 3321
4200 3285
4207 3257
4211 3253
4211 3253
4211 3253
4211 3253
4211 3253
4208 3206
4132 3302
4180 3266
4191 3229
4205 3221
4204 3126
4145 3072
