24671 2222.02
25939 26251
25812 26275
26066 26188
26147 26089
26004 26218
25975 26231
26187 26041
26123 26118
26084 26142
25849 26256
26073 26168
26302 25885
26115 26121
26021 26191
26289 25932
26231 25996
26094 26123
25980 26220
26291 25887
26303 25874
26321 25873
25758 26280
26251 25995
26253 25972
26253 25972
26253 25972
26207 26030
26288 25952
26207 26030
26288 25952
26251 25995
26156 26061
26156 26061
25937 26246
26060 26186
26113 26118
26150 26058
26130 26081
25963 26216
26187 26006
25992 26205
26156 26037
26166 26017
26072 26146
26006 26191
26082 26133
26214 25970
26078 26139
26200 25986
25861 26248
26115 26094
25979 26206
26198 25987
26172 26007
26188 25989
26236 25967
25846 26256
26026 26152
25953 26178
26073 26136
26065 26137
25932 26225
26076 26115
24516 24630
25293 25410
25264 25359
25062 24881
24856 24962
24346 24626
24313 24844
24570 25044
24888 25212
24308 24563
25295 25465
25282 25153
23901 24393
25048 25202
25230 25040
24203 24543
24603 24579
24994 25070
25331 25590
24942 24938
25078 25330
25053 25076
24542 24815
25171 25328
24809 25099
25379 25732
25133 24817
24905 25028
24276 24498
24707 24918
24481 24876
25347 25660
24821 24805
25067 25217
24613 24689
25375 25314
25260 25465
25407 25419
24607 24737
24991 25042
24862 24697
25384 25645
25085 25086
25090 25286
25365 25384
24451 24869
25323 25215
24871 25057
24979 25105
25254 25330
24500 24700
25291 25266
25475 25245
25407 25375
25039 25217
25214 25244
24745 24625
24979 24955
24954 25152
25316 25404
24178 24558
24830 24767
24787 25148
25324 25592
25164 24932
24470 24434
25134 25248
25401 25486
25296 25394
25200 25097
24976 25339
24436 24662
25369 25399
25186 25373
24766 24788
24744 24757
24387 24548
25012 25051
25276 25225
24986 24894
25254 25501
24347 24400
24640 24910
25443 25319
25323 25584
25100 25438
25434 25387
24913 25180
24661 24760
25447 25782
25157 25020
24549 24852
25097 25333
24844 24982
25053 25287
25694 25566
24814 25087
25336 25377
24567 24798
25002 25010
25377 25383
25314 25735
25211 25318
24956 25010
24676 24830
25267 25304
25072 25004
25270 25073
25186 25478
25190 25350
24949 25500
24660 24616
24867 24756
24518 24216
25008 24704
24855 25218
24681 24665
25328 25406
25485 25641
25118 25472
24815 25043
24530 25062
24629 25129
25245 25385
25408 25235
24802 24988
24923 24912
25148 25472
24998 25323
25384 25518
25065 25177
25190 25377
25075 25466
25066 25252
25244 25180
24955 25132
24545 24817
24266 24459
25323 25352
24762 24951
24768 25208
25264 25576
24993 24987
24904 25083
25564 25498
25221 25521
24986 25059
25003 25189
25076 25526
24237 24699
25203 25145
25197 25326
24896 24853
25343 25600
24881 24939
25229 25415
25246 25355
25303 25529
25250 25291
24464 24513
24308 24116
25581 25686
24242 24298
25048 24943
25329 25286
25265 25433
25224 25316
25389 25587
24831 25082
24536 24577
24547 24420
25526 25601
24460 24394
25617 25745
25344 25553
24363 24495
25307 25301
24833 24936
25048 25281
24526 24692
25065 25466
25198 25148
24952 25119
25421 25563
25337 25333
23852 24145
25287 25184
25380 25558
25039 25108
25265 25355
24750 24875
24166 24536
24596 24761
24720 24706
25113 24882
24273 24469
25416 25325
25217 25239
24782 25056
24802 24844
25147 25715
24371 24180
25053 25100
25243 25310
24677 24838
24424 24513
25113 25118
25034 24942
25281 25482
24209 24141
25439 25465
25051 25382
24745 25088
25130 25447
24941 24789
25462 25527
24145 24271
24766 24803
24849 24626
25404 25313
24157 24600
25124 25486
24187 24070
24846 25064
24651 24907
24563 24764
24719 24957
25287 25413
25145 25357
25497 25508
25554 25494
25343 25451
25363 25526
25086 25357
24469 24842
25251 25453
25080 24995
24874 24539
24261 24467
25697 25665
24463 24292
25462 25704
24798 25082
25542 25599
25091 25488
25356 25083
24496 24869
24140 24361
25400 25519
25180 25425
25224 25127
25288 25144
24723 24880
25366 25593
24155 24195
24645 24650
25220 25341
24190 23968
25588 25594
25038 25243
24723 24700
25326 25334
24895 24931
25156 25341
24552 24621
24963 24946
25545 25324
24513 24705
24772 24826
25085 25310
24437 24360
25379 25628
25033 25005
24781 24874
24915 25142
24892 24824
24774 24446
24108 24274
24690 25171
24323 24260
24736 24714
24866 25302
24720 24745
25513 25495
25402 25377
24926 24775
25072 25453
25668 25465
25123 24978
24514 24668
24739 24826
24477 24832
24182 24283
25336 25226
25026 24994
24949 25196
24907 25109
25367 25497
24879 25156
25060 25164
24733 24912
24990 24720
24989 25037
24764 24648
25259 25385
24150 24670
25399 25474
25321 25400
24559 24775
25397 25113
24917 25152
25354 25322
24801 24920
25090 25288
25151 25159
25049 25305
24829 25131
24623 25041
25187 25310
25402 25448
25408 25337
25282 25077
24996 24690
25161 25169
23869 24124
25103 24916
24580 24645
25057 25068
25422 25380
25233 25064
24974 25023
24792 24759
25248 25233
24659 24680
24611 24461
24834 24904
25520 25777
24910 25151
25000 25163
25149 25431
24675 24706
24506 24561
24815 24659
24742 24855
24389 24650
25222 25516
24629 24867
25044 25510
24854 24960
25265 25282
24233 24324
25054 25396
24609 24760
25066 25199
24648 24878
24616 24677
24731 25223
25365 25371
24995 25152
25331 25284
25254 25308
25306 25430
25118 24992
25037 25146
24667 24738
24293 24449
25133 25444
24877 25108
25473 25566
24945 25046
25052 25110
25282 25287
24641 24616
25460 25617
25239 25333
24137 24617
24017 24306
24759 24751
24678 25020
24759 25052
25382 25447
24635 24743
24973 24895
25484 25624
24923 25170
24567 24994
24842 25231
24786 25090
24959 24931
24404 24569
25233 25498
24937 25117
24634 24882
24906 25450
25286 25390
25364 25351
24784 24692
25004 25053
24940 25223
25568 25607
25547 25539
24732 25154
24511 24460
25591 25452
25408 25511
25051 25047
25345 25299
24567 24559
25216 25138
25294 25405
24929 25416
25226 25251
24884 24932
24848 24522
25556 25492
25135 25382
25433 25545
25215 25150
25428 25484
24264 24781
25091 25386
25550 25606
25261 25593
24477 24446
24986 25317
25334 25515
25393 25272
25186 25114
25261 25491
24897 25261
24789 25020
24087 24258
24951 24938
25544 25558
24883 24978
25558 25473
24811 24771
25389 25407
25104 25190
25094 25208
24977 25166
24726 24941
24026 24178
25036 24902
24466 24909
24169 24194
24889 25134
25304 25665
25359 25812
24706 24941
25212 25241
25148 25390
24648 24759
24789 25351
24958 24925
25199 25244
25119 25304
25311 25214
24904 25070
25048 25325
25265 25531
25340 25251
25483 25489
23873 24035
24517 24689
25201 25247
24747 24830
24326 24424
24978 24872
25418 25412
25217 25345
24796 24552
24747 25070
25336 25369
24840 24855
24932 25003
24635 24926
25185 25197
24816 24760
24863 25086
25171 25399
24607 24729
25221 25443
24681 24670
24496 24303
25177 25432
25408 25492
24281 24334
24668 24809
24119 24524
25128 25314
25009 25326
25176 25375
25035 25405
24272 24457
24659 24885
25267 25359
25631 25617
25037 25075
24467 24396
25195 25192
25277 25319
25212 25284
25220 25332
23935 24370
24538 24470
24743 24882
24889 25114
24890 24798
24350 24669
24848 24723
25412 25219
25009 25515
25513 25395
24869 25133
24668 24861
25232 25100
24882 25520
25351 25432
25569 25757
25348 25635
25352 25375
25042 25215
25296 25405
25296 25546
24948 24780
25351 25308
25374 25307
25216 25310
25383 25608
25224 25258
25379 25315
25202 25233
24070 24372
24892 25111
24531 24852
25742 25565
25138 25547
24831 24800
24891 25102
24585 24668
24744 25031
24837 24953
25444 25433
24418 24634
25524 25447
25075 25460
24548 24955
25533 25505
24986 24909
25092 25397
24998 25287
25129 25250
24848 25100
25240 25360
24739 25008
24759 24768
25002 25023
25252 25377
25001 25110
25230 25327
25014 24955
24698 24969
24938 25066
25404 25585
24692 24910
24805 25057
25048 25162
24153 24342
25391 25614
24465 24692
25145 25178
24769 24844
25170 25368
24808 24954
25148 25249
24602 24680
24627 25000
25270 25353
25456 25434
24863 25037
25046 25072
25279 25588
25193 25015
24497 24698
24887 24898
25509 25719
25192 25393
24270 24613
23979 23612
24032 24394
25482 25619
24439 24814
24990 25225
24637 24899
25265 25289
24544 24643
24994 25292
25352 25500
25272 25430
24896 25260
25145 25338
24319 24585
25009 25486
24845 25039
24820 25051
25005 25046
24624 24959
24449 24615
24589 24753
24774 24981
24385 24676
24601 24537
25378 25280
25273 25439
25004 25066
24489 24727
25277 25525
24773 24714
24843 24991
25190 25455
25396 25708
24763 24906
24652 24910
24990 25441
25003 25009
25017 25109
25150 25400
25553 25647
25049 25081
24299 24588
25461 25686
24817 25082
25465 25522
24938 24742
24318 24483
24738 24818
25190 25395
25132 25153
25034 24839
25288 25467
24931 25205
24868 25059
24966 25286
25406 25497
25092 25325
24268 24556
25455 25531
25487 25525
25188 25134
24951 24853
25269 25258
24389 24341
25251 25574
24923 24933
24582 24699
24686 24891
24525 24956
25413 25462
25255 25476
25092 25314
25231 25124
25249 25373
25618 25693
25365 25401
25168 25230
25246 25439
25432 25327
24635 24439
25163 25173
25022 25223
24893 24977
24624 24865
25276 25331
24357 24637
24274 24596
25038 25198
25415 25549
24478 24756
25237 25372
25217 25626
25135 25151
25109 25180
24950 25100
25422 25035
24924 25066
24714 24940
24651 24694
24116 23741
24298 24317
24725 24771
24967 25134
24322 24488
25055 25375
25381 25400
25235 25354
25028 25264
25034 25030
25283 25356
25398 25518
24800 24956
24761 25151
25175 24983
24755 25066
25242 25240
24296 24566
24373 24628
25297 25310
25154 25274
25109 25431
25340 25229
25209 25421
24698 24860
24825 24999
24909 25229
25279 25091
25001 25235
24635 24870
24242 24808
24884 25104
25541 25639
25118 25304
24443 24468
24257 24510
24892 25030
25118 25243
24369 24674
24265 24373
24615 24660
24720 24638
24341 24436
25361 25528
25587 25850
25140 25342
25122 25438
24864 24947
24283 24340
25437 25481
24894 25144
24092 24455
24455 24673
25385 25355
25278 25225
24862 24936
24372 24598
25308 25311
23836 24104
25309 25537
24932 25360
25300 25487
24894 25031
25207 25546
24852 25144
24924 25201
25137 25391
25411 25402
24779 24973
24557 24550
25110 24929
24700 24882
25275 25385
24883 25257
24658 24889
25211 25281
25180 25535
25151 25580
24641 24841
24575 24948
24629 24743
24875 24803
25088 25246
24780 25047
25064 25283
24085 24111
24518 24606
24469 24593
25178 25293
25564 25451
24924 25038
25560 25455
24104 24109
24458 24903
25131 25142
25013 25198
24761 24743
25270 25394
24391 24382
24911 25217
25180 25166
25385 25503
25117 25328
24939 24838
25015 25459
25327 25611
25622 25561
24267 24725
23839 24187
23983 24119
25122 25295
23716 23799
24319 24332
25216 25724
25175 25333
25446 25379
24628 24948
25335 25463
25110 25246
25086 25052
24772 24814
25466 25488
24744 24772
24095 24674
25508 25788
25397 25534
25424 25537
24831 25102
25217 24872
25389 25445
25405 25210
25177 25051
24962 24683
24725 25106
24964 25397
24601 24902
24815 24985
25337 25429
25540 25442
25015 25206
24831 24899
25030 25355
24622 24732
24758 24946
24706 24847
24568 24850
24315 24492
25096 25295
24162 24688
25489 25641
24545 25061
25052 25315
24492 24749
24685 24651
25073 25454
25221 25401
24975 25032
25428 25209
24321 24277
25166 25298
24361 24686
25142 25418
25294 25521
25280 25280
24821 25302
23999 24101
25362 25561
25009 25308
24438 24861
24301 24310
25014 24957
24801 25065
25111 25054
24785 24851
25284 25371
25489 25495
24759 24678
24561 24615
25253 25208
25313 25325
24138 24248
25536 25489
24912 25018
24605 24642
24237 24481
25183 25394
24806 25010
25516 25448
24911 24701
25223 25340
24441 24923
25003 25164
24396 24514
24690 24984
24611 24735
25222 25146
24794 24950
25021 25266
25556 25584
25330 25711
24850 24664
25431 25646
25371 25622
25171 25385
25235 25347
24605 24794
25178 25505
25122 25197
25325 25111
25377 25410
24990 24845
24939 24941
25013 24820
25468 25502
24512 24542
25413 25341
24798 25075
24575 24767
24619 24814
25565 25528
25448 25470
25093 25284
25007 24981
25006 24923
25206 25346
25390 25634
25255 25190
24447 24359
24449 24603
24958 24885
25218 25071
24749 24862
24880 25054
24574 24561
25398 25516
24808 24870
23907 24312
24979 25084
25133 25067
25077 25219
25191 25453
25104 25301
25450 25100
25239 25502
24776 24658
24494 24749
24844 25104
24852 24922
24483 24635
