0 0.00570439 26
2586 60.0237 250
4790 120.037 251
6764 180.084 252
7953 240.13 252
9132 300.17 251
10341 360.189 252
11539 420.189 252
12694 480.207 252
13845 540.213 251
15004 600.224 252
16183 660.238 252
17366 720.249 252
18562 780.266 252
19671 840.315 250
20798 900.329 252
21943 960.358 252
23068 1020.36 251
24239 1080.37 252
25416 1140.39 252
26601 1200.42 252
27777 1260.43 252
28884 1320.43 252
30008 1380.48 252
31105 1440.5 252
32204 1500.54 252
33348 1560.56 252
35166 1620.57 251
36352 1680.6 251
37488 1740.65 251
38642 1800.67 251
39774 1860.72 252
40896 1920.73 251
42021 1980.74 251
43105 2040.79 251
44191 2100.84 251
45290 2160.89 251
46372 2220.94 252
47440 2280.98 251
48524 2341.02 252
49597 2401.05 252
50663 2461.05 252
51731 2521.09 252
52801 2581.12 252
53855 2641.17 252
54904 2701.2 252
55953 2761.21 252
56996 2821.22 252
58047 2881.24 252
59095 2941.29 252
60142 3001.33 252
61221 3061.37 252
62312 3121.43 252
63383 3181.45 252
64450 3241.49 252
65501 3301.52 252
66546 3361.54 252
67612 3421.59 252
68634 3481.59 252
69663 3541.64 252
70712 3600 252
