0 0.0145955 2
2132 60.0412 8
4318 120.051 14
6488 180.057 13
8648 240.066 15
10798 300.071 18
12944 360.076 6
15088 420.102 14
17229 480.104 19
19363 540.112 13
21501 600.116 21
23620 660.117 17
25733 720.121 15
27856 780.13 20
29976 840.142 18
32079 900.146 21
34184 960.175 24
36259 1020.19 27
38343 1080.21 29
40415 1140.22 29
42458 1200.23 31
44525 1260.24 30
46591 1320.24 27
48657 1380.26 27
50726 1440.28 27
52792 1500.29 28
54869 1560.31 29
56932 1620.31 30
58996 1680.33 31
61063 1740.36 26
63132 1800.36 28
65170 1860.37 30
67185 1920.39 30
69219 1980.42 21
71307 2040.44 18
73381 2100.45 18
75439 2160.47 13
77515 2220.5 20
79602 2280.5 17
81684 2340.51 19
83769 2400.51 19
85870 2460.52 12
87983 2520.53 16
90098 2580.56 19
92211 2640.56 20
94325 2700.59 20
96436 2760.61 21
98534 2820.62 27
100627 2880.64 31
102687 2940.66 33
104751 3000.69 32
106802 3060.7 32
108859 3120.72 34
110918 3180.72 25
112957 3240.73 25
114990 3300.76 22
117066 3360.76 24
119127 3420.78 27
121191 3480.81 24
123275 3540.81 24
125338 3600.02 20
