0 0.060503 27 26 18
1 0.122616 39 39 29
2 0.181074 49 50 33
3 0.238768 45 60 39
4 0.296063 50 73 41
5 0.355114 44 58 40
6 0.413631 48 29 56
8 0.529789 56 34 44
10 0.649371 48 52 57
12 0.765969 36 45 35
14 0.881272 23 48 55
17 1.056 63 61 62
20 1.22679 93 69 22
23 1.40143 42 26 51
27 1.67281 60 38 35
31 1.98961 53 53 72
35 2.30237 95 68 56
40 2.66393 118 113 66
45 3.05877 76 63 53
51 3.49531 55 126 99
58 4.00782 111 110 102
67 4.58323 164 148 151
77 5.21421 183 162 154
89 5.95923 178 150 114
102 6.83233 175 177 200
114 7.78307 204 186 183
126 8.89967 183 189 192
138 10.1171 186 194 191
150 11.5102 192 179 205
163 13.2012 199 180 190
177 15.0054 191 180 194
193 17.1362 174 197 196
210 19.4872 185 198 198
230 22.2089 195 182 202
253 25.2848 191 193 187
279 28.7766 195 197 187
308 32.7722 196 200 195
341 37.2821 194 191 187
379 42.383 194 189 196
426 48.1175 185 189 186
479 54.5967 193 202 196
501 95.4845 174 208 207
647 108.383 195 197 185
774 120.057 196 189 188
914 132.78 194 195 192
1001 178.599 202 209 204
1226 197.557 193 199 196
1416 215.448 210 203 192
1501 262.192 190 195 201
1798 285.554 188 199 198
2001 340.771 201 202 201
2293 367.096 199 188 195
2501 422.68 194 188 206
2790 449.524 205 191 185
3001 507.761 195 206 198
3317 532.804 211 187 206
3501 588.119 195 194 200
3631 600.006 187 189 189
