0 0.0548109 33
233 60.1734 598
360 120.567 622
486 180.765 620
606 240.785 622
721 301.036 603
831 361.59 636
939 422.08 628
1046 482.291 619
1151 542.527 629
1254 603.013 628
1354 663.226 618
1454 723.437 605
1553 783.756 619
1651 844.381 608
1749 904.692 631
1799 964.983 609
1838 1025.26 619
1877 1086.49 640
1916 1147.8 600
1955 1209.34 634
1993 1270.03 627
2031 1330.74 630
2069 1391.31 628
2107 1452.09 616
2145 1513.11 629
2182 1574.03 634
2218 1635.07 627
2254 1695.76 620
2290 1757.19 632
2328 1818 620
2366 1878.78 607
2404 1940.02 618
2475 2000.3 636
2552 2061.63 643
2587 2122.36 621
2622 2183.65 619
2657 2244.82 626
2717 2305.32 628
2766 2365.33 624
2802 2426.77 628
2837 2487.83 624
2872 2548.84 636
2907 2609.76 608
2942 2671.25 619
2977 2732.38 613
3035 2793.02 608
3128 2853.33 623
3221 2913.69 626
3312 2973.91 640
3404 3034.44 615
3495 3094.45 612
3586 3154.56 637
3679 3215 640
3770 3275.53 609
3862 3335.53 614
3954 3395.71 607
4046 3455.75 627
4147 3516.23 611
4247 3576.59 621
4287 3600.78 621
