0 0.0164874 5
1759 60.0286 252
3261 120.03 252
4748 180.052 252
6210 240.063 252
7615 300.087 252
8894 360.12 252
10167 420.136 252
11387 480.146 252
12521 540.155 252
13621 600.16 252
14729 660.202 252
15809 720.222 252
16932 780.229 252
18111 840.257 252
19221 900.298 252
20309 960.324 252
21396 1020.34 252
22495 1080.37 252
23626 1140.41 252
24632 1200.41 252
25604 1260.45 252
26501 1320.52 252
27411 1380.57 252
28278 1440.59 252
29143 1500.65 252
29995 1560.67 252
30857 1620.7 252
31728 1680.75 252
32558 1740.77 252
33712 1800.78 252
34864 1860.81 252
35876 1920.84 252
36813 1980.88 252
37728 2040.92 252
38619 2100.94 252
39479 2161.03 252
40434 2221.08 252
41467 2281.09 252
42491 2341.1 252
43601 2401.15 252
44574 2461.17 252
45583 2521.22 252
46621 2581.23 252
47692 2641.24 252
48732 2701.29 252
49713 2761.31 252
50746 2821.32 252
51740 2881.34 252
52709 2941.35 252
53688 3001.35 252
54671 3061.39 252
55572 3121.43 252
56463 3181.45 252
57469 3241.46 252
58497 3301.49 252
59470 3361.51 252
60400 3421.54 252
61364 3481.61 252
62262 3541.63 252
63234 3600 252
