0 0.0064119 5
5781 60.0323 112
11767 120.036 114
16655 180.043 114
20886 240.047 118
24506 300.048 109
28375 360.067 114
32046 420.074 118
35636 480.079 117
39080 540.113 109
42779 600.117 117
47174 660.126 117
50833 720.133 124
54153 780.148 111
58284 840.155 122
62152 900.184 119
66126 960.185 112
70220 1020.19 113
73951 1080.2 110
77753 1140.21 106
81439 1200.21 110
85082 1260.22 114
88011 1320.26 116
90841 1380.29 120
93579 1440.34 110
97095 1500.38 110
100341 1560.43 114
103121 1620.44 111
106057 1680.45 118
109119 1740.45 117
112485 1800.47 115
115846 1860.47 121
118732 1920.49 147
121111 1980.51 135
122568 2040.56 132
123568 2100.58 129
124570 2160.59 142
125810 2220.6 129
126798 2280.62 143
127678 2340.65 140
128590 2400.69 152
129482 2460.7 141
130381 2520.73 139
131262 2580.76 153
132137 2640.83 146
133099 2700.88 147
134046 2760.91 137
135176 2820.96 130
136278 2880.96 127
137273 2940.99 138
138382 3001 135
140411 3061.02 139
141675 3121.06 142
142936 3181.07 149
144292 3241.12 142
145748 3301.12 137
148290 3361.13 134
151169 3421.14 137
153721 3481.17 141
156394 3541.17 143
158743 3600.02 136
