0 0.00513608 3
11422 60.0061 19
22721 120.007 16
33901 180.009 12
45279 240.009 17
56483 300.009 12
67791 360.013 15
78990 420.018 16
90199 480.021 16
101360 540.027 19
112528 600.028 20
123681 660.031 19
134816 720.033 14
145885 780.033 16
156982 840.034 21
168095 900.039 14
179177 960.043 14
190148 1020.05 17
201045 1080.05 17
211935 1140.06 20
222869 1200.06 20
233808 1260.06 16
244778 1320.06 17
255769 1380.07 14
266797 1440.07 17
277813 1500.07 17
288810 1560.08 17
299793 1620.08 16
310762 1680.08 15
321746 1740.09 10
332659 1800.09 17
343610 1860.09 18
354475 1920.09 22
365375 1980.1 12
376270 2040.1 15
387196 2100.1 16
398067 2160.1 19
408975 2220.1 16
419830 2280.1 18
430740 2340.1 16
441580 2400.11 17
452379 2460.11 17
463212 2520.11 15
474005 2580.11 24
484746 2640.11 15
495490 2700.11 22
506254 2760.12 17
517057 2820.12 17
524216 2880.12 16
531069 2940.13 15
537915 3000.13 18
544743 3060.13 15
551538 3120.13 22
558312 3180.14 23
565128 3240.14 21
571985 3300.14 14
578799 3360.15 19
585622 3420.15 19
592471 3480.16 18
599317 3540.16 16
606148 3600 19
