0 0.0169618 4
1654 60.0547 252
2792 120.076 252
3870 180.109 252
4903 240.11 252
5914 300.123 252
6803 360.176 252
7630 420.211 252
8388 480.297 252
9088 540.373 252
9784 600.409 252
10533 660.469 252
11259 720.515 252
11969 780.586 252
12643 840.601 252
13333 900.609 252
14011 960.655 252
14696 1020.69 252
15364 1080.75 252
16187 1140.82 252
16917 1200.86 252
17551 1260.86 252
18175 1320.87 252
18779 1380.97 252
19359 1441.04 252
20079 1501.09 252
20692 1561.16 252
21248 1621.23 252
21782 1681.33 252
22383 1741.36 252
22970 1801.38 252
23538 1861.45 252
24112 1921.55 252
24730 1981.59 252
25408 2041.67 252
26067 2101.77 252
26718 2161.79 252
27354 2221.86 252
27968 2281.87 252
28624 2341.88 252
29287 2401.89 252
29926 2461.97 252
30567 2522.03 252
31204 2582.11 252
31852 2642.18 252
32491 2702.2 252
33132 2762.25 252
33788 2822.28 252
34423 2882.35 252
35054 2942.39 252
35674 3002.4 252
36318 3062.51 252
36934 3122.53 252
37577 3182.6 252
38218 3242.63 252
38838 3302.68 252
39429 3362.74 252
40096 3422.75 252
40690 3482.75 252
41321 3542.77 252
41940 3600.05 252
