0 0.0512777 150
671 60.1663 150
1003 120.228 150
1212 180.45 150
1413 240.521 150
1639 300.738 150
1921 360.794 150
2309 420.937 150
2795 481.056 150
3305 541.107 150
3732 601.159 150
4245 661.458 150
4773 721.471 150
5222 781.498 150
5633 841.503 150
6082 901.531 150
6538 961.568 150
7020 1021.82 150
7394 1081.87 150
7802 1142.08 150
8284 1202.12 150
8630 1262.62 150
8918 1322.94 150
9298 1382.97 150
9624 1443.11 150
10063 1503.25 150
10487 1563.47 150
10839 1623.78 150
11173 1683.9 150
11668 1743.94 150
12389 1804.15 150
13149 1864.18 150
13738 1924.28 150
14306 1984.29 150
14864 2044.31 150
15425 2104.34 150
16014 2164.5 150
16634 2224.52 150
17137 2284.7 150
17587 2344.85 150
18019 2404.89 150
18468 2464.97 150
19028 2525.05 150
19511 2585.06 150
20163 2645.08 150
20826 2705.13 150
21414 2765.16 150
22038 2825.21 150
22807 2885.26 150
23488 2945.28 150
24229 3005.3 150
24897 3065.33 150
25557 3125.34 150
26323 3185.38 150
26964 3245.42 150
27432 3305.52 150
28160 3365.66 150
28757 3425.7 150
29314 3485.72 150
29867 3545.93 150
30389 3600.03 150
