52606 2761.21
26859 25141 25669
26371 25339 26021
26320 25353 26026
26359 25272 26149
26641 25343 25979
26861 25318 25663
26534 25317 26044
26601 25300 26004
26825 25543 25527
26768 25677 25493
26599 25291 26010
26647 25237 25975
26501 25419 25998
26425 25325 26022
26472 25199 26058
26703 25270 25967
26472 25494 25950
26640 25187 26016
26461 25126 26098
26521 25129 26075
26600 25678 25814
26490 25476 25951
26707 25663 25761
26678 25685 25634
26634 25671 25730
26688 25568 25867
26657 25697 25722
26586 25689 25790
26751 25542 25838
26699 25549 25799
26672 25689 25674
26772 25516 25866
26791 25605 25770
26809 25448 25889
26868 25492 25574
26836 25415 25914
26780 25320 25935
26690 25571 25816
26642 25328 26003
26804 25608 25694
26648 25726 25649
26681 25460 25910
26587 25736 25772
26760 25415 25961
26617 25468 25978
26623 25444 25997
26656 25123 25992
26582 25090 26034
26235 25154 26177
26438 25188 26165
26795 25426 25921
26541 25209 26027
26834 25484 25759
26574 25343 26010
26742 25431 25948
26733 25513 25883
26759 25480 25869
26211 25322 26074
26335 25303 26053
26323 25003 26237
26668 25498 25923
26321 25108 26168
26656 25294 25966
26766 25533 25807
26276 25300 26081
26644 25305 25963
26554 25567 25910
26631 25279 26020
26625 25405 25966
26848 25337 25849
26521 25068 26118
26242 25302 26128
26457 25100 26103
26416 25263 26125
26303 25255 26150
26453 25156 26124
26450 25285 26115
26802 25269 25924
26334 25296 26061
26317 25295 26073
26656 25260 25974
26703 25167 25977
26561 25480 25925
26312 25139 26272
26588 25799 25614
26611 25673 25760
26639 25642 25896
26616 25690 25736
26554 25204 26035
26171 25492 26023
26817 25548 25805
26605 25279 26026
26464 25493 25973
26417 25536 25967
26540 25530 25913
26488 25724 25869
26312 25583 26013
26349 25536 25976
26416 25411 26006
26308 25596 25950
26200 25507 26020
26348 25738 25882
26239 25657 25943
26273 25611 25937
26206 25597 25977
26319 25399 26071
26331 25386 26017
26359 25520 26006
26463 25272 26058
26136 25461 26028
26437 25609 25944
26290 25427 26060
26469 25665 25929
26522 25589 25934
26274 25855 25730
26638 25741 25580
26111 25269 26185
26284 25317 26073
26389 25546 25950
26583 25819 25858
26537 25601 25914
26595 25731 25595
26248 25874 25692
26477 25840 25692
26479 25880 25651
26257 25866 25692
26425 25891 25559
26176 25866 25722
26450 25835 25712
26721 25614 25755
26803 25643 25640
26189 25862 25696
26093 25856 25724
26384 25849 25733
26142 25972 25529
26623 25699 25723
26398 25832 25770
26285 25829 25816
26212 25767 25897
26427 25866 25679
26290 25898 25690
26305 25892 25609
26123 25901 25715
26295 25899 25669
26348 25596 25949
26494 25596 25935
26317 25854 25801
26329 25822 25800
26492 25836 25710
26425 25790 25881
26442 25716 25877
26213 25733 25921
26265 25857 25693
26443 25880 25674
26457 25697 25891
26148 25737 25901
26439 25828 25717
26522 25822 25733
26383 25723 25929
26268 25918 25666
26170 25931 25677
26387 25947 25556
