6865 219.672
27121 27597
27527 27147
26605 27941
26903 27754
26113 28178
27217 27502
26194 28124
27670 27010
27402 27338
27184 27545
27047 27675
27563 27128
28327 25693
27375 27356
28116 26258
28293 25780
27102 27634
27391 27354
27700 26976
27261 27461
27904 26632
27424 27287
28266 25836
27423 27310
28185 26074
27567 27124
26675 27893
27998 26614
27572 27112
26372 28073
26198 28108
27491 27181
26555 28055
27240 27464
27741 26901
27148 27579
27883 26744
27203 27518
26152 28134
27718 26965
27133 27589
27328 27422
27016 27721
26828 27807
26900 27777
26833 27793
26823 27830
27229 27467
28125 26230
27935 26627
27795 26806
26951 27752
26634 27935
28250 25858
28178 26202
27172 27562
26328 28107
25914 28237
26369 28084
26652 27917
26774 27836
27177 27558
27534 27130
28215 26052
28255 25841
27606 27034
28245 26015
27507 27171
27771 26868
28246 25893
27596 27037
27493 27175
26838 27792
27439 27243
27441 27231
27474 27228
27586 27096
27846 26778
27432 27257
26743 27880
28097 26313
28091 26455
27487 27192
25990 28234
