5947 85.9613
9460 7679 7336 7019
9258 8095 6920 6669
8572 6448 7995 8157
7966 9517 7614 6423
7715 6725 8133 8773
7582 9323 8252 6209
7245 7370 9804 7252
6989 8264 9339 6771
7462 6609 8620 8523
8439 6567 7916 8268
8573 6467 8081 7968
8126 6688 8272 8473
8668 8727 6965 6921
7053 8305 9245 7036
7538 6743 8260 8745
9407 7392 7140 7108
7234 7497 9750 7118
7023 8423 9285 6827
7093 7960 9502 7033
9211 8130 7018 6712
7737 9134 8508 6359
7349 7778 9699 6961
9043 8463 7427 6291
9205 8074 7031 6681
7454 7849 9527 7325
7524 7492 9656 7509
7771 6780 8102 8712
9128 8295 7086 6484
8369 9181 7482 6459
8240 9251 7502 6329
8794 7223 8057 8050
9252 7768 7121 7153
8638 6769 7801 8181
8582 6583 8054 8091
7120 8620 9095 6701
7525 7118 9141 8265
8300 9039 8015 6233
7791 9406 8028 6545
7947 7462 8634 8286
7196 7934 9483 7133
7595 7057 9446 7878
7255 8276 9324 6743
9104 8137 7063 7084
7770 6796 8269 8677
7563 8040 9393 6729
8294 6845 8400 8368
8881 7085 7282 7911
7439 7626 9725 7478
8237 7025 8154 8507
9257 7676 7221 7345
8041 7002 8759 8348
7665 6710 8344 8705
8747 7805 8221 7161
8384 7360 8476 8008
7710 7522 9419 7871
8451 7668 8718 7773
7905 7548 9116 7937
8716 8404 8114 6879
8202 9017 7846 6888
8071 9209 8072 6930
8014 7074 9016 8118
8727 8140 8199 7287
8894 6975 7780 7809
7173 8645 8995 6945
8376 8412 8562 6241
8772 7959 7720 7790
8594 8855 7413 6633
8168 6782 7886 8552
7881 7251 8976 7956
9151 8241 7070 6705
9357 7614 7498 7203
8754 8615 7953 6388
7827 9431 7917 6463
8522 7336 8009 8096
8470 8952 8081 7055
9003 7860 7576 7611
7926 6862 8858 8307
8064 7750 9203 7606
7900 7125 8674 8418
7896 7196 8416 8573
9156 8214 7538 6992
7888 6867 8361 8628
7603 8683 8943 7098
7752 9493 7986 6461
8496 8281 8641 7563
7636 9363 8184 6410
9379 7693 7299 7170
7252 7636 9645 7113
7589 7531 9595 7805
8049 7403 8423 8434
8634 8993 7453 6612
9188 7947 7343 7060
8600 8822 7672 6926
7137 7692 9628 7011
8481 8197 7828 7636
7831 6879 8235 8685
8563 7010 8458 7835
7932 8843 8205 7248
7745 6812 8769 8462
8704 8702 7548 7066
7614 7710 9221 7982
7984 8719 8594 6282
8392 7135 8572 7830
7534 8774 8979 6403
7427 7339 8957 8212
9013 7818 7707 7451
8800 6916 7474 7819
8407 6965 8814 7909
8264 6918 8453 8338
8080 8509 8781 6622
8650 8122 8064 7556
7675 8541 9040 6879
8229 7816 8580 7743
7631 7406 9274 8142
8155 7311 8698 8255
8130 8692 8598 6940
7683 7316 8712 8407
7913 6940 8304 8643
8982 8416 7240 6722
9232 8070 7447 6575
7308 7904 9541 7322
9170 8196 7174 6491
9287 7862 7183 6802
8909 7330 7383 7858
8318 8020 8686 7493
9140 7597 7232 7347
8016 7143 8350 8534
7820 8668 8591 7307
7443 7758 8873 7900
7719 9477 7926 6599
8864 7919 7420 7619
8516 7280 7717 8185
7314 8460 9183 7025
8996 7206 7136 7729
8781 8165 7844 7759
9345 7622 7300 7127
8919 7244 8034 7693
8085 8707 7771 7394
7298 7777 9049 7746
8856 6895 7631 7818
9402 7766 7444 7114
8424 7212 8796 7573
8661 8309 8229 7317
8842 8009 7986 7631
7861 7140 8892 8400
7834 7151 8756 8441
7351 7922 9519 6860
7706 9343 8088 6260
7922 9218 7307 7038
7378 7739 9472 7459
8017 8644 8243 7067
8928 8559 7569 6432
8679 6928 7874 8084
7511 7793 9286 7550
7559 8226 9352 7407
8291 7477 8466 8246
7968 7914 9227 7679
7934 9517 7866 6522
7362 7410 9734 7387
8034 9305 7608 6927
7337 8101 9503 6909
9374 7970 7197 6628
7833 7093 8469 8562
7496 7168 9190 8275
9219 7895 7330 6841
8825 7573 7891 7663
7929 9371 7897 6340
8689 7806 8377 7945
8114 6816 8178 8451
7865 6700 8161 8692
7660 7782 9455 7544
7592 9104 8533 6345
7151 8547 9051 6992
8220 7290 7945 8416
8676 8287 8039 7410
7815 7093 8239 8610
7973 7811 8300 7927
9070 8175 7452 7078
8792 7437 8287 7623
8350 8804 8385 6431
7742 7374 9296 7852
8157 7655 8668 8037
8812 8102 7821 7443
8187 7188 8435 8333
8109 6991 8623 8378
8297 9108 7458 6660
8271 6890 8498 8200
7894 7585 9253 7754
8001 7106 8360 8584
8123 9392 7538 6531
7706 8897 8689 6597
7875 8865 8864 7272
9058 7974 7760 7047
7383 7427 8915 8220
7326 8269 9302 7282
7943 7560 8650 8312
8134 9192 8130 6799
7868 7043 8267 8663
7269 8391 9062 7042
8940 8473 7593 6947
7127 8428 9172 7105
7842 9126 8483 6958
7240 8892 8829 6376
7342 8934 8688 6616
8308 9241 7764 6607
7872 7686 9361 7558
7940 6859 8291 8598
7576 8408 9108 6978
8032 8959 7530 7136
7387 8022 9316 7530
8612 8778 7910 6627
7731 7346 9376 7890
8114 9462 7703 6752
8093 8237 8734 7386
8284 9060 8181 6688
7958 9449 7869 6626
7366 7796 9306 7736
7157 8362 9201 7005
8239 8569 8393 7436
7273 7645 9632 6982
8060 9381 7885 6779
9301 7726 7433 7149
8151 7980 8824 7650
9047 7940 7480 7233
7797 8351 9032 6566
7743 9292 8335 6446
8955 8185 7805 7181
7609 7237 9548 7719
7540 8313 9267 6950
8365 7381 8051 8232
7864 6827 8129 8691
8872 8527 7430 7157
7880 8646 8646 6646
9327 7400 7264 7350
7848 7788 8803 7895
7965 7020 8181 8656
8874 7967 7700 7374
7776 7786 8814 7845
7498 8110 9491 7083
8664 8521 7835 7401
7281 8225 9418 6869
9123 8329 7258 6986
8080 6957 8409 8507
7704 8599 9055 6823
7162 8320 9149 7093
8550 7275 8445 8231
7417 8133 9414 7297
7720 6709 8317 8639
8176 8342 8086 7733
8985 7485 7738 7526
8707 8447 8071 7032
9029 7838 7592 7226
8630 8763 7735 6723
7597 7049 8940 8279
9193 7393 7399 7535
8995 8399 7600 7050
8573 8915 7627 7103
8341 7559 8604 8076
7553 8560 9149 6968
7319 7775 9401 7825
8975 7763 7990 7504
8191 9368 7953 6454
8098 9348 7984 6440
8801 8044 7853 7781
9090 7495 7386 7584
7676 9285 8338 6368
7864 7299 9001 8132
7690 7669 9480 7576
7787 9129 8520 6498
8349 8787 7643 7270
8290 8882 7733 7209
7702 7356 8923 8105
8027 8839 7358 7222
8509 8059 8441 7151
9286 7715 7512 6981
7693 9282 8405 6600
9351 7696 7290 7219
9314 7742 7154 7200
7474 8378 9179 6948
8116 9235 8488 6784
9020 8466 7207 6906
7960 8031 8709 7524
8347 8344 8293 7692
7746 8161 8880 7593
7910 8749 8727 6604
7372 8868 8774 6638
9274 7868 7351 7058
7890 7810 9258 7598
8686 8715 7887 7178
7537 7351 8839 8165
7223 7677 9621 7094
7863 6986 8738 8478
8848 8081 7857 7284
9197 7693 7465 7162
7661 8443 9076 6809
8816 8764 7621 6676
7630 8561 8954 6997
7344 7183 9430 7865
7725 8060 8906 7799
8837 6855 7399 7837
8902 7151 7587 7725
7993 8832 8494 6757
8546 7868 8171 7919
8887 7702 7556 7653
7622 7503 9573 7434
8356 7450 7982 7954
8137 7231 8785 7936
8607 9081 7804 6404
7543 7771 9608 7221
9177 8163 7159 6598
8009 7079 8367 8532
9316 7752 7559 6974
9268 7452 7565 7352
8792 7721 8145 6896
7620 7163 9335 8157
7270 7580 9736 7310
7398 9092 8626 6352
8029 7306 8030 8497
8764 8332 7873 6585
8167 9262 7851 6517
7809 7394 9022 8000
7446 7963 9433 7303
8595 8839 7937 6831
8827 8781 7584 6506
8046 7052 8278 8606
8108 8435 7976 7678
8558 7325 8319 8025
9097 8202 7588 6812
8162 7171 8991 7939
7780 7906 9080 7693
7482 8323 8747 7484
9314 7568 7501 7428
8356 8976 8358 6572
7200 7906 9596 7008
8531 7737 8522 7203
9081 8086 7690 7194
8762 8606 7843 7242
7501 9334 8290 6567
7996 8395 8551 7711
7479 7706 9465 7477
7431 7552 9570 7557
7577 8742 8912 6698
7519 7731 8364 7984
8208 8984 8196 6640
7210 8730 9003 6707
8218 9025 7957 6792
8472 7828 8178 7791
8031 7872 9158 7668
7611 8119 9103 7518
8057 7397 8931 8101
8364 8892 8096 6557
8334 8922 8267 6673
8644 8817 7961 6600
8088 9312 8100 6679
8287 8374 7924 7415
7398 7652 9624 7088
8276 7900 8716 7700
9073 7572 7639 7472
9141 7258 7657 7193
8014 9415 7882 6374
7489 7854 9458 7705
8224 7424 8722 7886
8147 7836 8791 7706
9115 8386 7481 6479
9306 7735 7389 7322
9068 7926 7438 7415
7980 8338 8791 6998
7652 7584 9583 7116
8199 9043 7850 6867
8138 7417 8835 7863
7916 9032 8538 6471
7642 7213 9020 8166
8216 7135 8341 8360
9111 7778 7635 6714
7279 7991 9588 6908
9035 7347 7901 7360
7270 7998 9611 7004
7699 6947 8770 8488
8167 7605 8608 7891
7886 8726 7744 7285
8829 8754 7399 6700
8298 7803 8323 8015
7218 7883 9560 7218
9072 8418 7194 6538
8932 7461 7862 7698
9049 7722 7973 7303
8498 8100 7684 7770
7802 8153 8904 7189
8886 8631 7366 6514
7410 7660 8663 7990
7649 8492 8907 6917
7699 7216 8660 8328
7953 8143 9008 7184
7751 8040 9372 7169
7415 8359 8909 7144
7722 8385 9064 6815
8417 6937 7993 8386
8099 8760 8557 6806
8498 7648 8614 6848
8642 7178 8419 7947
7214 8581 9051 6846
8257 8253 8122 7815
9084 8253 7504 6959
8416 9097 7797 6733
9266 7787 7169 7082
7905 8875 8194 7260
7850 7419 8332 8392
8321 8725 7658 7400
9240 8019 7378 6662
9075 8349 7533 6765
7765 8293 9026 7422
8248 8978 8079 6801
8375 8873 8166 6821
7488 6742 8430 8663
8588 8396 7782 7417
8105 7712 9233 7920
7985 7963 8901 7364
7963 7710 8852 7989
8255 8957 8018 7029
8362 8659 8317 6894
7734 7137 8897 8206
8409 8928 7334 7125
7990 7274 8831 8320
8807 6737 7522 7939
9135 8163 7561 6840
8961 8626 7517 6918
7853 9238 8361 6858
7698 9122 8512 6701
7531 7822 9554 7407
8548 8583 7904 7127
7922 9421 8054 6526
8423 7372 7822 8150
8086 8157 8503 7647
8948 8381 7868 7146
9327 7660 7545 7161
8815 8248 7377 7421
8416 8494 8241 6488
8252 8826 8255 6861
7821 8146 9097 7263
8197 7433 8742 8199
8589 9074 7833 6907
8213 9255 8123 6795
8501 8799 8158 6625
8811 8049 7656 7512
7785 8272 8918 7293
7426 8307 9242 7456
9221 7112 7348 7530
9099 7975 7655 6871
7605 7630 9562 7590
8887 6932 7806 7747
8158 7268 8917 7922
8325 7740 8388 7829
8321 7470 8453 8322
9245 7977 7258 6963
8761 8615 7316 7049
7761 8430 8928 6710
8962 7164 7321 7727
8120 8736 8253 6902
9225 7880 7303 7221
8670 9030 7963 6491
8502 7187 8489 7996
8412 7304 8466 8026
7401 7801 9558 6986
9034 7078 7616 7766
8112 9359 7844 6560
8576 7993 8266 7256
8201 8633 8606 6583
7707 7139 8678 8485
8002 8783 8504 6689
8807 8092 7795 7561
7816 8025 9166 7455
8968 7163 7545 7721
8678 8482 8329 7253
8128 9116 7939 6876
7505 8132 9404 7060
8357 8608 7913 7278
8118 7824 8286 8188
7482 8324 9162 6762
8976 7997 7695 7520
8076 7325 8561 8330
9060 7584 7484 7208
9171 8090 7367 6782
7643 9247 8328 6608
8008 8293 8695 6749
9023 7104 7913 7574
9171 8017 7492 7155
8057 7503 8713 7944
8859 8197 7207 7189
7618 6964 8927 8361
7867 9064 8666 6988
7703 9088 8539 6629
8221 7700 8763 7266
8210 7736 8280 8196
8057 7631 8417 8125
8199 8650 7862 7380
8984 7872 7825 7213
7915 8653 8721 6535
8598 7050 7974 8248
7933 8920 8757 6403
7567 8077 9278 6853
