115430 2640.56
3601 3237 2771 2950
3179 3377 2410 3410
3168 3421 3301 2621
2965 2666 3444 3194
2825 4014 2871 2942
2699 3026 3734 2988
2665 3075 2758 3747
2355 3463 3316 3244
3049 2716 3432 3145
2373 3451 3125 3356
3080 3502 3274 2671
3293 3372 3197 2729
2396 3467 3337 3188
3159 3470 3295 2639
3104 3406 3309 2652
2416 3255 3282 3402
2401 3443 3140 3368
2857 3342 3532 2798
2877 3415 2617 3552
3223 3012 3288 3053
2429 3423 3334 3273
2939 3060 3418 3191
2703 3056 3693 2920
2704 3051 2628 3739
2886 3926 2681 3026
2502 3577 3021 3420
2995 3406 2433 3504
2782 3935 2961 3040
3595 3092 2792 3002
2711 2982 2689 3732
2963 3791 2903 3052
3488 3202 2906 3081
3199 2833 3327 3120
2732 3101 2705 3726
2598 3730 2998 3152
2745 2903 3541 3148
3000 3818 3008 2877
2470 3616 3211 3242
3324 3230 2969 2979
2884 3991 2909 2927
3069 3518 2474 3431
2902 3137 3571 2977
3046 3546 2506 3424
2467 3588 3216 3223
3390 3067 2976 3188
3499 3273 2802 2959
2639 3607 3090 3208
3165 3424 2515 3447
2776 3139 2895 3594
3038 2728 3424 3160
3467 3245 2965 2924
3329 2890 3267 2848
3400 3215 2647 3161
2797 3957 2916 2946
3141 3620 3123 2686
2684 3741 2980 3256
3448 3220 3003 3015
3516 3150 2901 3048
3018 3718 3002 2937
2934 3697 3123 2864
2669 3174 3688 2955
2456 3619 3171 3126
2793 3226 2809 3650
3043 2741 3403 3166
2944 3764 2935 3094
2829 2986 3477 3118
3384 3493 2996 2816
2687 3038 3727 2934
2662 3148 2731 3698
3182 2962 3357 2894
2790 4004 2842 3035
3010 3432 2686 3441
3190 3325 2477 3396
2712 3144 2734 3687
2528 3682 3092 3145
3338 3165 2719 3236
2708 3168 3712 2913
3126 3706 3028 2858
3144 3535 2443 3361
3443 3243 3058 2884
2971 2815 3486 3093
2655 3191 3521 3166
2918 2926 3310 3226
3193 3449 2454 3345
3122 3311 3354 2709
2739 3253 3552 3107
2445 3414 3170 3364
2912 3131 3647 2790
2903 2992 3561 3029
3372 3027 2953 3199
2983 3654 2816 3295
3310 3310 2888 3277
2495 3558 3207 3268
3089 3443 2498 3408
2713 2981 3703 2994
2585 3179 3584 3058
3427 3112 2595 3244
2961 2906 3615 3090
2535 3667 3129 3254
3438 2895 3111 3066
3148 3308 3334 2717
3074 3413 3412 2744
2857 3351 2755 3586
2547 3395 3322 3214
3183 3562 2424 3228
3153 3555 2419 3358
3266 3445 3162 2767
2897 3782 2799 3141
3313 3384 3068 2854
2795 3776 2761 3205
3013 2921 3504 3074
3166 3611 3122 2677
2792 3185 2832 3640
3286 2763 3275 3014
2823 3804 2685 3234
2623 3354 3105 3399
3125 2881 3203 3278
3093 3388 2670 3298
2515 3621 3060 3285
3300 3420 3056 2948
2844 3947 2911 2962
2617 3328 3044 3558
3282 3181 3015 3201
2719 3153 2882 3677
2417 3426 3229 3338
3220 3429 2511 3351
2651 3357 3455 3181
2626 3643 3173 3036
3341 3005 3085 3175
3038 3514 3314 2714
3433 3017 3028 3095
2695 3250 2868 3659
3485 2931 3032 3104
3064 3645 2643 3193
3364 3339 3195 2758
3058 2973 3514 2902
2870 3229 2580 3626
2590 3448 3387 3181
2754 3027 2777 3708
3157 3249 2711 3338
2895 3976 2888 2922
2809 3856 2985 3033
3458 3273 2962 2973
2716 3238 2949 3605
2681 3300 2795 3666
2575 3584 3167 3315
2763 3043 3157 3389
2645 3746 2843 3281
2784 3228 3623 2822
2937 3567 3110 2989
2598 3070 3122 3513
2440 3455 3263 3270
2747 3082 2840 3713
2542 3563 3188 3335
2992 3724 3100 2881
2766 3075 3037 3490
2772 3096 2764 3681
2565 3333 3380 3231
3333 2863 3126 3138
2489 3584 3065 3337
2830 3049 3579 2981
2993 2852 3343 3250
3214 3391 2575 3301
2778 3109 3678 3037
2666 3529 3016 3463
2757 3167 3659 2850
2539 3275 3155 3470
2583 3641 3081 3232
2614 3303 3096 3466
3091 3335 3297 2793
2786 3135 3639 2984
2787 2999 3401 3214
3412 3105 3018 3043
2693 3151 2992 3589
2800 3460 2547 3562
2535 3347 3468 3150
3023 3302 3438 2702
2816 3921 2848 3030
3366 2825 3264 3010
3144 3427 2564 3417
2688 3122 3719 2953
2804 3905 2847 3068
3147 3408 3317 2642
3119 3733 2813 3119
2875 3134 2544 3621
2948 3673 2702 3381
2610 3506 3266 3023
3026 3287 2633 3477
3050 2803 3339 3144
2916 3865 2879 3028
2991 3440 3405 2822
2720 3070 2784 3719
3558 3087 2826 3044
3479 3089 2984 3128
3417 3183 2723 3207
3087 2842 3492 3043
2522 3275 3475 3177
3162 3515 3091 2693
2575 3658 3030 3322
3318 2866 3241 3082
2791 3954 2913 3019
2559 3716 3118 3066
2793 3892 2930 3055
2821 3712 2623 3327
3177 3472 2484 3360
3105 3522 2700 3262
2893 3388 2614 3499
2814 3908 2899 3051
3111 3701 2652 3186
2810 3375 2694 3567
2915 3405 2467 3547
2433 3384 3376 3236
3277 2737 3192 3111
3044 3833 2874 2891
3537 3149 2897 2910
3290 3353 3162 2778
2913 3493 2581 3517
2960 3727 3116 2768
2936 2788 3360 3302
2767 3812 2696 3142
3099 2817 3233 3197
2969 2771 3363 3186
2922 3359 2892 3521
2785 3939 2823 3060
3380 3164 2858 3270
2978 3630 3159 2890
2845 3966 2831 3004
2673 3593 3280 2942
3127 2785 3330 3157
3256 3262 2457 3349
3511 3222 2983 3022
2499 3417 3270 3289
2748 3112 2665 3671
3172 2780 3410 3148
3546 3178 2819 2918
3134 2758 3422 3015
2815 3504 2757 3527
2750 3211 2625 3691
2487 3549 3259 3169
3104 3103 2712 3406
2864 3983 2876 2948
3260 3264 2926 3159
3254 2883 3366 2958
2806 3261 2768 3645
2861 3078 3041 3489
3210 3316 2469 3392
3178 3506 3143 2781
2908 3752 3112 2900
3154 3752 3055 2775
2477 3523 3220 3323
2905 2993 3001 3374
3230 3451 2533 3290
3035 2980 3294 3229
2725 3155 3651 2998
3227 2947 3265 3103
2751 3157 3663 2969
3117 3537 2449 3304
2973 2965 3438 3101
2729 3532 3130 3219
3351 2809 3193 3017
3003 3121 2812 3581
2889 2936 3235 3354
2769 3292 2626 3632
3360 2967 3043 3110
2821 3887 2826 3084
2888 3199 3510 2932
2880 3097 3590 2967
3565 3042 2909 3012
3409 2884 3152 2980
2955 3030 3605 2947
2842 3280 3599 2933
2695 3677 2995 3416
3078 3202 3449 2829
3056 2750 3493 3125
3259 3397 2556 3224
3133 3235 3432 2749
2863 3469 2805 3384
3132 3600 2640 3220
3536 3305 2885 2916
2789 2915 3524 3197
3586 3152 2857 2906
2755 3876 2940 3086
2689 2941 3682 3034
2799 3250 2787 3659
3217 2772 3344 3135
2675 3826 2695 3259
2966 3208 2748 3543
3150 3555 3172 2647
2842 3164 3673 2898
3188 3378 2552 3371
3171 3272 2659 3377
3018 3269 3461 2846
2518 3555 3393 2972
2552 3563 3076 3375
3109 3442 2527 3473
2892 3499 2523 3486
3274 2874 3243 3077
2836 3996 2878 2946
3234 3604 3072 2786
3590 3142 2764 3059
3581 3147 2876 3016
2979 3837 2855 2999
2944 3039 3530 3040
3196 3438 2447 3380
3554 3083 2957 3061
2957 3449 2574 3532
3369 3355 2780 3162
3071 3444 2570 3312
2855 3125 3623 2970
2827 3754 2728 3319
3208 2811 3260 3184
3135 3517 2503 3352
2595 3059 3472 3212
2741 3704 3036 3313
3217 2798 3349 3072
2852 3914 2930 2921
2580 3623 3169 3105
3347 3276 2933 3111
2891 3825 3045 3114
2904 3801 2836 3135
2433 3410 3186 3357
3123 3517 3191 2833
2582 3364 3103 3452
2698 3202 2818 3616
2764 3853 2946 3200
2865 3073 2823 3575
3205 3400 2587 3262
3505 3161 2979 3099
2705 3116 3654 3009
3008 3405 2490 3477
3284 3032 3181 3045
2610 3513 2956 3537
3100 2731 3278 3249
2772 3258 2786 3637
3200 3362 3222 2837
2462 3255 3193 3391
3202 3495 2461 3249
2709 3206 3430 3149
2948 3778 3103 2827
2816 3896 2849 3075
3574 3143 2742 3063
2849 3002 3125 3413
3356 3139 3088 3087
2862 3169 2602 3670
3016 3518 3280 2812
2873 3871 2797 2992
2565 3582 2859 3422
2687 3190 2879 3610
3247 2953 3092 3204
2953 3660 3151 2904
2734 3579 2934 3395
2894 3840 2944 2873
3029 3563 2693 3307
2819 3691 3125 2843
2512 3523 3308 3130
2813 3121 3632 2987
3406 3000 3098 3109
2620 3560 3237 3091
2559 3321 3188 3306
2778 3124 3644 2931
3134 3593 2885 2805
3244 3110 2915 3276
3173 3332 2516 3382
3170 2875 3211 3165
2570 3582 2971 3417
2737 3652 3180 2976
3530 3307 2794 3036
3239 3297 2549 3303
3008 3212 3594 2852
3086 3071 3369 3096
2999 3663 3160 2762
3147 3268 2483 3499
3007 3262 3498 2679
3570 3159 2743 3029
2506 3321 3495 3157
3459 3081 2802 3137
3097 2931 3247 3195
3270 3492 2999 2898
2829 3286 3565 2912
2634 3496 3145 3290
3006 3846 2922 2956
2813 3418 2951 3457
3179 3627 2629 3167
2847 3290 2818 3599
2690 3120 2661 3724
3420 3265 3024 2966
2924 3849 2989 2872
3213 2830 3113 3168
3148 3536 3120 2866
3102 3478 2541 3368
2924 2858 3513 3143
2950 3430 2523 3542
3155 3318 3252 2755
3119 2752 3450 3045
2867 3728 2849 3217
2992 3436 2740 3357
3062 3202 3500 2762
3104 2794 3362 3150
3601 3172 2769 3007
2483 3550 3255 3211
3057 3552 2608 3310
3131 3385 3248 2783
2835 3312 2820 3601
2833 3042 3671 2996
2761 3153 2972 3578
2845 3223 2639 3625
3509 3260 2892 2962
2546 3503 3306 3266
2665 3594 3136 3156
3395 3236 2854 3131
2587 3545 3287 2965
2982 3335 2919 3293
3424 3158 2746 3192
2960 3246 3441 3004
3130 3348 3348 2734
3001 3024 3231 3182
3005 3122 3396 3025
2977 3879 2762 2960
3082 3381 3042 3115
3015 3813 3072 2984
2956 3710 3073 3032
2692 3127 3669 3008
3005 3487 2610 3476
2921 3638 3238 2926
3144 3256 3010 3136
2726 3097 3700 2906
3354 3248 2635 3249
2763 3084 2760 3701
2748 3189 3487 3108
2804 3144 2649 3706
2998 3914 2845 2952
2802 3514 2554 3482
3145 2900 3368 3129
3031 3118 2979 3437
3109 3481 2677 3220
2706 3760 3047 3112
2835 3828 2772 3115
3124 3363 2594 3434
2872 3970 2838 2965
3476 3087 2862 3132
2931 3237 3150 3139
3195 3294 3296 2839
3140 3431 3300 2739
3259 3485 3240 2748
2686 3528 3087 3520
3550 3099 2786 3069
3523 3144 2885 3015
3196 3376 2589 3172
3124 3351 2653 3263
3343 3275 2604 3225
3296 3405 2851 3076
3543 3168 2750 3046
2644 3419 3348 2901
3075 3234 3136 3346
3387 2978 3141 2924
2593 3692 3053 3177
3390 2977 3164 2934
3033 3210 2830 3474
2926 3284 2688 3619
3144 3297 2537 3484
3446 3183 2936 3085
3013 3635 2743 3180
2955 3126 2760 3506
3526 3100 2942 3104
3187 3366 3171 2755
3100 3525 2540 3319
2778 3315 3454 3112
3146 3474 2476 3246
3577 3128 2909 2966
3286 3279 2530 3293
3051 3404 2987 2967
3317 3021 3171 3027
3054 2847 3379 3070
3093 2944 3052 3254
3294 3458 3213 2695
3212 3422 3247 2706
2837 3871 2798 3035
2705 3211 2676 3665
2899 3198 3547 2934
2927 3348 2548 3537
2831 3149 3612 2980
3249 2957 3096 3162
2923 3685 3213 2926
2553 3541 3170 3286
2915 3629 3271 2871
3060 3515 3256 2740
2997 3165 2661 3503
3012 3301 2573 3536
2821 3252 2727 3634
3016 3798 2767 2962
3059 3093 2784 3455
2683 3318 3390 3124
3204 2869 3099 3238
3237 3552 3039 2842
3030 3413 3286 2787
2828 3540 3392 2802
3237 3242 2603 3364
2975 3328 2729 3578
2503 3401 3336 3247
2806 3168 3630 3043
