2341 1058.13
28288 23929 25066 24632
27952 24117 24878 24966
27823 23523 25460 25158
27362 25314 26333 23490
27024 24186 25735 25803
26463 25243 27282 24338
26281 26060 26631 24533
26028 25214 27080 24880
26524 25982 26373 23938
28212 23970 25180 24748
27636 23615 25556 25336
26050 25489 26954 24836
26114 25510 27089 24550
26407 26052 26384 24357
27036 25273 26577 23523
26305 25932 26639 24404
26898 24405 25888 25767
26952 25705 26388 23591
28032 23684 25498 24664
27281 25280 26419 23575
26998 24160 25997 25707
26849 24523 25881 25796
26422 25071 27246 24578
27366 25276 26176 23627
28184 23989 25256 24536
27540 23631 25785 25378
26578 25399 26928 23970
26552 25219 27218 24223
27322 25232 26239 23553
28085 24199 24901 24820
28134 23783 25037 24794
27001 24289 25811 25731
28021 23722 25138 25035
27142 23941 25707 25662
27977 24058 24893 25021
26363 25297 27134 24500
26269 25360 27267 24507
27835 24145 24996 25130
27455 24156 25667 25287
27920 24082 25104 24942
28016 23969 25123 25125
28117 23921 25291 24641
27330 24146 25676 25555
27155 24111 25643 25686
27059 24333 25729 25743
26977 24450 25735 25519
26522 25778 26790 24232
27157 25424 26212 23831
26607 25747 26598 24150
27383 23796 25864 25231
26908 24425 26032 25673
26545 25905 26592 24295
26388 25818 26519 24430
27366 24103 25420 25576
27521 24173 25320 25481
27117 25358 26571 23675
27417 23760 25659 25411
26585 25006 27100 24080
27183 25454 26435 23748
26289 25495 27111 24397
26173 25626 26965 24607
26349 25677 26972 24298
26700 24824 25998 25296
26337 25104 26990 25009
26792 24383 26163 25542
27813 24011 24956 25232
27808 23977 25173 25099
27401 24245 25585 25497
27889 24460 24927 24680
28076 24064 24988 24971
28146 24236 25343 24333
26455 25852 26817 24316
26218 25440 27255 24399
27228 24014 25851 25533
27596 23997 25360 25461
26164 25354 27121 24678
27960 24215 24964 24955
27624 24204 25507 24957
26187 25371 27150 24504
26964 24344 25788 25751
26425 25913 26494 24446
26927 25689 26322 24041
26804 25168 26900 23810
27267 25255 26333 23763
26506 25889 26624 24349
27466 24630 25723 24740
26125 25417 27035 24677
28098 24031 24934 24783
26251 25334 27097 24757
27825 23664 25374 25332
26235 25125 26795 25325
26714 25473 26714 24052
28174 24038 25134 24739
27073 25321 26413 23872
27752 23736 25544 25084
27236 24362 25743 25473
26747 25261 26500 24717
27660 23701 25657 25068
27097 25336 26227 24097
28066 24153 24916 24952
26785 24413 26316 25362
26776 24445 25976 25618
26623 25449 26852 24364
27880 23869 25537 24923
26500 25714 26801 24141
26134 25288 26882 24997
26261 25467 26998 24589
26460 25582 26664 24439
27453 25285 25852 23799
26230 25765 26809 24421
26988 24373 25951 25594
27641 24831 25516 24351
26903 25756 26458 24018
26469 25797 26658 24218
28062 23892 25089 24840
26692 25841 26645 23978
26942 25647 26367 23707
26321 25564 27062 24490
27775 23717 25315 25305
26766 24553 26352 25074
27046 25472 26355 23911
26495 25400 26942 24424
27191 25457 26298 23822
27309 24194 25577 25606
27831 24345 25013 24910
27328 24915 26302 23790
26326 24780 26560 25127
26538 25788 26733 24025
26971 25543 26393 23733
28013 23647 25424 24877
27796 24419 25455 24529
26563 25831 26482 24437
26293 25351 27171 24635
26644 24666 26141 25384
26389 24800 26513 25153
26574 25485 26779 24375
27127 24562 25916 25160
26599 25805 26620 24270
27561 24941 25959 23849
26204 25513 27003 24551
27090 25385 26243 24225
27164 24118 25826 25646
27311 25379 26311 23923
27782 24069 25279 24994
27286 24994 26446 23903
26475 25329 27024 24411
27220 25207 25781 24306
27768 23776 25271 25215
26440 25504 27074 24044
26721 24768 26028 25430
26762 25407 26739 24132
27510 25042 26237 23896
28154 24047 25158 24496
26675 25569 26455 24521
27501 24470 25458 25110
27845 24568 25941 23659
26212 25606 26986 24811
28080 23853 25077 25021
26157 25673 27073 24538
27211 25559 26268 23636
26278 25388 27198 24476
27913 23837 25202 25120
27348 24808 25759 24690
28129 23876 25336 24722
26611 25685 26628 24171
26771 25668 26471 23992
26544 24857 26201 25259
27304 24255 25521 25507
27937 24027 25326 24860
26526 25237 27010 24391
27870 23947 25072 25271
27917 24257 24945 24793
27334 25142 26384 23779
27076 25525 26424 23813
28010 24212 24878 24751
26967 24929 26081 25133
26465 25021 27160 24672
26301 25862 26563 24525
26487 25011 27036 24265
26376 25871 26695 24434
26146 25313 27049 24839
26997 25476 26559 23556
27955 24124 25487 24279
27125 25518 26393 23842
27742 23770 25402 25206
26614 25593 26749 24322
26480 25248 26766 24683
27061 24441 25940 25368
27026 24722 26251 25003
27471 24604 25338 25023
26402 25488 26863 24544
26844 24785 26126 25225
26640 25706 26676 23989
27146 24216 26103 25401
26561 25204 26838 24702
27748 23615 25636 25144
27433 25216 26134 23663
27621 23823 25532 25455
26558 24964 26683 24908
27333 23752 25754 25314
27000 25536 26522 23722
27899 24506 24969 24678
26271 25269 26706 24883
26861 24542 26092 25302
26752 25611 26657 23986
26380 25132 27190 24724
26708 25268 26742 24176
28168 24129 25174 24473
26855 25534 26522 23943
26286 25443 27210 24358
26353 25781 26773 24620
27918 24125 24976 25056
26382 25549 26856 24615
27854 23906 25260 25248
28046 24356 25029 24517
27948 23986 25082 24971
26169 25464 27057 24601
27477 24574 26007 24855
27265 24490 25592 25310
26408 25692 26960 24242
26572 25847 26761 23930
27248 25192 25973 24140
26781 25769 26462 23936
26195 25405 27016 24833
26991 25198 26578 24028
28068 23884 25130 25044
27204 24587 25848 25239
27293 25346 26332 23588
26811 24969 25718 25090
27943 23820 25281 24866
27646 24177 25298 25264
27566 24696 25927 24179
26840 25302 26013 24636
26240 25505 26671 24658
26294 25301 27145 24522
27239 24862 25856 24549
27339 24967 25874 24287
27892 24305 25052 24892
27865 23824 25420 25106
26413 25391 26947 24513
27227 24747 26174 24660
27928 23932 25469 24808
27650 25133 26158 23643
26429 25231 27165 24611
26995 25231 26563 23684
26671 25738 26508 24194
27179 25415 26217 23882
27003 24977 26273 24519
26884 24596 26205 25252
27924 23709 25259 25104
26984 24166 25923 25628
26567 24733 26369 25655
27934 24009 25195 25052
26683 24661 26197 25279
27877 24104 25096 25065
27424 24586 25897 24591
26395 25182 26895 24762
26728 25600 26426 24211
26583 24820 26071 25392
27693 24004 25528 25386
27439 24654 25989 24274
26981 25664 26335 23963
27058 24644 25902 25352
27009 24945 26189 24595
26717 25152 26633 24344
26655 25879 26369 24185
26044 25405 26827 25004
28049 23913 25214 24801
27015 25511 26541 23952
27122 25218 26489 23650
27169 24323 26061 24734
27543 24579 25682 24698
26947 25153 25992 24415
26514 25628 26488 24463
26415 25473 26875 24632
26683 24598 25893 25586
27208 24181 25652 25635
27350 24497 25836 24954
27233 24883 25843 24563
27166 25156 26480 23758
26731 25447 26602 24259
27755 24404 25235 24880
27109 25318 26022 24109
27516 24867 25969 23998
26583 25622 26888 24086
27408 24437 25912 24932
27131 24338 25810 25639
27368 24268 25391 25343
26571 25128 26908 24486
27727 23962 25554 25088
26875 24838 26688 24569
26499 25634 26825 24223
26632 25639 26618 24213
27703 24397 25599 24725
27042 24872 26053 24770
26787 25090 25894 24980
28040 23738 25272 24963
27717 24319 25616 24782
26593 25558 26831 24263
27199 24994 26132 24162
27375 24315 26150 24709
27898 23673 25306 24961
27575 24640 25536 24582
27053 25246 25806 24282
27735 23653 25761 25132
27019 25308 26562 23736
27609 24106 25620 25199
27355 23916 25752 25610
28004 24179 25060 24751
27351 25240 26231 23713
28112 24168 25185 24753
26191 25618 26917 24813
26627 25723 26645 24118
27983 24110 25017 24911
27551 24296 25712 24831
27444 24842 25494 24595
27493 24771 25954 24240
26580 25883 26592 24160
26225 25700 26899 24504
26928 24546 26487 24935
27083 25675 25862 23862
26603 25217 26979 24483
26243 25737 26835 24641
27852 24374 25190 24653
27292 25163 26330 23700
27048 24677 26531 24797
27683 24423 25567 24479
27591 23996 25407 25416
27272 24354 25352 25438
26419 25786 26805 24387
27237 24988 25611 24575
26847 24592 26147 25512
27160 24737 25628 24844
27177 24757 25842 24807
26372 25659 26885 24467
27065 25068 26031 24705
26486 25616 27044 24161
27977 24250 25252 24918
26031 25536 26881 24838
27593 24751 25773 24453
27491 25097 25689 24320
26969 23860 26121 25178
27555 24147 25650 25488
27133 24908 26258 24450
27392 24608 26040 24652
26529 25172 26646 24898
27791 24097 25244 25048
26959 25226 26537 24091
27998 24278 25220 24713
28035 24164 25200 24775
27213 25058 26184 24004
26881 25499 26767 23926
26303 25431 26950 24703
26319 25500 26916 24555
27033 25339 26442 24049
28077 23843 25085 24895
28054 24003 25219 24612
27273 24719 25574 24817
27859 23670 25317 25187
26658 24814 26236 24990
27252 25160 26076 24152
26452 25375 26997 24376
27721 24042 25369 25009
26777 24918 26166 25138
27154 25036 26583 24189
26823 24717 26147 25271
26491 25680 26752 24315
26812 25328 26297 24669
27710 24306 25700 24568
27669 24263 25372 25180
27803 24349 25156 24926
27987 24160 25422 24584
27060 25121 26476 24128
26801 24881 26460 24761
26875 25180 26440 24573
27289 23954 25980 25439
27360 25028 25964 24010
28106 24009 25276 24481
26962 24711 26259 24853
27636 24528 25478 24901
27698 24200 25333 24928
26312 25923 26575 24398
27751 23810 25562 25070
27164 25000 26218 24180
27195 25367 26400 23786
27261 24267 25902 25424
27703 24160 25446 24984
27799 23973 25378 25059
26870 24693 25954 25447
28164 23887 25225 24724
27412 24937 26024 24059
26833 25023 26274 24946
26687 24282 26326 25210
27678 23992 25564 25149
27369 24955 26125 24013
26741 25382 26553 24567
27530 24960 25772 24378
27504 24740 26021 24102
27338 24192 25624 25167
26862 25195 26410 24328
27535 24087 25797 24896
27258 25140 25935 24469
27904 23817 25158 25183
27791 24618 25207 24202
27075 24149 26264 24975
28001 23901 25265 25007
27775 23755 25228 25275
27057 24853 26348 24789
26693 25034 26468 24897
26307 25802 26756 24617
27761 24090 25367 24999
26401 25479 27196 24496
26666 24923 26105 24962
27599 24313 25634 24802
28096 24117 25207 24666
26913 25578 26163 24215
27341 25294 25961 24073
27437 24792 25761 24412
27891 24484 25224 24247
26755 25227 26404 24712
27612 24513 25721 24679
26618 24637 26390 25190
27482 24901 25802 24122
27604 24567 25469 24847
27313 24895 25672 24650
26647 24953 26528 24925
27172 24730 26101 24731
27737 24345 25165 24940
27087 24288 25927 25419
28051 24192 25041 24827
27023 25221 26547 23824
27545 24705 25951 24384
27841 24135 25305 24987
28043 24057 25148 24850
27668 24292 25820 24455
27616 24049 25402 25083
26934 25109 26526 24238
26788 24767 26556 24747
26630 25411 26700 24367
27731 23953 25248 25173
26708 25606 26725 24109
27712 24431 25440 24791
26596 25761 26290 24304
26367 25719 26726 24504
27303 24682 26049 25040
27766 24021 25150 25188
26870 25111 26284 24626
27842 23881 25413 25174
27479 24671 25608 24769
27020 25439 26415 24064
27403 24848 25607 24441
26670 24612 26381 25274
27448 24076 25893 24886
27331 24537 25554 24948
26986 25077 26155 24722
27926 23767 25345 24819
28115 23802 25222 24894
26679 24596 26280 25198
26855 25401 26791 23889
26149 25132 27092 24952
27398 24473 25647 25031
26355 25403 27086 24652
27320 24650 26049 24543
26919 24661 25932 25345
27631 24022 25640 25030
27168 24295 25946 25318
27788 24218 25364 24902
27558 24318 25906 24441
26313 25199 26644 25081
27416 24117 25800 25242
27582 24360 25388 25219
26867 25294 25766 24459
26621 25732 26358 24290
27298 24703 25885 24855
27165 25229 26112 24369
27582 24829 25693 24347
26743 25521 26693 24184
26734 25599 26612 24067
26820 25144 25787 24875
27254 25082 26129 24205
27431 24657 25741 24786
27409 24804 25921 24339
27516 24412 25818 24927
27853 23928 25352 25077
27118 25118 26364 24066
27221 25187 25983 24331
26937 25442 26542 23959
26796 24691 26611 24865
27379 24851 25671 24510
27529 24676 25785 24538
27139 24920 25948 24646
27069 24380 26066 24950
26531 25350 26088 24575
27412 24201 25698 25119
26445 25730 26916 24434
27875 24322 25142 24696
27131 24726 26002 24869
26663 24936 26538 24959
27486 24432 26048 24203
26476 25191 26653 24886
