29286 720.173
3874 3488 3406
3801 3775 3257
3676 3323 3690
3478 3498 3773
3449 3946 3437
3201 3745 3639
3274 3756 3616
3612 3405 3688
3638 3339 3696
3305 3711 3704
3481 3543 3745
3389 3547 3721
3360 3578 3713
3422 3523 3756
3711 3818 3293
3331 3745 3635
3773 3804 3273
3675 3425 3681
3818 3714 3302
3365 3801 3605
3324 3584 3752
3318 3615 3708
3738 3811 3258
3725 3817 3280
3646 3440 3681
3599 3426 3712
3380 3862 3532
3596 3445 3693
3416 3917 3460
3810 3455 3518
3426 3689 3655
3795 3448 3537
3641 3883 3334
3619 3468 3680
3412 3778 3600
3858 3545 3330
3640 3885 3315
3871 3494 3381
3744 3799 3309
3498 3938 3354
3770 3750 3323
3401 3707 3638
3387 3720 3652
3776 3462 3575
3546 3472 3720
3833 3507 3488
3855 3609 3374
3511 3911 3443
3585 3908 3346
3441 3677 3677
3552 3471 3716
3837 3484 3468
3447 3915 3466
3841 3655 3324
3394 3785 3609
3579 3491 3710
3577 3905 3367
3815 3476 3491
3865 3533 3381
3434 3693 3629
3824 3621 3401
3327 3636 3699
3703 3847 3329
3726 3501 3608
3468 3928 3411
3502 3890 3477
3465 3934 3393
3456 3826 3573
3861 3527 3410
3436 3896 3483
3407 3842 3526
3612 3901 3311
3445 3921 3451
3607 3669 3587
3704 3478 3651
3514 3827 3530
3462 3869 3501
3566 3922 3412
3535 3927 3372
3854 3477 3484
3495 3735 3582
3390 3706 3641
3678 3505 3639
3675 3879 3277
3787 3699 3342
3405 3728 3617
3588 3563 3669
3381 3758 3615
3722 3812 3337
3766 3495 3564
3746 3763 3357
3509 3718 3601
3788 3528 3513
3329 3713 3674
3556 3875 3461
3488 3938 3392
3818 3463 3498
3706 3512 3614
3850 3565 3397
3475 3686 3640
3630 3857 3350
3536 3603 3699
3758 3659 3471
3486 3834 3566
3753 3743 3363
3822 3549 3483
3791 3716 3314
3499 3660 3662
3807 3741 3275
3783 3704 3339
3747 3754 3377
3565 3547 3684
3718 3498 3629
3780 3663 3420
3774 3701 3347
3558 3624 3642
3499 3935 3338
3648 3657 3569
3594 3634 3623
3549 3534 3706
3792 3687 3396
3634 3577 3668
3547 3837 3510
3519 3705 3620
3473 3841 3519
3468 3775 3581
3463 3884 3493
3459 3627 3706
3571 3894 3387
3591 3700 3612
3794 3487 3528
3646 3554 3673
3839 3612 3349
3812 3536 3497
3755 3540 3552
3624 3773 3495
3602 3697 3554
3588 3859 3454
3562 3897 3426
3513 3852 3506
3505 3695 3627
3483 3733 3596
3550 3585 3665
3532 3866 3496
3842 3514 3464
3615 3789 3485
3782 3700 3359
3723 3779 3352
3666 3518 3645
3644 3839 3403
3600 3620 3648
3817 3622 3388
3649 3545 3654
3621 3899 3381
3544 3616 3657
3479 3676 3667
3699 3679 3489
3815 3590 3438
3806 3517 3516
3712 3781 3400
3692 3832 3359
3637 3855 3390
3614 3850 3408
3599 3865 3444
3536 3789 3522
3840 3555 3418
3827 3623 3356
3781 3571 3520
3721 3548 3611
3714 3552 3610
3667 3618 3603
3567 3904 3369
3559 3642 3637
3518 3617 3687
3744 3532 3572
3831 3645 3350
3768 3699 3390
3665 3760 3431
3500 3650 3661
3491 3779 3568
3445 3726 3625
3727 3521 3595
3715 3809 3364
3686 3829 3393
3653 3569 3632
3537 3880 3428
3751 3524 3555
3681 3870 3346
3677 3665 3554
3628 3888 3405
3604 3681 3574
3600 3802 3475
3584 3867 3425
3554 3820 3486
3508 3877 3459
3503 3874 3463
3480 3863 3509
3472 3903 3447
3836 3515 3477
3790 3574 3465
3762 3630 3488
3741 3600 3524
3680 3725 3478
3659 3652 3557
3632 3846 3418
3610 3824 3423
3572 3849 3456
3563 3815 3498
3560 3878 3440
3530 3755 3561
3521 3895 3453
3497 3784 3543
3470 3760 3592
3453 3872 3525
3517 3544 3713
3453 3793 3592
3442 3765 3594
3423 3776 3597
3394 3743 3629
3646 3786 3458
3846 3545 3428
3492 3853 3509
3809 3656 3378
3691 3795 3384
3688 3602 3598
3771 3711 3386
3594 3533 3679
3529 3646 3644
3522 3506 3714
3551 3689 3632
3644 3667 3558
3575 3672 3619
3445 3887 3512
3786 3647 3452
3773 3542 3548
3759 3738 3373
3754 3513 3579
3748 3567 3538
3725 3579 3556
3717 3796 3355
3699 3560 3607
3696 3791 3394
3691 3614 3580
3645 3836 3383
3642 3807 3427
3640 3587 3634
3637 3607 3624
3635 3599 3626
3609 3825 3450
3576 3749 3578
3575 3591 3658
3550 3582 3686
3545 3537 3690
3537 3854 3467
3529 3916 3433
3830 3690 3344
3786 3587 3502
3777 3649 3441
3763 3729 3399
3739 3577 3542
3705 3662 3514
3672 3581 3621
3663 3771 3432
3662 3744 3457
3651 3597 3618
3614 3737 3550
3598 3624 3636
3593 3635 3633
3553 3822 3511
3542 3715 3603
3827 3565 3436
3670 3739 3470
3771 3588 3480
3755 3489 3594
3752 3709 3404
3736 3592 3533
3732 3518 3585
3719 3722 3434
3690 3561 3605
3642 3768 3482
3605 3731 3551
3809 3601 3410
3788 3597 3473
3764 3702 3406
3736 3712 3421
3734 3668 3482
3720 3648 3504
3697 3736 3455
3683 3721 3463
3682 3798 3417
3656 3748 3474
3643 3747 3526
3639 3752 3486
3620 3811 3429
3606 3691 3565
3592 3678 3589
3583 3816 3497
3582 3823 3458
3581 3794 3518
3538 3843 3503
3534 3680 3635
3504 3724 3590
3784 3615 3456
3760 3653 3431
3743 3559 3565
3702 3595 3567
3626 3641 3608
3587 3729 3572
3569 3761 3545
3528 3766 3537
3526 3822 3524
3525 3771 3567
3522 3900 3446
3489 3793 3549
3484 3764 3571
3459 3783 3589
3636 3807 3447
3568 3831 3480
3829 3539 3464
3798 3575 3464
3555 3585 3660
3738 3779 3344
3738 3661 3429
3696 3605 3577
3628 3821 3424
3522 3845 3499
3836 3542 3449
3802 3743 3310
3800 3572 3500
3800 3471 3531
3798 3694 3365
3791 3506 3562
3778 3684 3398
3766 3756 3349
3727 3672 3487
3719 3549 3591
3717 3559 3588
3713 3724 3416
3704 3782 3395
3703 3558 3606
3691 3799 3371
3689 3596 3593
3686 3641 3541
3668 3757 3439
3663 3565 3650
3661 3772 3435
3622 3797 3479
3622 3686 3570
3596 3812 3494
3576 3750 3544
3555 3553 3685
3549 3762 3527
3545 3585 3676
3525 3772 3534
3806 3526 3509
3806 3698 3323
3794 3625 3454
3782 3551 3532
3772 3580 3536
3767 3629 3468
3759 3685 3415
3754 3550 3545
3748 3606 3517
3724 3585 3551
3718 3758 3405
3706 3603 3566
3698 3790 3378
3698 3522 3613
3696 3594 3586
3693 3564 3596
3690 3753 3409
3688 3703 3496
3676 3640 3562
3674 3746 3453
3672 3742 3458
3661 3835 3422
3652 3840 3370
3645 3632 3613
3644 3557 3651
3638 3792 3465
3635 3838 3409
3579 3719 3584
3575 3872 3421
3552 3899 3425
3546 3844 3480
3534 3766 3533
3849 3538 3440
3848 3610 3387
3847 3571 3392
3837 3595 3417
3816 3583 3437
3810 3599 3447
3805 3643 3407
3804 3605 3423
3803 3596 3459
3799 3637 3434
3779 3572 3523
3765 3643 3476
3738 3543 3583
3733 3567 3543
3730 3638 3495
3729 3566 3549
3728 3730 3413
3708 3627 3525
3693 3616 3547
3687 3770 3426
3673 3553 3615
3669 3692 3517
3654 3704 3508
3631 3726 3547
3627 3708 3553
3623 3607 3649
3609 3662 3583
3603 3654 3617
3597 3717 3557
3580 3632 3638
3578 3754 3529
3574 3610 3658
3571 3817 3472
3543 3762 3559
3541 3645 3669
3540 3934 3315
3539 3783 3528
3511 3782 3536
3481 3744 3585
3471 3770 3590
3465 3900 3474
3507 3650 3649
3695 3683 3517
3619 3814 3471
3574 3860 3446
3750 3739 3387
3749 3628 3508
3735 3664 3485
3695 3639 3525
3813 3653 3350
3657 3708 3480
3766 3717 3382
3732 3622 3521
3724 3694 3448
3717 3674 3492
3711 3737 3414
3690 3684 3515
3688 3654 3540
3683 3676 3546
3609 3679 3576
3579 3638 3622
3731 3694 3445
3709 3741 3442
3652 3646 3560
3650 3724 3535
3806 3556 3472
3738 3644 3476
3716 3734 3411
3703 3619 3539
3703 3611 3559
3698 3751 3413
3696 3631 3539
3674 3741 3469
3645 3727 3507
3642 3777 3462
3638 3573 3648
3588 3769 3505
3575 3848 3471
3809 3689 3372
3807 3554 3485
3802 3547 3508
3778 3692 3369
3775 3625 3473
3775 3594 3475
3772 3730 3364
3767 3675 3407
3752 3558 3553
3744 3515 3597
3740 3635 3504
3740 3614 3529
3732 3757 3404
3731 3713 3412
3724 3764 3370
3716 3765 3365
3716 3575 3584
3715 3675 3481
3713 3649 3506
3712 3646 3507
3711 3690 3462
3710 3745 3422
3710 3581 3561
3709 3583 3574
3707 3715 3446
3702 3679 3469
3692 3514 3628
3689 3693 3478
3688 3544 3627
3685 3776 3415
3683 3566 3614
3674 3687 3505
3668 3538 3628
3660 3650 3555
3660 3518 3676
3655 3797 3455
