2792 540.753
28145 24294
28041 24860
27565 25831
26877 26819
27520 26010
26424 27192
26562 27132
28085 24836
27839 25447
27730 25689
27349 26164
27090 26541
25471 27845
24714 28011
26105 27349
27527 25892
25512 27722
26913 26713
27329 26204
27152 26527
26715 26852
26793 26834
28102 24586
26973 26643
28099 24732
26918 26670
27491 26144
26018 27590
24469 28106
28166 24215
27958 25266
25169 28002
25734 27668
26276 27248
26215 27319
27781 25595
24603 28103
26619 27082
25292 27909
27205 26314
26638 26863
26066 27366
25472 27842
27296 26276
27819 25497
26083 27351
24812 28010
27940 25411
27700 25805
24646 28061
27501 26059
25783 27637
27214 26311
