1044 60.0488
23509 22043 25647 22239
23453 22020 25647 23318
23703 22037 25501 23173
24074 21612 25100 23867
24899 23053 23716 22987
23414 24765 22715 21533
23961 21741 23559 25191
24324 22859 25046 22519
24502 21697 24216 24567
23475 24394 23408 23108
22966 23736 24963 23126
23315 22373 25120 22052
24793 21399 24150 23253
22971 22043 25436 24337
23594 21053 24794 24651
22099 22196 25544 23174
23297 22824 24744 24204
22905 24063 22758 23588
25380 23042 23077 22504
25659 21905 22677 22593
24351 23023 24432 23659
23124 23695 23964 24136
25113 21982 23410 23708
24912 22911 23866 22462
23344 21770 24939 24694
23047 21369 25389 24809
24739 22371 24155 23678
24730 22358 24491 24069
24309 23677 23592 22992
23681 21883 25152 23357
25300 22801 23265 22738
24413 22897 24167 23830
24367 23299 24258 23499
23058 24674 22293 22511
21862 20718 24472 25339
22210 22349 24839 24339
23126 22116 24485 24839
22473 21097 25886 23062
23511 22423 25099 22711
22978 22189 25449 23225
23726 22321 24601 24760
22842 22013 25297 24834
22579 22184 25217 24343
25810 21904 22962 22845
21998 22167 25233 24463
22709 22484 25730 22391
23237 21148 24556 25281
24616 23550 23301 22182
23956 22456 23209 24500
22605 21824 25810 23436
22564 24902 23029 21723
23567 22424 24134 25044
22807 24771 22926 21880
21899 24863 21762 22376
22218 23922 24234 22829
22501 23818 24173 23448
22488 22656 23822 25084
22863 20651 25706 24980
22385 21865 25576 23983
24236 21925 23781 24454
22701 23851 22931 23606
25332 22098 23229 23003
25047 22473 24357 22743
23026 24961 22414 21398
24497 22721 23796 23504
24077 23257 24537 24403
23623 24692 22932 21911
22676 24734 23296 22831
25283 21959 23357 23679
20897 24761 23128 21782
23900 23869 24230 23170
23114 22657 24206 24503
21467 24910 21940 22007
23674 23473 23372 23446
22593 22042 25556 23513
24493 23269 22781 23182
24226 22420 24620 23527
22203 24421 23317 22733
23243 24154 24053 22739
22849 22859 24434 24460
22918 24909 23106 21588
24075 23623 24305 23074
23325 23041 24543 24209
24601 22618 24361 22639
24697 20975 23613 24368
23670 20688 24399 24885
22765 21104 25465 25104
22235 20942 25479 24873
22739 22932 23857 24411
24301 21730 24932 24610
22672 25240 22618 21367
22235 24061 24570 22794
22026 22430 24762 24908
21879 21212 25051 25209
23311 22187 25609 22943
24130 23562 23657 23429
23938 22087 24685 24128
21591 20803 25811 24102
23276 21702 24830 24919
23266 22098 25211 24081
25086 23190 23467 22350
23799 23441 23428 23473
22635 25277 22297 21419
22283 19934 25164 25189
24457 24374 22341 21727
22922 24890 22670 21300
23224 22135 25315 24139
23387 23981 24043 22675
24452 23511 23750 23145
24327 21741 24772 23932
23815 22144 24608 24355
24416 23615 23363 22308
24154 24361 22690 21855
23626 24454 23422 21840
22849 22731 24456 24745
24690 23503 23771 23120
24369 22136 24272 24240
23559 23294 23325 24221
21568 24670 22190 22934
24932 22022 24053 22800
23452 21191 24894 25014
23138 24836 23121 21546
23789 22440 24557 24553
22910 25026 22588 21698
22693 21636 24733 25053
22951 21564 24618 25155
22315 22068 24930 24904
23502 21487 24354 25551
22739 21593 25308 24842
24953 22066 23625 23651
23558 22012 25326 23398
24220 23492 23040 23291
23391 24700 23601 21608
24407 21091 24086 24661
23242 24091 22975 23426
22575 24436 23195 23007
24546 22650 24117 23948
24244 23414 23102 23373
22321 25012 22197 21808
23361 21501 25038 24737
24210 23253 23099 23716
25100 22081 23863 23444
23765 21830 25398 23638
25571 21571 22752 22989
23517 22065 25306 24594
22795 21226 25485 24870
25169 21781 23424 23408
23499 23736 24860 23930
23409 23570 23141 24297
22411 21617 25571 24437
22756 23747 23893 23492
23366 21091 24962 25092
22540 24611 24221 22623
24888 23479 23400 23178
22322 21856 25993 23973
24796 22469 22901 23972
23725 23646 23799 23401
21858 22209 25613 24383
22111 25206 22282 21939
21920 25079 22740 21971
24226 23131 22531 23706
23159 21284 25105 24807
22964 23776 24450 23424
23395 21364 24830 25058
23007 21551 24646 24941
24877 20973 23705 23918
23696 24769 22374 21041
24840 23945 22465 21364
24702 23402 24210 22561
23008 23014 25296 23580
22152 21891 25491 23870
23933 21852 24116 24604
23414 25026 22352 20971
22389 22206 25468 23374
25731 22688 22316 21951
23125 24774 22529 21763
24195 23334 25057 24115
23021 22674 24090 24663
21726 24094 24464 21922
23924 22956 23004 24619
25543 21707 22865 23044
25462 21211 23815 23324
25190 22345 23315 22479
25535 21557 22931 22943
25161 23107 23163 22989
24216 24609 22415 21195
23824 22070 24469 24516
23493 19746 24371 25015
21916 25661 21448 21030
25498 23022 22445 22139
25213 23358 22566 22460
24406 22509 23094 23994
22134 21978 25776 22985
24937 23150 22100 22952
24877 21964 23415 23894
24410 21748 24562 23161
23151 24769 22094 22001
22884 22399 25301 23892
24650 22825 23876 22944
23842 22386 24433 24717
25501 22558 23424 22320
24132 20483 23765 24761
23931 22572 24590 24320
22872 21966 25526 23457
22619 25622 21972 20819
22716 24798 22389 22014
24733 22372 23178 23993
23807 24658 22611 22129
22403 22106 25597 23781
24305 23800 23778 21997
23418 22295 25428 23556
23002 24846 22063 21647
22926 24559 23035 22303
21809 25553 21914 21061
24659 22525 23430 23902
26042 22645 22963 22517
24302 21037 24495 24018
23647 21805 25656 23639
21645 22349 25513 23112
20525 24556 22937 22967
24724 24225 22865 22285
24504 22651 22688 23884
24362 22446 24625 23382
23685 21538 25192 23834
23025 21157 24447 25350
21772 22216 24171 25333
25137 23272 23269 22157
23511 21135 24778 24721
23219 22588 23375 25042
25570 22431 22472 22996
24804 23096 22327 23237
23032 24813 22551 21711
23928 21896 24076 24818
23113 25147 22342 21245
22324 23212 24094 24916
22993 24982 22362 19697
21810 25628 21750 20614
24666 21561 24508 23853
22882 21181 24916 25320
24594 20669 23046 24452
24295 23690 22993 22036
24274 22063 24249 24290
23846 22369 24112 24542
23343 24684 22210 22225
23187 21469 24637 25116
24729 20623 23895 24136
23343 21627 24486 25143
22422 25540 22478 21696
24193 23376 23818 23659
22723 23862 24483 21984
22427 20192 25775 24544
24764 23793 23168 21687
24239 23071 22617 23617
23887 22898 24089 24678
25129 22875 23598 23432
24922 21814 23670 23574
24016 24627 22455 21092
23361 23773 23304 23757
24811 22697 23396 23548
24273 23956 23251 22865
24149 21929 24106 24490
23926 22030 24756 24723
23514 20856 25011 24735
25561 22104 22961 22729
23212 24402 23324 22625
25161 20990 23856 22629
24708 20852 23310 24112
22570 25157 21598 21985
25032 23368 23532 22930
24640 22795 23990 23471
24265 21376 24938 23478
25393 22464 23138 22461
24287 22755 23001 24079
23342 21740 24875 24806
23256 24626 22997 22060
22318 24922 22527 21791
25185 22776 23688 22623
24167 21209 23293 24894
23418 24915 21484 22021
22576 21589 23970 25496
25611 22053 23176 22682
24406 21795 24199 24187
24128 22341 24186 24175
24810 21431 23757 23611
24618 23670 22990 23064
24566 22503 24059 24373
24207 24332 23993 23365
22389 22961 24999 24250
23743 20361 24781 24809
21721 23519 25054 22214
24799 23633 21705 22684
24096 20495 24144 24716
23483 21583 23960 25128
23138 21275 23775 25611
25458 22006 23436 23191
25142 22464 23348 22631
23466 23775 23469 23741
23686 24927 22674 21135
22977 24572 22860 22946
22103 24889 22946 22090
24985 22277 23251 24203
24630 23619 22232 22498
23804 21310 24345 24861
22432 25290 21715 21620
24399 21563 24341 24160
23735 23362 24612 23199
22028 21937 25662 23207
25523 22294 22599 22605
24882 22481 24388 23091
22447 23733 22475 24110
25044 23175 23030 22367
22785 21990 23847 25391
24909 22964 23690 22195
24740 21462 23781 23702
24588 21734 23733 24822
23510 24369 22787 22170
23027 24363 23614 21886
22709 23912 24212 22969
22704 25163 22345 21637
25377 20699 23314 23574
23845 24336 22623 22200
23628 22130 25153 23815
25094 22199 23609 23892
24574 22741 24244 22974
24116 24496 23002 21947
23408 21450 24363 24929
23026 24758 23382 21939
21670 24976 23189 20653
22930 21609 23279 25652
22674 21524 25879 23404
25014 22750 23276 23795
24451 23761 23534 21852
25471 22815 22141 22325
25398 23853 22947 22278
24880 22929 23076 23249
24255 24105 22891 22142
24011 21112 23901 25190
23337 24529 23422 22410
22376 21280 22880 25698
25590 22230 22929 22889
24832 22314 23610 23755
24721 22457 23778 23527
24547 22380 24210 23428
23791 24437 22486 22663
22060 23553 24985 22849
24135 22640 24119 24137
23980 24369 23006 21671
23241 22465 24303 24665
21786 24882 21420 22583
24177 23351 24149 22895
22876 21119 25240 24876
22711 24853 22723 22247
21543 22235 24329 25001
23543 25203 22335 21432
23294 21941 25343 23600
22888 21144 23847 25802
22606 22585 25060 23792
22184 20634 24651 25391
24108 21827 24654 24550
23524 20740 25125 24494
23378 24542 22493 22186
21786 22212 25818 23867
25114 21261 23783 23261
25037 21246 24334 23851
21683 22445 25017 24287
25466 22792 23054 23611
22651 20590 24521 25473
24016 23663 23199 23765
23244 24653 22646 22946
25326 23081 22757 23078
24506 21311 23755 24485
24157 24550 22219 22103
23916 24809 22186 21833
23637 21086 24269 25127
23413 22598 23240 24945
25006 22338 23655 22816
23168 24850 22030 22034
22881 25118 22460 21677
22002 22975 24765 24377
25128 23360 22688 22650
24789 21740 23510 24067
23226 22315 24710 24426
24698 24255 22671 21594
22704 25470 21395 20323
22518 21194 24772 25300
24633 23246 22879 23326
24589 23744 22881 23100
24563 23652 23179 23088
24538 23976 22149 22325
23328 21176 25422 24177
22461 20630 24673 25407
25597 21293 23136 23546
25501 22752 23142 22368
24657 22308 23751 24149
22992 22777 25426 22610
22205 25269 22879 21502
24007 22225 22770 24522
22333 20607 23239 26007
23105 24766 22930 22361
22921 24503 23708 22566
24370 23965 22871 20913
24033 21539 24133 24758
23814 20542 24480 24784
24938 21039 23494 24067
23550 22524 23389 25020
23334 22346 24710 24291
23229 21780 25533 24373
22568 20016 24374 25824
21238 24867 23246 21175
25124 22553 23238 23541
23773 24874 21732 21270
22628 25544 21608 21130
24605 22897 23505 23675
24231 24180 23748 22623
23871 24560 22496 20532
22705 21685 22575 25597
23227 22472 23788 24680
22940 21871 24219 25037
21882 24809 22790 22106
23401 24480 23027 21833
24629 22783 23088 23708
24436 23242 22945 23283
24377 20589 24810 23777
23022 24936 22485 20790
22710 22590 24492 24794
23131 20566 24960 25806
22706 23754 23589 23621
22360 21594 24026 25511
24113 21708 24129 24856
21437 20989 24447 25380
23563 23424 23478 23546
23280 24449 21466 22428
22987 20662 24543 25307
24765 22695 23821 23413
23097 22316 25208 24879
22877 21767 25647 24070
22470 25077 21787 21680
23654 20812 24509 24951
23479 24916 21457 21804
24467 22808 22850 23847
24040 21822 24530 24602
22944 23993 22443 23572
22919 25123 22869 21044
22679 25172 22471 20863
22322 22086 25498 23830
24648 22851 23432 23567
24032 21724 24368 24755
23839 21529 24283 25083
22455 25438 22021 21294
22601 21631 24275 25092
22311 24462 23433 22708
24951 22306 23949 23401
24819 20647 23585 24056
24171 21941 23564 24410
23599 25039 21821 21211
23593 21232 23938 25095
22681 20593 23982 25904
22185 22377 25084 24196
22034 20661 24503 25366
24737 23671 23016 22214
24709 23604 22242 22871
23826 24312 24085 22197
23668 23652 22929 23810
23499 22282 23941 25259
23494 23489 23100 24051
22659 23079 23978 24920
22542 20897 23859 25570
22476 21339 24435 25418
23949 23915 23155 23568
23263 24522 22571 22769
25354 21188 23306 23988
25120 21964 22794 23864
24638 23032 23424 23379
23368 24029 24075 22940
23188 21004 24934 25113
24382 24748 22173 21993
23181 24924 21561 21635
22602 21453 25391 24810
22582 24476 23757 21502
21927 20897 25719 24435
25401 22011 23178 22814
24928 23422 22159 23187
24461 23162 24081 23398
24034 21911 23883 24547
23631 21931 22325 24871
23341 21103 24627 25175
22694 20407 25095 25371
22403 23878 23850 24012
25361 21422 23409 23440
24388 23044 24549 23425
23464 20546 24493 25340
23027 21702 22790 25428
22814 25441 21666 21104
