252 2.48626
8726 7567 7655
7709 8292 8426
7942 8134 8542
7262 8965 7560
7627 8962 7937
7926 8226 8578
8163 7810 8557
8094 8300 8242
8032 7930 8589
7939 8676 7635
7914 8257 8402
7857 8115 8582
8323 8264 8266
8579 7575 8213
8167 7713 8580
8346 7952 8496
7671 8338 8482
8641 7701 7993
8089 8660 7968
8434 8219 7909
7535 8625 8164
8715 7823 7865
8631 7381 8199
8454 8170 8002
8438 8392 7902
7588 7910 8595
8248 8438 7972
7870 8865 7612
8547 7752 8166
8144 8651 7266
8107 8079 8474
7658 7808 8639
7643 8794 7655
8381 8598 7943
8234 8425 8076
7949 8211 8509
8260 8631 7933
8111 8256 8291
8599 8392 7750
8457 8168 8041
8410 8250 8245
8215 8441 8237
8121 8509 8129
7816 8711 7896
8582 7602 8054
8439 8170 8284
8176 8265 8238
8569 7916 8075
8677 8156 7956
8371 7841 8357
8200 7655 8563
7604 7732 8659
8326 8286 8214
8173 8139 8427
8236 7614 8512
8754 7882 7575
7855 8781 7868
7257 8732 7958
8488 8118 8050
8543 8032 8282
7865 7726 8605
7762 7748 8620
8099 8543 8073
8306 8222 8390
8422 8225 8029
8133 7838 8524
8037 8442 8290
8016 8675 8152
7990 8588 8401
7889 8239 8491
7763 7702 8642
8658 8523 7573
8595 8257 7787
7876 8747 7659
