4905 1262.74
19021 14969 14646 14504
16585 17951 15478 13229
16373 13870 15262 17780
16328 16579 13797 17119
14957 15469 19025 14838
14847 18737 14710 13938
13909 14662 14330 18717
13215 17041 16620 17024
18058 16053 14097 15640
16430 14058 16038 17319
16291 18142 15045 13361
13500 17563 16428 16567
13635 16682 15422 17674
13489 17380 15953 16936
16480 18129 14956 13476
13304 17523 16628 16630
13373 17128 15665 17050
18779 15733 14178 14269
15191 15841 18890 15070
15486 18447 15486 13529
14402 14830 14977 18706
13257 17591 16455 16484
14961 15842 18967 15037
17551 17086 16285 13310
18929 14753 14871 13704
18978 15190 14756 14598
14461 15305 14780 18639
15806 14120 15955 18071
13371 16584 16477 17390
16421 14170 15973 17619
18803 15859 15117 13966
18861 15580 15077 15034
18691 15464 15562 13477
17857 15890 16886 13572
14818 15574 18973 14867
16416 16890 14360 16424
15376 18638 14440 13894
18487 15809 14499 15040
15096 16301 18824 15257
13766 17116 16743 16801
15181 18700 15223 13730
15821 16883 14229 16931
16174 15968 14467 17627
17818 15628 14200 16261
16655 17974 15385 13272
17405 14859 14393 17271
19002 15197 14751 14619
18024 14078 15126 16241
18889 15446 14588 14509
15564 16373 14252 17663
18927 14785 15040 14208
16408 17955 15926 13274
18672 15959 14614 13689
14936 14940 15858 18597
15396 15082 15269 18575
15750 14204 16190 17938
17012 14466 14296 17316
16985 14532 14631 17354
13799 16584 16702 17370
18409 15511 14324 15592
15419 16031 18853 15550
16330 14233 15673 17762
15503 16042 18799 14991
15566 18544 14866 13652
13714 18027 16570 15480
17271 16386 14271 16429
15661 14097 15717 18186
16000 17948 16650 13668
13657 17834 17009 15316
14725 18659 15456 14030
16261 14222 15662 17885
16387 14191 16433 17277
14376 18633 15018 15062
15352 18481 15335 14056
18521 14864 14446 15508
13702 15726 17313 17466
14758 18581 15325 14221
14014 18387 16013 15152
15618 15875 18754 14898
17440 16897 14336 15723
17895 15882 16926 13740
15526 18542 15286 13711
15349 18516 15543 14425
17570 14297 15997 16450
17223 14335 16655 16331
13740 17466 16901 16212
13735 18187 15774 15770
17831 14962 14427 16584
14482 18718 14846 14252
14257 15713 17201 17592
18876 15558 14837 13852
17323 14374 16261 16469
15967 14368 15316 18134
17691 14252 16151 16558
17161 14692 14583 17236
14505 18677 15387 14325
16081 18207 16068 13820
16059 18371 15467 13633
14765 18594 15722 14044
14436 15661 18776 15678
14150 15329 14533 18422
16136 18022 16454 13635
17102 14358 16101 16932
17718 15797 14517 16619
14752 14389 16748 17999
15847 14173 15620 18096
17060 17794 15819 13871
13684 16498 16693 17405
13679 16923 16359 17187
15004 14416 15421 18612
17554 16080 14183 16422
15312 18730 14760 13932
16267 18288 15848 13868
13643 17531 16367 16673
14533 18652 15495 14607
18408 14651 14546 15876
14745 14647 15379 18620
14847 18721 15348 13953
15140 14738 15444 18480
18306 16651 15635 13911
15836 18415 15050 14542
18450 16238 15907 13683
18863 15283 14707 13938
13866 17451 16829 16420
17464 15165 14416 16838
15399 18500 15416 13857
13977 17128 17280 16472
17571 14563 15203 16704
18044 16718 15330 14429
13998 15014 16743 18043
15381 16308 18790 15253
17213 17749 16278 14145
13953 18093 16076 15675
14865 18508 15605 14818
16076 17845 14673 15732
18717 15277 15274 13904
14940 18694 15308 14471
14991 14843 15825 18442
15855 14395 15486 18259
14081 15877 17398 17344
13930 15947 15867 18022
15118 15190 15305 18502
14702 18605 15176 14657
15929 17391 17477 13827
14895 18681 15032 14700
14049 16348 17086 17329
18257 16325 15056 14984
16071 16206 18374 15756
18732 14972 15112 15145
14821 16082 16107 17898
15071 15865 18873 14772
17142 14105 15188 17293
14663 15779 18779 15564
15447 18536 14686 13921
15672 17575 14638 16195
15129 18644 15233 14567
15232 14744 16863 17919
14063 16470 18275 16141
18747 14547 15220 14782
13829 15383 16450 18102
14801 15379 14523 18486
14566 15635 18860 15227
13816 17619 15985 16597
15653 16114 14721 17946
17478 14682 15903 16573
17120 17167 14402 15455
16159 14350 16080 17679
17962 16919 15773 13622
17470 17374 14926 14214
14916 15071 17111 17719
18071 15822 14571 16026
16384 14435 16359 17499
16517 16189 14665 17431
16012 17842 16646 13850
14293 15230 15239 18548
16591 16862 17742 15136
17748 14274 14867 16673
15517 16376 14555 17788
14603 15116 14889 18531
16767 14514 15569 17490
18766 15120 15355 14663
15228 16651 18364 15189
16775 14573 15874 17320
15276 14609 15385 18460
15554 16176 16824 17458
14749 18300 15278 15493
17492 16654 17018 13783
14121 15445 15696 18459
16720 16411 15788 17148
18886 15039 14807 14250
14648 14971 15222 18632
16236 17871 15801 15113
14595 17418 16666 16737
14993 18585 15631 13973
13916 16416 17615 16872
14559 18571 15519 14384
13846 16982 16361 17131
15843 18406 15210 13775
14012 16304 16408 17792
16770 17780 16137 13611
15059 18618 15456 14170
15430 14900 15709 18211
18785 15613 14715 14036
18381 15588 16089 13752
17753 16494 16789 13805
18092 17084 15267 13589
14819 16632 18484 15717
15702 18429 15491 13959
14279 15591 15694 18288
16625 14762 16613 17176
14589 17254 17910 16138
15270 15910 18870 15210
14955 18349 16223 14330
14584 16447 18543 15771
13875 17018 16827 17061
14850 16527 18567 15578
15678 16316 18716 14961
17374 16088 15102 17117
14026 16466 16854 17373
16518 14559 15487 17687
15215 15628 18500 16333
16716 17305 14698 15902
15029 15043 15898 18298
15013 14816 15836 18519
15632 14265 15743 18231
14799 14659 16044 18559
16949 16957 17490 14134
18643 15241 15961 14278
13945 16064 17142 17521
16924 17284 15063 15706
16898 15837 14505 17352
14517 15342 16500 18119
18322 15887 15421 15759
17772 17137 15807 13901
16139 15927 14680 18017
15436 16144 18588 15777
18593 15722 15071 15140
16373 14503 16678 17266
15550 14546 15725 18315
16193 16007 14966 17468
14708 16417 18724 14742
15221 18268 16328 14269
16649 17552 17085 14064
14094 15117 16763 17998
15858 18162 16198 14933
18291 16271 15719 14708
17792 14936 15632 16533
15544 18476 15112 14498
16798 17002 17515 13586
16052 16870 18033 15118
15186 16270 18040 16460
13996 16758 17341 17163
14666 16704 18240 15843
15443 16784 15124 17306
18580 16265 14622 13908
15236 18567 14948 14242
18337 15585 15453 15595
18125 16907 15161 14289
14581 17540 16843 16355
15594 14582 14945 18336
15656 14815 16054 17931
13839 17891 16586 16046
13981 17042 16458 17032
15375 14280 16204 18181
15528 18486 14910 14175
14652 16799 17533 16399
14073 17662 17023 15804
16864 14716 15590 17438
14928 14999 16019 18375
14316 16250 16963 17448
18615 15941 15393 14604
17514 16801 14687 15515
15988 17802 16217 15857
17335 14478 16604 16287
16559 17704 16603 14232
17099 17355 16718 14441
16832 15380 16276 17018
15610 17294 17464 15230
16254 17976 16276 14153
18658 14677 15618 14176
17960 16903 15408 13943
18579 16171 15293 14197
16902 17825 15739 14146
17064 17423 16293 14745
18628 14922 15197 15306
18574 15296 14751 15429
15405 14889 16416 18160
17261 17197 16898 13627
14468 15657 15949 18168
14748 15371 16259 18346
15435 14795 15608 18353
15487 18354 16142 14758
15055 18593 15367 14181
14117 16451 16699 17411
18373 16425 15376 13790
17946 14966 16450 15956
14253 16654 18287 15935
15645 15287 15964 18094
17043 16229 14767 16734
14936 18530 15529 14783
13925 16960 15644 17510
14414 18555 14712 14951
15920 18308 14525 14567
15364 16896 14732 17253
15838 18391 15506 13981
15096 14696 15284 18536
15515 16343 18461 15798
14510 17810 15761 16644
16443 16014 14285 17711
15212 15962 18699 15925
16927 17755 16502 14586
15932 17679 16990 14400
14976 14311 16381 18324
17072 17386 16493 14041
18659 15751 15642 14105
15586 15962 18709 15069
16773 15613 14537 17332
14598 18493 15614 14956
15909 18274 15935 14344
15041 16217 18506 16262
18025 16232 16499 13929
15767 18166 16186 14077
17667 16506 16053 15795
17050 17659 15818 14192
18453 16182 15596 13989
15507 16486 17263 17065
17664 17277 15009 14557
15693 16768 18113 15628
15820 16219 18651 14578
14136 16945 17554 16507
14983 14895 15917 18341
14213 18561 15375 14610
15889 14317 15705 18029
15588 17747 17133 13769
14880 15047 16860 17843
13807 16887 16721 17105
16570 18091 15572 13603
14336 16596 18157 15898
16610 16570 15304 16828
14207 18035 16191 15826
13953 16147 17064 17487
14649 18196 15429 15917
16755 17618 16557 14020
16568 17915 16119 14122
16442 18049 14607 14482
14139 15316 15198 18514
14839 18323 15583 15463
16390 16838 17763 15612
14485 15808 17115 17622
18504 15151 15115 15474
17445 14884 16084 16724
18247 15111 15168 15986
15435 17599 14618 16455
14189 18039 15403 16160
14437 15798 15661 18083
14873 14916 16240 18333
16376 16705 17920 15200
17629 16112 14743 16390
14951 18421 16187 14352
13835 17581 16147 16536
16576 17173 16348 15767
17823 17079 15889 13759
17795 15106 16873 15007
14044 17006 18057 15960
15373 14993 17197 17513
14349 15874 17170 17746
15350 18434 16015 14125
18220 16280 15895 15021
15982 14290 15327 18031
15829 17668 17249 14894
17923 16439 16471 14262
16485 17038 14282 16096
18701 15047 15398 14781
15206 14287 16132 18315
17908 15459 15426 16168
16239 15222 15985 17913
15101 16688 18614 15386
16543 17194 17436 13918
14178 17861 16905 15421
15462 18242 15083 15278
14268 16455 17516 16996
14674 15969 18299 16614
14564 16443 18068 16253
17539 17143 16128 14654
15099 17994 16702 14542
16640 15026 15481 17609
17691 16414 14596 15710
15986 18175 14991 15000
18686 16053 15162 13604
16474 16179 18280 14877
17915 15129 15394 16367
15990 16452 18525 14687
18432 16245 15250 14967
17752 17146 15252 13947
18762 15489 15136 14536
16551 17058 14771 16085
16662 16747 17565 14481
16261 14257 15804 17774
18122 15309 15284 15919
14574 17185 16956 16511
18535 15922 15291 14714
16221 17331 17418 13761
16330 17865 16460 14448
17255 15301 15936 16825
15616 14410 15432 18325
16105 14527 16966 17253
15385 14922 16082 18218
14472 15824 16177 17976
18348 15218 15046 16018
16336 17928 16428 13835
16418 18136 15620 14014
17767 15898 16758 14883
16145 15032 16059 17802
14526 15894 16245 17966
16957 15655 17580 15369
15155 18612 14780 14257
17700 17602 16122 13996
17206 17343 15697 14911
16699 17757 14819 15078
17237 17505 16146 13985
14183 17806 16989 16179
14160 16931 16950 16985
17891 15633 16497 15588
15094 16726 18105 15751
18277 15054 15745 15622
18529 15544 15556 14768
16497 14741 14789 17811
14753 17769 16948 15651
14287 15761 15935 18124
16889 14826 15810 17279
15536 17849 15611 15923
15143 16705 18490 15026
18268 14470 15754 15609
16643 17021 14603 16386
14066 16763 18082 15836
15527 16328 18320 16450
18789 15599 14997 14773
17934 14495 14903 16556
17414 15361 14626 16929
18706 15402 15257 14674
15717 18330 16227 15009
14225 18171 16733 15312
15570 16215 18744 15592
18625 15753 15200 14700
17864 16805 16371 14643
18416 15616 15672 15478
15126 16739 18535 15452
15223 17432 16339 16650
13898 16990 17158 16761
17633 14951 14865 16821
15863 15439 17893 16575
18642 14960 15442 14675
14591 18536 15204 14819
16162 16264 17831 15966
15356 16349 16212 17791
15604 15976 18678 15109
16727 17967 15442 13735
17282 14942 15721 16904
18102 15479 14880 16159
16684 14681 15833 17517
15112 15031 15486 18448
15346 17176 15350 16790
17871 15441 15097 16394
17935 16338 14507 15560
15108 18311 16264 14363
14534 16038 17928 16883
15915 15889 15290 17967
17553 14548 15290 16708
18068 16700 15286 15045
14979 15134 15955 18271
15091 16558 18688 15302
14890 16443 16397 17395
17185 16403 16251 16269
16242 17059 15036 16554
18602 15213 14645 15346
16856 16975 17648 13902
18797 14888 15536 14028
16866 17311 15854 15747
16509 17324 17331 14113
15842 14487 17001 17315
15419 18110 16017 15374
18569 16228 15401 14010
17597 15793 16014 16219
15864 16384 18348 15124
16776 16367 14829 16857
15833 16312 18474 15298
15795 18058 16268 15020
15032 15061 15674 18558
17011 17345 16750 14086
18245 16222 15215 15190
16825 17365 15133 15482
14521 17815 17173 14563
17488 15598 15005 16833
17704 17020 15776 14946
16892 17015 17306 14592
18743 15329 15142 14005
16884 15764 16954 16276
16715 15845 16915 16600
15285 15274 16231 18246
14217 15318 18743 15710
14670 14458 16055 18390
14566 16138 16842 17617
14867 16381 17341 17153
15825 18279 15967 14440
15332 15206 16163 18055
14300 14438 16349 18329
16128 17931 16405 14496
17942 16691 16342 14106
15876 14588 15990 18067
14734 15177 16359 18228
14882 18407 15769 14988
15460 17981 16207 15761
14733 14750 16814 18032
18524 15667 15365 14858
15784 15126 15945 18183
16852 16317 17712 14388
17168 16472 14924 16616
18238 15783 15725 15248
15130 17633 17019 15883
14807 18203 16474 15029
17682 14668 15299 16551
16907 16898 16725 15472
14813 16927 18125 15805
17222 17314 15670 14637
15729 14839 16877 17436
15450 18136 16150 15330
18716 15544 15230 14532
15116 17868 17058 14488
18377 14322 14853 15833
13908 15427 17192 17696
14038 15577 16386 18098
16370 17689 14564 15424
16282 17459 15462 16070
15938 17728 16976 14491
14614 16437 17571 17023
15758 18193 16256 14415
18146 15272 15247 15997
15016 18052 16062 16064
17589 14932 14904 17059
16441 15268 17759 16030
16286 16199 18136 15568
15710 15010 17055 17652
16454 15709 14927 17816
14579 17428 16556 16810
14763 18102 16469 15502
15598 14325 16030 18049
17309 14492 15969 16726
14702 17580 17422 15258
15306 16568 18600 15056
15941 16287 18120 15846
16465 14452 15269 17730
16813 17156 17231 14520
16071 17656 15561 15535
16210 17102 17436 16203
16841 17736 15163 14631
16917 16503 17524 15191
15118 16597 18666 14900
15188 18564 15069 14405
16166 14399 16046 17748
17542 16620 16684 15048
14098 15906 17069 17595
17745 16283 15061 16299
15012 17052 16511 16994
15974 14776 16816 17636
15706 17324 17667 15168
14824 17593 16709 16348
18208 14712 15173 16128
14673 16536 14597 17827
17557 15357 14796 16780
16221 14877 17095 17071
16353 15980 16970 16490
15097 15036 16545 18036
16512 17672 14994 15815
16270 15878 18385 15111
14883 16664 15566 17589
14552 17820 17048 14978
17678 16600 15516 16081
17013 17050 17277 14118
15511 15327 16069 18176
16100 15192 17469 16886
16846 15787 17102 16175
15491 17713 16578 15764
17195 15280 15797 17197
15808 15938 15735 17722
15000 15053 16280 18310
17637 15200 15820 16531
15315 16257 15069 17893
16056 15425 14535 18048
14861 17725 15816 16711
16737 17716 15691 15130
15398 18468 15581 13902
16380 15449 17779 16002
18145 15258 14558 16007
17641 15226 16178 16059
17084 17838 14886 14250
15133 16922 15564 17480
15176 15240 15171 18378
15120 16465 14856 17718
16127 15330 17208 16917
16058 15546 17547 16667
18171 15256 15000 16100
17361 17172 17070 14164
15658 15744 16049 18026
18159 14977 15022 16152
17305 15493 16653 16131
18562 15286 14811 15284
14417 17587 16578 16358
17300 16715 15487 15738
16149 16592 15793 17174
14969 15169 15629 18432
14244 18486 15459 15170
17577 14707 15132 17055
15526 14478 16092 18361
14627 14871 16945 17988
17142 14328 15968 17013
16797 17204 17314 14732
14789 16681 16290 17432
15518 16730 18393 15071
15427 16245 16386 17659
16133 14420 15766 17941
17342 16500 15691 16104
16295 17304 17395 14094
16715 16095 18016 14545
14778 17248 17621 15895
15150 15216 17007 17753
14476 16327 17941 16747
17994 16614 16269 14664
14111 15379 16720 18155
17486 14769 15899 16393
15766 15220 16201 17809
17288 15067 16006 16597
17340 16156 15354 16481
14657 16944 17703 16257
14078 17151 17730 16295
17418 16334 16981 14930
18178 15659 16681 14099
18265 16103 15913 14806
16812 18106 15378 14211
16082 14461 16507 17734
16231 18209 15833 14217
14816 14722 16473 18138
18679 15521 15416 14683
15165 17750 16928 15864
15951 16560 17627 16132
18386 15623 15931 14978
18358 15860 15827 14982
15977 15137 17995 16163
18474 15824 15464 14762
16319 16925 14775 16756
15563 17709 17294 14953
14934 15020 16984 17899
17803 16934 15686 14455
15567 18449 15073 14204
15324 17434 14645 16850
15505 17570 16737 16074
16735 14439 15542 17532
18326 16202 15600 15302
14614 15717 15127 18275
15803 15291 16296 17668
15057 14613 17179 17702
17293 16090 15025 16715
14811 14627 16299 18300
16310 15062 17296 16834
14290 18557 15667 14506
14032 16573 16566 17427
15721 16259 18579 15318
17053 15004 15885 17270
16452 14946 17275 16717
15407 15155 17080 17626
16402 18034 15275 14301
16378 16495 18213 14832
18442 16282 15399 14744
16463 15863 15090 17440
15136 16433 18401 16233
14775 16883 18328 14844
17606 15373 16808 15720
16433 14370 16480 17257
17181 16972 16674 15724
15198 15338 17981 16890
18380 15407 14931 15788
15916 15452 14760 18063
14962 16128 18733 15658
15795 16777 18339 14798
18190 15049 15783 15886
16586 17241 17345 14394
15943 16250 18417 15469
16069 18099 14570 15063
14836 18335 15967 15088
14280 17547 16907 15983
16049 14875 16657 17401
15173 17738 16891 15372
17145 17558 16411 14705
16097 16563 18260 15025
14793 16627 18116 15963
17782 14902 14412 16585
17551 14350 15896 16394
16230 14869 15658 17981
15033 16560 18295 15911
14105 16548 18097 16314
16492 15817 15340 17540
15779 14616 16209 17852
18655 15763 14671 15281
17135 16154 17544 15105
15546 16195 15651 18252
15266 16409 17967 16539
16785 16796 17225 16379
14711 16964 17281 16848
15592 15178 16438 18113
14596 15741 18520 16158
15622 18130 16004 15128
14381 15238 15675 18411
17672 15594 17081 13969
15335 17889 15026 15851
17005 15690 16021 17240
15997 17618 17146 14371
15294 16676 18425 14536
14422 16911 17663 16633
16132 15836 14922 17907
16960 15098 16547 17088
15199 16406 17977 16391
17348 14402 15881 16784
18551 15293 14831 15354
16571 15202 16374 17250
17063 17444 16426 14026
17069 14515 14901 17287
16229 14970 16318 17554
16124 18001 16587 14694
14808 14851 16716 18191
15254 14974 16351 18146
13929 17271 15413 17038
17739 16100 17013 14316
17499 16475 17139 14640
15914 16806 14937 16942
17561 16026 14972 16601
16920 15540 17537 15487
14495 15999 17504 17206
17826 16518 16433 14675
18085 14599 14842 16345
14957 18261 15268 15488
15388 17230 17152 16194
17001 15399 16751 17009
16998 16152 17738 14975
15433 16922 16820 16729
15258 18051 16863 13840
15180 17986 16354 15413
16715 17999 15157 14252
15736 16001 17093 17042
17709 16551 16846 14765
18556 14804 15613 14766
13891 17590 16549 16413
17383 16804 15835 15326
16227 18230 15530 14539
15176 17732 17327 15249
14231 18121 16043 15655
16490 15228 14920 17869
18459 16166 15809 14189
18175 15438 16005 15810
14625 16810 17972 16482
15293 14754 15870 18323
15774 15196 15465 18307
16089 14599 15736 17961
14996 16835 17225 16861
17884 16738 16391 13994
17953 16191 15624 15605
17714 15816 14728 16403
16371 17011 15300 16634
18739 15695 14728 14553
18479 16000 15217 14868
14329 17277 17709 16004
14222 15658 17770 17188
15414 16109 17292 17112
14407 17438 17129 16700
18214 16382 15729 15524
18193 15195 15918 15484
14870 17793 16697 15845
16449 14834 15154 17757
17551 16639 16658 15088
18511 15267 14804 15662
16300 15403 17264 16723
16749 16780 17602 14466
18539 15699 15852 14595
14395 17584 16650 16427
15585 17444 16639 16122
15540 17675 17182 15072
17653 16178 16724 15055
18514 15681 15955 14530
16124 18252 15984 14268
15527 16534 18431 15450
17024 16790 16958 15151
16524 15314 16947 16871
14490 18223 16284 15551
13856 17098 16122 17123
14972 16555 17834 16504
15897 17961 16670 15561
14027 17337 16189 16872
15323 17179 17640 15726
14799 16578 18142 16198
15328 18552 15906 14679
18561 15962 15201 14728
17742 15530 16096 16245
17431 17455 15637 14862
15235 15648 16797 17755
14137 14911 16160 18368
14957 14714 16112 18327
17526 17112 16609 14223
16283 15870 15152 17586
15722 15264 16508 17757
17556 16872 14827 15245
15667 18084 15499 15505
15575 14837 17496 17132
17247 17478 15388 15044
18426 15206 15896 15232
18346 16461 14916 14821
15276 17596 16637 15690
14876 14456 16008 18483
16632 17083 15712 15959
15769 18073 14897 15585
16478 16979 17513 15593
15473 15542 17937 17183
14853 16167 18696 15599
17482 16634 17283 14514
14168 16682 18200 16107
17359 16482 17012 14854
15468 16189 18577 16011
18088 16669 14293 14505
15955 17985 15550 15058
18401 14430 15647 15688
14968 18011 16457 15537
16116 16801 14410 16944
15740 15470 17962 16745
17332 15643 15700 16753
16287 18399 15374 13913
15117 17090 17187 16240
14848 14930 16467 18143
15963 18280 15319 14622
15355 18337 16193 14380
16623 16565 17697 15097
15512 15756 18611 15826
16258 16618 14821 17192
15932 16049 18073 16339
15627 17724 16818 15397
15079 14499 16487 18205
14974 15930 17880 17006
17980 15344 15021 16401
16018 14990 17832 16530
16201 18095 16028 13799
16731 15172 16400 17275
14888 17027 18161 15699
14646 17425 17210 16271
15591 16936 17206 16496
17786 15133 16933 14884
16529 15942 17824 15688
15815 16346 16516 17169
15697 17462 17485 14569
15513 15320 16097 17965
15402 15679 17369 17125
15342 16358 16520 17217
14853 15513 16275 18281
15158 15901 16422 17682
16977 16200 17596 14907
17977 16277 16685 14223
14768 18532 15526 14969
16002 15983 16711 17614
14808 15395 17245 17742
14239 15630 16175 18151
16973 16034 15160 17031
16399 15271 17384 16602
18652 14726 14291 15320
16086 16650 18423 14770
14941 16533 18470 15470
15940 17666 17070 14320
16167 14518 16847 17116
15954 16249 18390 15004
16548 17412 16578 15242
14629 18340 15976 14964
15003 18119 15826 15846
15665 15109 16802 17560
15467 14808 15077 18366
15275 15702 18454 16207
15281 16684 18435 14554
17173 15018 17051 16040
15289 17244 17946 14276
16628 17062 17550 14186
16364 15883 14781 17602
16313 14607 15042 17856
14914 15859 18742 15664
14562 18178 16125 15239
18234 15772 15587 15530
15895 14919 17588 16937
14944 15423 17572 17416
14406 17605 17090 15543
15370 15956 18684 15599
15162 15482 17558 17296
16244 16239 18049 15566
17038 17832 15890 14072
17756 17114 16154 14801
17674 17274 16008 14412
17398 15844 17585 14452
16079 16430 18012 16013
16760 17654 15482 15206
15888 16884 16561 16499
18406 15640 15993 14807
17029 16594 17122 15419
16119 17547 16765 15161
14660 15331 16690 18075
16189 17557 16890 15083
15495 18177 16104 15176
17277 14583 15964 16755
16934 14312 15617 17340
17855 15523 16533 15589
15343 14738 15763 18426
17435 15152 16936 15460
16608 15504 17756 15855
14447 15371 15246 18414
16130 14428 16683 17425
18889 15308 14815 13609
17330 15497 15212 16779
16213 15349 16060 17703
14948 18141 15884 15553
15308 15978 16034 18007
16294 16726 15372 16949
14786 15179 16032 18383
17047 14897 16722 16694
18784 15578 15119 14289
17389 15949 17360 15561
18025 15090 16419 14996
15871 18453 14833 14565
15812 15614 16787 17298
14501 17320 15592 16919
18650 15336 15437 15026
17733 14654 16648 15563
17604 15180 15639 16647
16677 15668 18169 14390
16356 16134 18108 15406
14332 17602 16826 16384
17930 16402 14911 15951
18762 15601 15426 13794
15676 15744 16515 17820
14387 18275 15268 15591
14683 15405 15419 18406
14457 16642 16840 17359
18039 15841 16431 14836
13879 16073 17440 17108
17777 16969 15975 14095
18393 15434 15007 15540
17844 15943 16783 14844
14561 18017 15753 16140
14302 16454 15115 17781
16651 17210 16712 15336
16595 14786 16629 17028
18645 15977 15625 13983
18332 16145 15495 14876
14902 18238 15250 15647
14540 18254 16448 15262
17123 15772 17725 14572
15284 16265 15740 17874
18270 15055 15607 15944
15906 17470 16131 15913
16929 17478 16761 15173
16724 15600 18092 14754
15102 17092 17097 16226
14319 15990 17634 17246
17186 14446 16484 16569
15909 17721 17478 14581
14428 16396 17405 17083
18551 15288 15202 15246
16989 15680 15715 17313
15703 18365 15341 14481
15472 17787 15297 15973
15385 18460 15477 14707
17762 15175 14565 16608
16047 17317 17858 14881
18282 15102 14700 16244
18038 14448 15067 16201
16994 16982 16913 15344
17629 15912 17069 14133
14955 15891 18731 15676
16839 16460 17885 14922
17686 15994 15750 16078
15085 16370 18414 16344
18030 14606 15686 15988
13856 15704 16162 18017
15317 16905 18268 14812
15752 14104 16846 17511
18506 15602 15241 15204
15872 16637 17846 15976
16649 16420 14665 17118
14842 17409 16117 16757
14455 18030 16505 16308
14449 17830 16539 15944
17645 15167 15389 16301
18400 15355 16024 14417
14829 15968 18045 16758
18542 16189 15181 14659
15585 17358 14867 16374
17521 16003 14786 16627
15006 16880 18021 15792
14198 16574 17950 16628
14839 16610 18521 15702
15053 17216 17449 16049
14205 17259 17518 16328
15871 16658 15087 17532
16329 16025 18381 15404
15640 17001 17546 15602
15337 18077 16114 15493
14324 17467 16375 16678
16803 17419 15933 15775
16706 17649 16903 15022
16527 14799 16452 17268
16027 15121 16022 17829
14853 14782 16004 18456
15319 17436 17668 15119
15207 16132 18627 15789
14922 17301 17701 15023
15218 17328 17300 16145
16095 16713 18194 14311
18253 15890 16334 14971
14688 17696 15900 16409
16360 16675 18221 14791
15209 18240 15956 15084
14514 18190 16493 15346
14104 16158 17045 17341
16109 17166 17707 14910
14661 17858 16143 16147
14716 17040 18351 15401
17496 16117 16002 16068
14541 17368 17751 15092
16108 17805 16931 14493
16111 15402 17819 16433
18396 15335 14980 15768
17834 15147 15654 16471
15165 16254 17982 16468
14950 15348 16453 18139
14253 17609 16899 15915
18095 15299 16305 15475
14378 17651 17328 14582
15825 15454 15904 17925
17043 17141 17382 13802
16638 15596 17493 15903
15249 17245 17805 15256
14384 17636 17390 15148
15786 16946 17485 16233
16218 17151 14934 16547
15961 16917 18076 15673
15339 15254 17291 17605
17123 14810 17286 16309
15781 15477 18235 16092
16515 15534 16527 16978
16427 17669 16671 14069
15074 16099 18151 16752
14240 16657 18357 15646
14723 18214 16025 15512
15310 16858 15845 17406
15879 15607 15538 17863
17201 15514 16283 16565
15043 15404 14797 18374
17407 14396 15492 17134
16872 17840 14987 14649
16745 17207 16687 15670
16309 15467 17942 15980
17092 15831 17030 15814
16222 16671 18182 15213
15965 14904 15360 18193
15351 15599 18101 16764
17113 17256 15808 15100
17108 15187 16027 17025
17139 17094 16630 14875
14780 17007 17214 16414
15907 15443 17626 16771
14276 16666 16986 17292
15156 16617 18140 15614
17157 15693 17099 15808
15725 16909 16997 16446
16387 17616 16206 15392
16289 14955 16170 17631
14357 14583 16465 18303
16999 16462 16791 15939
15794 16058 15370 17780
15325 17025 17462 15743
15252 17282 16179 16845
14978 15637 17503 17201
14198 16164 15877 17905
14796 16268 17873 16813
17372 16901 16669 14980
15378 16674 17118 16719
15700 15699 18162 16559
14467 17310 16406 16961
15275 16620 18000 15991
16986 16685 17682 14633
14505 17495 16365 16561
17447 16811 14802 15518
16669 15811 15127 17758
15271 17822 16619 16215
14545 15555 15030 18401
14902 15620 16047 18128
16334 15183 15614 17751
15641 17487 17172 15182
16141 16657 18132 15292
17728 16408 14989 15778
17970 16176 16232 14828
14237 16828 18044 15944
15143 15166 15537 18438
16704 16402 17230 16171
16318 16612 15469 17165
17090 15676 15896 17075
15069 16291 17816 17018
17657 16047 16839 15361
17149 15409 15720 16969
18518 15508 15379 14917
17808 16920 16740 14474
17662 14772 16612 15625
15885 14774 16530 17645
15225 15587 17511 17143
15301 16317 18355 16114
14804 16196 17378 17228
18412 15799 15381 15321
18002 14813 15690 16135
17367 17266 16429 14850
17129 17049 16793 14247
17014 16481 17260 15381
15614 15566 17725 17097
17087 16820 17339 14972
14832 17376 17593 15496
15551 18129 16527 15192
16914 15829 15093 17233
16510 16285 16421 16795
14548 15449 17458 17574
14386 15351 17692 17221
17460 15239 15649 16971
15626 15497 17235 17384
18117 16379 15783 14984
18104 15387 15483 15981
16449 14515 16403 17283
14618 15755 17241 17504
15638 17907 16997 14000
17504 16624 16926 14656
15869 15936 17792 16519
15025 16335 18540 15833
15180 18062 16074 15556
15759 15273 16183 17850
17919 15275 16734 14842
14633 16261 17109 17255
15020 16969 18272 15654
17428 16573 15081 16234
15971 16716 14957 17002
18454 15519 14831 15571
18053 15856 16587 14715
15958 17715 17027 14374
17624 15233 16273 16305
16180 15549 17850 15929
17399 15217 16170 16353
17566 16163 17185 14941
14691 15342 16332 18188
15733 18091 15921 15305
14986 15540 17358 17312
15099 16011 15996 17837
15417 18009 16327 15590
15382 16337 18249 16119
18230 16567 16094 13869
14744 17095 16352 16990
16604 15790 15413 17640
16537 15442 17926 15830
18018 15931 15765 15491
15935 15810 17814 16625
14695 15816 18008 16896
14195 17683 17046 15341
15707 18423 15232 14555
17409 15505 15024 16765
17869 15267 15663 16265
17190 14703 16677 16514
13910 16868 16704 17091
18609 15082 14835 15492
16878 16888 15173 16409
16427 16995 17623 14813
16953 16306 17552 15383
15901 16937 17052 16290
15609 15665 17008 17301
17313 15058 17091 15970
17034 16770 17479 14547
17039 14262 16196 16984
15510 18306 15074 15186
15344 15361 15859 18237
13882 16778 15428 17582
16374 17345 17290 14338
15883 18153 16677 14907
18365 16562 16350 14646
17365 14706 15886 16776
18363 15850 15965 14777
18199 15565 16253 15091
14146 16821 16081 17337
16334 17626 16958 14342
15541 18284 15487 15047
14271 16335 17639 16925
16412 15820 18160 15260
17394 16352 15285 16370
14364 17047 16861 16840
16180 15776 16986 17092
15397 18044 16267 15744
14963 18438 15617 14898
18369 15444 16167 14629
15047 17304 17912 14702
16385 18069 16039 14741
14738 16680 17389 17012
15945 16328 18217 15419
16118 17902 15519 15417
16095 18328 15822 14537
15973 17693 15348 15862
16099 16951 18147 14653
18567 15558 14840 15208
16321 14601 17656 16437
15499 17773 17274 14973
17695 15488 16723 15223
16782 15395 17410 15637
16328 17030 16730 16187
15593 17149 18094 14774
15361 17625 16343 16062
15320 18146 16524 15104
15727 15484 15939 18102
15302 18080 15579 15975
17120 16621 14961 16447
18153 15650 16350 14679
16644 17395 14835 15881
16438 15025 17047 16708
15559 18465 15383 14089
15841 14700 16911 17341
15839 18441 15020 14354
16197 16209 16862 16525
13888 16467 16829 17508
15289 16850 16643 16899
15689 18431 15574 14491
15576 16240 18514 15806
15791 14879 17275 17374
15160 16332 18643 14964
15259 14412 16721 18012
14853 15804 17160 17925
14171 17516 16375 16741
14544 17232 17176 16583
16658 17955 15443 13804
15239 14823 17383 17376
17590 16991 16574 14207
15823 17879 15790 15597
14305 16799 17168 16977
17816 16464 16580 14486
17404 15159 15879 16420
17180 16242 17400 15109
16497 15250 17021 17084
16891 16018 17644 15475
14432 18405 15309 15464
15917 16235 18179 15664
16424 15737 18217 15800
14447 16587 17808 16594
15995 17475 17362 14324
16289 15157 17227 16897
15568 17004 17860 15300
15438 16894 17660 16325
15178 17405 17464 15689
15168 18247 15116 15652
14751 16647 17788 16402
14817 16154 18314 16507
14951 14656 15732 18542
16683 16711 17718 14739
14891 17882 17120 14959
14718 18361 15919 15539
14715 17852 16199 15783
15972 16698 18249 15252
15194 18457 15814 14808
14512 17555 17193 15493
16445 17518 17088 14105
15187 14806 16624 18045
15054 15488 15949 18177
17958 15952 15285 15791
16063 17800 16598 15288
15371 15390 16320 18034
15216 18214 14895 15780
15837 16120 18061 15970
18560 14779 15427 15068
16224 17620 16208 15706
16139 17520 17094 14424
16354 14709 15454 17812
16227 16427 15573 17139
15242 16124 17521 17045
14644 15261 15863 18360
14273 17072 15888 17177
14170 14867 16391 18332
18705 15460 15185 14555
18064 15613 15068 16144
14109 17954 16976 14460
15154 17939 16776 15686
17221 16607 15598 16346
17039 17685 15892 14396
15745 14605 16254 17882
18213 14702 15405 16088
16028 17275 17387 15274
15705 15696 15359 18108
14642 18342 16336 14601
16470 16601 14849 17076
15055 14735 15587 18507
17877 16360 16527 14265
17751 14499 15912 16338
17741 15490 15298 16688
16322 18087 15995 14464
14975 15474 16895 17800
17955 14623 15724 16220
14537 18073 16595 15376
17146 16340 17104 15341
15010 17681 15195 16476
16323 16751 18185 14942
16729 14949 16838 16819
16219 15059 17727 16681
15652 16029 18674 14998
15291 16985 17631 16318
16261 17926 15766 14886
14989 15708 17984 16959
15904 17124 17310 15730
15806 16471 17716 16038
16670 16545 18011 14762
17756 15768 16323 15907
15420 15895 18622 15843
16230 16279 18009 15820
16159 15575 15242 17878
17268 17550 15602 14590
16378 16492 15528 17103
14815 15848 15003 18357
17176 16744 16880 15581
15674 16798 17372 16382
15529 16641 18462 15295
14737 15093 16562 18278
14640 16833 17531 16940
14843 16373 18633 15389
14727 15834 18332 16514
14424 16984 17869 16307
15080 16388 17303 16968
15313 17264 15165 16669
15142 16762 18411 15324
14893 14594 16286 18256
18046 16008 16439 14534
16249 14934 17403 17005
16204 17483 16937 14478
15619 17856 16364 15734
15561 16274 18480 15409
15261 15885 16503 17628
18461 15276 15319 15656
15279 15979 18607 16114
15167 16282 18406 15906
16250 17370 17324 15243
14172 17688 16381 16442
15743 16859 18303 15076
16128 15946 15703 17474
18001 15144 16739 14615
16647 17876 16315 14826
15333 16874 18273 15356
15688 16806 14940 17367
15498 17033 17748 15684
16347 16572 17315 16199
16091 16689 16726 16505
15416 15753 18593 16048
18081 16204 16220 15326
17513 15957 15410 16715
16041 17447 16264 15954
15538 16489 18057 16208
17993 16865 15449 14916
17911 15210 15363 16284
16144 15305 17271 16929
18298 15995 15612 14814
18055 15538 15390 16142
15244 17136 17158 15949
17840 16493 16308 14712
15061 16540 18628 15430
16937 15744 17753 14482
15076 17240 16285 16660
17665 16549 16471 15155
16848 17950 15771 14362
15798 15955 17407 16974
18226 16364 15915 14684
18185 15193 15978 15366
17760 14723 15002 16654
17693 16951 16401 14200
16447 16672 17574 15179
15669 16101 17424 16853
16583 16430 18034 15038
16400 14954 17034 16954
17437 17129 15928 14769
15600 15994 18673 15060
15702 16031 15513 17796
14992 15948 17126 17566
17216 15687 16062 16962
15762 16703 18268 15433
15147 15041 16650 18003
15771 16453 18268 16015
15572 15120 16872 17765
16291 16990 14746 16653
15484 16832 18334 14606
14877 16019 15758 17979
17258 14449 16182 16587
16350 15464 18058 15918
15251 16020 15828 17825
14930 16011 16481 17858
16360 16479 15932 16998
15453 16694 18407 15065
16971 16466 16849 15706
15542 16077 17687 16493
16614 16962 17733 14200
16207 16267 15193 17186
14352 16915 17414 16569
16372 14734 16716 17349
15058 16735 14700 17545
14859 17222 15391 16878
17579 17235 15909 14944
16562 17099 15851 16036
15696 16386 18620 14718
14520 16569 16331 17414
15650 15661 18289 16161
16642 15494 17842 15892
15051 15303 17150 17579
17402 16940 16694 14292
17370 16508 15522 16178
17010 16681 17481 14604
16184 14971 17795 16781
15754 16002 18618 14804
18585 16148 15243 14296
16694 16876 16973 15580
17234 15791 15228 17116
15426 15769 16586 17956
17297 16029 15403 16543
18189 16097 16517 13992
15924 16537 17162 16417
15602 16516 18480 14409
18049 16705 15577 14506
16304 16818 17872 14904
16246 17747 16876 14935
17724 15351 16922 15414
14659 18232 15684 15578
15442 15912 18550 16023
17706 15858 16231 16051
17850 16557 16481 13967
14480 16034 17294 17317
16602 15102 17855 15719
18448 16398 15248 14867
14895 16203 17354 17162
14827 18093 16734 14751
16597 16216 15914 16872
14855 16272 18559 15616
14858 16370 15435 17727
17787 16431 16353 14681
14155 16012 16968 17426
16599 18041 15108 14467
16520 16396 17460 16313
18156 15549 16531 14925
17346 16815 16806 15154
15125 17463 16342 16598
17251 14643 16285 16519
18702 15890 15535 14669
18209 16866 15683 14101
16816 17867 16084 15010
18165 16611 15630 14407
18352 16052 15369 15405
17939 16290 16301 15722
16458 17937 14975 14643
16456 17898 15007 14651
17609 17189 15763 14692
17042 17224 16801 13867
18142 15877 15822 15642
18590 15229 14814 15264
16344 16934 16565 16243
15056 18067 16417 15621
15771 14820 16923 17446
17837 15932 16992 14229
15089 18185 16457 14004
17454 17569 15730 14339
14619 17939 16244 15860
13947 17525 16677 16551
15347 18547 15276 14344
14717 14638 16726 18034
15199 16140 18450 16504
16087 17399 17256 14964
17565 16596 16466 15013
18169 16146 16313 15218
17991 16887 15570 13999
15635 16073 17555 16672
17634 15351 15839 16280
17534 16258 15299 16316
17155 15850 15891 16546
14311 17345 17657 15235
16115 15085 16499 17491
15380 14631 17453 17229
14293 17311 16894 16711
17241 17176 16117 15123
18079 16372 15944 14670
14960 18694 15135 14123
14876 15984 16961 17527
17458 16895 16348 14500
16965 16190 17514 15052
17228 15827 16549 16425
17509 15104 15354 16854
16287 17943 16263 14226
16235 15376 17594 16254
14778 17403 16393 16474
16067 17908 16391 15058
16940 16434 17596 15389
15843 16486 18559 15061
14733 15524 18512 16215
16368 14733 16815 17370
16698 17611 16362 15074
15067 18614 15240 14237
14381 14620 16152 18486
18302 16188 15606 14676
15237 18224 15881 15498
14828 17077 17811 16134
15022 15411 18579 16357
15747 16122 18680 14521
15260 17278 17772 15487
16532 14982 15148 17724
15907 17905 16674 14931
16201 14727 15763 17941
16278 14418 15942 17690
16291 17649 16444 15220
14606 18357 15734 15546
16313 17066 17501 14885
16431 15728 18245 15424
17317 16451 17601 14090
16676 14913 16969 17014
15767 18395 15192 14155
15060 16185 16703 17536
17384 15096 15903 16568
14611 17352 17320 16426
17583 16757 16073 14905
16329 17894 16147 14236
15581 17480 15447 16477
14804 17326 18083 14865
16494 15807 15592 17484
15034 18360 16134 14043
14460 16994 16939 16676
15756 17642 16912 15266
15649 15009 16039 18031
18653 15720 15346 15160
16509 15326 17498 16365
16963 16417 14862 16742
16122 15415 16468 17324
15363 15282 15501 18326
17268 16847 15480 16054
15796 15669 18206 16077
14873 16808 18053 16186
17350 14665 16093 16642
16428 14980 16189 17506
16394 16616 18079 15542
15797 16478 18306 15878
15290 17548 17650 14784
16155 16761 17895 15906
15361 15471 17318 17383
17217 17182 16760 14539
15478 16878 16611 17204
14871 16362 17049 17303
14556 18088 16168 15884
18013 14907 15124 16165
15671 14985 17225 17325
14954 17561 16043 16611
15471 14771 15282 18354
15161 16476 18552 15520
18469 15618 16000 14582
16495 16127 17683 15579
15741 15517 15255 18044
14143 15685 15983 18177
14703 15839 17551 17263
16656 17281 16270 15446
15016 15393 17459 17334
16306 16162 16752 17182
16025 16354 17324 16838
15921 15431 17363 16986
15064 15554 17073 17666
14548 18585 15490 14488
14453 18401 15110 15398
17660 16040 16595 15425
16791 15500 15114 17391
15318 14595 15609 18450
16405 18042 16056 14254
16061 15495 17785 16497
15802 15670 17321 17036
15761 15632 17979 16494
15781 17053 17887 14753
14441 17306 17425 16040
17132 15397 16536 16511
16505 16224 18003 15513
15881 17074 17970 14670
15304 17054 16835 16583
16531 16162 17609 15585
15979 15104 15272 18205
15065 18179 16022 15311
15925 15802 18006 16375
15565 15603 15506 18271
15114 14593 16440 18098
18163 15078 14802 16326
16849 14473 16063 17213
14965 18347 16205 14639
16393 16252 18226 15365
16049 18127 15148 15347
16673 15767 17156 16609
16010 17854 16845 15034
15738 16208 17404 16363
15425 14957 16075 18199
14641 16310 16409 17698
14604 15653 17845 17078
17495 15093 16248 16371
17231 15232 16066 16868
16240 15170 15139 18152
15804 17262 17220 15667
15039 16741 17732 16436
14801 17363 17040 16441
17919 15642 16552 15513
16468 16474 17987 15268
17503 15914 15812 16749
17493 16285 17335 15176
17430 16152 17374 15439
16620 16766 17798 14776
15708 16708 17930 15875
15299 16511 18529 15399
14233 16581 18081 16212
17579 16323 16994 13861
14753 15229 15988 18370
17816 16060 16715 14795
16403 17100 17416 14736
15875 15037 14923 18393
14201 15933 16832 17736
13880 15742 15733 18156
16570 16540 17428 15522
15407 16270 18546 15272
18212 16734 15700 14091
15481 16764 16833 16703
18592 15505 14703 15211
16316 16146 17768 16047
18043 16836 15508 14652
17289 15447 17066 15787
17119 17117 16569 15464
16040 15078 16344 17841
15552 16295 17925 16154
14484 15622 17749 17099
16502 17606 15759 15587
17219 16312 16980 15287
16366 17061 15749 16503
15969 16456 18441 14811
16130 15032 17442 16866
17178 17181 16800 14169
16790 15991 16363 16521
16156 14925 16488 17484
14204 15826 17711 17122
16757 16022 15900 16997
17021 16181 17637 15160
17398 17446 16272 14523
18163 16613 15578 15016
16532 15865 17402 16185
16439 16697 17575 15160
17110 16987 16595 15359
15298 18403 16015 14584
15680 15617 16311 17883
15630 16916 17155 16265
14426 17777 17216 15068
14355 16938 16883 16988
14100 15526 15891 18236
18097 15421 15276 16034
17415 15436 15455 16773
15008 17508 17478 15999
14439 14920 16143 18403
17982 15285 16187 15879
16945 15960 17504 15526
16681 16891 16754 15832
15264 15420 16365 18127
18011 15383 16376 15131
18394 16383 15455 13763
14788 15561 17166 17561
18186 16289 16035 14660
17841 15517 15460 16296
15817 17213 16982 16260
16500 16929 14852 16369
16487 16042 17953 15569
14887 17298 17975 15761
14342 16754 18395 15449
17199 16439 17446 15010
16346 17466 17032 14926
15730 15054 16941 17423
14578 15946 17956 16956
18469 15625 15995 14384
17302 16196 16799 15500
18139 15563 16011 15585
17423 15568 15863 16368
16340 15370 16260 17386
14177 16846 16901 16910
16047 15694 15492 17770
14368 15536 15636 18320
16618 16212 16197 17051
14912 14987 17219 17672
18200 14962 15876 15664
17730 15674 15425 16250
17279 17155 16483 14551
16535 16678 16386 16683
15081 15111 16103 18277
14775 15828 17174 17583
16272 17821 16592 14970
15067 16305 16192 17831
18182 15942 16525 14561
15409 17053 16381 16623
17297 15704 16918 15868
15441 17647 15453 16321
15038 16381 17343 17085
17588 15551 16062 16342
17517 16435 17165 14737
16860 15101 17351 15937
18675 15360 15094 14818
14555 15215 15797 18541
17850 16591 16459 14308
14678 16564 17162 17180
14398 17668 17168 15750
14312 17464 15881 16808
17285 15649 17015 15807
17057 17042 16136 16071
16697 15808 15329 17419
14444 15396 16072 18314
17971 15955 16346 15773
16563 15809 17904 15909
15860 15457 17852 17033
14904 18368 16327 14622
17326 15211 15886 16609
17987 16944 15337 14804
18204 15162 16394 14967
17683 15681 16634 15314
17813 15887 15627 15893
17105 17342 15859 14958
17077 15417 16637 16228
14357 17499 16159 16508
15030 15680 16375 18079
17975 16288 16117 14759
15892 16292 16799 17142
17357 16776 15805 15502
16687 16939 16907 15527
14924 16467 16304 17418
15289 18151 14972 15676
15711 16077 18115 16111
17529 15730 17282 14859
14578 18127 15295 16375
16142 18218 15664 14838
18611 16144 15930 14367
16396 15558 16254 17244
15558 16120 16265 17260
14499 15556 17546 17464
17352 17060 16065 15269
15325 14278 16224 18192
18226 16202 15658 14822
16765 15791 17382 16073
14770 16718 16504 17322
14343 17092 17224 16737
16001 17133 14986 16742
15954 17190 16172 16757
15863 16793 18337 14652
16044 17765 16741 14532
15056 17161 15608 17049
18131 15506 15044 16058
16034 14870 17390 17014
15410 14858 15118 18395
17928 15175 15636 16094
18071 15995 15081 16011
16743 17128 17356 14805
16431 15867 18259 15122
16774 15989 15586 16716
18134 16200 16072 14913
15705 16076 18456 15596
17527 16853 16572 14651
15486 17646 15499 16169
16528 17512 17045 14373
14590 18315 16488 14786
15240 17220 17677 15833
16462 17924 15111 14477
16588 17107 16222 15937
16262 17786 15911 15326
15463 17827 16707 15230
15423 17169 17952 14532
16173 16532 17879 15588
15302 17269 17606 15364
17967 16146 16262 15576
14707 18098 16231 15555
16659 16661 17858 15076
15192 17876 17065 14293
15738 16626 18478 15220
15990 17706 14975 15641
16187 16356 17557 15754
15510 17188 17863 14698
17188 14892 16903 16213
17386 14639 16100 16473
17098 17238 15439 15948
16646 16942 17450 14166
16624 14888 17196 16805
16305 14927 15622 18024
16048 17567 17026 14913
15710 14529 15556 18233
16945 16219 17042 16124
15307 16653 17902 15895
15139 17969 16384 15378
16947 17798 15602 14297
16361 15365 18022 15913
16044 14489 16605 17472
16810 16933 15243 16319
16232 15873 15091 17580
15641 16339 18028 16069
18226 16226 15653 14937
16946 17362 15966 15696
16798 16752 16745 15866
14737 16418 16943 17572
18029 15758 15681 15934
16424 17017 17776 15411
16188 15813 18466 14845
17601 14853 15869 16443
17238 16967 16856 15211
16415 17970 15838 14777
14141 17119 17096 16754
16812 15705 17259 16487
16095 16522 16805 17095
15359 16830 16961 16578
15682 17091 18190 15060
14960 15034 17016 17866
16455 14592 17135 16855
15876 16989 18110 14609
15489 16524 18465 15379
15478 16351 17689 16464
15457 17775 15785 16067
15224 15057 15861 18322
14522 18554 15541 14158
15509 14693 15798 18363
16716 16961 17391 14838
15138 15682 17098 17591
17610 16648 14882 15780
15115 16119 18502 16125
17266 14642 15791 16907
15143 16377 15966 17493
17593 16759 15000 14986
16135 15456 17365 16637
15321 17762 15738 16283
15194 15114 16601 18014
16259 16885 16952 15973
16023 17236 17506 15485
16637 15528 17197 16523
17424 17263 15343 15121
14825 16665 18153 15758
14643 16515 17989 16745
15035 17069 17998 15570
14784 16299 17839 16550
15181 17420 17081 15839
14962 16542 16224 17650
17816 16583 15771 15457
16792 17032 17191 14994
16402 15689 17814 15943
16175 17208 17470 15216
15488 16045 18152 16518
14690 14801 16033 18453
15559 15659 18201 16303
18517 14923 15445 15233
17440 17302 16600 14166
16747 15572 17010 16508
15547 15549 15841 18105
15135 17214 17906 16080
18028 15638 15707 15672
17911 15896 14917 16194
16476 16392 15177 17271
16235 15905 14888 17556
15340 15675 17165 17379
14825 16059 16779 17952
16460 17085 17863 14456
16117 15479 16858 17310
17630 17347 15671 14578
16631 17486 15838 16042
15611 17393 17129 15535
15247 14646 16015 18455
17092 15559 15388 16981
15192 16500 18026 16181
14637 16895 17473 16528
18411 14705 15478 15618
15596 14668 16184 18069
15500 16736 16396 17055
16472 15476 17039 16806
16469 15622 18092 15441
15905 16293 18397 15250
18482 15738 15423 15477
17654 16590 16479 14829
16750 17835 15189 15056
15848 15245 16242 17708
15411 17146 17993 15207
14980 16070 16521 17851
16914 15184 15433 17715
15003 16525 16792 17224
14893 16541 17996 16359
14819 16417 17253 17247
17386 16038 16755 15504
17149 15304 16367 16486
16703 16074 17617 15870
16160 15452 18023 15946
15146 16273 16812 17377
15366 17884 16709 15473
15171 18244 15202 15289
16016 14873 17833 16519
15359 14611 16804 17915
15023 14987 16887 17767
17667 14972 15510 16605
17880 15610 16406 15983
17676 15814 16919 15495
17594 17097 15647 14830
16606 15546 17754 15966
14931 15759 15930 18125
15576 16412 17674 16676
14697 18458 15794 14973
15340 18531 15414 14627
16363 14590 17454 16721
15856 17064 17579 15096
17502 15508 17000 15283
16338 16071 17380 16423
15739 15670 17619 16731
15579 18130 15688 15632
14764 16891 18408 15145
17615 16211 15943 15851
16038 15740 16517 17190
15800 15569 16901 17229
14369 14954 16710 18109
18334 16261 15448 14723
16216 15920 16076 17696
14907 18185 15897 15343
14176 16390 18199 16356
18463 16128 14970 15480
16557 17890 15805 14307
17805 15520 16649 15307
15445 15792 18059 16592
15720 16604 17222 16802
15256 15435 16782 17729
17570 16548 16967 14357
17071 17349 15831 15574
15213 16754 18198 15607
17523 16530 16862 14726
17411 15945 15828 16329
15790 15358 16894 17343
14507 17837 16349 16380
14157 16460 16353 17461
16029 17341 16932 15361
14922 14899 17296 17535
18740 14775 15373 14382
17876 16072 15071 15803
17203 15803 16312 16461
16436 17199 17341 14618
14679 15827 15954 18039
18140 16866 14992 14239
17175 15215 16282 16640
15219 15396 16995 17692
14397 15501 17181 17644
17725 16728 16227 15610
16065 15241 16355 17524
16007 15852 16605 17192
16482 16561 15804 16842
16093 14447 16302 17889
16021 14926 15907 17943
16233 15841 18230 15466
18586 15168 15382 15270
16567 17198 17284 14847
15476 18050 15731 15745
16263 15233 17521 16696
17433 16389 17243 14696
16523 15654 17736 16098
16255 17220 17809 14298
14615 15602 17632 17308
14575 16897 16316 17128
14373 15651 17409 17539
17617 16136 16926 14377
16423 16386 18015 15532
18014 16770 15818 14483
16799 16875 15481 16817
17779 15809 16772 15031
16876 16189 17694 15171
17737 15176 16813 15169
16870 16709 15766 16635
16582 15220 17354 16340
15714 17465 16243 16089
16193 15288 17128 16946
18691 15031 15213 14870
16787 15331 17302 16292
16557 15633 18117 14517
18112 16293 15808 15010
14228 15656 16093 18185
16844 15942 14784 17214
18000 16818 16175 14753
16913 16371 17211 15437
18382 16316 15438 15132
14462 16745 16248 17509
17427 16064 17511 14419
17081 14853 16657 16657
16691 17377 15376 15886
16152 15308 16861 17288
14729 16814 15119 17598
17018 15228 16280 17077
15836 14789 16734 17587
17760 15972 15387 15980
15851 15383 18195 16308
15235 18319 15627 15248
15159 18015 16272 15282
13897 16111 15842 18016
16123 17640 16957 15079
15794 17615 17266 14683
15504 17044 17973 15465
15473 14474 17053 17708
15236 17389 17212 15786
14896 15661 17471 17527
16951 15748 17260 15988
14337 17782 16671 15925
15682 18388 16088 14845
18109 15737 15102 15962
15500 16173 17998 16870
16432 15141 17106 16878
15402 17422 17075 15710
15568 16318 15521 17817
15553 17200 17791 15486
15489 15881 17598 16891
15080 17430 17348 16009
14922 16151 18647 15668
17231 17383 15631 15036
14638 18182 15475 15597
16951 15750 17434 15605
14957 16297 18556 15636
14784 18139 15982 15908
14434 17160 15975 16987
16985 17154 16538 15557
15139 16066 17279 17237
14472 17564 17425 14956
15468 18317 15779 15070
15449 15673 17561 16896
16748 17918 16094 14157
14627 18222 15525 16058
14275 16842 16887 17304
16172 16303 18210 14996
17482 16644 16906 14324
14938 16321 17373 17105
15964 16457 18310 15068
16570 17963 15536 14160
15999 15322 17922 16305
14812 17795 15270 16412
14244 16954 17318 16628
15449 17210 17722 15330
15762 16623 17239 16657
15324 14459 17130 17710
15289 16755 17934 16189
15422 17122 18059 15350
16003 15099 17804 16619
16645 17536 16018 15634
15452 17965 16965 15340
15391 17080 17472 15559
14797 15386 17285 17535
16391 15762 16768 16840
15564 17113 17431 16085
14937 14964 15678 18395
16138 15324 17267 16472
15286 17742 16885 15482
14839 15368 17653 17320
14720 16514 16888 17293
15259 18145 15842 15728
16963 17468 17198 14724
15665 15698 18660 15036
15338 16329 18657 15301
15208 16845 17149 17203
15120 16369 18549 15598
15004 16745 18279 15327
14937 15771 18145 16826
18091 16314 16398 14371
16445 16399 17003 16394
16793 16375 15934 16404
16456 16150 16302 16901
16258 18078 16164 14006
16022 15608 17300 16892
17878 16400 16881 14255
17187 15153 16484 16447
16619 16044 18085 14962
16437 16855 17985 14873
15748 17742 16920 14861
15312 15391 16973 17530
16000 16389 18176 15402
15942 15681 18360 15785
16554 17268 17307 14091
15328 16825 15947 17511
16494 16307 18047 15127
14556 18040 16589 15225
17660 14617 15672 16293
16203 17125 16721 16415
14952 17865 16868 15364
17740 16683 14586 15451
15597 16177 18592 14967
14964 16156 16414 17691
15884 16305 18345 15411
14601 17534 17367 15833
15568 16237 15661 17739
16277 18369 15784 14365
15365 17532 15415 16589
15307 15506 18656 15782
17601 16742 16298 15244
17052 16468 16635 16249
16961 17033 16758 15336
16675 16864 17184 15638
16178 15904 18390 15317
16150 16187 18001 15873
15632 15181 16785 17530
14910 15993 17635 17138
14795 17482 17509 15290
14609 15916 17662 17137
14603 16109 16155 17950
15579 16056 17142 17388
16865 16268 17944 15442
16626 16728 17537 14703
15702 15917 18483 16005
15691 16677 18385 14965
17462 15664 17382 14898
15993 16732 17912 15345
15464 18203 15542 15267
14108 17056 16270 17338
15879 15295 15348 18216
15999 17060 17682 15548
15320 16497 18636 14719
17834 16860 15781 14509
17425 15781 16864 16120
16325 15571 16045 17239
14943 16791 16395 17412
17644 15661 15798 16212
16172 16169 18413 15059
15703 15551 15044 18129
17552 16209 16011 15969
16973 15416 15457 17568
16635 17349 16523 15444
16635 16296 18105 14788
15961 17551 15585 16055
14849 16747 17587 16836
15158 16548 18444 16045
18282 14590 15264 15775
16426 15785 17288 16429
15903 17037 17907 15148
15002 16757 18554 15261
18279 16441 15525 14934
18007 15428 16371 15062
15005 15185 16779 17899
16099 15476 17269 16879
17479 16856 17440 14429
16885 16538 16710 15682
16554 16393 17241 16389
16326 15935 17711 16108
15835 15107 15645 18112
15458 17506 16937 15437
16462 17204 15259 16126
15424 16716 17487 16444
15535 16772 15639 17465
15110 16604 17187 16944
14681 15724 17223 17424
14523 16423 16499 17364
14366 17023 16992 16857
16770 16295 14892 16996
16472 16201 16955 16684
16012 15770 17417 16863
17270 14961 14282 17364
15288 16928 17913 15510
14805 17778 16831 15508
15508 15361 18256 16586
16823 16775 17142 15860
16004 16933 17456 15772
14096 16814 17562 16701
15749 16457 18308 15649
15280 16517 18172 15680
14434 16074 17236 17408
17448 16129 15693 16252
16701 17887 16372 14810
16278 16544 16043 17035
15646 16843 15933 17093
15043 18345 15606 15106
14704 17244 17070 16255
18125 15910 16378 14808
16622 15494 15472 17570
16541 15209 17584 16636
18006 14288 16617 14922
17810 16054 15887 15772
18542 15721 15500 14852
17622 16413 16118 15736
17059 15236 16618 16231
15889 15557 15807 17774
15144 15144 17706 17472
14540 16497 17441 16991
18485 15002 14855 15476
18399 15316 15741 15006
18233 16135 14947 15600
17883 15579 17124 14521
16732 16041 16181 16588
16615 16526 17447 16082
14451 16551 17601 16785
14372 17064 17258 16558
15587 15633 15108 18339
17956 17124 15871 14341
16182 16517 15971 17368
15133 15477 16078 18235
14869 15400 15065 18413
17873 15733 16232 15947
17127 15113 16713 16450
17263 16559 15966 15818
16112 17536 15268 15933
15389 16710 16624 16953
15013 16930 18016 16273
17717 14975 16276 16287
17485 16717 17127 14246
17310 14906 16738 16195
16265 15919 15524 17522
15684 17509 16616 16083
14242 17024 17491 16633
15438 17047 17867 15620
15446 15218 15693 18197
16874 16133 17249 15639
16168 17320 17590 14808
18182 15405 15732 15338
15687 17942 16693 14449
14634 15801 16409 17992
14432 17223 15523 17116
17985 16137 16825 14628
17611 15666 17240 14395
17536 16024 16570 15497
17163 16766 17407 15291
16666 16097 17622 15721
15392 16695 16399 17215
16107 15821 16252 17362
15403 14889 17422 17210
14338 17779 16994 15228
14687 15209 16722 17995
17619 16558 16856 14459
17027 17086 16848 14712
18099 16007 15554 15575
17097 17116 16795 14806
15777 16002 17977 16680
14685 17320 17072 16193
17133 17699 15805 14922
18443 15913 15384 14827
14720 16497 16231 17548
17075 15659 15892 17184
15705 17493 16964 15581
18297 15913 15869 14942
16155 17499 16063 15873
16545 17439 16912 16067
16174 16105 18256 15100
17156 17224 15906 15005
15504 17203 16771 16404
14679 15075 16847 17992
15816 15926 16902 17203
15451 14863 15216 18309
17309 16913 15484 15416
15942 17497 17141 14767
15689 17808 15829 15672
14690 16976 17218 16614
14280 17372 17354 16009
16103 17526 15290 16159
15783 16824 17782 15720
16286 18109 15468 14206
16174 16520 17214 16906
14752 16247 16804 17461
17202 17296 15777 14565
15051 17321 17453 15787
17745 15730 14757 16475
16394 15481 16909 16787
16127 15820 18227 15663
15352 15002 17577 17339
17006 15503 17527 15474
15872 18278 15734 15051
16103 17921 15659 15075
15967 17339 16954 15274
15581 17453 17597 14547
15266 16016 17356 17333
15553 16023 18530 15646
16582 17272 17189 14848
15593 16812 14713 17251
17163 16365 16358 16455
15769 15366 17992 16754
17025 17036 16372 15785
15814 15243 15978 17812
16390 14623 16240 17443
15350 15700 15718 18254
16951 17212 16389 15668
16544 17234 17028 15030
16062 14629 16591 17446
15675 16816 18232 15403
15317 15076 15882 18199
14991 14725 16731 17979
14659 14812 15992 18401
14274 18368 15874 14982
16040 16133 18605 15343
15815 15811 18638 15620
14844 17762 16386 16307
16128 14610 16865 17211
16001 15785 15180 17868
15518 15834 18053 16690
14733 16324 18453 15965
17806 16107 16812 14791
14959 18168 15394 15633
16441 16031 16101 17194
16175 17068 18009 14611
18395 15853 15420 15033
16389 15236 15769 17444
16386 17075 17360 14923
15672 17929 16714 14227
14356 16900 17368 16692
15843 16423 18448 15688
17908 15626 16090 16077
16588 17586 15768 15474
16546 15591 16037 17313
16506 15789 16201 16962
16315 16606 17784 15600
14697 15801 18169 16872
17478 16064 15105 16464
16642 16956 17101 15350
16231 16773 17844 15079
16460 16168 15183 17216
16391 17776 15396 15296
16098 18167 15150 14999
16821 16511 17639 14901
15248 15142 16454 18059
14605 18091 16186 15694
17750 16529 16185 14871
17264 16213 16786 15479
17236 16588 16255 16201
15470 18143 15277 15360
15353 18246 15865 15265
15211 14663 17051 17677
14637 16509 16166 17678
14231 17941 16993 15410
14201 14958 16762 18024
15691 16053 18439 15976
18375 15902 15102 15876
16385 15561 16028 17685
18610 16110 15095 14642
17615 16225 16896 14295
15348 15848 17735 16908
15076 15258 15266 18385
15847 17277 15547 16617
15154 16750 18057 15678
16633 15536 17337 16241
16484 15610 18132 15245
15732 17833 16157 15637
17348 16337 17082 14816
15029 16338 17838 16888
15573 15162 17551 17129
14608 17350 17668 15150
16887 15821 14916 17321
15617 17167 17917 14650
14611 16382 17884 16783
14469 17510 16683 16443
15503 16062 17926 16797
14828 14905 15889 18398
18462 16062 15124 14671
17672 17047 16265 14722
15926 15501 17983 16432
15750 17568 17150 15093
14989 16050 17362 17056
14798 15246 17242 17890
14483 16649 17055 17287
16626 15994 14982 17428
17744 16252 16552 15076
15589 16867 16652 16618
14809 16309 16701 17673
14445 17584 16838 15916
16135 17166 15105 16579
15746 16680 15552 16788
17195 16597 16903 14725
17036 16850 17477 14714
15975 16111 14944 17540
14866 15249 15659 18506
17781 15400 16788 15286
17515 16955 15185 15448
16120 14630 16922 17136
15497 15589 16030 18105
15078 16729 17461 16804
14537 16919 17366 16659
15141 15651 18661 15951
16793 16696 17676 14600
14713 18343 15191 15805
14473 18153 16120 15561
17591 15468 15796 16438
17359 16127 16680 15660
16458 16990 17691 14550
14448 15875 16868 17599
16209 17951 15280 15297
15979 16376 18192 15481
15628 16129 15981 17570
14909 15556 17332 17446
16667 17265 17416 14244
16508 17745 15419 15237
16187 15590 16782 16815
15878 14787 15664 18001
15873 15151 15428 18062
15531 17647 17001 15135
14292 18344 16025 15705
16753 15457 15865 17407
18571 15475 15474 14675
17374 15901 16389 16456
17349 17262 16707 14170
17062 17189 16891 14354
15699 17447 16529 15752
14830 15272 17777 17236
17138 16832 16869 14970
18351 15911 16196 15180
16084 16499 18117 15453
16276 16527 17119 16402
15978 15918 17094 16922
17521 15500 16195 16341
17007 15445 17508 15546
15582 15654 17923 16701
15456 16412 17705 16411
16540 14976 16722 17206
18048 16757 15239 14177
15927 16305 15943 17706
17293 16190 16742 16043
16859 14312 15836 17330
15844 17525 15326 16090
15267 16327 17123 17106
15532 16573 18329 15653
17451 16336 15671 16424
16900 16119 16743 16323
18115 16434 15388 15086
17443 16933 15459 15329
17115 15918 16451 16907
16970 15468 17674 15131
18466 15798 15906 14872
18427 15489 15490 14894
18020 15860 16628 14787
14659 18258 16367 14773
16821 15228 17492 15871
15796 17414 17410 14806
15727 17489 17001 15415
15114 18444 15967 14600
15559 17106 17192 16149
15361 16193 17755 16606
18396 15204 15538 15609
16683 14660 15533 17532
15546 17131 17135 15694
16082 17014 17840 14982
17660 15208 16615 15528
15410 14740 16704 17905
15279 17634 17107 15206
16683 15914 18086 14904
16330 16188 17899 15589
16527 15604 17674 16248
15391 18396 16076 14896
16887 16068 15523 16941
16111 15332 16904 17181
16047 17671 16607 15348
15943 14597 15555 18059
15884 15855 17851 16512
14109 16395 16580 17676
16379 16707 16688 16403
16183 15307 17349 16507
15728 16827 18181 15590
14561 15432 17653 17374
16682 17663 16063 15431
16407 16347 16490 16551
17043 16080 16904 16502
16839 17298 16165 15718
16320 14802 16433 17667
15994 17476 14711 16180
15387 14653 16798 17885
15241 15175 15781 18309
17527 14964 16627 16229
16485 14598 15962 17370
15550 14871 17256 17585
15056 15782 17657 17045
16890 15651 17800 14934
16754 16424 17529 15759
16643 17886 16527 13839
16000 16601 17933 16031
17592 15259 15663 16549
17134 17195 16754 14187
15322 15118 17282 17665
18483 15418 15645 15252
17481 16077 16678 15404
16177 16331 18109 15641
15549 18466 15475 15059
14970 16490 17167 17050
14599 17894 16655 15876
14544 16822 16027 17428
14459 17745 17190 15262
17834 15148 16327 16223
18517 15564 15759 14793
17935 14788 15367 16190
18080 16679 15939 15438
15783 15213 16779 17386
15683 15248 16695 17914
15362 16774 18233 15085
15071 17445 17519 15509
14814 15035 18172 16691
15073 16642 18208 15597
15313 16805 17915 15792
16114 17378 15433 16169
15482 15149 17046 17524
15387 15247 14853 18386
17879 15227 16744 15108
16173 15633 17957 15861
18656 16051 15074 14964
17621 15830 15139 16411
16136 17107 17523 15185
16963 15752 17838 13860
18089 15725 16607 14566
14707 17221 16915 16786
15503 15101 14957 18485
16038 16692 17553 16071
16022 16387 17800 16150
