28994 480.105
3446 3365 3624
3339 3440 3599
3595 3575 3562
3640 3382 3623
3325 3501 3631
3570 3782 3245
3749 3492 3329
3697 3419 3507
3416 3621 3583
3611 3762 3215
3629 3664 3484
3475 3798 3313
3625 3528 3519
3656 3401 3580
3699 3530 3420
3717 3292 3506
3705 3671 3282
3506 3817 3291
3490 3787 3363
3489 3794 3389
3682 3578 3461
3823 3573 3235
3701 3675 3261
3643 3660 3405
3536 3677 3544
3606 3838 3209
3688 3617 3423
3509 3782 3375
3795 3587 3306
3652 3427 3543
3533 3488 3594
3607 3733 3399
3680 3608 3430
3515 3765 3387
3792 3255 3389
3480 3297 3678
3465 3825 3228
3541 3717 3415
3628 3746 3335
3332 3469 3615
3621 3746 3345
3723 3347 3467
3653 3491 3513
3661 3735 3302
3277 3678 3504
3771 3677 3146
3806 3469 3299
3691 3680 3368
3661 3468 3471
3627 3756 3297
3598 3670 3543
3546 3785 3285
3632 3640 3416
3640 3618 3440
3608 3568 3577
3704 3571 3415
3657 3487 3505
3355 3494 3591
3412 3822 3388
3342 3418 3613
3629 3453 3524
3458 3717 3465
3763 3676 3218
3737 3642 3401
3742 3522 3332
3486 3571 3572
3591 3764 3327
3569 3748 3403
3698 3678 3211
3646 3739 3179
3559 3713 3500
3458 3766 3434
3343 3825 3349
3683 3726 3358
3761 3428 3445
3706 3366 3463
3728 3504 3453
3267 3722 3561
3697 3387 3513
3728 3668 3317
3322 3836 3428
