333010 3000.2
3520 3213 2798 3072
3258 3484 2596 3243
2891 3166 3590 2959
2881 3002 3426 3292
2877 3924 2882 2894
2872 3678 3206 2752
2803 3279 2844 3628
2654 3438 3074 3492
3242 3351 3268 2792
2694 3145 3478 3291
3295 3426 2631 3291
2678 3586 3059 3441
2984 3373 2665 3556
3367 3243 3152 2822
2911 3890 3058 3005
3097 3032 3372 3242
3146 3646 3156 2801
2992 3079 3557 2986
3350 3361 2645 3249
2992 3092 3073 3504
2842 3012 3423 3299
3221 3604 3120 2839
2893 3103 3378 3340
3448 3066 2817 3258
2713 3711 3115 3195
2810 3225 2903 3620
3345 3440 2686 3271
3515 3177 2795 3108
2753 3575 2776 3473
3499 3043 2866 3188
3503 3269 2933 2839
2857 3286 3574 3005
2859 3345 3103 3488
3471 3141 2780 3236
2982 3132 3542 3113
2870 3127 3564 3081
3377 3265 2703 3278
2883 3417 2743 3568
2773 3179 3529 3214
2935 3421 3121 3476
2907 3643 2749 3408
2768 3350 3126 3563
3279 3253 2755 3359
3266 3206 2695 3367
3492 3317 2889 3033
3351 3523 2920 2889
3433 3394 2762 3016
3378 3401 2711 3186
2825 3230 3516 3121
3350 3055 3251 3046
3429 3273 2791 3118
2807 3367 2860 3616
2886 3162 3220 3501
3274 3294 2784 3336
3325 3309 3199 2925
2863 3538 2773 3520
3106 3109 3100 3415
3167 3006 3258 3278
2938 3313 3061 3509
3166 3411 3277 2866
3216 3740 2828 3028
2723 3799 3005 3254
3171 3636 3153 2876
2818 3383 2989 3592
2747 3763 2839 3324
2952 3329 2967 3544
2915 3815 2769 3227
3195 3061 3031 3383
2733 3849 2877 3113
2923 3737 3134 2854
3176 3386 2823 3397
3454 3388 2806 2917
3088 3650 2991 3229
2717 3581 3282 3234
2834 3063 3417 3319
3058 3661 3256 2966
3272 3537 3071 2855
3009 3827 2831 3018
3002 3315 3520 3003
3342 3393 3043 2954
3317 3268 2726 3351
2999 3215 2935 3609
2799 3509 2993 3583
3045 3303 3463 3040
3468 3158 2953 3100
2725 3683 3057 3275
3435 3482 2906 2935
2839 3805 3015 3192
3055 3220 3440 2996
3479 3200 2835 3154
3092 3333 3354 3191
2891 3637 3141 3141
3158 3265 2740 3444
3035 3114 3483 3112
3127 3705 2808 3200
3281 3407 2722 3347
3206 3292 3323 2933
2922 3306 3495 3019
2929 3178 3547 3082
2823 3245 3572 3135
3001 3236 3490 3075
3249 3438 3225 2922
2737 3627 3093 3366
2815 3564 3276 3222
3457 3128 2796 3208
3362 3444 2717 3230
3266 3423 3123 3089
2791 3216 3457 3317
3498 3195 2916 3142
3071 3838 2877 2916
3120 3668 3125 3012
3359 3250 3090 3138
2943 3360 3135 3453
3263 3480 2856 3197
3356 3164 3129 2991
2788 3198 3389 3375
2742 3385 3402 3276
2742 3222 3507 3185
3044 3123 3188 3457
2881 3547 3339 2913
2904 3882 2801 3037
2974 3842 2924 3020
2977 3209 3513 3085
3196 3517 2852 3210
2918 3343 3499 3206
2917 3551 2732 3495
2902 3377 3044 3586
2908 3231 3536 3104
2882 3466 3336 3244
3180 3588 3151 2844
3211 3578 2813 3194
3463 3325 2973 2907
2764 3731 3077 3175
2847 3720 3151 2904
3193 3514 3183 2872
2780 3733 2948 3300
2989 3818 3000 2941
2729 3566 3013 3460
3187 3161 3147 3330
2867 3810 3010 3151
3188 3149 3061 3375
3270 3586 2848 2979
2894 3630 3040 3388
3365 3117 3067 3160
2770 3748 3069 3161
3445 3321 2922 3092
3297 3335 3215 2898
2718 3476 3270 3310
3189 3239 2862 3421
2927 3876 2821 3052
3241 3154 3346 3001
3208 3614 3110 2869
2919 3257 2872 3576
2909 3598 2878 3438
3081 3409 3274 3226
2731 3456 3358 3173
2925 3505 3308 3272
3048 3497 3177 3341
2876 3885 2899 3074
3164 3654 2802 3136
3144 3137 3344 3062
2980 3217 2747 3557
2950 3275 3533 2999
3084 3413 3060 3372
3224 3562 3102 2884
3440 3353 2944 2961
3016 3527 2689 3459
3475 3224 3010 3021
2959 3322 3468 3051
3397 3284 3099 2946
3039 3269 3473 3130
2997 3497 3017 3446
2948 3410 3016 3516
2778 3337 3433 3297
2932 3222 3552 3067
3451 3365 2943 2948
3012 3326 2941 3550
2920 3186 3084 3538
3315 3621 2980 2969
2879 3764 3063 2920
2761 3618 3091 3374
3098 3688 2927 3132
3345 3438 3146 2849
2757 3565 2854 3490
3181 3467 2915 3369
3487 3203 2982 3019
3293 3050 3041 3306
3022 3686 2848 3302
3118 3191 3038 3429
3338 3208 2959 3204
3124 3660 3045 3069
3138 3610 3026 3066
2853 3867 2797 3107
2837 3664 3155 3170
3388 3168 2894 3270
3238 3619 2864 3059
2893 3536 3024 3466
2909 3833 2984 3149
3243 3607 3050 3095
3073 3172 3209 3336
3103 3441 3360 3041
3043 3572 3301 2914
3214 3402 3234 3129
3070 3718 3161 2944
2985 3715 3204 2993
3029 3318 3415 3268
2832 3873 2859 3127
2804 3830 2965 3203
2897 3169 3193 3531
3123 3183 3196 3340
2898 3135 3407 3304
2897 3854 3004 3098
2892 3271 3559 3009
3206 3266 3312 2964
2836 3361 3525 3050
2785 3327 3061 3602
3026 3406 3185 3412
2956 3342 3112 3451
2819 3311 3082 3605
3077 3454 3073 3327
3074 3459 3000 3361
2953 3296 2853 3559
3155 3624 2948 3151
3237 3378 3278 2900
3094 3769 2995 3091
3101 3595 3086 3035
2993 3551 3154 3262
2793 3863 2982 3108
2749 3703 3047 3310
3311 3259 3022 3267
2875 3870 2980 3099
2846 3823 3037 3098
3142 3285 3391 2971
3139 3676 3149 2932
3089 3713 3080 2927
3185 3617 2909 3281
3132 3531 3279 2929
3344 3205 3174 2936
3218 3437 3181 3178
2805 3771 2957 3257
3313 3293 3249 2970
2914 3589 3164 3355
2936 3412 3450 2938
2797 3784 2836 3314
3061 3046 3409 3010
3018 3516 3306 3159
3128 3656 3241 2896
3064 3307 3398 3153
3175 3354 3369 3047
3066 3434 3228 3215
3017 3372 3421 3187
2904 3404 3411 3201
3240 3396 3138 3111
3368 3474 2735 3165
3158 3281 3385 2958
3051 3347 3000 3498
2851 3526 3019 3528
3152 3725 3021 3102
3027 3757 3040 2975
2899 3445 3021 3469
2848 3186 3185 3455
2914 3243 3053 3596
3391 3334 3035 3024
2783 3540 2918 3419
3020 3425 2995 3423
3354 3186 2885 3237
3303 3399 2981 3106
2758 3570 3076 3442
3240 3153 2912 3385
2830 3525 3169 3322
2973 3437 3011 3463
2852 3410 3002 3571
3051 3507 3072 3220
3275 3464 2996 3263
3119 3562 2945 3352
2831 3671 2869 3401
3115 3616 3262 2891
3014 3821 2904 3037
3334 3370 2986 3090
2890 3788 2892 3203
2827 3746 2987 3239
3041 3790 2938 3049
2808 3709 2976 3290
3489 3362 2885 3100
3031 3502 2961 3392
2906 3558 3284 3094
3126 3380 3094 3404
3129 3496 2889 3308
3146 3626 3207 2845
3131 3754 2939 2994
3299 3433 3029 3153
3229 3545 3104 3063
3109 3414 2884 3393
2939 3048 3514 3152
2933 3861 2840 3071
3038 3690 2912 3134
3201 3242 3264 3168
3011 3793 2942 3150
3132 3541 3202 2919
3118 3751 2868 3038
3282 3270 2896 3274
3212 3491 2881 3246
2909 3451 3382 3023
3107 3499 3166 3266
2976 3859 2870 3056
3036 3534 3087 3241
2966 3357 3404 3273
3010 3468 3144 3390
2895 3601 3131 3303
2865 3584 3351 3017
3164 3477 3245 3179
3004 3331 3434 2989
3003 3344 3458 3073
2976 3308 3429 3224
2916 3410 3367 3139
3260 3324 3294 3129
3000 3657 3231 3081
2978 3253 3503 3123
2998 3244 3486 3064
3035 3310 3454 3117
3443 3425 2889 2884
3212 3627 3006 2950
3412 3274 3065 3071
3408 3332 2977 3110
3253 3511 2980 3225
3401 3322 3056 3011
3394 3379 3015 3067
3322 3191 2940 3282
3284 3276 3097 3232
3198 3425 3052 3380
3258 3455 3097 2984
3294 3562 3001 2909
2983 3364 2853 3548
2822 3390 3268 3334
3383 3357 3019 3008
3329 3319 2932 3240
2818 3436 2978 3579
3421 3377 3075 2980
3371 3373 2918 3163
3302 3341 3026 3166
3255 3427 3160 3080
3483 3376 2908 2981
3191 3479 2999 3250
2945 3235 3118 3517
3482 3207 2952 3015
3068 3390 3078 3379
2963 3261 3006 3526
3245 3505 2984 3218
3107 3207 2907 3532
3387 3338 2975 3103
3333 3248 3021 3176
3114 3633 3078 3078
2941 3435 3182 3314
3140 3778 2875 2997
3308 3292 3225 3054
3116 3487 2963 3357
2801 3567 3263 3250
2912 3342 3117 3522
3362 3233 3070 3174
2855 3430 3191 3400
3046 3262 3018 3432
3462 3254 2936 3026
3231 3584 3096 3083
3228 3432 3173 3056
2844 3214 3285 3406
2931 3782 3043 3105
2960 3773 2955 3147
2963 3596 3197 3125
3431 3405 2842 2964
3208 3447 2998 3286
3079 3760 2819 3096
2966 3530 3158 3198
3151 3449 3288 3042
2912 3797 2950 3137
3205 3554 2972 3110
2843 3787 2875 3245
3136 3495 3218 3165
2950 3353 3267 3327
2961 3450 3349 2957
2928 3412 3444 3077
3008 3279 3480 2973
3368 3121 2901 3221
3067 3801 2927 3020
3210 3256 3214 3238
2936 3369 3393 3213
3096 3160 3210 3267
2991 3215 3448 3157
2954 3591 3236 3162
2968 3369 3328 3196
3069 3728 2846 3157
3192 3210 3303 3025
3234 3198 3319 2960
3306 3289 2995 3260
2865 3301 2940 3599
2876 3439 3001 3540
3381 3289 3057 2995
3425 3318 3036 3040
3290 3283 2949 3264
3148 3672 3077 2868
3090 3298 3150 3349
3184 3299 3027 3413
3415 3351 3048 2995
3405 3383 3041 2994
3419 3255 3083 3065
3161 3550 2955 3219
3226 3543 3067 3119
3174 3711 3020 3116
2980 3300 3112 3426
2841 3813 2977 3229
2896 3701 2970 3283
3260 3486 3006 3157
2957 3762 3062 3124
3110 3759 2892 3061
3112 3440 3424 2977
3427 3418 3008 3046
3145 3674 3159 3008
3079 3779 2931 3004
3192 3541 2929 3181
3007 3845 2904 2960
3061 3461 3186 3230
3097 3776 2913 3039
3056 3694 3079 2991
2821 3365 3443 3169
3172 3745 2946 3090
2988 3494 3317 3090
3007 3374 3315 3238
3171 3175 3382 2957
3037 3449 3222 3285
3007 3394 3396 3146
3047 3500 3239 3221
2962 3401 3297 3241
3159 3363 3291 3237
3040 3346 3329 3234
3286 3431 3244 3006
3460 3299 2938 3048
3319 3387 3160 3055
3065 3537 2999 3364
2947 3373 2913 3574
2796 3693 2953 3343
3173 3490 3015 3183
3288 3311 3169 3211
2978 3501 3044 3313
3478 3246 2932 3051
3403 3277 3052 3050
3339 3457 2947 3137
2970 3723 2944 3246
3204 3513 3150 3036
3331 3346 2970 3127
3021 3462 2949 3435
2873 3496 3102 3418
3417 3312 2900 3148
3239 3555 3082 3029
3074 3280 3191 3294
3039 3395 2963 3470
3012 3301 3260 3394
3235 3429 2969 3273
3216 3549 2920 3171
3159 3634 2993 3126
3126 3528 3009 3288
3116 3382 3014 3432
3044 3601 2974 3310
3022 3349 3316 3218
3232 3498 3114 3143
3004 3698 3056 3151
3016 3139 3031 3441
3163 3337 3108 3390
2977 3738 3033 3209
3126 3502 3054 3156
3110 3284 3432 2943
3096 3470 2930 3390
2954 3710 3106 3195
2907 3450 3438 3171
2912 3498 3362 3142
3374 3365 3086 3064
3170 3524 2999 3305
3135 3419 3382 3052
3034 3570 3060 3256
3149 3407 2968 3399
3105 3487 3027 3345
3348 3362 3118 2981
3056 3193 3021 3427
3362 3464 2947 3030
2987 3692 2968 3188
3202 3426 3184 3277
3112 3412 2978 3435
2946 3525 3066 3296
3232 3411 3269 3044
3363 3240 2820 3227
2972 3590 3121 3184
3233 3367 3219 3234
2903 3593 3260 3289
3128 3241 3098 3416
3057 3645 2822 3239
3273 3339 3065 3284
3273 3288 3156 3223
3105 3577 3049 3255
3066 3252 3171 3391
3067 3405 3287 3320
3201 3474 3171 3240
3040 3420 3244 3359
