348 4.68533
3939 3370 3473
3644 3258 3724
3554 3990 3098
3344 4032 3306
3304 3372 3864
3049 3740 3696
3709 3900 3111
3075 3945 3495
3106 3750 3681
3527 3997 3133
3088 3900 3537
3797 3785 3147
3602 3958 3150
3670 3945 3169
3575 3281 3766
3411 3269 3836
3783 3821 3165
3762 3293 3669
3828 3762 3214
3905 3627 3273
3475 3986 3194
3818 3780 3203
3291 3426 3854
3840 3326 3562
3118 3818 3625
3082 3855 3607
3140 3877 3593
3181 3511 3851
3750 3878 3133
3761 3824 3181
3889 3645 3239
3497 3736 3627
3466 4002 3228
3149 3952 3490
3734 3420 3614
3496 3352 3801
3135 3756 3673
3421 3315 3835
3203 3872 3569
3421 3913 3504
3824 3336 3550
3288 3729 3668
3641 3347 3721
3266 4025 3313
3926 3491 3297
3847 3694 3210
3441 3403 3812
3896 3556 3340
3363 3445 3832
3787 3275 3592
3608 3907 3290
3763 3631 3454
3212 3976 3441
3336 3455 3843
3505 3928 3380
3448 3610 3709
3261 3801 3634
3396 3417 3801
3717 3311 3648
3869 3622 3289
3778 3639 3421
3268 3459 3847
3656 3340 3707
3624 3328 3729
3129 3810 3626
3795 3819 3182
3517 3865 3479
3598 3941 3265
3460 3642 3665
3652 3322 3717
3806 3688 3332
3166 3594 3792
3605 3435 3714
3352 3470 3836
3919 3496 3388
3803 3710 3369
3210 3807 3619
3754 3367 3622
3877 3568 3377
3172 3752 3669
3574 3983 3188
3310 3600 3749
3745 3815 3336
3855 3581 3361
3779 3296 3599
3469 3968 3280
3263 3381 3862
3622 3304 3737
3612 3376 3705
3887 3589 3349
3348 3795 3583
3614 3407 3695
3307 3515 3804
3303 3620 3759
3435 3932 3402
3247 4019 3358
3169 3920 3500
3852 3667 3277
3705 3848 3303
3357 3695 3699
3931 3488 3438
3798 3565 3436
3256 3937 3488
3934 3519 3281
3312 3806 3585
3417 3602 3718
3278 3560 3779
3898 3452 3489
3191 3856 3591
3911 3432 3460
3198 3572 3795
3153 3690 3736
3493 3437 3794
3280 3451 3858
3372 3447 3825
3566 3463 3768
3366 4023 3343
3601 3597 3618
3334 3653 3744
3404 3407 3815
3397 3578 3752
3366 3606 3733
3727 3661 3461
3401 4005 3264
3579 3390 3734
3370 3306 3845
3777 3798 3263
3649 3782 3389
3283 3546 3805
3286 4000 3392
3609 3715 3566
3380 3994 3325
3190 3949 3482
3917 3503 3409
3453 3526 3746
3884 3555 3396
3300 3690 3713
3216 3867 3571
3325 3722 3673
3479 3457 3781
3487 3588 3704
3158 3991 3430
3496 3399 3771
3752 3396 3613
3788 3438 3567
3827 3483 3521
3736 3793 3353
3383 3573 3757
3582 3704 3580
3236 3386 3861
3703 3894 3167
3389 3411 3833
3254 3675 3730
3409 3397 3822
3932 3464 3313
3713 3671 3492
3575 3666 3586
3514 3702 3636
3406 3562 3726
3684 3827 3359
3284 3842 3546
3234 4008 3395
3581 3299 3753
3793 3427 3589
3733 3838 3256
3619 3718 3527
3564 3816 3451
3331 3495 3808
3738 3587 3519
3677 3486 3662
3664 3583 3610
3226 3868 3565
3690 3933 3205
3647 3812 3418
3597 3478 3697
3538 3752 3533
3511 3385 3784
3730 3658 3470
3253 3886 3547
3766 3821 3205
3500 3683 3646
3163 3772 3642
3317 3389 3845
3509 3612 3672
3660 3939 3270
3634 3750 3517
3186 3706 3706
3273 3805 3592
3762 3821 3222
3396 3454 3796
3787 3783 3250
3698 3883 3217
3735 3413 3631
3645 3361 3696
3468 3493 3789
3879 3513 3427
3760 3668 3435
3751 3550 3524
3674 3796 3384
3369 3759 3657
3350 3552 3775
3790 3712 3328
3783 3531 3529
3618 3634 3608
3749 3500 3558
3680 3790 3375
3711 3366 3659
3746 3879 3191
3724 3525 3559
3814 3744 3288
3675 3890 3244
3626 3554 3649
3516 3543 3728
3481 3471 3764
3456 3727 3644
3236 3507 3811
3171 3979 3449
3822 3558 3471
3280 3905 3532
3520 3568 3702
3250 3603 3773
3770 3777 3292
3638 3584 3619
3572 3963 3298
3548 3483 3692
3541 3466 3741
3864 3656 3210
3768 3575 3480
3688 3477 3685
3562 3923 3363
3560 3473 3703
3551 3604 3660
3227 3983 3407
3223 3881 3553
3201 3919 3497
3663 3888 3309
3860 3677 3231
3271 3748 3672
3222 3878 3562
3524 3811 3555
3181 3809 3640
3161 3748 3679
3125 3898 3534
3120 3785 3641
3378 4017 3243
3913 3535 3382
3462 3914 3466
3529 3863 3446
3230 3876 3554
3329 3498 3795
3701 3696 3444
3622 3358 3698
3840 3540 3424
3412 3957 3431
3432 3523 3761
3411 3359 3829
3719 3428 3629
3629 3766 3465
3372 4014 3295
3815 3348 3567
3583 3933 3321
3382 3389 3839
3781 3539 3507
3755 3843 3212
3719 3802 3346
3612 3834 3372
3546 3534 3684
3485 3711 3639
3455 3524 3754
3395 3453 3817
3784 3614 3419
3757 3849 3193
3714 3763 3399
3558 3533 3677
3528 3724 3538
3255 3503 3813
3858 3322 3535
3741 3746 3417
3482 3832 3486
3430 3449 3794
3696 3684 3467
3537 3481 3714
3534 3862 3467
3695 3763 3412
3616 3937 3275
3885 3398 3516
3853 3622 3373
3791 3820 3240
3629 3954 3218
3527 3547 3689
3502 3956 3399
3419 3965 3348
3298 3846 3544
3289 3960 3405
3268 3847 3563
3240 3951 3453
3825 3678 3368
3816 3490 3518
3578 3431 3720
3542 3917 3438
3522 3608 3680
3428 3922 3463
3343 3792 3596
3242 3721 3678
3368 3591 3734
3243 3971 3428
3686 3652 3552
3681 3487 3655
3657 3700 3512
3239 3628 3777
3187 3567 3809
3772 3650 3449
3655 3709 3487
3471 3959 3367
3385 3701 3659
3346 3925 3469
3570 3717 3578
3339 3655 3729
3880 3511 3407
3845 3535 3481
3721 3519 3612
3594 3492 3686
3426 3667 3661
3423 3517 3779
3412 3979 3331
3124 3920 3530
3868 3536 3413
3534 3373 3795
3592 3837 3379
3438 3826 3525
3684 3902 3237
3340 3778 3602
3384 3492 3819
3896 3618 3324
3735 3874 3254
3601 3839 3344
3578 3761 3510
3455 3541 3738
3446 3992 3242
3388 4012 3271
3384 3506 3782
3373 3845 3543
3358 3617 3716
3382 3648 3698
3373 3830 3573
3340 3858 3541
3432 4001 3318
3819 3709 3311
3781 3682 3386
3757 3809 3247
3753 3855 3252
3737 3834 3260
3701 3879 3220
3453 3991 3234
3444 3618 3711
3218 3743 3675
3918 3569 3326
3715 3882 3189
3673 3870 3293
3645 3870 3341
3625 3609 3603
3587 3898 3334
3567 3512 3687
3467 3964 3308
3420 3689 3652
3362 3517 3787
3297 3926 3459
3296 3804 3595
3718 3823 3335
3703 3521 3635
3622 3891 3330
3558 3707 3597
3429 3851 3541
3390 4016 3268
3350 3298 3846
3317 3985 3382
3811 3382 3554
3700 3339 3713
3584 3973 3246
3514 3980 3259
3486 3509 3763
3410 3700 3668
3729 3843 3286
3651 3540 3664
3407 3864 3506
3399 3563 3740
3359 3432 3838
3863 3475 3525
3820 3726 3302
3812 3749 3309
3759 3497 3611
3748 3585 3513
3679 3938 3166
3556 3972 3269
3434 3798 3579
3403 3773 3598
3388 3857 3531
3333 3953 3445
3295 3551 3786
3199 3989 3404
3672 3595 3590
3550 3835 3413
3484 3966 3298
3443 3664 3665
3391 3625 3706
3305 3916 3525
3786 3466 3550
3473 3983 3267
3544 3826 3463
3375 3526 3778
3245 3603 3781
3588 3770 3495
3458 3961 3366
3743 3636 3484
3293 3548 3795
3632 3628 3572
3774 3486 3578
3453 3988 3319
3752 3672 3428
3863 3663 3301
3841 3663 3365
3823 3544 3442
3698 3758 3446
3624 3955 3230
3608 3927 3284
3585 3914 3357
3340 3474 3827
3879 3570 3375
3724 3670 3485
3701 3680 3484
3588 3615 3645
3566 3903 3403
3585 3852 3402
3810 3397 3574
3726 3864 3258
3716 3475 3651
3692 3636 3514
3684 3925 3235
3320 3939 3457
3809 3563 3457
3697 3873 3285
3546 3817 3468
3510 3518 3735
3400 4011 3296
3394 3652 3690
3212 3837 3577
3119 3769 3654
3725 3374 3634
3638 3628 3557
3536 3529 3692
3374 3719 3654
3699 3896 3205
3640 3585 3605
3628 3451 3691
3393 3399 3828
3361 3537 3767
3323 3567 3763
3322 4001 3377
3319 3544 3784
3309 3769 3628
3264 3839 3576
3856 3494 3470
3808 3412 3590
3741 3520 3576
3693 3866 3318
3568 3725 3535
3363 3599 3753
3341 3527 3786
3249 4010 3366
3667 3742 3482
3841 3743 3284
3233 3682 3730
3218 3891 3555
3864 3577 3355
3719 3635 3550
3317 3677 3723
3783 3774 3363
3724 3593 3499
3847 3464 3540
3815 3437 3547
3864 3566 3414
3823 3528 3510
3755 3790 3329
3752 3740 3415
3717 3681 3482
3617 3757 3498
3617 3650 3557
3521 3962 3354
3482 3598 3719
3790 3776 3259
3555 3824 3416
3445 4001 3246
3711 3875 3243
3586 3803 3430
3431 3538 3741
3897 3504 3438
3503 3826 3496
3667 3767 3413
3847 3576 3393
3566 3625 3631
