21229 180.008
9213 9329
9224 9321
9427 9093
9186 9359
9271 9274
9212 9331
9349 9183
9366 9169
9548 8911
9537 8934
9391 9136
9241 9308
9258 9286
9400 9127
9441 9076
9576 8864
9320 9221
9261 9281
9485 9017
9601 8818
9351 9180
9507 8976
9550 8910
9511 8975
9413 9111
9583 8856
9338 9199
9410 9114
9527 8945
9437 9080
9575 8874
9473 9028
9284 9258
9616 8792
9609 8814
9216 9322
9373 9158
9384 9153
9603 8816
9330 9212
9529 8940
9464 9042
9461 9043
9199 9342
9367 9166
9435 9081
9419 9104
9358 9177
9322 9216
9642 8740
9395 9133
9414 9109
9445 9068
9420 9101
9661 8685
9644 8730
9228 9319
9495 8997
9397 9132
9505 8984
9282 9260
9481 9020
9229 9315
9460 9046
9615 8797
9266 9277
9663 8679
9443 9074
9547 8922
9521 8964
9355 9179
9538 8933
9421 9098
9386 9143
9422 9095
9251 9304
9467 9037
9430 9084
9265 9278
9649 8719
9334 9202
9491 9007
9280 9265
9365 9170
9512 8973
9707 8496
9494 9003
9317 9224
9348 9189
9472 9029
9569 8879
8848 9593
9197 9348
9457 9049
9035 9476
9476 9021
9694 8562
9253 9293
9136 9398
9542 8924
9662 8684
9450 9063
9192 9355
9692 8577
9096 9431
9307 9241
9208 9341
9169 9370
9498 8993
9558 8896
9211 9332
9324 9215
9303 9244
9140 9395
9357 9178
9387 9137
9523 8949
9643 8736
9636 8748
9678 8622
9342 9194
9343 9191
9294 9253
9633 8751
9682 8620
9405 9120
9645 8727
9528 8944
9639 8743
9230 9310
9150 9386
9629 8776
9600 8825
9665 8678
9706 8548
9402 9122
9631 8766
9555 8909
9612 8805
9632 8758
9657 8705
9676 8645
9582 8861
9655 8712
9591 8850
9598 8832
9677 8631
9534 8937
9581 8863
9687 8608
9565 8892
9674 8664
9566 8884
9504 8990
9503 8992
9429 9088
8955 9538
8902 9568
8897 9570
9008 9505
9070 9447
8891 9579
8621 9686
8943 9542
8705 9655
9623 8785
8909 9564
8556 9698
8550 9701
8931 9549
8695 9666
8859 9591
8472 9718
8758 9641
8805 9613
9276 9268
9113 9420
8994 9506
8680 9672
9209 9337
8567 9690
8986 9513
9030 9491
9525 8948
8723 9654
8773 9636
9071 9446
8812 9611
9052 9470
8629 9681
8969 9533
8874 9582
9135 9406
9073 9445
8853 9592
8906 9566
8797 9625
8911 9558
9010 9492
9048 9472
9137 9397
9105 9424
8533 9707
8970 9526
8830 9608
8936 9545
9078 9442
8737 9647
9237 9309
8838 9604
8606 9689
9456 9061
9147 9390
8803 9615
9057 9462
8513 9710
8905 9567
9151 9384
8666 9673
8643 9679
9166 9380
8872 9584
8992 9512
9066 9459
9584 8854
8916 9554
8801 9624
9037 9473
8700 9660
9102 9425
9182 9361
8745 9642
9154 9382
9176 9367
9069 9451
8896 9573
9095 9441
9314 9227
9689 8598
9124 9418
8914 9556
9522 8963
9009 9495
8979 9524
8929 9552
