3001 18.7805
3990 3731
3825 3851
3907 3806
3883 3808
3924 3786
4014 3705
3870 3826
4006 3707
3909 3801
3881 3813
3963 3761
3927 3771
3926 3781
3996 3722
3977 3738
3947 3766
3799 3858
3964 3744
4082 3640
4175 3491
4128 3560
4094 3612
4100 3603
4064 3660
4050 3680
4089 3635
4130 3555
3994 3724
4041 3697
3966 3739
3915 3789
4121 3595
4071 3649
4056 3666
4132 3554
3797 3862
3834 3842
3690 3900
3749 3893
3831 3848
3689 3903
4122 3569
3855 3832
3791 3863
3879 3817
3762 3881
4146 3527
3681 3919
3692 3899
3833 3843
3822 3857
4152 3493
3774 3875
4102 3602
3682 3905
3554 3947
3496 3964
3720 3898
3589 3942
3688 3904
3575 3945
3645 3937
3519 3955
