5343 170.811
26066 28325
25714 28378
27607 27108
28128 25831
26808 27937
26226 28284
28058 26262
28038 26296
28033 26308
27478 27302
26654 28037
27849 26774
26824 27935
28096 26110
26588 28074
26096 28322
27610 27094
27132 27647
26963 27831
27873 26699
27893 26668
27621 27069
26704 28012
27938 26632
26130 28305
27634 27065
27214 27571
27834 26806
27957 26492
26581 28075
26614 28073
26969 27827
26402 28196
26707 28010
27127 27666
26153 28304
27650 27052
27780 26886
26746 27990
27405 27385
26975 27799
26754 27974
25979 28356
26915 27842
26900 27876
27811 26819
27940 26519
26257 28263
26914 27843
25978 28364
27112 27690
27898 26664
26349 28213
26619 28062
27599 27138
27796 26856
27280 27522
25620 28383
26916 27841
27617 27085
27732 26989
26154 28288
27230 27555
26020 28348
27589 27172
27036 27742
26309 28235
26775 27969
28028 26382
27298 27501
26652 28049
25517 28387
27026 27751
26749 27982
27783 26876
26862 27909
27495 27266
27514 27264
27204 27588
27059 27727
26849 27916
27170 27625
27243 27545
27069 27721
26401 28209
26289 28256
27430 27367
26302 28245
27571 27197
26840 27929
26797 27957
26720 28001
27757 26913
27150 27646
26853 27914
26534 28114
28148 25611
28140 25766
26682 28029
27231 27554
27693 27009
26985 27796
26558 28112
27279 27537
27037 27736
27743 26941
27074 27711
27153 27629
27360 27432
27881 26680
26430 28186
27025 27787
26690 28018
27301 27489
26670 28035
26347 28225
27618 27079
27340 27478
27448 27326
28119 25981
27658 27050
26514 28128
26685 28024
26562 28088
27455 27314
26494 28166
25904 28365
26913 27855
27681 27042
26920 27834
27401 27403
26806 27956
25851 28373
26865 27898
27344 27460
26917 27837
26238 28283
25989 28353
27995 26475
27537 27227
27439 27345
27284 27503
27194 27601
27192 27612
26778 27962
27206 27583
27131 27665
26297 28253
27303 27479
27104 27703
26578 28084
27866 26749
27683 27037
27281 27506
