43298 1440.48
29667 25586 24901
29264 26432 24281
27875 23402 28107
26708 28172 25421
25312 24577 29426
24898 25569 28841
26926 23600 28746
29250 26553 24578
29381 26180 24536
25047 25473 29018
29456 26142 24477
24955 25520 28998
27414 23706 28462
28880 26995 24632
27704 23808 28306
29627 25781 24742
29651 25600 25011
25882 24166 29227
29306 26424 24428
29062 24348 26637
26749 23759 28887
28930 26916 24670
24929 26744 27820
25528 24423 29385
26725 23882 28859
28581 25906 26550
28683 25113 27199
29114 26604 24849
29448 26242 24351
29014 26692 24360
28328 23750 27700
27623 23987 28264
25703 26923 27603
28329 24792 27573
25794 24672 29212
27858 23840 28156
25146 25508 28932
28730 26958 24796
28145 23966 28026
26983 27966 25971
25126 26112 28496
28857 26498 25497
27823 23939 28192
28416 26271 26372
27173 24322 28571
26035 27247 27077
28225 23661 27830
26094 25298 28711
28466 27294 24407
26616 26051 27974
27581 26487 26937
29559 25842 24920
26648 28121 25774
25772 27237 27218
29539 25857 24665
25330 26317 28140
28072 26874 26144
26345 23860 29061
26333 23915 29127
25461 25072 29151
26861 26650 27300
27200 27383 26412
27926 27522 25336
28636 23633 27345
27005 28035 25441
25432 24813 29287
26527 24513 28727
28462 24381 27421
25362 24873 29321
25517 26205 28279
27507 27446 25989
28382 26092 26580
27154 27664 26474
29155 26537 24756
28249 27309 24714
26842 24145 28655
28426 24116 27538
27032 28013 25509
25402 27269 27185
29051 24015 26712
26776 27877 26031
26453 25160 28761
25066 25320 29105
27905 27479 25537
29467 25759 25220
25674 26154 28406
25749 24503 29337
28946 24552 26781
26252 24439 29059
28318 24122 27649
26631 24701 28606
25412 25793 28788
26177 27566 26739
27736 25686 27500
28616 23829 27329
27459 24046 28340
26300 27460 26960
26928 27611 26517
28224 24274 27741
28784 25403 26331
25480 26461 28130
26688 26466 27485
28696 25673 26598
26018 27087 27398
25819 26586 28052
27095 24068 28617
26156 26296 28169
27114 25095 28362
27631 27408 26117
26955 26959 27020
25959 25813 28640
28130 24225 27915
28653 25016 27309
27795 25373 27553
26411 24256 29044
25853 24953 29080
25211 25466 28952
28600 25830 26427
29431 25486 25689
26287 26670 27968
26676 27915 26233
29492 25906 24701
26564 25581 28384
29349 25335 25876
28796 26110 25949
26991 27948 25855
26176 25289 28672
27235 24772 28246
29091 25358 26243
27272 27553 26258
26226 25876 28240
29157 24335 26464
28906 26415 25698
28889 24633 26854
28707 24406 27104
27078 26616 27365
26551 27790 26399
28997 25648 26101
26198 26770 27666
29211 24489 26077
27980 26863 26655
27642 25187 27881
28274 25393 27437
28258 24090 27785
24949 26230 28369
25731 25311 29016
28010 26410 26777
27955 27616 25143
28540 26339 26196
28038 24531 27646
28052 27345 25840
27554 25662 27777
25425 25117 29173
25627 24963 29075
27308 27470 26219
27763 27579 25415
26514 24475 28883
28659 26187 26190
27604 27805 25190
26055 25551 28696
26840 27166 27013
27679 26244 27066
26747 25524 27999
28024 27021 26131
29599 25615 24874
26402 27931 26158
28994 24055 26755
27755 26383 26992
27051 24021 28688
27228 26831 27274
28404 27277 24945
29175 25182 26434
25834 26688 27931
28699 24309 27176
26940 27767 26316
27654 27680 25794
26327 24868 28869
26861 28066 25684
25439 24563 29372
26882 28010 25916
27471 27227 26396
28204 27319 25380
27293 24836 28219
25233 24927 29274
26247 24848 28922
28573 26823 25456
26865 28050 25640
29074 26297 25075
27809 26342 27039
27917 27425 25634
26731 28082 25323
28262 27039 25938
29310 25426 25813
28520 24403 27387
28122 27334 25348
26138 24586 29030
29125 25570 26060
27528 27149 26448
26820 24861 28422
26764 26897 27142
27969 24713 27766
25278 25226 29148
27365 27630 26042
26601 24265 28773
25912 27362 27142
28170 24756 27614
28184 25968 26982
29398 25007 25772
25198 25538 28912
25162 25278 29087
26702 28099 25702
26365 26576 27899
27705 26984 26300
27243 26796 27159
25094 24950 29307
29526 25889 25048
27247 27006 26883
29573 25745 25126
27166 24657 28527
29334 26074 25323
28083 25766 27050
25831 26733 27802
27892 27496 25364
27018 24340 28578
26506 25250 28451
29188 26508 25067
27351 27900 25727
28829 26767 25149
27288 26702 27029
28176 27403 24963
27137 27216 26832
27400 24185 28356
26442 27051 27233
25559 24721 29255
26064 24536 29181
26017 25045 29021
26693 25260 28434
27832 24860 27856
27653 25927 27526
27438 27889 25403
27782 27704 25202
29537 25744 25162
28483 27071 25579
27463 27859 25301
25097 25639 28835
28883 24653 26845
26117 25148 28914
26358 24455 28908
28750 25689 26188
29572 25362 25282
28375 24458 27508
25508 24824 29242
25471 24340 29422
28813 26626 25703
27991 24996 27591
25171 26305 28266
25997 25813 28545
26211 27797 26308
29239 25938 25870
29504 25621 25487
27055 27737 26268
29402 25624 25618
26390 26088 28234
25607 25378 28990
25666 24394 29352
28558 27186 24869
26203 27511 26684
27336 27063 26824
27522 23821 28326
26486 24891 28813
29320 26281 25027
27375 25776 27688
26464 26124 28036
25988 25954 28504
27512 26454 26998
28715 27102 25314
26624 27128 27118
28478 24601 27416
29519 25203 25439
28824 26934 24819
27774 26083 27281
25639 24899 29234
28152 26771 26103
29489 25999 24885
29032 24742 26490
26760 26663 27450
27723 26514 26801
26775 24237 28745
26294 26723 27321
25389 25250 29131
25181 25455 28994
25583 26293 28180
28253 26633 26698
26974 27374 26920
27451 24749 28116
25756 25130 28973
26944 26250 27610
26080 26246 28216
26086 25308 28800
28364 26332 26509
27394 27450 25825
27427 24984 28191
26581 27728 26366
28390 24911 27472
29267 25736 25521
25929 25924 28599
27961 27590 25103
27591 27815 25259
26967 24919 28387
27103 27082 26868
26644 27645 26588
29228 26118 25550
25809 27117 27374
27913 25032 27683
26493 27990 25926
28765 26627 25267
27252 25480 27988
27361 25443 27836
27011 24826 28473
28431 24204 27463
28493 26525 25899
25246 25127 29208
25891 25061 28957
29364 26018 25398
27370 26323 27241
25346 25967 28685
25567 25138 29098
27721 27775 25431
26920 25862 27730
25598 25558 28830
26671 25843 28086
26309 25589 28500
27542 27747 25473
26495 27836 26282
27213 27195 26726
27123 27050 26898
28103 24295 27851
26372 27721 26422
29289 26025 25360
26976 27988 25568
28346 25704 26779
28094 27113 25758
28028 25924 27262
28139 26149 26910
28455 27296 24934
28451 26675 25889
28474 26035 26615
29590 25348 25103
27494 27754 25598
26763 25173 28556
25923 26135 28334
26741 27860 26227
25295 26000 28647
26793 26392 27842
25611 25547 28779
26426 27465 26748
27146 25263 28074
28304 26861 25790
27067 27293 26813
28759 24626 27090
26235 24220 29078
29099 26670 24833
25538 26530 28070
28239 27390 25114
28243 26822 26083
26894 24083 28662
27348 23974 28606
27490 23652 28470
28279 24071 27758
28059 27545 25217
25936 27030 27459
27593 24390 28296
28224 27180 25739
28562 25410 26858
28493 25980 26687
28373 26988 25665
27210 27933 25088
27849 27646 25208
28626 26434 26008
26476 26435 27936
25906 24941 29198
27818 25332 27812
28111 27187 25754
26531 25421 28400
29145 26283 25601
27210 25193 28094
26914 27978 25640
25508 25059 29112
26807 26948 27086
26804 26443 27581
26396 26714 27348
25585 25028 29057
28966 25784 26178
27320 27601 26055
28358 27206 25233
29207 26167 25388
29447 26080 24989
25085 25450 29035
29020 25500 26193
25264 24730 29331
27714 24728 27959
27567 27694 25817
29149 25726 26051
28204 26006 26709
27572 27163 26277
28282 24197 27722
27469 25714 27551
28018 25612 27345
26119 24883 28966
28362 26781 25778
28532 25901 26666
28956 25991 26055
26002 26903 27588
27125 27719 26172
27836 25235 27586
25655 26846 27715
26433 25466 28521
28869 26927 25050
28503 26629 25852
26784 27689 26359
28982 26543 25252
27845 25913 27441
27112 26370 27476
29412 25788 25246
29377 26223 24829
26487 28118 25829
25435 24607 29359
26904 26404 27625
27725 27528 25655
27070 23922 28690
26901 27422 26622
25781 24988 29035
27278 27710 25844
28979 25347 26715
27534 27834 25183
28440 25699 27131
28526 26842 25374
28827 24973 26932
28066 26738 26492
27372 27829 25717
28290 26577 26335
28632 25767 26353
29370 25825 25349
27896 24431 27896
27537 26354 27127
27886 24558 28044
29243 26038 25648
27599 24767 27886
25386 25564 28910
25905 25179 28855
27442 27127 26673
28100 26941 26002
27665 25522 27635
25227 24957 29258
28722 26986 24804
29198 26011 25656
25979 24285 29198
27159 27142 26817
28447 25213 27074
27260 24585 28317
27990 27615 24979
27547 26809 26727
26128 26109 28217
28293 25140 27358
25270 25314 29009
29232 26387 25028
28056 26237 26976
27310 24246 28318
26352 26415 27947
29297 26400 24883
25804 24575 29264
28234 27399 25238
27671 27221 25860
29271 26284 25058
28635 26211 26288
28308 27146 25293
26586 27207 27181
28444 26763 25590
25452 24744 29330
25470 24618 29269
29334 26165 24943
29280 26141 25479
27486 26528 26876
26661 24063 28913
27330 27523 26070
26065 25559 28505
29410 25893 25138
25945 25634 28661
26539 25125 28655
25972 26806 27782
29031 26363 25722
26899 28009 25589
25649 25631 28770
25286 24896 29247
25350 26123 28417
25961 26460 28067
26518 24182 28833
27413 25275 28050
28400 27103 25510
29442 25132 25549
