1839 420.984
16610 16417 16707 15945
16633 16459 16646 15850
16598 16442 16748 15864
16385 16319 16908 16544
16354 16228 16895 16595
16417 16229 16892 16568
16466 16460 17089 16249
16461 16380 17123 16272
16439 16249 16697 16573
16419 16278 16921 16547
16282 16240 17015 16575
16258 16258 16738 16763
16278 16141 16532 16722
16142 16131 16674 16768
16098 16120 16617 16815
16344 16358 17134 16392
15999 16274 16648 16769
16514 16434 17094 16332
16382 16554 17154 16313
16466 16384 17104 16308
16390 16293 17226 16389
16532 16528 16743 16297
16402 16562 17074 16249
16168 16181 17249 16200
16187 16204 17242 16351
16007 16295 17250 16121
16242 16299 17176 16450
16540 16352 16999 16313
16370 16438 17006 16536
16362 16595 17045 16273
16527 16497 16979 16106
16332 16481 17223 16224
16222 16302 17191 16371
16341 16603 17034 16207
16532 16352 17040 16338
16419 16421 17108 16344
16523 16342 16972 16372
16411 16468 17172 16318
16218 16567 17148 16187
16427 16430 17118 16274
16364 16610 16898 16414
16522 16495 16784 16255
16513 16503 16943 16331
16604 16572 16706 15938
16346 16325 17163 16377
16404 16507 17075 16390
16362 16386 17131 16362
16207 16339 17231 16359
16481 16372 17113 16314
16537 16475 17003 16189
16431 16410 17133 16231
16425 16520 17101 16328
16360 16622 16901 16239
16429 16657 16861 16283
16376 16588 16692 16356
16223 16339 17050 16589
16546 16558 16834 16173
16357 16599 16903 16281
16311 16675 16757 16153
16535 16476 16969 16267
16426 16424 17147 16330
16448 16685 16797 16117
16517 16580 16865 16278
16472 16504 17090 16183
16354 16599 17066 16172
16348 16578 16877 16426
16327 16618 16907 16425
16346 16578 16970 16333
16343 16661 16805 16188
16469 16592 16697 16285
16233 16442 17248 16110
16343 16626 16884 16410
16524 16246 17078 15925
16527 16240 17067 16126
16436 16577 17048 16239
16539 16408 17008 16335
16464 16604 16963 16278
16435 16320 17037 16450
16430 16382 17111 16238
16370 16318 17221 16132
16405 16418 17123 16379
16399 16547 17068 16485
16536 16386 16921 16347
16497 16403 17043 16440
16292 16431 17181 16418
16448 16616 16998 16197
16429 16419 17105 16381
16296 16645 17045 16340
16457 16565 16973 16422
16311 16554 16928 16501
16411 16532 17109 16247
16400 16583 17036 16239
16368 16637 16890 16316
16343 16596 16998 16227
16497 16374 16960 16496
16467 16688 16782 16039
16324 16498 16989 16533
16307 16556 16867 16532
16574 16530 16875 16160
16428 16612 16911 16267
16364 16611 16945 16242
16357 16613 16961 16239
16336 16562 16997 16413
16586 16487 16932 16302
16360 16574 17074 16292
16381 16430 16957 16523
16342 16526 16846 16504
16497 16545 17063 16438
16592 16475 16904 16399
16401 16401 17031 16524
16389 16270 16963 16549
16515 16311 16936 16447
16433 16268 16821 16560
16605 16425 16866 16274
16533 16393 16887 16446
16546 16352 16984 16226
16526 16369 16964 16347
16492 16583 16895 16332
16458 16349 17148 16266
16345 16559 17140 16351
16352 16371 16938 16593
16535 16442 16949 16427
16455 16419 16961 16442
16406 16335 16905 16570
16405 16444 17042 16464
16238 16455 17014 16580
16301 16521 17103 16468
16410 16447 17086 16442
16379 16341 16916 16577
16442 16399 17100 16340
16372 16502 16912 16529
16579 16304 17000 16222
16498 16488 16960 16483
16397 16481 17130 16371
16351 16515 17083 16503
16319 16494 16997 16557
16228 16741 16862 16166
16427 16359 17043 16482
16388 16429 16852 16563
16345 16460 17073 16528
16450 16425 17097 16366
16416 16320 16815 16526
16333 16633 17020 16410
16461 16341 17113 16360
16435 16442 17007 16441
16438 16567 17064 16398
16205 16258 17119 16558
16167 16391 17183 16582
16252 16186 17205 16584
16056 16237 17038 16667
16193 16477 16900 16620
16205 16318 17057 16656
16080 16421 17047 16607
16052 16104 16730 16771
16198 16391 17118 16656
16000 16320 17201 16412
16352 15972 16790 16606
16042 16338 17120 16703
16336 16491 16781 16538
15967 16370 16999 16726
16222 16196 16883 16710
16434 16398 17108 16168
16428 16482 17032 16453
16169 16537 17011 16544
16046 16178 16895 16770
16205 16269 17106 16531
16178 16348 17021 16758
16159 16421 16923 16670
16055 16401 16704 16710
16231 16416 16843 16616
16252 16306 17034 16574
16239 16352 16958 16687
16223 16454 16881 16635
16208 16330 16969 16760
16191 16201 17031 16735
16173 16389 16916 16714
16088 16362 16848 16754
16032 16230 16805 16762
15984 16298 16839 16777
16300 16335 17180 16386
16234 16431 16811 16633
16078 16089 16845 16767
15942 16368 16938 16749
16517 16445 17059 16326
16346 16320 16953 16629
16246 16332 17017 16614
16223 16450 16975 16587
16211 16424 17013 16617
16071 16400 17167 16527
16423 16367 17107 16355
16280 16461 16939 16575
16438 16454 17105 16268
16311 16595 17098 16477
16413 16302 16752 16547
16320 16517 16717 16530
15736 16467 16668 16645
16459 16435 17107 16247
16579 16407 17011 16220
16220 16448 17075 16595
16241 16510 16843 16593
16176 16530 16988 16586
16295 16550 16958 16567
16378 16577 16962 16431
16330 16395 16685 16579
16268 16463 16774 16606
16285 16479 16914 16581
16083 16374 16976 16679
16319 16512 16871 16539
16218 16601 17060 16356
16283 16586 17124 16482
16371 16375 16930 16575
16115 16405 16832 16690
16437 16409 16964 16466
16415 16362 16951 16522
16400 16548 17125 16169
16382 16519 17109 16409
16377 16447 17044 16524
16179 16437 16855 16673
16479 16300 16867 16546
16319 16402 17007 16643
15958 16429 16780 16702
16365 16168 16706 16623
16401 16268 16848 16603
16361 16442 17099 16569
16557 16357 16942 16302
16262 16454 17106 16516
16459 16354 16736 16544
16511 16551 17084 16389
16457 16403 17030 16455
16288 16252 16948 16647
16064 16490 16906 16641
16175 16771 16936 16530
16012 16374 16973 16696
16211 16624 17033 16444
16020 16260 17175 16647
15992 16787 16776 16460
16458 16332 16776 16530
16000 16630 17107 16482
16077 16669 17021 16475
16317 16672 16912 16409
16100 16609 17076 16489
16049 16651 16941 16571
16175 16629 17070 16489
16230 16689 16893 16522
16217 16812 16835 16217
16056 16600 17079 16450
16292 16648 16818 16522
16198 16686 17102 16331
16279 16740 16864 16227
16126 16719 16960 16525
16087 16731 17005 16552
16049 16606 17051 16517
16393 16350 16842 16527
16212 16692 16945 16542
16206 16703 16937 16463
16105 16614 17002 16556
16014 16779 16784 16483
15948 16843 16891 16411
16239 16644 16914 16472
16567 16476 16877 16417
16266 16723 16972 16393
16305 16607 16923 16472
15975 16814 16770 16414
16268 16678 16983 16326
16128 16665 17023 16420
16177 16562 16972 16562
16318 16595 16854 16478
16271 16604 16977 16440
16079 16779 16874 16469
16077 16589 17026 16551
16250 16661 16855 16466
16176 16602 17093 16435
16136 16774 16854 16491
16307 16657 16926 16404
16235 16679 16977 16527
16179 16721 16754 16479
16067 16631 16889 16586
16044 16638 16960 16559
16026 16481 17146 16594
16344 16648 16993 16359
16181 16655 17046 16414
16135 16547 17147 16360
16384 16373 16916 16547
16227 16662 16965 16547
16224 16758 16863 16387
16341 16366 17007 16575
16244 16657 16898 16430
16160 16659 17028 16534
16103 16703 16997 16482
16025 16597 17140 16448
16338 16606 17017 16302
16238 16409 17071 16573
16110 16723 16891 16577
16012 16609 17116 16428
16204 16465 16929 16581
15977 16690 17055 16566
16432 16366 16911 16497
16300 16621 16956 16430
16160 16617 16997 16603
16133 16636 16822 16607
16376 16534 17070 16435
16277 16621 16907 16469
16187 16600 17099 16410
16291 16611 16929 16453
16366 16486 16963 16545
16198 16474 16978 16597
16176 16721 16913 16394
16517 16485 16836 16321
16173 16701 17014 16541
16049 16570 17120 16551
16013 16736 16944 16395
16317 16611 17020 16439
16136 16622 16885 16568
16315 16555 16852 16506
16219 16614 17019 16437
16195 16592 16888 16568
16190 16657 17005 16341
16181 16786 16876 16318
16543 16431 16961 16258
15943 16554 17003 16610
16200 16592 17069 16494
16120 16725 17059 16434
16262 16649 16991 16450
15977 16618 16945 16567
16291 16673 16721 16509
16216 16697 16875 16489
16137 16428 17029 16675
16099 16732 17016 16534
16149 16717 16992 16520
16334 16608 16951 16441
16277 16700 16942 16222
16258 16723 16999 16371
16091 16618 16958 16564
16333 16243 16963 16683
16158 16567 17135 16604
16125 16648 17032 16456
16233 16607 16842 16531
16201 16649 17029 16343
16037 16598 17079 16497
16185 16592 16886 16607
16067 16663 17075 16408
16195 16628 17019 16473
16194 16636 17000 16368
16184 16632 17041 16397
16177 16780 17019 16389
16143 16493 16966 16638
16632 16412 16820 16324
16438 16478 16871 16496
16512 16386 16757 16460
16266 16426 16964 16600
16229 16434 17170 16521
16643 16390 16899 16314
16617 16394 16757 16331
16277 16484 16887 16585
16376 16360 16968 16560
16415 16516 16996 16521
16360 16467 17037 16523
16266 16644 16889 16485
16238 16232 17032 16610
16148 16408 16987 16678
16248 16737 16846 16337
16205 16729 16755 16453
16208 16376 16942 16646
16157 16424 16961 16679
16201 16724 16952 16313
16117 16576 17040 16503
16247 16742 16805 16311
16190 16569 17173 16331
16268 16663 16875 16429
16148 16798 16913 16414
16481 16280 16638 16505
16266 16341 16806 16683
16226 16212 17037 16588
16188 16340 16942 16688
16126 16320 17060 16660
16227 16362 16900 16648
16200 16587 17117 16496
16482 16174 16626 16559
16678 16366 16827 16115
16253 16337 16969 16688
16407 16512 17219 16357
16175 16459 17190 16517
16144 16466 16956 16607
16119 16461 17017 16646
16205 16578 17079 16495
16340 16332 16909 16623
16424 16352 16857 16498
16325 16407 17134 16401
16307 16327 16911 16707
16200 16415 17155 16621
16213 16469 16840 16617
16367 16413 17067 16495
16339 16388 17105 16519
16319 16506 17156 16431
16280 16415 17014 16575
16200 16463 16854 16610
16424 16415 16810 16517
16209 16451 16991 16642
16205 16299 17065 16637
16408 16288 16802 16600
16240 16506 17189 16502
16214 16424 16935 16664
16559 16477 16928 16336
16256 16266 17009 16616
16331 16348 16988 16584
16180 16452 16961 16618
16401 16482 17129 16491
16268 16465 17156 16433
16235 16265 16976 16647
16228 16216 17114 16527
16586 16299 16945 16184
16303 16405 16809 16600
16287 16435 17159 16360
16243 16364 17021 16576
16277 16477 17065 16517
