132306 3420.79
3632 3164 2678 3018
3246 3470 2291 3282
3079 3640 3138 2542
2966 2581 3182 3313
2821 4015 2786 2906
2735 3120 3717 2908
2620 2988 2853 3750
2328 3376 3096 3397
3143 3677 3061 2571
2940 2616 3214 3411
2353 3490 3102 3378
2382 3305 3217 3467
3123 3462 3238 2590
2592 3072 3563 3268
2878 2637 3224 3475
2658 3042 2805 3741
3069 3738 2481 3136
2625 3190 3599 3181
3224 3222 2464 3352
2430 3403 2913 3451
2997 3846 2873 2742
3188 3475 3213 2693
3138 3664 3098 2609
2601 3235 3579 3085
2703 3037 3704 3033
3183 3600 3132 2716
3025 3557 3301 2624
3192 3615 2972 2709
2849 2697 3358 3397
2899 3924 2825 2937
2890 2821 2977 3579
3563 3212 2560 3053
2956 3866 2751 2978
2863 2728 3067 3595
3156 3495 2298 3345
3295 3341 2506 3343
2662 2902 2790 3728
2784 3424 3484 2780
2802 3177 3621 3132
2411 3462 3202 3338
2711 3291 3590 3011
3174 2769 2982 3292
3130 3687 2932 2648
3610 3192 2675 2995
3193 3614 3000 2701
2994 3573 3300 2595
3063 3503 3275 2613
2894 2627 3246 3454
2829 3237 3570 2989
3094 2780 3137 3295
3454 3230 2599 3201
2999 3870 2857 2840
3556 3251 2584 3086
3604 3203 2700 3043
2504 3289 3492 3195
3011 3885 2742 2845
2807 3788 3052 2835
2394 3538 3296 3225
2335 3529 3254 3232
2795 3854 2885 3122
3465 3339 2795 2963
3154 2737 3014 3371
3162 2655 2999 3345
2577 3205 3286 3446
2674 3049 2925 3690
3616 3184 2700 3004
3316 3426 2335 3218
3108 3511 3184 2722
2770 3021 3511 3175
2721 2896 2979 3734
3287 3507 3123 2657
2886 2941 2948 3622
2503 3213 3376 3346
2789 3980 2859 2943
2851 3967 2819 2954
3127 2847 2910 3413
3457 3323 2618 3015
3376 3383 2401 3213
3512 3213 2550 3124
3489 3279 2830 3108
2349 3515 3087 3381
3077 3823 2829 2881
3387 3305 2389 3200
2725 3277 3673 2946
3250 3530 3067 2618
2827 3080 3436 3236
3139 3696 2738 2796
3434 3317 2605 3140
3559 3161 2648 3078
3015 3325 2425 3458
2984 3293 3443 2869
2945 3890 2722 2924
2470 3411 3283 3334
3097 2680 3110 3408
3139 3465 2419 3325
2482 3458 3313 3299
2881 2668 3191 3335
2979 3640 3194 2633
2616 3034 3667 3130
2766 2833 3364 3401
2806 4005 2697 2918
3627 3113 2639 3031
3375 3134 2765 3163
2869 2993 2835 3632
2938 3950 2898 2823
2874 3753 2528 3191
2536 3441 3227 3242
2404 3256 3209 3501
2571 3312 3319 3249
3497 3196 2535 3173
3017 3841 2852 2773
3595 3178 2562 3092
2719 3217 3636 2990
2775 3017 2993 3645
3213 3504 2356 3309
3552 3169 2608 3065
2346 3360 3140 3424
3385 3347 2517 3155
2970 3817 2918 2893
2444 3516 3340 3234
3546 3119 2557 3110
2529 3260 3083 3564
2832 2946 2872 3709
2821 3362 3469 2900
2385 3596 3145 3258
2636 3057 3681 3044
3401 3342 2442 3197
3355 3389 2783 3034
2739 3155 3695 2958
3145 2672 3030 3319
3421 3278 2454 3155
2463 3439 3259 3348
2725 2999 2948 3717
2972 2762 2985 3538
2992 2712 3152 3406
2847 2692 3233 3478
2913 3763 2940 3056
2911 3957 2884 2858
3266 3366 2350 3318
2598 3367 3416 3063
2527 3162 3189 3551
3288 3579 2997 2949
3414 3261 2918 2748
2820 3190 3498 3102
2677 3032 3226 3524
3002 3783 2878 2846
2902 2734 3091 3533
3501 3330 2613 3048
2713 3181 3545 3288
3540 3227 2774 3023
3177 3565 2364 3235
2616 3067 3686 3022
2837 3818 2816 3037
2854 3942 2735 2888
3149 3722 2718 2878
3107 3425 2311 3437
2669 3267 3427 3212
2961 3757 2693 3085
3365 3094 2631 3301
2654 3168 3265 3465
2794 3030 3049 3575
3058 3778 2826 2932
2613 3140 3659 2973
2523 3157 3163 3561
2605 3105 3108 3638
2618 3018 2858 3722
2728 3124 2845 3613
2637 3085 3005 3653
3227 3657 2494 3048
3272 3465 2291 3285
3311 3586 2492 3029
2849 2863 3063 3530
3325 3479 2330 3209
2798 2971 2906 3678
3327 2980 2922 2997
3256 2810 2961 3172
2972 3680 3037 2885
3262 3594 3008 2753
3236 3421 2591 3339
3331 3204 2523 3318
3058 3653 2748 3133
2671 3270 3520 3098
2824 3994 2791 2871
2760 2839 3280 3496
2623 3265 3551 3065
2987 3448 3389 2639
2932 2924 3140 3519
2943 3879 2656 2942
2671 3008 3339 3388
2566 3346 3253 3331
3303 3555 3035 2667
2949 3025 3463 3119
2950 3415 3419 2853
2928 3936 2759 2951
3621 3101 2698 2987
2889 3117 3505 3132
3296 3472 2372 3210
3073 3540 3066 2804
3308 3365 2808 2968
3199 2974 2937 3269
2989 3751 2956 2864
3243 3722 2733 2829
3236 3629 2845 2705
2929 3495 3382 2652
2446 3563 3208 3160
3021 3807 2862 2785
2611 3114 2907 3670
3417 3309 2634 3127
2694 3656 3145 2809
2700 3708 2984 2993
3101 3691 2875 2851
2582 3185 3367 3297
3214 3565 2594 3099
2728 2917 3304 3417
2510 3207 3167 3542
2458 3469 3231 3221
3380 3449 2545 3199
3161 3552 2326 3306
2676 3209 2901 3589
2647 3002 3115 3581
2553 3489 3168 3183
2684 3107 3712 2912
2669 2978 3101 3628
3535 3242 2582 3106
3092 2900 2755 3573
2690 3622 3159 3159
2750 4000 2857 2941
2650 3376 3299 3091
3209 3659 3076 2663
3033 3172 3409 2952
3335 3372 2668 3135
2681 3077 3268 3454
2681 2889 3475 3356
2873 3931 2835 2886
2773 2857 3071 3641
3234 3523 3153 2685
2491 3388 3135 3390
2426 3301 3158 3512
3518 3141 2638 3138
3594 3259 2731 2975
3442 3320 2887 2874
2549 3338 3353 3252
2845 3895 2863 2922
3268 3506 2666 3187
2708 3042 3058 3664
3113 3593 2626 3049
3047 3794 2869 2959
2870 2912 3152 3368
3580 3297 2740 2993
2739 3385 3250 3146
3363 3278 2434 3285
2790 2971 3093 3562
2488 3634 3148 2999
3409 3482 2883 2752
3087 3609 3139 2705
2794 3977 2811 2854
2751 3121 3697 2982
3030 3352 3355 2673
3168 3429 3042 2814
3143 3625 2458 3246
2924 3548 3342 2679
3216 2800 2727 3415
3206 3492 2450 3202
2832 3907 2913 2818
2420 3339 3074 3470
3276 3543 2413 3169
3222 3459 2313 3275
3037 3335 3010 3365
2857 2746 3074 3569
2613 3100 3120 3544
2884 2880 3334 3309
2818 3097 2780 3606
3083 3543 3118 2730
2775 3168 3645 2956
3179 3631 2974 2687
2724 2989 3075 3655
3031 2722 3005 3403
2811 3042 2794 3674
3150 3714 2706 2871
2747 2996 3035 3684
2907 3970 2714 2924
2866 2659 3125 3528
2934 3900 2983 2789
3429 3312 2540 3147
2797 3990 2795 2980
2765 3333 3529 2761
2725 3351 3454 3084
2941 3604 3201 2765
2950 2884 3253 3264
3017 3801 2685 3106
3474 3197 2538 3157
3405 3360 2838 3000
2400 3513 3277 3266
3533 3174 2708 3066
3449 2921 2823 3208
3196 3677 2841 2750
2826 2946 2993 3602
2803 3452 3403 2804
3328 2952 3058 3143
3585 3107 2688 3211
3540 3146 2570 3096
2853 2798 3220 3461
2832 2906 3185 3535
3024 3735 2880 2930
3041 3746 2907 2915
3342 3419 3045 2848
2843 2876 3170 3515
2557 3263 3524 3152
3438 3379 2514 3022
2992 2764 3129 3491
2630 3149 3043 3616
2732 3105 3651 3024
3348 3527 3034 2793
2757 3314 3414 3135
2721 3109 3432 3151
3163 3437 2578 3219
3481 3353 2512 3069
3099 3643 3114 2727
2900 3675 3136 2758
3170 3521 2353 3330
2860 3918 2768 2951
2737 2954 2941 3702
2774 3392 3488 2891
2455 3324 3147 3458
2559 3256 3390 3259
3379 3336 2651 3008
3104 3603 2488 3299
2834 3068 3218 3427
2836 2959 3344 3217
2872 3913 2840 2983
2841 2986 3557 3148
3219 3673 2763 2803
2498 3639 3012 3227
3299 3143 2662 3230
2936 3585 3234 2653
2628 3160 2849 3692
3572 3141 2711 3084
3589 3187 2762 3025
2468 3430 3350 3141
3318 3596 2680 2785
3007 3295 3453 2664
2683 2910 3022 3697
3478 3318 2864 2910
2640 3173 3384 3394
3506 3215 2684 3148
2743 3129 2943 3494
2881 3426 3457 3002
3160 2836 2892 3305
3053 3723 2439 3153
3410 3239 2645 3126
2912 3901 2848 2972
2924 3718 3019 2966
2745 2823 3314 3478
3098 3712 2889 2732
3009 2743 3121 3437
2984 3742 3006 2734
2879 3948 2896 2858
3117 3389 3278 2736
2519 3203 3539 3169
2646 3118 2954 3660
3282 3045 3024 3120
2905 3246 3516 2872
2689 3082 3649 3093
3007 3835 2743 2945
2939 3833 2801 3058
2903 3354 3326 3012
3087 3384 2628 3276
2705 3106 3240 3510
3203 3454 2409 3289
3342 3299 2445 3215
3060 2928 3155 3218
2979 3810 2911 2767
2881 2796 3292 3315
2834 3767 3032 2787
3344 3528 2966 2775
2768 2918 3028 3683
2802 3111 3626 2994
2923 3060 3449 3127
3470 3341 2687 2889
3104 3749 2861 2683
3255 3498 2369 3274
3113 3727 2572 3131
2896 2659 3205 3397
3090 3346 2643 3256
3020 2931 3080 3497
2838 2630 3350 3442
2750 3254 3196 3274
2778 2792 3276 3438
2811 2787 3241 3478
3389 3477 2751 2986
3251 3527 2319 3243
3507 3165 2632 3190
3068 2806 3078 3370
2642 3135 3309 3393
2894 3718 3106 2837
2763 2962 3029 3630
2632 3053 2985 3695
3527 3189 2672 3135
3359 3250 2499 3290
2816 3285 3622 3026
2780 2976 2926 3672
3394 2932 2776 3151
3119 3733 2661 2979
2513 3549 3210 3217
2604 3397 2960 3469
2908 2894 3177 3385
2754 3701 3072 3076
3446 3355 2813 2941
2574 3248 3397 3215
3216 3649 2895 2821
2760 2965 3344 3354
3028 2748 2953 3484
2584 3174 3185 3473
3280 2872 3040 3147
2921 3574 2822 3049
3201 3516 2512 3221
2707 3446 2964 3180
2543 3238 3209 3420
2576 3199 2947 3584
3522 3283 2799 3073
2624 3328 3528 3118
2966 3583 3167 2858
2902 2755 3180 3493
2986 3396 2653 3360
2600 3327 3207 3206
3162 3264 2549 3431
2778 3219 3542 3112
2803 3302 3535 2983
3350 3108 2710 3223
2665 2870 3244 3554
2837 3765 3026 2864
2820 3918 2962 2928
2714 3086 3483 3234
3219 3525 2381 3246
2535 3357 3111 3359
2801 3092 2961 3618
3492 3057 2759 3187
3033 3534 2944 3068
3079 3670 2671 3094
2694 3063 3297 3406
2641 2948 3308 3463
3136 2851 2953 3403
3046 2751 3107 3398
2561 3343 3465 3013
2516 3543 3176 3376
2630 2948 3632 3179
3297 3395 2384 3294
3103 3456 2576 3387
3018 3668 2935 2984
2809 3129 3594 3059
2533 3249 3473 3198
3277 3522 2319 3246
2963 3496 2568 3419
2855 3208 3477 2965
2951 2794 3054 3557
3037 2826 3180 3313
2737 2860 3048 3613
3101 2678 3109 3356
3254 3382 2556 3224
2450 3281 3171 3484
3134 3570 2577 3224
2546 3115 2914 3700
3206 3535 2406 3297
3393 3360 2436 3167
3026 3661 3122 2641
2952 3247 3450 2902
2577 3012 3396 3339
2495 3256 3188 3434
3524 3198 2681 3047
2761 3103 3024 3505
2733 3199 2900 3489
2765 2937 3334 3329
3339 3439 2767 2957
3045 3410 3132 2820
2917 3488 2934 3248
3055 3065 3178 3164
2807 2985 3245 3374
3200 2936 3003 3253
2450 3497 3272 3112
2423 3332 3199 3407
3041 3879 2776 2818
3207 3408 2695 3171
3179 2869 2980 3283
3314 3411 2463 3289
2973 3142 3262 3209
2804 2940 3393 3266
2977 3823 2818 2891
2615 3308 3329 3413
2959 3591 3011 2956
3206 3432 2384 3376
2980 3486 3282 2892
3050 3725 2917 3022
2995 3645 3024 2798
3070 3662 3030 2645
2518 3405 3318 3198
3071 3733 2457 3119
2994 2632 3165 3349
2486 3283 3276 3480
3182 2920 2941 3282
3078 2715 3008 3407
