6843 2832.34
3632 3164 2678 3018
3136 3576 3266 2593
3129 3553 2311 3381
2884 2584 3359 3403
2808 3993 2886 2911
2744 3106 3723 2946
2721 2896 2979 3734
2390 3500 3426 3154
2945 2612 3356 3338
3142 3571 2343 3345
3116 3574 2370 3389
2729 3026 2948 3722
3180 3571 2356 3322
2402 3493 3317 3312
2707 3128 3714 2887
3241 3444 3305 2603
3212 3249 2411 3452
2925 2623 3428 3305
3286 3542 2380 3249
3192 3589 2345 3282
3177 3574 2361 3325
2428 3493 3438 3132
2417 3548 3371 3190
3147 2675 3230 3339
3206 3499 2390 3383
2827 2652 3364 3438
2434 3521 3195 3402
3244 3505 2419 3362
3127 3430 3364 2622
3042 3559 3326 2626
3290 3710 2881 2671
3169 3538 3261 2619
2900 2659 3396 3380
2998 2643 3487 3170
3151 3563 2428 3338
3013 2637 3481 3141
3019 2645 3471 3167
3138 3681 2431 3197
2424 3477 3313 3352
2412 3582 3291 3255
3286 3497 2420 3281
3621 3150 2689 3017
3255 3372 3318 2666
3630 3233 2678 2972
3626 3207 2717 2978
2407 3573 3226 3297
3625 3097 2705 3000
2782 2902 2958 3713
2452 3436 3486 3121
3143 3550 2533 3365
2752 2951 2848 3717
2841 3126 3675 2994
2960 2670 3454 3246
2784 2992 3706 2958
2810 2892 2941 3709
3030 3813 3088 2784
3195 3730 3116 2663
3618 3175 2664 3012
2421 3353 3406 3337
2410 3594 3260 3268
3243 3667 3030 2752
2845 3056 3000 3676
2694 3572 2908 3472
3259 3726 2615 2899
3615 3237 2814 2906
3424 3556 2907 2915
2493 3736 3060 3321
2448 3482 3474 3105
3085 3166 2696 3549
3190 3489 2382 3389
3054 3621 2435 3374
3216 2857 3368 3039
3464 2985 2776 3312
3390 3406 2545 3222
3333 3397 2539 3277
2961 2843 3070 3588
3009 2840 3215 3412
2932 3987 2837 2865
2698 3984 2925 2988
3344 3383 2530 3314
3024 3742 2557 3180
3494 3456 2573 3049
3332 3435 2474 3287
3208 3665 2576 3192
2750 2996 3662 3120
3232 3230 2466 3428
2737 3202 3679 2979
3225 3555 2407 3306
2875 3988 2864 2876
2848 2665 3459 3339
2981 2635 3462 3194
2896 2632 3375 3402
3107 3557 2386 3383
3238 3345 3351 2635
3131 3614 2471 3368
2979 3679 2396 3293
2704 3052 3049 3652
3146 3589 3242 2649
3112 3590 3297 2661
3265 3699 3015 2705
3035 2889 3010 3525
2912 2919 3070 3587
3382 3504 3133 2726
3341 3562 3079 2693
3248 3711 2948 2638
3247 3740 2940 2677
3036 2866 3082 3515
2780 3061 3116 3623
2677 2862 3105 3655
2663 3172 3111 3612
2626 3238 3224 3561
2541 3222 3259 3523
3531 3432 2918 2823
3530 3297 2939 2855
3132 3289 2506 3507
2940 2882 3179 3503
2472 3407 3292 3391
2411 3520 3319 3278
3372 3430 3148 2790
2650 3047 2932 3720
2513 3709 2996 3378
3576 3239 2909 2922
3510 3078 2765 3241
2605 3832 3143 2986
2467 3510 3265 3341
2438 3599 3239 3292
2422 3355 3403 3310
2403 3405 3353 3361
3503 3410 2965 2819
3427 3057 2915 3259
3234 3668 3086 2692
3052 3894 2938 2698
2996 3016 3129 3556
2905 2910 3149 3560
2800 3957 2767 3042
2762 2961 2954 3703
2723 3491 3457 2658
2548 3655 2853 3494
2748 2943 3128 3618
2644 3038 3110 3626
3092 3882 2920 2761
3485 3201 2645 3244
3480 3304 2745 3185
3457 3530 2781 2875
3310 3268 3199 2829
3305 2808 3241 3152
3236 2880 2897 3391
3065 2803 3416 3126
2753 3860 3002 3150
2722 2930 3077 3665
2703 3877 3030 3088
2702 3863 2977 3113
2620 3782 3188 3076
2603 3351 3092 3493
3607 3137 2820 2984
3592 3298 2743 2931
3537 3395 2645 2996
3511 3458 2742 2980
3370 3000 2846 3324
3336 3627 2542 3049
3282 3279 2491 3398
2825 2935 3561 3194
2601 3052 3071 3648
2524 3367 3204 3435
2498 3511 3316 3290
2495 3353 3370 3343
2405 3473 3355 3295
3156 3498 2449 3384
2725 3277 3673 2946
2927 2800 3228 3510
3002 2742 3214 3459
3381 2831 3059 3247
3004 2668 3416 3258
2949 2680 3332 3413
3335 2875 3103 3223
3250 3659 3072 2650
3228 2815 3168 3334
3052 3844 2956 2771
2990 2736 3234 3440
2951 3944 2674 2933
2948 2928 2909 3629
2880 3040 3672 2888
2801 3980 2829 2989
2491 3690 3137 3305
3597 3251 2695 3038
3523 2987 2755 3267
3190 3419 2641 3302
3076 3002 2982 3520
3015 3837 3003 2838
2894 3661 3235 2776
2747 2872 3202 3579
2573 3744 3150 3180
2565 3231 3530 3286
2519 3446 3431 3247
3453 3461 2536 3082
2812 3242 3621 2864
2688 2775 3547 3330
2600 3216 3629 3122
2582 3324 3493 3220
2520 3185 3549 3298
2457 3470 3423 3211
2442 3354 3440 3287
3262 3453 2439 3381
3213 3257 2397 3458
3167 2793 3394 3115
2886 3824 2851 3090
3277 3472 2451 3289
3350 3479 2518 3203
3322 3342 2588 3348
3555 3286 2579 3072
3223 3506 2455 3370
3194 3577 2384 3273
2930 3208 3590 2889
2760 3086 3701 2960
2750 3101 3710 2975
2708 3179 3657 3057
2878 3206 3618 2845
2579 3274 3615 3043
2919 2625 3359 3400
2906 2628 3415 3329
3270 2870 3044 3322
3242 2688 3317 3107
3032 2691 3324 3362
3026 2797 3323 3347
3215 3724 2523 3047
3560 3225 2619 3126
3222 3615 2403 3182
2968 2923 3598 2913
3322 3539 2448 3172
3280 3576 2461 3277
3257 3617 3107 2607
3212 3632 3122 2613
3150 3496 2437 3418
2985 3066 2980 3578
3157 3682 3138 2695
3130 3586 3309 2654
3385 3340 3149 2647
3251 3657 3068 2645
3251 3622 3107 2651
3105 3773 3094 2724
3064 3806 3079 2697
3012 3763 3173 2637
3308 3632 3056 2643
3117 3217 3404 2617
2953 3672 3276 2707
2803 2942 3058 3659
2793 2839 2904 3715
2445 3550 3371 3162
3355 3698 2738 2756
3314 3341 3162 2749
2884 3471 3455 2739
2501 3533 2996 3478
3214 3578 3204 2687
3101 3649 3226 2675
3076 3443 3415 2615
2783 2978 3164 3614
2769 3227 3043 3585
2748 3117 3250 3517
3122 3511 3335 2821
2449 3582 3354 3169
3589 3335 2684 2954
3474 3183 2735 3235
3418 3601 2813 2874
3240 3677 3016 2734
3172 3691 2994 2856
3066 3816 3013 2844
2929 2775 3139 3557
2908 3916 2988 2811
2899 3833 3096 2786
2858 2704 3415 3372
3602 3222 2709 3022
3599 3256 2741 2987
3593 3348 2658 2927
3584 3218 2864 3004
3544 3019 2869 3073
3461 3579 2847 2870
3450 3511 2928 2737
3434 3564 2900 2812
3401 3459 2976 2842
3389 3595 2914 2817
3363 3551 3100 2774
3346 3600 3065 2722
3334 3625 3063 2721
3319 3562 3113 2735
3312 3704 2975 2720
3309 3428 3193 2718
3289 3684 3043 2728
3173 2757 3436 3041
3008 2792 3190 3482
2899 3067 2719 3620
2873 3280 3601 2934
2859 2761 3189 3545
2826 2912 3132 3631
2823 2948 2915 3692
2821 2859 3050 3637
2815 2863 2961 3711
2798 2958 3289 3505
2786 2947 2872 3705
2779 3415 2802 3564
2764 3000 3241 3569
2751 2931 3088 3635
2745 3030 3014 3682
2738 2867 2980 3706
2734 3384 3136 3432
2726 2905 3467 3355
2718 2914 3015 3698
2708 2946 3087 3680
2676 3050 3308 3466
2672 3220 3339 3398
2639 3150 3169 3542
2638 3171 3182 3533
2637 3075 2912 3702
2608 3133 3152 3630
2590 3144 3169 3600
2587 3152 3183 3602
2561 3269 3345 3465
2525 3476 3178 3450
3298 3382 3202 2664
3229 3616 3165 2703
3163 3635 2478 3309
3126 3302 2608 3467
2813 2924 3589 3116
2726 3301 3606 2952
3417 3529 2935 2854
3199 3200 2575 3423
3011 3939 2873 2920
2959 2787 3343 3320
2888 2727 3356 3423
2816 2860 3400 3439
2687 2788 3442 3413
2679 3012 3248 3570
2636 3719 3181 3253
3620 3171 2702 3008
3619 3140 2744 2960
3603 3158 2704 3037
3595 3121 2683 3067
3574 3339 2698 2966
3569 3345 2875 2879
3558 3324 2642 3047
3553 3301 2690 3064
3540 3199 2886 3027
3535 3034 2848 3183
3497 3276 2789 3140
3467 3149 2874 3195
3456 3085 2913 3215
3453 3004 2868 3263
3439 3515 2535 3111
3421 2966 2865 3275
3419 3509 3097 2798
3415 3517 3016 2730
3387 3498 3024 2900
3278 3765 2885 2787
3266 3573 2970 2948
3233 3678 3016 2779
3168 2847 3210 3320
3087 2785 3444 3122
2839 3786 2813 3250
2742 3483 3083 3368
2741 2893 2944 3720
2680 3042 3187 3538
2678 3766 3225 2788
2662 3134 3601 3185
2655 3604 3117 3236
2617 3798 2998 3198
2584 3618 3263 3068
2558 3643 3171 3327
2547 3395 3102 3527
2535 3673 3118 3334
2503 3457 3159 3457
2497 3682 3213 3215
2488 3583 3009 3460
2481 3619 3308 3197
2476 3595 3225 3318
2474 3322 3426 3348
2473 3441 3462 3182
2471 3386 3421 3307
2465 3508 3275 3323
2464 3611 3026 3419
2463 3593 3307 3219
2453 3637 3209 3285
2443 3263 3478 3345
2440 3517 3401 3173
2437 3452 3454 3145
2436 3533 3402 3139
2435 3629 3255 3243
2405 3490 3357 3230
3185 3194 2566 3455
2850 3149 2863 3646
3345 3545 3136 2766
3016 3051 2821 3605
2952 3923 2934 2778
2927 3181 2789 3571
3463 3473 2999 2804
2891 3379 3544 2741
2791 3294 3597 2867
3101 3489 2554 3396
2964 3217 3158 3463
3428 2903 3068 3096
3426 3042 3137 3065
2615 3796 3022 3324
2567 3165 3448 3349
3049 3815 3035 2835
2914 3915 2908 2980
2902 3978 2866 2916
3609 3311 2685 2973
3548 3089 2713 3173
3542 3374 2908 2988
3531 3282 2877 3011
3521 3463 2710 2910
3519 3330 2642 3061
3513 3377 2860 2965
3433 3361 2673 3198
3431 3526 2674 2975
3410 3610 2962 2763
3380 3523 3029 2864
3353 3648 2897 2780
3335 2917 2989 3184
3275 2974 3053 3271
3263 3534 3178 2650
3257 2861 3069 3315
3205 3054 2911 3418
3189 2897 3427 3005
3180 2865 3391 3212
3141 2834 3101 3457
3140 3641 2628 3156
3120 2771 3403 3224
3118 3866 2685 2999
3113 2755 3373 3245
3104 2757 3194 3407
3089 3878 2764 2944
3072 3855 2777 2877
3037 2887 3432 3191
3016 3926 2836 2929
3000 2687 3322 3416
2999 3851 2996 2865
2976 2718 3257 3446
2971 2769 3330 3352
2962 2706 3220 3471
2956 2801 3240 3449
2953 2701 3206 3504
2950 2828 3197 3500
2943 2754 3222 3497
2932 2717 3252 3486
2927 3927 2936 2846
2913 3949 2856 2947
2911 3956 2981 2818
2906 3969 2784 2948
2902 3930 2921 2903
2887 3798 3135 2896
2876 3755 3057 2949
2854 3953 2947 2941
2844 3857 3039 2965
2835 2878 2973 3685
2833 2853 3510 3221
2821 3905 3054 2847
2802 2898 2873 3713
2796 3748 2929 3228
2783 2957 2876 3701
2767 3886 2910 3148
2765 3108 2793 3657
2728 3020 3070 3644
2685 2972 3523 3376
2590 3702 3021 3377
2571 3296 3303 3433
2486 3669 3033 3388
2475 3607 3309 3208
3611 3165 2691 3060
3609 3155 2746 3003
3600 3154 2735 3040
3599 3279 2612 2991
3587 3118 2681 3120
3566 3336 2827 2903
3547 3195 2811 3124
3536 3426 2613 3010
3514 3068 2772 3219
3488 3028 3006 3112
3478 3423 2978 2822
3455 3464 2960 2857
3419 3329 2621 3217
3324 3213 2498 3360
3316 3594 2460 3100
3297 3284 2835 3281
3296 3460 2464 3331
3286 3035 2891 3394
3210 3567 2627 3288
3133 3568 2401 3326
3044 3907 2857 2848
3014 3949 2809 2862
2908 3197 3610 2880
2907 2836 3476 3295
2901 2849 3498 3237
2835 3278 3573 3093
2781 2924 3380 3326
2777 3070 3693 2995
2776 3828 3109 2944
2715 2980 2992 3704
2706 3332 3565 3055
2676 3221 3626 3108
2663 3892 2984 3157
2650 3136 3301 3500
2647 3735 3085 3237
2641 3336 3516 3138
2633 3499 3430 2969
2632 3173 3281 3470
2631 3121 3571 3199
2623 3208 3650 3083
2618 3142 3340 3441
2599 3202 3566 3273
2585 3334 3555 3101
2576 3170 3602 3193
2573 3109 3639 3214
2566 3350 3108 3572
2566 3097 3468 3385
2559 3245 3374 3346
2556 3186 3446 3410
2555 3281 3552 3217
2545 3578 3036 3477
2529 3409 3524 3149
2529 3210 3512 3302
2526 3429 3398 3300
2520 3141 3376 3417
2519 3603 3173 3362
2518 3400 3531 3134
2499 3305 3453 3294
2495 3608 3334 3175
2484 3345 3449 3301
2483 3532 3141 3444
3505 3264 2783 3134
3373 3500 2564 3167
3325 3191 2457 3350
3204 3176 2659 3473
3164 3418 2500 3454
2958 3474 2601 3439
2817 2975 3697 2968
2561 3447 3362 3350
3498 3448 2626 3025
3368 2911 3243 3025
3274 2820 3049 3305
2997 2702 3307 3381
2978 3859 2818 3013
2965 3970 2775 2926
2882 3240 2925 3443
2814 3881 2884 3098
2806 3938 2797 3040
2675 3921 2936 3129
2627 3686 2930 3433
2613 3418 3388 3283
3563 3359 2623 2960
3508 3508 2617 2947
3484 3385 2589 3094
3386 2884 3184 3142
3226 3738 2540 2996
3153 3542 3076 2963
2924 3505 2581 3506
2669 3801 3114 3110
2653 3029 3605 3164
2543 3590 3336 3162
2889 3876 3096 2806
3458 3363 2979 2912
2915 2845 3223 3463
2896 2778 3216 3539
2781 3941 2799 3080
2632 3234 3521 3204
3610 3180 2694 3032
3599 3275 2781 2957
3526 3232 2792 3166
3060 3729 3147 2730
3032 2760 3284 3303
2925 2713 3185 3514
2826 3143 3093 3533
3363 3470 2488 3200
3294 3364 2511 3351
3028 3102 3532 2923
2862 3184 3631 3036
2857 3213 3684 2869
2696 3233 3625 3052
2646 3226 3569 3140
2548 3427 3528 3062
2829 3165 3695 2904
2824 3321 3623 2731
2922 2630 3322 3417
3281 2833 3061 3293
3256 2813 3207 3247
3255 3045 3209 2994
3252 2829 3224 3223
3240 2738 3271 3202
3221 2740 3216 3289
3184 2950 3343 3100
3177 2795 3084 3351
3045 2678 3342 3317
3017 2684 3357 3326
3007 2722 3432 3255
3006 2789 3293 3402
2920 2683 3350 3394
2907 3722 3094 2984
2898 2826 3521 3234
2891 2780 3347 3433
2868 2763 3393 3369
2855 2665 3439 3352
2846 2686 3458 3310
2745 3869 2866 3218
2720 3947 2868 3117
3391 2814 3171 3013
3311 3718 2628 2879
3275 3670 2451 3008
3203 3770 2990 2779
3136 2719 3139 3392
3095 3455 2570 3401
3067 2700 3360 3305
3058 2922 3466 3013
3005 2693 3290 3404
2939 2918 3396 3188
2934 2714 3500 3191
2895 3976 2888 2922
2646 3026 3595 3300
3309 3409 2459 3300
3292 3671 2494 2937
3158 3569 2559 3265
2977 3899 2737 3001
2933 3585 2553 3332
2791 3018 3668 3063
2727 3252 3664 3025
2596 3159 3539 3301
2548 3292 3575 3197
2808 3035 3710 2925
3034 3873 2690 2980
3070 3807 3020 2814
3081 3631 2464 3325
3262 3602 2400 3207
2532 3337 3537 3139
2717 3191 3660 3055
3259 3630 3106 2640
3230 3638 3090 2629
3200 3465 3234 2655
3181 3594 3239 2659
3114 3461 3364 2609
3384 3614 2965 2723
3120 3828 2977 2714
2869 3027 3088 3574
3067 3627 3253 2605
3029 3703 3250 2713
3022 3638 3300 2642
2862 2827 3162 3598
2802 2975 2917 3689
2732 3188 2932 3668
3268 3443 3234 2611
2930 3426 3478 2633
2823 2876 3023 3663
3533 3150 2882 3096
3432 3617 2785 2800
3350 3611 3004 2691
3339 3663 2970 2765
3270 3636 3015 2746
3249 3637 3089 2708
3208 3662 3064 2716
3200 3735 3049 2701
3194 3788 2963 2760
3145 3794 3045 2727
3056 3006 2895 3555
3002 3728 3174 2782
2904 2962 3057 3608
2893 2866 3136 3595
2877 2698 3349 3424
2843 3041 3139 3581
2842 3112 3102 3621
2831 2927 3009 3664
2828 2960 2833 3711
2763 2915 3106 3627
2746 3394 3048 3495
2730 3041 3045 3672
2717 3301 3031 3609
2712 2963 2998 3700
2699 3704 3289 2830
2668 3151 3192 3509
2647 3140 3458 3416
2606 3110 3353 3489
2585 3164 2962 3678
2577 2921 3102 3645
2526 2982 3383 3468
3455 3224 2791 3260
3409 3535 3014 2711
3358 3598 3015 2631
3304 3111 2661 3422
3242 3697 3021 2686
3179 3366 3386 2610
3171 3346 3384 2672
3128 3568 3300 2747
3114 3369 3353 2719
3053 3147 3348 3106
3048 3481 3344 2604
2989 3238 2735 3593
2913 3185 2830 3573
2871 3075 3073 3604
2849 2981 2875 3684
2794 3206 2928 3607
2776 2896 2917 3721
2775 3094 2850 3669
2760 2942 3047 3661
2597 3241 3196 3543
2579 3250 2855 3657
2557 3606 2859 3552
3543 3346 2740 3030
3495 3492 2800 2820
3475 3027 2771 3311
3451 3469 2586 3115
3437 3288 3013 2885
3395 3624 2909 2761
3394 3518 2790 2955
3378 3109 2875 3286
3375 3638 2667 2904
3360 3598 2911 2844
3359 3454 3102 2808
3354 3221 2965 3190
3338 3639 2918 2845
3337 3640 2858 2852
3313 2908 3090 3216
3285 3697 2889 2833
3084 3769 3064 2809
3068 3007 2934 3453
3028 2762 3271 3400
2903 3031 2892 3647
2847 2930 3532 3136
2795 3211 3226 3282
2686 3420 3465 3117
2648 3654 3273 2956
2574 3162 3393 3351
2441 3550 3403 3124
3606 3205 2761 2967
3586 3189 2779 3058
3557 3287 2701 3066
3472 3308 2680 3216
3430 3261 2826 3292
3349 3518 3082 2837
3340 3618 3090 2755
3299 3359 2561 3378
3261 3316 2630 3376
3149 3637 3221 2700
2974 3427 2702 3429
2882 3170 2810 3610
2689 3409 3541 3046
2598 3532 3420 3013
2578 3263 3613 3084
2514 3567 3267 3308
2482 3591 3049 3447
3086 2796 3216 3437
3026 2899 3034 3559
2971 2888 3048 3582
2855 2906 2942 3677
2835 3091 2932 3666
2799 3096 2802 3707
2738 2953 3289 3531
2599 3437 3049 3531
3487 3413 2997 2827
3435 3159 2593 3304
3400 3372 3064 2907
3253 3656 3059 2630
3232 3621 3034 2758
3097 3584 3305 2699
3077 3693 2753 3033
3045 3050 2814 3579
3025 3547 3312 2685
2977 3199 2869 3554
2975 3320 2831 3513
2937 3910 2918 2938
2933 3043 2912 3603
2856 2921 2983 3661
2802 3023 2877 3696
2799 3013 2890 3695
2781 2976 2880 3714
2773 2876 3133 3625
2751 3246 2801 3640
2721 2936 3011 3687
2717 3058 2940 3693
2674 3258 2842 3634
2546 3242 3238 3526
2526 3289 3344 3426
3298 3337 2707 3242
3019 3407 3419 2681
3005 3321 2625 3511
2925 3349 2509 3563
3583 3038 2713 3121
3515 3093 2908 3051
3463 2934 2815 3251
3411 2939 2777 3343
3391 3099 2764 3347
3376 2849 2988 3256
3358 2977 2980 3289
3289 2873 3042 3280
3268 3688 3017 2679
3267 3737 2926 2736
3238 3792 2909 2690
3183 3725 2864 2914
3155 2822 3113 3386
3131 3080 2693 3486
3127 3760 3079 2750
3106 2990 2882 3484
3102 3820 2847 2871
3101 3888 2797 2815
3070 3811 2962 2886
3069 3885 2753 2909
3055 2855 3000 3493
3049 3831 3045 2679
3042 2819 3103 3409
3035 3950 2804 2885
3034 3897 2977 2766
3018 2703 3312 3353
2998 3931 2909 2953
2984 3904 2870 2964
2961 2744 3292 3428
2957 2804 3332 3393
2956 3913 2927 2842
2952 3934 2882 2913
2951 2692 3296 3449
2944 2654 3260 3469
2935 3973 2793 2926
2930 3920 2979 2759
2918 2848 3282 3408
2901 3975 2892 2894
2890 3951 2924 3011
2887 3049 2996 3592
2871 3962 2925 2866
2848 3972 2917 2943
2840 2773 3363 3407
2829 3821 3153 2872
2822 3062 3183 3565
2797 2907 2958 3690
2792 2970 3049 3638
2788 2879 3391 3366
2783 3981 2908 3008
2770 2852 3166 3589
2758 3843 3080 2966
2711 2791 3562 3229
2695 3872 3101 2892
2691 3925 2993 2963
2688 3928 3049 2983
2576 3707 3295 3058
2491 3323 3433 3347
3625 3228 2730 2969
3615 3205 2713 2995
3613 3131 2771 2941
3612 3153 2752 3065
3610 3257 2677 2953
3610 3107 2774 2924
3608 3192 2793 3029
3608 3083 2759 3035
3605 3285 2724 2979
3605 3198 2763 2943
3604 3300 2716 2913
3604 3206 2667 3021
3602 3172 2819 2990
3598 3193 2764 3019
3594 3267 2806 2914
3594 3118 2721 3078
3593 3177 2754 3077
3591 3139 2672 3079
3590 3347 2740 2908
3590 3271 2684 3034
3588 3248 2859 2897
3584 3287 2810 2891
3581 3288 2805 2946
3580 3338 2817 2898
3580 3169 2734 3094
3579 3312 2835 2878
3578 3101 2751 3080
3577 3265 2801 2994
3574 3074 2693 3131
3573 3224 2878 2942
3568 3182 2780 3107
3567 3094 2727 3132
3563 3247 2791 3046
3562 3220 2806 3138
3560 3396 2850 2866
3556 3397 2756 2884
3554 3319 2830 3014
3552 3360 2889 2862
3549 3340 2731 3028
3548 3328 2973 2848
3547 3379 2849 2896
3546 3313 2633 3048
3545 2994 2728 3231
3542 3170 2803 3210
3541 3162 2845 3109
3538 3278 2808 3087
3538 3229 2931 2851
3534 3386 2920 2945
3534 3127 2942 3020
3528 3277 2794 3102
3527 3411 2880 2873
3527 3098 2668 3250
3525 3318 2790 3015
3524 3453 2899 2850
3524 3424 2871 2887
3522 3100 2841 3168
3518 3382 3013 2801
3508 3110 2822 3159
3507 3210 2839 3206
3506 3215 2748 3188
3504 3451 2934 2880
3502 3462 2957 2837
3502 3017 2955 3136
3501 3376 2715 3070
3500 2942 2876 3227
3499 3325 2951 2989
3496 3507 2724 2810
3492 3021 2914 3208
3491 3485 2842 2861
3491 3186 3004 2861
3490 3546 2813 2796
3488 3513 2686 2892
3487 3014 3045 2997
3486 3445 2788 2940
3486 2933 2804 3233
3483 3480 2919 2877
3481 3387 3023 2860
3477 3544 2723 2871
3473 3471 2946 2893
3465 3117 2662 3284
3462 3427 3059 2859
3459 3114 2824 3209
3458 3477 2998 2788
3458 3236 2969 3024
3448 2965 2879 3230
3447 3065 2892 3234
3445 3069 3039 3155
3443 3630 2700 2753
3442 3549 2862 2665
3436 3421 2994 2920
3435 2892 2988 3164
3432 3217 2710 3297
3418 3184 2916 3196
3413 3565 2945 2717
3409 3075 2983 3156
3408 3499 3123 2757
3407 3204 2980 3139
3407 2995 3102 3129
3399 3560 2563 3062
3399 3011 2726 3319
3397 3091 2643 3344
3396 3440 2933 2951
3385 3614 2861 2807
3374 2999 2950 3225
3371 3632 2952 2785
3369 3652 2968 2769
3366 3126 2723 3336
3365 3541 2455 3171
3356 3665 2697 2872
3331 3219 3126 2962
3326 3644 2725 3069
3323 3422 2597 3282
3321 3706 2817 2762
3321 3134 2575 3411
3318 3666 2636 2910
3307 2969 3211 3127
3300 3661 2910 2825
3293 3635 3051 2739
3272 3645 3088 2657
3255 3587 3057 2878
3235 3361 3242 2881
3227 2967 2985 3444
3223 3067 2749 3465
3222 3741 2926 2771
3218 3515 2506 3327
3217 3472 3197 2751
3206 3836 2954 2764
3198 3734 3038 2814
3189 3291 3246 2813
3181 3032 2951 3431
3173 3783 3066 2750
3161 2854 3161 3359
3139 3819 2929 2797
3130 3717 2683 3068
3128 2968 2788 3538
3119 3758 3032 2762
3119 3597 3268 2684
3108 3712 3221 2740
3100 2784 3435 3157
3075 2982 2663 3568
3073 3582 3245 2772
3072 2742 3398 3249
3047 3895 2826 2881
3045 3893 2703 2882
3041 3543 2947 3109
3040 2944 3193 3470
3038 3634 3227 2798
3037 2711 3299 3321
3016 2994 3005 3501
3010 2728 3260 3418
3008 3838 3073 2829
3002 2683 3311 3380
2994 3778 3008 2942
2994 2864 3159 3477
2993 3303 3429 2810
2984 2719 3388 3328
2982 3909 3011 2782
2979 3803 2974 2924
2966 3954 2763 2921
2961 3620 3332 2731
2960 3813 3121 2690
2954 3552 2516 3420
2954 2958 2879 3590
2944 3657 3192 2908
2942 2784 3188 3512
2936 3359 3112 3224
2933 2786 3469 3238
2926 3675 3167 2985
2917 2988 2972 3619
2910 3095 2849 3617
2904 3731 3104 2853
2900 3389 2816 3381
2897 3838 2708 3086
2897 2679 3366 3359
2892 3394 2599 3483
2873 3899 3044 2779
2851 3071 3556 3089
2851 2885 3508 3149
2841 3781 3145 2860
2840 3370 3518 3020
2838 3284 3620 2974
2833 3946 2959 2973
2824 2920 2944 3704
2813 3029 3275 3303
2810 2981 3103 3625
2807 3924 2898 3048
2797 3907 2887 3061
2794 3209 2986 3596
2788 3182 3316 3357
2787 3155 3670 2971
2786 3371 3160 3434
2784 3763 2922 3114
2780 3919 2779 3095
2779 3321 3506 3097
2778 3749 2927 3213
2769 2755 3084 3650
2766 3507 3384 3023
2755 3153 2899 3654
2754 2942 3017 3683
2749 2969 2931 3698
2738 3408 3572 2876
2737 2967 2938 3701
2735 3207 3120 3519
2733 2867 3034 3685
2729 3137 3029 3617
2723 3022 3363 3481
2719 3428 3497 2922
2718 3856 3035 3029
2716 2941 3061 3658
2715 3527 3106 3267
2712 3420 3522 2858
2711 3531 3369 2868
2709 3865 3032 2939
2709 3819 3144 2978
2708 3871 3037 3072
2705 2968 3060 3654
2698 3135 3332 3414
2697 3620 3322 3031
2697 3023 3377 3411
2696 3893 3056 2981
2696 2989 3100 3641
2693 3271 3048 3628
2693 3230 3519 3209
2692 3037 3174 3575
2691 3113 3069 3687
2690 3024 3494 3281
2682 3381 3564 3019
2677 3146 3274 3553
2674 2889 3042 3691
2664 3597 3287 3044
2662 3710 3098 3212
2660 3553 3324 3111
2657 3167 2847 3683
2654 3752 3167 3063
2646 3606 3293 3075
2629 3745 3096 3226
2628 3563 3342 3067
2625 3711 3245 3051
2625 2909 3399 3498
2624 3570 3411 3038
2624 3270 3628 3027
2622 3357 3040 3590
2618 3442 3461 3174
2613 3413 3277 3316
2610 3114 2955 3671
2595 3746 3001 3332
2593 3401 3504 3183
2586 3440 3240 3299
2583 3803 2948 3248
2583 2965 3378 3475
2582 3674 3244 3128
2580 3376 3532 3087
2570 3759 3134 3167
2570 3211 3391 3335
2554 3481 3320 3336
2553 3606 3247 3276
2546 3147 3375 3448
2545 3196 3256 3490
2544 3654 3294 3074
2542 3557 3358 3191
2540 3074 3369 3461
2538 3662 3144 3283
2538 3287 3445 3358
2537 3504 3323 3306
2532 3714 2962 3371
2531 3434 3464 3164
2530 3447 3499 3071
2530 3076 3425 3451
2528 3664 3300 3092
2528 3414 3469 3181
2527 3461 3138 3484
2525 3017 3304 3498
2523 3528 3113 3442
2522 3647 3249 3129
2518 3509 3408 3202
2516 3576 3464 2967
2515 3514 3414 3082
2510 3676 3280 3119
2507 3273 3465 3353
2506 3343 3396 3324
2505 3480 3266 3387
2502 3315 3339 3401
2499 3549 3288 3280
2496 3525 3427 3142
2492 3425 3448 3195
2485 3575 3359 3166
2485 3366 3447 3234
2484 3672 3262 3204
2483 3623 3254 3262
2479 3564 3379 3152
2478 3285 3360 3430
2477 3378 3451 3269
2475 3421 3437 3254
2470 3632 3273 3223
2469 3502 3458 3096
2469 3312 3381 3393
2468 3561 3199 3339
2468 3402 3415 3289
2462 3544 3341 3252
2462 3392 3433 3263
2461 3585 3181 3356
2460 3602 3194 3311
2459 3346 3418 3315
2458 3674 3062 3392
2458 3399 3372 3338
2457 3586 3163 3363
2456 3513 3180 3365
2455 3541 3383 3168
2455 3314 3445 3319
2454 3613 3010 3440
2454 3424 3508 3118
2452 3647 3331 3079
2449 3313 3436 3329
2448 3559 3364 3172
2444 3430 3246 3421
2442 3591 3349 3177
2440 3621 3303 3188
2421 3494 3302 3331
3587 3300 2687 2968
3451 3285 2677 3232
3431 3151 2596 3300
3350 2896 3258 2893
3345 3142 2733 3354
3304 3430 2606 3165
3301 3300 2544 3382
3283 3516 2516 3189
3283 3343 2529 3395
3278 3440 2519 3294
3227 3436 2479 3363
3188 3155 2699 3426
3111 3549 2435 3433
3107 3528 2543 3410
3103 3154 2647 3508
3082 3487 2525 3417
3066 3402 2600 3461
3014 3186 2953 3399
2917 3559 3131 3003
2843 3233 3596 2984
2777 3153 3691 3001
2775 3239 3637 2875
2757 3106 3665 3032
2749 3140 3693 2915
2724 3177 3314 3406
2654 3405 3545 2937
2630 3210 3504 3264
2549 3289 3496 3265
2539 3384 3518 3100
2511 3521 3463 3040
2508 3399 3444 3254
3493 3161 2961 3023
3239 3738 2933 2732
3170 3680 3022 2850
2970 3740 2868 3121
2963 2809 3312 3401
2947 2699 3219 3475
3572 3349 2795 2924
3565 3138 2831 3077
3551 3262 2930 2957
3539 3116 2971 3031
3479 3120 3065 3038
3446 3548 2634 3007
3392 2891 3028 3236
3320 3123 3279 2813
3302 3695 2787 2869
3280 3160 3166 2959
3276 3766 2760 2895
3273 3613 2548 3123
3207 2991 3320 2900
3201 3751 3041 2757
3182 3543 2599 3336
3160 2864 3272 3243
3099 3812 3025 2682
3078 3666 2718 3189
3026 3900 2870 2919
2880 3775 2893 3060
2830 3983 2823 2990
2809 3871 2882 3145
2756 3933 2844 3101
2736 3939 2761 3181
2713 3307 3562 3134
2667 3123 3511 3298
2665 3909 2993 3099
2643 3326 3600 3123
2634 3850 3045 3174
2616 3791 2966 3280
2611 3797 2956 3299
2588 3453 3386 3252
2572 3486 3208 3295
2551 3605 3139 3392
2534 3751 3112 3280
2521 3497 3408 3202
2511 3537 3282 3297
2504 3683 3190 3252
2500 3697 3053 3289
2489 3571 3268 3287
2487 3634 3218 3211
3351 3458 2541 3269
3594 3156 2662 3063
3550 3203 2903 2963
3523 3327 2778 3097
3454 3187 2825 3229
3353 2940 2807 3341
3346 3129 2704 3342
3163 3088 3283 2834
3101 3756 3058 2781
3000 3290 2906 3448
2986 2948 3434 3091
2971 3299 2843 3379
2969 2724 3359 3335
2966 3917 2949 2763
2962 2750 3461 3187
2949 2758 3213 3508
2942 2805 3228 3492
2925 2835 3212 3512
2921 3964 2895 2902
2891 2971 2924 3653
2877 3125 2902 3601
2851 2997 2840 3699
2849 2983 2971 3644
2848 2783 3277 3506
2817 3852 3041 2999
2812 2851 3072 3639
2788 2891 2957 3699
2740 2877 3075 3675
2606 3774 3124 3158
2525 3369 3192 3455
2508 3484 3365 3253
2449 3468 3407 3231
3596 3244 2854 3053
3588 3283 2679 2985
3560 3238 2833 3076
3492 3375 2644 3092
3353 3501 3200 2702
3350 3404 2611 3276
3344 3388 2503 3310
3328 3070 2550 3368
3287 3414 2604 3171
3174 3331 2503 3405
3128 3224 2508 3488
3043 3433 2575 3492
2767 3092 3705 2958
2750 3261 3490 3184
2739 3085 3008 3647
2727 3130 3698 2996
2720 3243 3703 2977
2715 3226 3127 3534
2701 3144 3586 3151
2699 3633 3095 3367
2698 3435 3546 2831
2697 3459 3482 2850
2696 3177 3671 2992
2688 3148 3651 3078
2685 3178 3634 3163
2610 3205 3473 3277
2608 3328 3600 3123
2583 3229 3620 3133
2566 3316 3513 3232
2566 3115 3604 3178
2559 3274 3550 3147
2549 3358 3470 3275
2502 3347 3529 3186
2499 3486 3475 3094
2478 3373 3460 3244
2470 3538 3233 3340
3326 3267 2675 3333
2891 3252 3583 2906
2778 3250 3689 2849
2748 3159 3685 3021
3272 2751 3126 3226
3223 3732 3029 2805
3093 2695 3390 3236
2979 2709 3394 3311
2916 3829 3097 2922
2905 2765 3363 3373
2863 2721 3435 3350
2860 2698 3378 3384
2856 2767 3382 3398
2832 2818 3333 3430
2832 2753 3413 3404
2818 2777 3494 3284
2812 2824 3478 3326
2787 3961 2962 3035
3614 3073 2715 2995
3522 3431 2722 2996
3404 3104 3149 2972
3326 3033 3098 3205
3306 2837 3278 3127
3287 2821 3187 3163
3267 2886 3250 3167
3254 2937 3321 3101
3247 2883 3229 3262
3235 2895 3330 3112
3203 2858 3206 3292
3187 3788 2609 2984
3187 2716 3365 3114
3175 3785 3025 2791
3174 2712 3180 3336
3162 2802 3425 3087
3161 3743 3062 2779
3144 2766 3328 3277
3111 2730 3338 3272
3110 2745 3406 3143
3108 2705 3459 3127
3093 3901 2840 2803
3081 3696 3001 2850
3044 2710 3346 3302
3032 3776 2593 3099
3021 2734 3335 3345
3012 2772 3141 3491
3010 3902 2861 2939
2995 3858 2967 2865
2995 2694 3389 3324
2993 3903 2725 2996
2988 2715 3480 3160
2987 3835 3078 2863
2983 3889 3064 2921
2980 2747 3346 3377
2969 3802 2656 3063
2967 3943 2903 2779
2967 2749 3248 3454
2964 3967 2795 2886
2958 3826 2693 3088
2948 3734 2731 3138
2938 3077 3457 3217
2927 2724 3351 3347
2920 2807 3437 3317
2916 2770 3363 3371
2895 3861 2682 3183
2872 2644 3379 3394
2863 3827 2864 3056
2862 2748 3499 3299
2861 3849 2751 3172
2856 3982 2852 2943
2855 3942 2946 2978
2853 3966 2865 3001
2836 3955 2943 2975
2828 3963 2924 2972
2793 3952 2890 3071
2789 3705 3251 2915
2789 2838 3402 3285
2768 3612 3227 3075
2767 2806 3523 3251
2765 3890 2818 3133
2743 3946 2862 3153
2740 3823 3038 3110
2724 3772 3074 3090
2710 3794 3068 3065
2701 3965 2858 3064
2645 3784 3066 3137
2642 3809 2913 3287
2641 3789 3012 3150
2623 3884 2905 3248
2609 3800 3052 3190
2586 3727 3176 3177
2517 3467 3217 3391
3579 3092 2758 3079
3570 3317 2649 2994
3566 3357 2650 3000
3536 3303 2640 3055
3515 3441 2964 2916
3474 3495 2583 2969
3449 3535 2551 2994
3440 3493 2798 2891
3410 3552 2521 3003
3403 3525 2614 3146
3393 3583 2652 2982
3388 3528 2492 3185
3383 3124 2595 3332
3343 3555 2571 3054
3315 3596 2512 3172
3312 2963 3237 2992
3307 3466 2669 3142
3284 3524 2402 3258
3259 3488 2496 3331
3258 2769 3298 3141
3254 3746 2584 2903
3229 3684 2456 3081
3218 3586 2444 3257
3211 3454 3236 2890
3142 2932 3146 3263
3112 3791 2635 3017
3098 3822 2661 3054
3096 3664 2648 3152
3081 3008 3285 3152
3070 2739 3231 3343
3057 3598 2520 3312
3047 2999 3535 3002
2969 2669 3495 3144
2919 3924 2867 2979
2894 3058 3636 3094
2866 3027 3667 2967
2844 3107 3525 3124
2841 2998 3563 3114
2798 3008 3579 3127
2792 3438 3411 3056
2785 2954 3352 3403
2774 2993 3608 3193
2763 3189 3503 3220
2751 3589 3119 3189
2748 3579 3151 3219
2739 3021 3413 3305
2735 3852 3055 3067
2731 3060 3645 3111
2665 2952 3640 3158
2645 3280 3570 3086
2630 3239 3269 3475
2628 3176 3627 3167
2589 3574 3115 3297
2564 3277 3506 3274
3470 3450 2568 3091
3294 3433 2556 3269
3291 3560 2472 3211
3288 3495 2490 3243
3183 3505 2428 3426
3162 3492 2501 3406
3112 3428 2482 3447
3083 3411 2654 3378
3080 3561 2476 3315
3080 3264 2547 3504
3025 2854 3577 2862
2720 3075 3567 3152
3252 3416 2620 3292
3108 2868 3382 3164
2981 2656 3439 3196
2979 2726 3465 3210
2901 3959 2907 2866
3504 3367 2586 3051
3187 3412 2786 3137
3025 3906 2838 2902
2944 2733 3526 3161
2866 3082 3541 3090
2597 3293 3520 3232
3264 3465 2480 3281
3102 3692 2603 3110
2932 3252 3558 3008
2808 3128 3699 2887
2750 3154 3560 3149
2749 3068 3644 3102
2690 3072 3687 3098
2596 3382 3535 3084
2596 3191 3593 3164
3345 3513 2445 3206
3290 3587 2485 3206
2988 3595 2441 3405
2792 3113 3682 3031
3073 3533 3279 2768
3072 3656 3247 2689
2911 3092 3260 3529
3331 3345 2970 3045
3296 3495 3202 2742
3151 3711 3004 2826
3023 3117 2952 3536
3004 3621 3327 2632
2915 3065 2921 3636
2857 3766 3198 2833
2838 2889 3199 3567
2805 3024 2996 3681
2804 2912 3030 3670
2739 3337 3052 3566
3471 3228 2841 3158
3303 3115 3004 3199
3231 3645 3053 2796
3219 3405 2760 3221
3209 3693 3102 2678
3137 3218 2800 3402
3124 3081 2875 3485
3061 3078 3054 3443
3050 3642 3166 2839
2972 3132 3037 3563
2772 3893 3001 3034
2681 3267 3317 3370
2660 3621 3329 3065
2652 3642 3388 3024
3321 3593 2998 2836
3300 3640 3042 2673
3238 3693 3070 2680
3232 3581 3081 2828
3028 3520 3330 2657
3016 3715 3202 2777
2964 3754 3124 2683
2960 3148 2927 3535
2915 2903 3183 3550
2857 3015 2954 3643
2788 2995 3075 3649
2761 2955 3137 3615
3397 3272 3051 2930
3334 3459 3164 2709
3278 3595 3143 2729
3253 3583 3189 2674
3252 3068 2651 3436
3241 3656 3052 2710
3237 3359 3251 2799
2980 3050 2994 3547
2979 3097 2828 3616
2942 3134 2785 3606
2912 3295 2902 3548
2912 3102 3168 3445
2878 3396 2496 3518
2878 3064 2874 3642
2865 3079 2939 3650
2766 3141 3177 3537
2632 3202 2684 3686
3614 3253 2700 2958
3613 3198 2715 2998
3612 3246 2702 2961
3598 3119 2741 3074
3597 3176 2677 3054
3596 3106 2793 3075
3591 3122 2713 3103
3588 3316 2754 2940
3585 3325 2716 2911
3582 3064 2754 3089
3581 3333 2757 2937
3578 3366 2740 2947
3577 3230 2814 3104
3568 3306 2752 3044
3567 3142 2715 3144
3555 3430 2781 2909
3555 3135 2685 3240
3550 3407 2741 2919
3544 3403 2830 2925
3541 3481 2720 2902
3521 3315 2849 3095
3514 3341 2718 3091
3512 3047 2823 3197
3507 3487 2716 2841
3500 3478 2667 2974
3492 3466 2909 2745
3489 3087 2841 3220
3482 3489 2849 2818
3482 3286 2668 3165
3481 3500 2774 2929
3468 3173 2853 3162
3460 3474 2837 2936
3459 3432 2934 2939
3454 3043 2966 3172
3445 3521 2768 2890
3444 3503 2749 2933
3444 3157 2741 3265
3443 3228 2819 3226
3434 3337 2922 3141
3433 3512 2759 2895
3413 3227 2851 3290
3403 3263 2655 3268
3402 3618 2892 2793
3397 3322 2939 3081
3379 3658 2841 2732
3374 3591 2907 2825
3371 3557 2932 2838
3348 3687 2768 2793
3342 3589 2824 2905
3342 3209 2680 3305
3328 3682 2904 2743
3328 3003 2879 3316
3327 2931 2988 3362
3325 3683 2920 2759
3318 3599 2971 2773
3317 3708 2873 2853
3308 3061 2850 3349
3297 3646 2933 2770
3294 2966 3105 3274
3287 3717 2933 2789
3263 3728 2841 2795
3248 3084 2907 3364
3232 3749 3012 2702
3228 3758 2965 2733
3220 3141 3113 3085
3213 2991 2633 3487
3193 3053 2804 3490
3192 3643 3163 2803
3188 3840 2731 2883
3178 3013 2959 3406
3177 3757 2807 2839
3176 3036 2932 3479
3158 3817 2955 2787
3157 2936 3006 3420
3148 3642 3189 2757
3142 3752 3010 2802
3134 2924 2945 3462
3133 2881 3133 3401
3130 2943 3160 3255
3129 2976 3038 3329
3123 3828 3004 2700
3123 2978 2771 3504
3116 3390 3138 2950
3101 3216 2949 3248
3090 3801 3107 2795
3089 2913 2913 3528
3085 3831 2993 2851
3083 3034 2969 3435
3077 3796 2948 2883
3071 3850 2946 2835
3069 3887 2830 2901
3064 3355 3142 3118
3062 3703 2850 3052
3060 3826 3037 2704
3058 2996 2923 3527
3046 3896 2940 2858
3043 3445 3348 2732
3042 3636 3279 2682
3038 3095 2849 3546
3031 3856 2937 2900
3025 3929 2855 2794
3024 2984 3001 3497
3018 3292 2946 3419
3013 3954 2895 2894
2989 3066 3053 3496
2988 3895 2988 2770
2987 3036 2941 3581
2980 3754 3062 2981
2975 2989 3133 3520
2941 3133 3063 3576
2937 3971 2799 2917
2937 3037 3219 3361
2936 2774 3250 3481
2926 3112 2855 3610
2923 3891 3023 2773
2909 3910 3034 2805
2896 3900 3017 2957
2876 3938 2940 2873
2874 3006 3032 3633
2872 3800 3178 2754
2870 3687 3211 2891
2865 3007 3200 3544
2862 3536 3112 3047
2857 2739 3381 3399
2854 3204 3009 3558
2852 3692 3202 2814
2834 3797 2818 3225
2820 3780 3190 2802
2819 3575 3087 3105
2818 2851 3171 3568
2815 3887 2877 3213
2801 3309 3526 2997
2785 3442 3442 3016
2778 3032 3074 3638
2774 3884 3084 2919
2773 3913 3047 2863
2764 3747 3226 2816
2761 2920 3062 3673
2754 3832 3123 2990
2752 3741 3211 3160
2733 3083 3141 3601
2732 2935 3429 3403
2731 3566 3424 2841
2721 3485 3032 3469
2700 3018 3178 3628
2699 2884 3349 3522
2674 3600 3244 3112
2659 3762 3225 2886
2651 3111 3368 3446
2644 3478 3341 3086
2642 2873 3188 3584
2637 3771 3209 3026
2621 2915 3125 3633
2619 3217 3620 3135
2609 3295 3593 3137
2607 2944 3381 3471
2602 3272 3437 3313
2597 3700 3308 2925
2581 3652 3173 3314
2571 3596 3359 3036
2569 3471 3398 3270
2555 3397 3179 3424
2550 3475 3302 3349
2541 3449 3261 3375
2540 3518 3369 3200
2537 3622 3292 3233
2531 3577 3393 3099
2527 3625 3316 3146
2523 3247 3445 3373
2516 3267 3448 3344
2506 3720 3130 3206
2492 3519 3392 3227
2480 3501 3415 3143
2461 3464 3291 3379
2459 3560 3350 3218
2444 3558 3357 3205
3611 3228 2720 2970
3600 3192 2718 3031
3596 3246 2756 2977
3589 3122 2678 3119
3585 3107 2688 3211
3570 3083 2837 3057
3565 3300 2858 2916
3559 3247 2701 3146
3559 3083 2959 2888
3556 3230 2922 2876
3554 3244 2895 3007
3546 3136 2673 3154
3545 3218 2977 2889
3529 3285 2921 3001
3526 3325 2720 3039
3520 3375 2963 2794
3520 3131 2829 3147
3513 3248 2770 3108
3505 3130 2873 3099
3504 3127 2787 3214
3494 3333 2692 3114
3489 3345 3094 2849
3483 3047 2706 3301
3476 3215 2785 3202
3476 3185 2769 3207
3466 3544 2851 2772
3466 3246 2639 3269
3462 3334 2803 3130
3461 3188 2995 3117
3449 3269 3022 3133
3448 3415 3035 2882
3441 3257 2919 3194
3441 3121 3134 2805
3438 3447 2932 2991
3430 3424 2597 3160
3416 3500 3017 2806
3404 3457 2570 3151
3402 3113 2626 3323
3400 3392 2548 3236
3388 3376 2567 3243
3381 3528 2663 2945
3377 3160 3174 2815
3376 3386 2799 3084
3365 3466 3077 2809
3364 3591 3042 2665
3361 3364 3135 2792
3357 3564 2917 2813
3345 3652 3012 2764
3344 3617 2883 2821
3301 3593 3125 2682
3295 3639 3078 2704
3288 3295 3247 2711
3284 3574 2526 3174
3271 3528 3195 2736
3269 3382 2967 3077
3264 3583 2606 3257
3252 3472 3170 2743
3246 3630 2943 2816
3237 2998 3176 3088
3230 3307 2773 3337
3202 3636 3129 2755
3197 3546 2716 3187
3196 3497 3291 2616
3196 3196 3067 3238
3193 3613 3239 2646
3186 3661 2719 3009
3186 3477 2584 3291
3184 3387 2671 3388
3171 3598 2571 3201
3166 3372 2680 3345
3159 3322 3390 2785
3154 2946 3264 3155
3144 3717 3096 2715
3139 3079 2665 3447
3135 3840 2767 2895
3125 3693 2526 3161
3118 3094 2617 3519
3115 3126 2760 3514
3109 2769 3257 3270
3088 3333 3434 2737
3076 3560 3249 2822
3055 3255 3456 2852
3033 3444 3219 3006
3000 3721 2728 3261
2955 3616 3270 2792
2943 3382 3207 3053
2931 2978 3079 3575
2928 3141 2822 3600
2911 2969 2997 3653
2893 3092 2815 3619
2892 2908 3067 3597
2864 2954 2935 3679
2837 3573 3341 2748
2837 3171 2933 3589
2829 2889 2991 3694
2824 3629 3181 2982
2823 2872 3325 3405
2822 3673 3220 2854
2803 3698 2942 3222
2770 3295 3646 3012
2750 3520 3343 3010
2746 3252 3306 3256
2716 3473 3418 3014
2710 3017 2974 3690
2705 3547 3387 2972
2700 3642 3314 2955
2692 3121 3562 3153
2685 3766 3177 3050
2682 3111 3450 3383
2659 3075 3296 3502
2658 3052 2916 3707
2608 3460 3223 3400
2607 3525 3451 2993
2600 3611 3212 3293
2596 3398 2833 3544
2579 3560 3276 3141
2553 3147 3200 3565
2552 3480 3416 3110
2546 3493 3405 3125
2536 3683 3256 3066
2533 3409 3089 3488
2522 3613 3333 3170
2515 3532 3368 3210
2508 3629 3210 3241
2505 3629 3299 3176
2486 3422 3526 3064
2480 3407 3179 3431
2477 3558 3312 3274
2456 3599 3328 3179
3517 3350 2667 3016
3470 3443 2740 3094
3468 3390 2671 3143
3330 3561 2951 2988
3329 3163 2745 3314
3224 3721 2916 2889
3191 3773 2946 2815
3094 3103 3270 3252
3020 3835 2843 2953
2867 3298 3437 3048
2771 2912 3393 3487
2759 3658 3132 3120
2671 3192 3532 3223
2656 3605 3312 3075
2575 3460 3381 3246
3561 3357 2904 2960
3405 3371 2634 3226
3347 3264 2505 3341
3091 2873 3378 3282
3063 3522 3002 3174
2684 3281 3519 3169
2569 3175 3435 3373
3436 3168 2551 3322
3402 3259 2896 3163
3362 3236 3097 2846
3238 3628 2652 3181
3129 2979 2770 3522
3035 3847 2934 2884
2967 3911 2981 2780
2946 2959 2939 3591
2943 2938 2987 3583
2820 3768 3156 2936
2789 2926 3005 3696
3625 3136 2700 2982
3615 3223 2670 3006
3614 3160 2697 3050
3610 3158 2757 2950
3609 3270 2714 3016
3608 3190 2666 3055
3597 3243 2823 2964
3594 3214 2605 3098
3589 3189 2670 3142
3587 3245 2766 2986
3585 3269 2796 2918
3583 3331 2802 2928
3583 3254 2853 3025
3583 3151 2738 3101
3568 3274 2666 3056
3568 3266 2882 2959
3563 3261 2887 2901
3554 3250 2825 3059
3548 3130 2898 3026
3544 3264 2768 3175
3544 3258 2784 3071
3542 3309 2872 3013
3527 3185 2800 3176
3521 3457 2852 2847
3521 3408 2884 2869
3519 3295 2656 3128
3516 3354 2815 3023
3515 3307 2911 2949
3514 3111 2631 3293
3491 3194 2855 3145
3491 3188 2896 3113
3490 3450 2665 2983
3482 3447 2836 2917
3477 3439 2749 2992
3477 3334 2609 3205
3454 3147 2881 3201
3436 3196 2937 3135
3433 3365 2778 3182
3414 3533 2972 2824
3357 3436 3124 2775
3353 3053 2766 3317
3348 3574 2987 2776
3343 3358 2797 3169
3328 3212 2668 3330
3324 3425 2566 3262
3317 3302 2780 3291
3315 3524 3107 2775
3294 3381 2703 3246
3240 3449 2631 3285
3221 3398 3244 2748
3203 2946 3054 3366
3177 3679 3048 2926
3123 3759 2906 2976
3115 3321 2647 3460
3098 3492 3196 2863
3098 3193 2741 3462
3075 3218 2643 3501
3044 3241 2717 3434
3031 3840 3033 2684
3026 3635 3252 2791
3017 3676 2530 3313
2993 3753 2610 3083
2987 3439 3387 2744
2984 3780 2748 3093
2977 3009 3304 3356
2973 3253 3390 3030
2969 3054 3522 3090
2967 2791 3438 3193
2957 3124 3455 3159
2931 3935 2920 2961
2930 3919 2770 2998
2877 3387 3006 3441
2875 3400 2509 3528
2861 3847 2988 3002
2856 2900 2945 3671
2817 3127 3705 2879
2797 2964 3262 3521
2774 3035 3050 3632
2765 3300 3584 2859
2764 3146 2963 3658
2749 3086 3556 3251
2729 3102 2985 3666
2717 3254 3313 3443
2717 3215 3642 3028
2717 3064 3031 3646
2715 3120 3628 3115
2699 3100 3013 3673
2674 3066 3515 3261
2667 3516 3321 3144
2658 3474 3507 2820
2651 3119 3097 3639
2638 3356 3155 3491
2637 3512 3286 3271
2629 3339 3395 3161
2607 3483 3366 3196
2606 3262 2800 3675
2595 3174 3005 3665
2590 3444 2885 3499
2583 3260 2976 3632
2562 3547 3356 3192
2556 3250 3507 3246
2554 3372 3480 3189
2554 3348 3311 3384
2546 3175 3243 3499
2545 3506 3479 3025
2545 3302 3253 3429
2538 3656 3125 3342
2538 3642 3261 3150
2538 3404 3327 3396
2537 3568 3338 3272
2536 3465 3348 3364
2531 3498 3393 3203
2530 3241 3572 3207
2525 3429 3145 3496
2517 3569 3400 3070
2516 3522 2989 3541
2478 3422 3501 3098
2478 3389 3367 3360
2475 3423 3399 3325
2470 3426 3484 3085
2456 3539 3090 3453
2455 3458 3404 3266
2449 3567 3350 3178
2444 3555 3395 3130
3418 3278 2894 3153
3221 3474 2514 3279
3139 3497 2524 3412
3120 3469 2747 3318
3103 3425 2405 3483
3102 3487 2495 3451
3075 3169 2832 3408
3064 3386 2528 3502
3006 3322 3421 2824
3004 3551 2498 3385
2999 3497 2598 3421
2975 3617 2549 3369
2960 3734 3186 2745
2934 3107 3501 2751
2916 3021 3642 3015
2853 3264 3580 2959
2804 3138 3680 2928
2767 3215 3655 2897
2765 3119 3703 2898
2748 3128 3691 3035
2728 3076 3633 3060
2720 3208 3588 3059
2682 3260 3649 3069
2612 3241 3641 3103
3450 3310 2997 2986
3414 3588 2617 2877
3332 2904 3010 3198
3306 3713 2732 2916
3253 3786 2923 2818
3214 3609 3009 2838
3205 3750 2971 2769
3159 3841 2875 2789
3141 3804 3021 2761
3126 3870 2923 2807
3082 3790 2823 2999
3079 3764 2843 2973
3074 2781 3178 3455
3056 2900 3029 3460
3043 2654 3435 3187
3040 3936 2830 2864
3039 2735 3410 3230
3015 2925 3420 3058
3001 3898 2945 2919
2992 2729 3299 3384
2986 2916 3211 3430
2977 2746 3211 3455
2973 3779 2841 3035
2952 2846 3398 3305
2946 2732 3389 3327
2945 3977 2815 2847
2942 3912 3022 2919
2941 3918 2849 3001
2925 3795 2876 3137
2921 3968 2852 2973
2912 3932 2933 2896
2886 3839 2808 3139
2878 3592 3133 2997
2858 3761 3084 2997
2807 3716 3136 2971
2781 3958 2802 3056
2773 2731 3348 3475
2768 3842 3105 3052
2762 3810 2980 3123
3601 3281 2775 2970
3583 3375 2816 2897
3582 3308 2732 2977
3552 3326 2777 3007
3550 3076 2966 2970
3529 3475 2828 2903
3528 3405 2905 2937
3525 3343 2671 3050
3523 3352 2655 3040
3519 3048 2900 3104
3516 3452 2726 2928
3516 3022 2949 3061
3512 3438 2893 3003
3506 3472 2620 2914
3503 3152 2935 3058
3501 3482 2769 2873
3496 3392 2961 2960
3477 3056 2993 3070
3473 3145 3009 3002
3465 3373 2844 3072
3463 3527 2923 2873
3460 3113 3018 3095
3454 3566 2608 2902
3447 3364 2981 3010
3442 3030 3047 3113
3438 3079 3087 3025
3416 3540 2561 3013
3414 3132 2975 3142
3412 3494 2926 2920
3412 2952 3175 3011
3411 3249 3075 2878
3408 2964 3040 3159
3406 2998 3105 3128
3401 3174 3122 3075
3400 3003 3142 3029
3396 2955 3121 3114
3389 3212 2534 3322
3382 2951 3083 3164
3380 3558 2711 2989
3379 3059 3081 3094
3377 3320 2688 3216
3373 2827 3070 3183
3369 2839 3294 3054
3366 3434 3106 2818
3364 3418 3010 2988
3363 3001 3217 2838
3362 3490 3089 2801
3362 3104 2970 3146
3353 2896 3155 3130
3348 2818 3198 3096
3346 2885 3118 3217
3334 2913 3222 3147
3327 3590 2768 2909
3324 3633 2790 2903
3322 2941 3302 3003
3315 3031 3283 2983
3298 3063 3031 3228
3295 2881 3292 3064
3293 2984 3306 2925
3281 3401 2590 3349
3271 2836 3152 3183
3269 2786 3305 3137
3265 2743 3259 3186
3262 3650 2664 2921
3261 3663 3000 2789
3258 3675 2706 3037
3256 3370 2986 3175
3249 2711 3253 3220
3244 3616 2744 2950
3241 3708 2551 3074
3237 3714 2714 2919
3225 2905 3333 3113
3221 3745 2958 2785
3220 3701 2651 3070
3214 2993 3160 3201
3210 2988 3280 3129
3202 3603 3163 2717
3195 2960 3327 2955
3194 3001 3286 3085
3178 3608 2535 3214
3175 3522 3255 2773
3166 3623 2682 3133
3164 2945 3287 3107
3157 3715 2727 2933
3148 2927 3296 3138
3145 2762 3400 3138
3140 3010 3270 3129
3138 3503 2492 3395
3136 3731 2843 2941
3117 3626 2536 3202
3116 3765 2965 2798
3115 3809 2745 2975
3109 3570 3173 2882
3104 3880 2860 2839
3103 3619 3104 2822
3102 2954 3254 3340
3098 3060 3282 3026
3097 3777 2845 2931
3097 2872 3099 3455
3096 3010 3385 3071
3086 2761 3345 3286
3079 2678 3381 3251
3075 3726 2633 3056
3074 3329 3182 2975
3059 2774 3410 3160
3057 2962 3238 3360
3048 3862 2812 2906
3046 2975 3080 3378
3039 3519 3191 2902
3034 3344 3329 3020
3033 3318 2821 3438
3031 2933 3543 2891
3029 2981 3554 3037
3028 3537 3279 2824
3023 3891 2941 2928
3022 3769 2771 3015
3019 3933 2856 2810
3017 3849 2708 3028
3003 3908 2738 2961
3003 2980 3407 3122
2996 3908 2794 2965
2992 3865 2759 3037
2990 2679 3456 3167
2983 2645 3337 3330
2982 3178 3483 2776
2973 2854 3514 3138
2968 3069 3218 3363
2966 2815 3450 3207
2962 2932 3497 3147
2957 3892 2774 2975
2938 3922 2753 3019
2930 2785 3349 3332
2921 3260 3417 3194
2918 3896 2878 2963
2915 2695 3447 3294
2914 2810 3354 3379
2891 3971 2870 2973
2890 2669 3405 3328
2889 3974 2824 2936
2889 2909 3503 3209
2879 3929 2841 3048
2879 3510 3278 2960
2875 3132 3170 3485
2874 3806 2752 3180
2864 3879 2819 3114
2860 3604 2667 3274
2852 3079 3510 3121
2842 3706 3175 3034
2826 3762 3018 3061
2819 3783 3126 3028
2804 3531 3233 3016
2802 3283 2892 3589
2800 3644 3191 3012
2799 2947 3490 3282
2790 2743 3514 3262
2766 2914 3295 3553
2761 3194 3553 3197
2758 3195 3477 3149
2757 3650 2808 3356
2747 3935 2950 3122
2740 2839 3424 3319
2734 3019 3063 3646
2727 3094 3479 3280
2717 3014 3156 3575
2673 3352 3264 3296
2671 3393 3123 3441
2667 3836 3091 3086
2658 3777 3080 3181
2651 3833 2896 3179
2640 3028 3516 3341
2633 3396 3483 3130
2631 3695 3107 3334
2621 3698 3028 3310
2612 3551 3347 3137
2610 3630 3267 3037
2606 3792 3081 3139
2603 3149 3326 3454
2602 3206 3672 3125
2595 2945 3477 3384
2594 3721 3004 3360
2593 3255 3459 3246
2592 3319 3272 3417
2589 3332 3540 3176
2580 3616 3271 3253
2577 3775 3101 3154
2565 3700 3198 3173
2562 3781 2871 3379
2560 3308 3394 3298
2560 3257 3594 3143
2559 3487 3132 3373
2556 3639 3248 3206
2554 3333 3414 3307
2550 3344 3410 3283
2549 3712 2923 3440
2542 3747 3142 3162
2539 3651 2987 3391
2536 3219 3554 3203
2532 3190 3594 3247
2517 3649 3228 3182
2510 3495 3424 3139
2509 3688 3099 3361
2507 3624 3219 3294
2502 3617 3295 3223
2496 3256 3467 3341
2490 3645 3130 3360
2479 3384 3358 3361
2478 3581 3289 3269
2470 3291 3392 3352
2465 3385 3487 3190
3367 3367 2712 3160
3356 3333 2586 3267
3323 3320 2580 3341
3300 3348 2638 3276
3250 3687 2729 2931
3245 3652 2592 3061
3230 3683 3046 2781
3217 3566 2522 3285
3176 3326 2527 3438
3172 3546 2513 3340
3155 3600 2582 3263
3152 3611 2562 3258
3100 3113 3156 3160
3088 3499 2405 3454
3051 3714 2505 3114
3006 3813 2739 3015
3005 3688 2477 3275
2955 3145 3491 3078
2949 3022 3578 2982
2946 3059 3603 3094
2846 3186 3666 3028
2834 3050 3574 3188
2811 3037 3635 3100
2805 3173 3154 3600
2799 3313 3452 3059
2728 3190 3612 3129
2632 3241 3472 3188
2629 3238 3647 3087
2612 3191 3670 3082
2591 3256 3557 3186
2581 3461 3442 3218
3048 3846 2994 2846
3026 3867 2928 2943
2953 2707 3353 3391
2872 2657 3417 3331
2862 2811 3389 3362
3312 3653 2866 2890
3246 2894 3377 2889
3203 3767 2590 2936
3148 3380 2722 3290
3059 3024 3331 3113
3046 3044 3420 3030
3045 3864 2807 2953
2982 3694 2952 3003
2969 3580 2732 3292
2961 2759 3401 3298
2949 2782 3337 3327
2879 3854 2740 3223
2860 3554 3417 2840
2848 3818 2889 3074
2766 2956 3553 3312
3541 3415 2637 2957
3528 3305 2591 3057
3448 3406 2560 3126
3414 3273 2624 3263
3237 3399 2507 3368
3223 3673 2762 2905
3117 3536 2466 3428
3070 3701 2594 3173
3037 2810 3484 3122
3014 3469 3027 3101
2996 3854 2750 3030
2933 2863 3551 3182
2922 3778 3019 3055
2912 3065 3205 3458
2860 3009 3652 3028
2858 3087 3653 2960
2852 3360 2622 3490
2835 3145 3648 3043
2824 3015 3688 2939
2788 3048 3585 3192
2780 3078 3607 3094
2775 3131 3543 3144
2773 3456 2901 3306
2764 3138 3613 3131
2738 3103 3638 3059
2737 3122 3632 3046
2665 3071 3654 3142
2629 3540 3310 3131
2525 3349 3509 3204
3261 3485 2483 3325
3245 3573 2443 3297
3081 3642 2487 3234
2734 3205 3581 3134
2732 3024 3488 3294
3193 3238 2684 3414
3188 3548 3176 2831
3100 2955 2943 3480
3009 3067 3029 3474
2955 3162 2842 3576
2900 3360 3447 2932
2892 3281 3008 3427
2891 3107 2989 3611
2857 2891 2993 3674
2793 2952 3105 3622
2791 3378 3033 3540
2691 3712 3255 2935
3601 3097 2697 3126
3573 3312 2781 3009
3571 3297 2853 2921
3571 3137 2738 3110
3562 3366 2732 3002
3549 3375 2819 3005
3526 3182 2814 3123
3518 3155 2761 3279
3499 3286 2848 3137
3490 3224 2803 3179
3487 3487 2903 2797
3478 3151 2918 3143
3440 3346 2727 3186
3436 3098 2801 3258
3435 3527 2930 2715
3427 3579 2913 2840
3423 3396 3039 2923
3421 3331 2930 3125
3393 3048 2731 3332
3383 3272 2931 3148
3367 3106 2780 3299
3357 3220 2892 3272
3343 3122 2535 3358
3319 3043 2779 3375
3317 2952 2994 3307
3316 3371 2617 3325
3292 3329 3164 2744
3290 3069 2745 3357
3253 3059 2899 3266
3245 3195 2721 3308
3215 3177 2761 3371
3212 3215 2909 3340
3211 3094 2836 3438
3204 3507 2983 2971
3198 3043 3024 3392
3197 3038 3135 3245
3179 3698 3070 2753
3152 3138 2763 3404
3150 3246 2805 3367
3147 3726 3067 2733
3131 3672 3162 2789
3105 2984 2986 3430
3095 3752 2831 3017
3086 2960 3056 3283
3073 3109 2774 3521
3071 3130 2859 3475
3067 3695 3160 2834
3060 2892 3024 3491
3053 3395 2709 3456
3051 3042 2906 3476
3022 3172 3079 3382
3001 3075 3037 3506
2999 2943 3029 3546
2991 3511 2998 3239
2991 2943 2849 3594
2986 3828 3045 2890
2981 3637 3094 3018
2976 3209 3465 2868
2971 3381 3100 3081
2964 3094 3103 3539
2950 3847 2819 2970
2931 3939 2899 2801
2929 3613 3246 2857
2928 3586 3280 2740
2923 3060 2884 3597
2898 2872 3125 3594
2870 3145 3521 3107
2868 3511 3332 3007
2861 2948 3029 3648
2836 3277 2779 3570
2827 3623 3345 2840
2811 3151 3105 3534
2796 2976 3075 3629
2790 3794 3116 2976
2755 3072 2955 3691
2719 3185 3299 3394
2707 3553 3359 2931
2690 3152 3192 3479
2673 3449 3480 3102
2669 2944 3180 3592
2664 3354 3239 3485
2657 3528 3338 3056
2650 3017 3405 3404
2640 3413 3009 3487
2639 3453 3501 3000
2635 3712 2976 3395
2635 3267 3342 3409
2619 3404 3393 3296
2599 3518 3379 3104
2594 3477 3368 3264
2592 3637 3300 3037
2564 3585 3381 3090
2563 3547 3053 3454
2562 3347 3418 3239
2552 3569 3243 3322
2533 3497 3349 3240
2509 3398 3360 3354
2460 3355 3402 3317
3422 3430 2833 3054
3398 3387 2735 3107
3352 3303 2764 3298
3165 3343 2931 3222
2683 3499 3317 3203
3580 3297 2740 2993
3468 3179 2754 3249
3438 3115 2784 3296
3385 3433 3105 2781
3364 3516 3106 2791
3339 3514 2548 3228
3327 3081 2711 3387
3246 3450 2972 3043
3166 3546 2973 2951
3142 3402 2796 3218
3120 3646 3209 2646
3118 3626 3234 2616
3096 3072 2937 3252
3072 3812 2998 2807
3055 2859 3282 3377
3043 2876 3171 3386
3040 3862 2997 2754
3040 3629 3088 2905
3028 2882 3255 3288
3016 3004 3156 3456
3006 3565 3069 2912
3000 3685 2979 2962
2998 2847 3133 3476
2915 2986 3122 3584
2900 3005 3024 3591
2896 3393 3427 2918
2862 3157 3012 3641
