110 4.97841
23746 23739 24006
23325 23116 24636
23356 22934 24625
24052 23072 24353
23758 23664 24003
24320 23670 23975
23689 23308 24200
24121 23736 23796
24139 23139 24158
24055 23201 24254
23393 23577 24242
23343 23286 24346
24420 23600 23911
24329 23587 24055
23937 23108 24512
23454 23361 24143
24405 23570 23960
24382 23526 23967
24115 23727 23875
24067 22992 24267
23675 23801 23983
23657 23877 23932
23657 23872 24011
23502 23168 24517
23454 23745 24072
23038 23268 24420
24465 23572 23858
24442 23587 23804
24070 22989 24192
23819 23962 23928
24412 23705 23919
24035 23153 24336
23648 23903 23963
24385 23625 23960
24305 23701 23971
24049 23044 24457
23572 23241 24426
23420 23658 24130
24413 23668 23882
24207 23675 23976
24074 22871 24212
23932 23138 24421
23834 23826 23786
23578 23914 23997
23343 23685 24163
23254 23342 24361
24273 23621 24036
23844 23190 24481
23773 23661 24126
23613 24000 23862
23605 23883 24056
23560 23982 23890
23352 23114 24586
24413 23684 23861
24360 23708 23927
24271 23712 23915
24253 23653 24025
24248 23723 23862
24003 23156 24266
23627 23930 23934
23421 23265 24437
24451 23601 23803
24352 23637 23939
24344 23647 23948
24259 23616 24045
24021 23027 24528
23889 23812 23853
23808 23861 23968
23749 23671 23988
23680 23965 23852
23585 23917 23979
23539 23934 23956
23517 22965 24561
23514 23020 24537
23503 23399 24134
23488 23240 24579
23481 23935 23987
24451 23572 23919
24353 23633 24034
24052 23563 24081
24035 23641 24133
23891 23859 23784
23891 23148 24461
23768 23243 24419
23367 23575 24308
23230 23456 24357
