106155 1740.24
3646 2995 2483 2937
3182 3120 2068 3268
2896 3249 3261 2309
2778 4021 2797 2909
2742 2303 3277 3062
2594 2893 2719 3767
2435 2839 3740 2861
2050 3107 3320 3158
2743 2453 3273 3040
2431 2390 3362 3281
2084 3059 3410 3133
3068 3221 3135 2324
2986 3299 3200 2379
3009 3381 3217 2351
3186 3079 2101 3334
2479 2937 3636 2926
3171 3145 2130 3325
2580 2364 3364 3239
3344 3340 2152 3069
3326 3388 2636 2367
2715 3958 2806 2974
2793 3883 2723 3101
2099 3230 3311 2967
3361 3472 2324 2969
3388 3081 2211 3111
2968 3351 3187 2474
2639 2896 2703 3713
2759 2323 3350 3046
2943 3925 2581 2868
2982 3412 3225 2457
3075 3293 2231 3364
2713 3017 3615 2618
2768 2337 3126 3217
2111 3038 3399 3119
2315 2635 3591 3087
3538 3254 2739 2827
3630 3067 2623 2964
2631 2349 3280 3336
2956 3935 2683 2758
2799 3183 3364 2405
2318 2627 3385 3209
2532 2547 3163 3529
2486 2387 3317 3412
3407 3549 2606 2779
2291 2535 3463 3245
3551 3174 2516 2906
2271 2519 3393 3353
2146 2922 3345 3189
2460 2607 3345 3348
3643 3094 2621 2909
2545 3290 3382 2440
2924 3988 2768 2902
3258 3221 2114 3139
3253 3567 2248 2985
2802 3862 2817 2678
2219 2741 3548 3177
2710 2809 2664 3719
2184 2976 3420 3152
2754 3941 2828 2793
3051 3208 3212 2453
2371 2661 3522 3073
2323 3015 3537 2996
2627 2738 2880 3702
2675 2618 2988 3544
3422 3414 2424 2823
2207 2966 3509 3025
3147 3677 2714 2685
3241 3089 2200 3318
2408 2858 3694 2924
2587 2657 3047 3605
2876 2490 3241 3160
2696 3846 2957 2600
2869 3999 2747 2885
2328 2708 3526 3054
3532 3110 2403 2997
2725 2501 3150 3250
3371 3462 2350 2816
2514 3077 3574 2718
2301 2709 3359 3266
3207 3393 2689 3193
3347 3385 2547 2804
2671 3980 2779 3010
2159 2938 3561 3106
2519 2463 3352 3233
3294 3358 2239 3075
3298 3046 2171 3183
2475 2496 3452 3279
2551 2734 3008 3627
2818 3719 2982 2664
2341 2587 3196 3506
3127 2909 2436 3235
2627 3853 2913 2693
2468 2533 3244 3447
2528 2982 2975 3597
2621 2833 3083 3591
2420 2873 3713 2817
3019 3585 2954 2421
3496 3056 2356 3122
2746 3616 3107 2587
3561 3199 2481 2820
3147 3060 2399 3381
3024 3756 2551 2811
3598 3227 2563 2776
2128 2934 3352 3170
2719 2823 2496 3727
2886 3786 2889 2743
2642 2726 3683 2795
2281 2753 3375 3179
2904 3613 2628 3021
2394 3016 3661 2714
2305 2718 3441 3222
2687 2868 2637 3742
2609 3051 3493 2975
2456 2700 3234 3374
2657 2883 2722 3695
2973 3648 3089 2520
2791 3042 3512 2615
3256 3037 2205 3288
2823 3893 2687 2979
3585 3129 2518 2854
2678 2909 2995 3513
2779 2999 2277 3538
3104 3506 3064 2497
2645 2949 3581 2930
2446 2853 3729 2862
2608 2477 3319 3319
2450 2693 3600 2978
2515 2814 2974 3623
2157 3288 3341 2914
3107 2579 2813 2988
2230 3181 3377 3044
2698 2764 2766 3755
2871 3324 3355 2538
2536 2883 2824 3750
2759 3695 3072 2570
2334 2957 3279 3116
2841 3353 3295 2487
3244 3065 2264 3215
3492 3315 2522 2853
3321 3441 2612 2551
3518 3283 2485 2764
2934 3969 2755 2935
2242 3025 3412 3024
2699 3809 3088 2747
2706 2507 3031 3410
2515 2575 3256 3415
2824 3801 2655 3001
2722 3747 2911 2951
2406 2766 3705 2917
3570 3102 2579 2709
2310 2670 3432 3326
3303 3180 2158 3152
3476 3169 2798 2660
2797 3197 2452 3436
2951 3133 3021 2682
2523 3501 3263 2558
2719 3575 3162 2584
3043 3335 2565 3290
3152 3234 2385 3368
2998 3220 2338 3430
2893 3346 3253 2433
2882 2790 2594 3613
3135 3491 2491 2975
2565 2770 2949 3653
3172 3691 2544 2941
2425 3303 2759 3371
2812 3791 2857 2734
2772 3713 2989 2508
2735 3092 2502 3500
3393 3243 2372 3043
2763 3644 3056 2832
2805 2944 2661 3616
2728 2821 2864 3564
3070 3364 2308 3258
3316 2972 2909 2517
3120 3226 3117 2490
2563 2901 3671 2769
3504 3161 2534 2847
2653 3116 3316 2577
2658 3969 2673 3114
3439 3311 2353 3098
2245 2595 3465 3229
2386 2539 3557 3094
3617 3051 2477 3035
2172 3029 3431 3148
3455 3359 2588 2881
3013 2603 2524 3393
2345 2631 3365 3311
3194 3320 2871 2644
2615 2846 2735 3760
2423 2906 3462 3125
3098 3669 2916 2476
2497 2472 3239 3428
3220 2987 2296 3314
3449 3421 2420 2724
2277 2745 3583 3162
2383 2682 3291 3323
2449 2882 3723 2809
3443 3417 2459 2747
2964 3737 2744 2866
2854 3827 2802 2748
3107 3444 2367 3033
2500 2794 2993 3644
2827 3252 2554 3426
3235 3192 2379 3261
3263 3119 2182 3188
2630 2892 2858 3734
2404 2468 3309 3398
2600 2651 3368 3188
2557 3511 2883 3198
2363 3559 3030 2919
2580 2596 3350 3272
2952 3901 2772 2762
2853 3155 3444 2527
2662 2880 2851 3633
2650 2860 2839 3688
2930 3584 2524 3059
2387 2867 3192 3468
3412 3098 2745 2774
3579 3204 2441 2864
2664 2757 2863 3643
3260 3119 2260 3164
2928 3663 2834 2898
3378 3215 2753 2609
3400 3081 2527 3023
2511 3006 3609 2882
2168 3423 3123 3034
3332 3122 2844 2622
2703 3832 2937 2604
2789 2962 2600 3678
2413 2930 3329 3316
3027 3818 2784 2678
2643 2643 3023 3554
2713 2529 3289 2964
3472 3310 2579 2695
2751 3270 3372 2547
2845 4016 2775 2874
3156 3709 2903 2652
2690 2679 2969 3569
3042 2844 2283 3454
2194 2831 3371 3307
2854 3341 3174 2542
3428 3520 2423 2784
2170 2700 3303 3340
2936 2666 2592 3494
3383 3328 2612 2573
3176 3431 2537 2959
2149 3126 3210 3156
3365 3215 2329 3149
2784 4010 2691 2953
2354 2538 3449 3218
2262 3201 3264 3095
3606 3207 2553 2718
2186 2983 3261 3185
3101 3241 2303 3406
3433 3429 2397 2832
2866 2842 2960 3327
2861 2915 2944 3200
2452 2903 3736 2738
2762 3435 2299 3166
2571 3186 3504 2622
3523 3020 2632 2907
2634 2858 2930 3660
2680 2848 2799 3585
3217 3257 2331 3184
2756 3655 3075 2604
3107 3139 2177 3419
3061 3498 3009 2512
2492 3024 3553 2864
2380 2549 3286 3387
2547 3005 3677 2844
3289 3400 2541 2979
3510 3252 2709 2841
3112 3343 3120 2524
2938 3604 2289 3041
3118 3478 3110 2479
2264 2877 3437 3217
2123 3102 3319 3124
3310 3081 2246 3174
2485 2514 3327 3324
2978 3148 2463 3456
2222 3291 3216 3009
2920 2851 2492 3575
2803 3483 3209 2504
2489 2676 3226 3380
2565 2925 3182 3477
3483 3268 2531 2766
2475 3683 3093 2801
2246 3068 3337 3005
2598 3316 3101 3078
3418 3371 2530 2731
2776 3742 2928 2674
2691 3407 3204 2632
3614 3151 2511 2843
3340 3258 2574 3067
3159 2911 2922 2981
2675 2724 3220 3363
2862 3452 3198 2435
2398 3514 3038 2984
3232 3418 2313 3080
3238 2970 3012 2554
2466 3489 3032 2987
3005 2861 2749 3309
3462 3124 2269 2916
3466 3041 2377 3073
2620 3622 2794 3129
2625 2973 2873 3558
2569 2889 2954 3580
2958 3797 2697 2705
2891 3187 3179 2629
2914 2955 2601 3358
3033 3237 2792 3030
2734 3382 3320 2483
2692 2704 3407 3047
3082 3762 2516 2739
3285 3384 2107 2984
2572 3002 3063 3549
2640 2691 3045 3479
2858 3134 2649 3461
3047 3538 2785 2797
2775 2556 3130 2947
2829 3374 3275 2640
2951 3673 3016 2700
2601 3173 2866 3082
3152 3298 2853 2728
2994 3800 2670 2947
3164 3380 2181 3240
2815 3182 2599 3441
2501 2779 3334 3086
2275 2565 3347 3330
2200 2781 3447 3170
2740 2991 2603 3671
2966 3626 2479 3036
3041 3560 2667 3049
2873 3309 3281 2407
2737 3781 2984 2636
2916 3119 2487 3533
2343 2872 3482 3144
3308 3336 2633 2787
2832 3431 3251 2564
3055 3030 2509 3433
2552 2939 2896 3610
2836 2845 2817 3573
2435 3010 2904 3517
2589 3637 2885 3013
3326 3194 2740 2855
2251 3010 3160 3284
3248 3280 2839 2781
3003 3572 3142 2594
3462 3317 2449 2835
2922 2766 2877 3298
3594 3101 2476 2892
2403 3050 3307 3104
3225 3476 2441 2994
3191 3409 3024 2555
3065 3571 2926 2509
2358 2621 3378 3224
3481 3108 2570 2876
2628 3212 2823 3248
3087 3727 2411 2732
2269 3136 3105 3389
2660 2713 2778 3668
3123 3369 2409 3220
2277 2637 3269 3386
2668 2980 2973 3258
2424 2777 3656 3019
2419 3087 3473 2891
3200 3320 3095 2563
2828 3588 2711 3066
3133 3723 2469 2957
2415 3233 2897 3471
2691 3908 2889 2992
3283 2947 2939 2409
2456 2888 3479 3137
2683 3467 3145 2725
3313 3078 2338 3147
3019 2561 3111 2850
3161 3191 3154 2533
2443 2872 3648 2869
2879 3821 2830 2815
2801 3916 2796 2751
3165 3161 2166 3344
2910 3187 3039 3017
2387 3141 2692 3488
3322 3027 2923 2500
2566 2838 2934 3673
3278 3517 2786 2669
2509 2749 2974 3638
3156 3328 2279 3303
2327 2963 3604 3029
3030 3336 3175 2416
3089 3674 2639 2838
2659 3141 2391 3505
2205 3147 3051 3276
2681 3497 3202 2530
2429 2823 3650 2873
3527 3292 2393 2771
2374 3186 3402 2805
2721 3458 3155 2562
2437 3401 3144 3108
2913 3190 3069 2715
2498 2801 3176 3553
2819 3595 2936 2746
2541 3631 2832 3221
2785 3772 2638 3136
2685 2934 2731 3683
2505 3209 3226 2754
3274 3540 2490 2869
3016 3072 2514 3482
2441 3526 3005 2850
2900 2538 2897 3255
2617 3031 2787 3634
2383 2520 3470 3169
2604 3427 3299 2706
2614 2945 2755 3666
2555 3158 3424 2762
2718 2796 3248 3043
3092 3701 2498 2795
2623 3445 2709 3267
2507 2771 2951 3657
2936 3157 2318 3485
3335 3344 2590 2895
2472 3463 3185 2670
2250 2919 3558 3141
3031 3685 2929 2611
3003 3275 2894 2677
2828 2830 2862 3491
2562 3259 2787 3402
2695 2622 3053 3332
2976 3838 2465 2814
2959 3777 2761 2740
2808 3838 2807 2755
2749 3545 3091 2708
3039 3730 2423 2956
3196 3633 2650 2759
2801 2804 2696 3636
3166 3104 2162 3392
3121 3277 2273 3313
2794 3486 3061 2752
3196 3607 2613 2811
2575 2557 3267 3295
2341 3266 3080 3120
2591 3118 3118 3463
2453 3341 3324 2720
2377 3507 3024 3203
2253 3025 3275 3133
3230 3411 2729 2870
3079 3160 2968 2900
3497 3389 2469 2808
3095 2944 3002 2772
3243 3572 2445 2879
2737 2589 3219 2923
2533 3527 2983 2941
2366 3287 3400 2959
2939 3609 2840 2768
2506 3165 2965 3480
2794 2567 2915 3404
2961 2948 2645 3386
2778 3912 2838 2821
2197 2775 3470 3180
2697 2784 2940 3390
2810 3556 2597 3107
2344 3029 3543 2792
2728 2894 3140 2713
3193 3152 3304 2656
2765 3205 2859 3225
2989 3596 2771 2889
2839 3139 2899 3153
2782 2963 3139 2888
3280 3480 3009 2637
3015 3121 2415 3365
2470 3247 3481 2576
2846 3274 2950 2993
3203 3433 2465 3216
2799 3542 2586 3147
3211 3661 2596 2909
3292 3637 2476 2794
3038 3221 3186 2624
3016 3085 2473 3402
3015 3767 2634 2761
2711 3534 2840 3049
2825 3109 2726 3206
3110 3728 2662 2702
2807 3228 2321 3521
3267 3243 2622 2885
3129 3513 2672 2724
2410 3164 3545 2654
2807 2974 3040 3055
2893 3367 3077 2609
3265 2898 2351 3275
2576 2951 3253 3180
3075 3776 2470 2894
2756 3090 2730 3601
2604 3659 2782 3010
3009 3597 2291 2988
3101 3704 2500 2758
2481 3475 3046 3144
2697 2917 2732 3523
3169 3109 2292 3301
3069 3631 2508 2953
