9193 398.419
27790 27830
27893 27723
28112 27478
27568 28052
27203 28378
28396 27135
27131 28430
27998 27610
28524 26953
28408 27112
27521 28094
28456 27071
27302 28288
28586 26844
28458 27042
28297 27260
27916 27694
27329 28264
27813 27804
27612 28003
28287 27269
27294 28298
27945 27670
27125 28439
28528 26932
28005 27597
27703 27920
28562 26897
27499 28112
27691 27929
28633 26769
28624 26782
27723 27903
27421 28178
28505 26980
28331 27216
28488 27027
27907 27699
28212 27358
28375 27149
27795 27828
27539 28070
28259 27306
27755 27870
28570 26863
28565 26881
27890 27729
27239 28343
28481 27031
27639 27988
27220 28364
27779 27836
28657 26705
28211 27371
28135 27452
28185 27395
27175 28393
28605 26823
28518 26958
27712 27908
28391 27139
28161 27413
27403 28195
28343 27212
28265 27305
28673 26693
28462 27038
27228 28358
27197 28387
27929 27680
28413 27110
26908 28589
28665 26703
28070 27535
26898 28592
26890 28609
28009 27593
28328 27229
28165 27410
27525 28091
27906 27701
27938 27679
27767 27856
28549 26922
28030 27578
27168 28395
28037 27564
27968 27641
27406 28193
27316 28273
28164 27411
27229 28349
27163 28397
27387 28216
27249 28340
27993 27622
28551 26919
27107 28447
27626 27995
28372 27167
28721 26567
28106 27482
28022 27587
28588 26839
27038 28508
26973 28543
27304 28282
28181 27398
27854 27774
27589 28035
27527 28087
28004 27604
27084 28464
27453 28155
27021 28511
27830 27793
28728 26564
28097 27504
27782 27835
27012 28521
28713 26614
27693 27925
27043 28500
28254 27307
28416 27104
28132 27464
27052 28497
28581 26848
28383 27148
27770 27852
27689 27931
26926 28574
28635 26760
28619 26788
27763 27862
27971 27635
27844 27778
27729 27891
27504 28107
26935 28569
27908 27697
27272 28317
27007 28526
28714 26595
27363 28237
28173 27401
26993 28534
27002 28527
26864 28610
26981 28540
28652 26731
28364 27186
28099 27497
27976 27634
27707 27912
28496 26985
26832 28636
27605 28026
28353 27193
28196 27380
27865 27764
27343 28254
27964 27648
27064 28482
28284 27276
28495 26990
27686 27935
27759 27864
27465 28144
27749 27876
27259 28323
28436 27074
27286 28308
27718 27906
28427 27087
27778 27841
27315 28277
27075 28480
26972 28555
27953 27669
27699 27924
27665 27957
27517 28101
27684 27938
28543 26931
28245 27321
28143 27441
26956 28560
26780 28668
28253 27313
28152 27440
28374 27153
27297 28297
27106 28451
28166 27407
27410 28188
27342 28261
27300 28293
27476 28138
28516 26977
28348 27196
27411 28181
27308 28278
26716 28678
27375 28218
27572 28044
28275 27286
28618 26797
27253 28329
27364 28235
28527 26937
27370 28232
28696 26674
28407 27127
27807 27813
27660 27967
27156 28410
27150 28415
27119 28441
26844 28627
28035 27573
27801 27817
27164 28396
26791 28651
28420 27098
27739 27884
27560 28067
27917 27693
27099 28459
27840 27784
28290 27263
28190 27384
28057 27548
28047 27553
27816 27801
28314 27249
28160 27419
27608 28011
27141 28422
27904 27705
27454 28148
28027 27580
27457 28145
28683 26686
27392 28202
27881 27732
27924 27691
27328 28269
28424 27094
27899 27708
27825 27798
27498 28117
27444 28176
28649 26746
28266 27301
28044 27562
27409 28189
27397 28198
26990 28539
28671 26694
28237 27344
27675 27940
27355 28242
27351 28249
28060 27547
27877 27738
27727 27896
26919 28580
28137 27445
27143 28418
28273 27290
28299 27250
28218 27357
27488 28131
26855 28622
28089 27519
27672 27955
27654 27985
28702 26646
28158 27422
28008 27594
28128 27477
27875 27756
27622 27999
27537 28078
28428 27075
27962 27657
