175 10.4573
24070 23495 24516 23242
24055 23430 24572 23457
23892 23530 24633 23429
24216 22953 25040 23749
23965 22631 24513 23951
24135 23157 25069 23312
24134 23239 25096 23546
24264 23376 24926 23236
24206 23123 25024 23656
24194 23373 25034 23465
24141 23408 24945 23359
23903 23288 24506 23727
24226 23357 25043 23501
24013 23407 24982 23326
23972 23413 24960 23540
24166 23000 24836 23773
24112 23252 25129 23578
24045 22986 25069 23611
24028 23506 24673 23434
24299 23312 24690 23310
24250 22920 24868 23734
24247 23137 24899 23576
24211 23270 25033 23512
24148 23386 24785 23522
24082 23160 24853 23688
24079 23299 24768 23655
23962 23190 24920 23699
23923 23059 24648 23820
23826 23218 24833 23672
23961 23281 24811 23733
24351 23052 25007 23438
24154 23750 24245 22975
24074 23559 24491 23492
24092 23470 24837 23143
24472 23111 24828 23184
24311 23084 24934 23483
24297 23233 24725 23523
24155 23104 24690 23792
24112 23316 24943 23532
24023 23182 24893 23757
24638 23243 24726 23485
24410 22925 24927 23376
24602 23261 24410 23412
24519 23020 24605 23519
24507 23139 24576 23560
24433 23321 24640 23261
24368 23276 24834 23502
24348 23077 24957 23420
24334 23318 24672 23405
24272 23257 24985 23491
24659 23159 24467 23678
24614 23266 24513 23401
24546 23448 24487 23160
24513 23278 24558 23317
24502 23204 24580 23609
24491 23284 24335 23535
24466 23293 24558 23417
24432 23423 24453 23325
24412 23145 24625 23779
24409 23212 24856 23514
24368 23120 24901 23564
24354 23051 24960 23466
24210 23134 24910 23725
24135 23138 24856 23768
24688 23073 24399 23361
24623 22944 24472 23555
24613 23026 24410 23729
24571 23311 24456 23418
24567 23291 24383 23481
24556 23085 24651 23488
24490 23318 24333 23340
24486 23058 24512 23742
24470 23283 24500 23401
24466 23026 24630 23686
24425 22933 24638 23571
24413 23194 24449 23613
24409 23169 24415 23625
24407 23253 24457 23438
24392 23337 24622 23391
24359 23130 24681 23785
24351 23203 24440 23618
24337 23229 24479 23593
24313 23400 24543 23394
24312 23220 24497 23519
24307 23214 24458 23623
24291 22916 24493 23786
24270 23250 24464 23543
24055 23015 24875 23793
24583 23008 24450 23735
24507 23003 24627 23554
24454 23120 24472 23660
24393 23114 24719 23753
24379 23189 24781 23689
24321 22963 24782 23583
24284 23172 24704 23720
24263 23050 24784 23632
24259 22851 24758 23713
24252 22903 24840 23616
24235 23124 24800 23643
24230 23304 24689 23397
24230 23192 24969 23617
24216 23071 24781 23691
24211 23034 24873 23735
24164 23303 24841 23530
24147 23181 24839 23651
24136 23056 24689 23844
24130 23138 24847 23785
24088 23368 24751 23692
24069 23378 24738 23561
24062 23104 24863 23740
24047 23273 24493 23724
24045 23276 24954 23664
24040 23065 24913 23695
24021 23398 24988 23470
24007 23218 25070 23597
23984 23246 24690 23708
23965 23250 24828 23678
23937 23351 25126 23618
24153 23139 25062 23540
24046 23169 24797 23707
24043 23391 24572 23616
24121 23118 24506 23841
24091 23595 24508 23245
24059 23248 24316 23773
24044 23657 24386 23302
24548 23327 24585 23090
24245 23218 24875 23513
24227 23377 24678 23675
24210 23278 24943 23541
24197 23438 24793 23335
24159 23160 24851 23772
24125 23154 24862 23734
24110 23360 24988 23553
24056 23163 24753 23761
24035 23162 24829 23743
24025 23376 24872 23482
24025 23078 25166 23513
24024 23452 24885 23487
24023 23474 24855 23588
23996 23166 24778 23761
23969 23302 24875 23579
23963 23264 24964 23670
23920 23378 24486 23722
23838 22958 24939 23830
24261 22924 25094 23571
24236 22942 24878 23618
24204 23259 25024 23650
23919 22975 25060 23659
23831 23108 25198 23356
23684 23416 24711 23612
24248 23125 24989 23351
24132 23080 24879 23734
24031 23086 25198 23425
23796 23477 24523 23478
23550 22995 24723 23822
24057 23350 24854 23642
23817 23181 24515 23775
23818 23439 24906 23410
24044 23000 24913 23771
