25251 1080.4
26889 28122
26908 28117
27052 28113
27101 28081
27148 28075
27356 28036
27412 28030
27787 27927
27682 27982
27671 27983
27712 27969
27734 27955
27670 27989
27645 28010
27663 27994
27733 27957
27717 27965
27713 27968
27711 27977
27951 27798
27977 27774
27967 27788
27897 27862
27815 27911
27834 27901
27805 27913
27763 27948
27963 27790
27784 27929
27776 27937
27822 27902
27795 27923
27916 27840
27743 27952
27796 27918
27862 27882
27789 27924
27851 27889
27778 27932
27878 27875
27860 27883
27954 27792
27973 27782
27982 27769
28064 27727
27944 27835
28412 27230
28335 27372
28254 27494
28396 27252
28279 27457
28350 27361
28281 27456
28239 27513
28121 27652
28247 27503
28327 27383
28326 27394
28196 27582
28340 27366
28059 27728
28402 27237
28298 27430
28333 27373
28341 27363
28232 27527
28413 27199
28114 27663
28138 27641
28081 27698
28259 27481
28115 27660
28172 27605
28244 27512
28207 27564
28166 27614
28161 27626
28272 27468
28020 27767
28065 27718
28112 27665
28040 27748
28268 27479
28176 27598
28111 27672
28073 27709
28134 27642
28318 27404
28213 27552
28277 27461
28120 27655
28309 27414
28102 27681
28397 27249
28311 27413
28238 27514
28223 27539
28262 27480
28250 27497
28218 27545
28287 27453
28131 27645
28353 27344
28248 27500
28294 27434
28410 27236
28228 27534
28308 27425
28289 27446
28160 27638
28393 27320
28233 27521
28256 27491
28210 27554
28290 27442
28084 27695
28292 27436
28246 27504
28180 27592
28359 27336
28163 27619
28363 27329
28329 27377
28401 27248
28235 27517
28184 27588
28129 27651
28258 27487
28041 27734
28119 27658
28078 27703
28177 27595
28394 27269
28101 27684
28092 27688
