372293 2280.14
8753 9370
9356 8684
9340 8723
9228 9004
9157 9085
9310 8875
9164 9049
9178 9028
8808 9335
9312 8853
8933 9270
8861 9301
8755 9362
9346 8707
8899 9275
9284 8893
9380 8659
8687 9422
8839 9333
8955 9256
9236 8981
9061 9130
9165 9029
8981 9212
9083 9116
9016 9187
9033 9154
8883 9287
9002 9208
8980 9222
9179 9006
8841 9314
9026 9164
8476 9490
9088 9112
8705 9388
8740 9383
8701 9403
9070 9126
9264 8962
9123 9103
9293 8881
8585 9455
8635 9435
8612 9443
9014 9188
9276 8910
8806 9354
8573 9480
9018 9185
9057 9137
8617 9439
8618 9436
9032 9160
8997 9209
9279 8905
8396 9507
8588 9450
8415 9495
9338 8781
8593 9448
8970 9226
9383 8560
9391 8543
9402 8518
9056 9148
8447 9493
9041 9152
8616 9441
8409 9501
