13 0.620127
21453 21265 21422 21192
20808 20553 21708 21877
22205 20873 22350 20594
22038 20274 20847 21451
21499 21329 21151 21204
21210 21054 21023 21744
22135 20428 21231 21334
22046 21095 22150 20316
22029 20448 22332 20895
22009 20197 21443 21558
21964 20723 22397 20599
21893 20164 22126 21101
21866 20569 21177 21368
21758 20733 21441 21643
21465 21220 21946 20910
22043 20727 21392 21367
21801 20498 21058 21392
21436 21114 21743 21613
21047 21560 21902 20478
22125 20015 20654 21470
21966 20455 21819 21046
21859 21153 21152 21280
21652 21547 21374 20256
21190 20307 21348 22171
21154 21665 21394 19684
20930 21232 22062 20988
22298 20414 22311 20845
22059 20210 22231 20968
21987 21007 21388 20841
21929 20893 21551 21230
21887 20543 20807 21513
21723 20658 22196 21512
21589 21602 21409 21018
21450 20962 22393 21817
21400 20059 20983 21910
21376 19689 21177 21846
21294 21519 21443 20342
21216 21169 20778 21900
21201 21429 20958 21411
21164 20994 21727 21620
21102 21072 21519 21946
21096 21443 21301 21023
20823 21082 20815 21620
22206 20415 22077 20686
22137 20385 21950 20933
22134 20888 21689 21317
22003 20151 22108 21086
21909 20681 21702 20798
21795 20966 21401 21189
21779 20824 21981 20763
21769 21304 21064 20168
21714 20145 22169 21750
21615 21246 22236 20763
21502 21695 21193 20437
21452 21089 20561 21757
21349 21018 20446 21778
21335 21508 21719 20384
21172 21015 21641 22102
21169 21249 21978 20522
21148 21424 21248 21242
21032 20128 21102 22602
20999 21501 21731 20852
20898 20463 21694 21864
20687 21200 21393 21731
22418 20229 22317 20945
22412 20357 20769 21215
22274 20299 21156 21131
22151 20777 21042 21104
22051 20479 21495 21397
21955 20477 21584 21361
21917 20647 21723 21269
21888 21135 21261 21128
21823 20346 21092 21541
21815 21455 20972 20770
21768 21370 21707 21172
21753 20421 21985 21366
21661 20210 21899 21632
21591 20760 21200 21755
21554 20258 20943 22060
21512 20941 21836 21586
21382 21349 21712 20162
21364 21332 21358 21210
21026 21070 21645 21816
22341 20379 21075 21124
22223 20507 21267 20000
22190 20530 22279 20824
22156 20470 21464 21059
21980 20154 21446 21733
21887 20462 21122 21498
21879 20512 22342 21219
21847 21036 21391 20689
21819 20355 21286 21798
21786 20905 21951 21455
21766 20200 22291 21612
21721 20353 21447 21686
21640 21383 20924 21128
21640 20883 21822 21652
21636 19487 20605 21890
21603 21182 22295 21229
21602 21159 22451 21467
21600 20667 22121 21825
21536 21469 21284 21135
21338 20481 21180 22315
21328 21369 22232 20469
21253 21519 21805 20289
21224 20390 21339 22272
21166 20121 21226 22289
21093 20705 22025 21838
21037 20252 20909 22563
20851 21189 21673 21414
20808 20861 22547 21707
20493 20625 22193 21915
