113069 3360.84
19175 16675 16363
17808 18625 14630
17613 15272 18811
15867 19613 15987
15424 15692 20060
14618 18798 17933
17782 18638 14717
17874 15340 18483
18027 18495 14795
14674 17807 18970
16019 15479 19979
17752 17224 18056
17978 18512 14928
15754 15662 19994
16911 15385 19451
17733 18652 14885
15818 19101 17312
17957 18437 15053
15711 17945 18578
17301 18973 15000
17825 18227 15838
19137 16900 16086
17236 15888 19163
17910 18539 14860
16638 15867 19650
17444 15522 19066
16376 15435 19876
15497 17821 18866
18416 18042 15122
18547 16090 17593
17371 15728 19113
18020 15972 18293
17389 17301 18221
16736 15400 19590
14987 17189 19342
16285 15988 19823
14848 18716 18130
18827 17066 16642
15720 15773 20002
15361 18389 18412
16613 15525 19722
17336 18244 17089
16843 15601 19497
16267 15579 19947
17018 18892 15969
14806 18157 18711
18996 16560 16746
15880 16296 19862
16453 16024 19743
16164 19379 16521
17904 18546 15219
16197 15625 19956
14883 17573 19148
16785 19177 15467
16561 16137 19586
15957 16112 19898
18933 16327 17031
16803 16344 19424
17224 17116 18387
17535 15639 19057
15181 18994 17442
17052 16648 19037
16041 18324 17987
14741 18804 17921
15319 18676 18013
15522 15567 20059
17268 16399 18993
15177 17900 18945
18535 16942 17131
15805 15712 19974
17970 16868 18325
16011 19559 16255
17143 17569 17765
18871 16940 16764
18898 16709 16837
17833 16246 18544
16941 19192 15365
15769 19590 16249
16609 15946 19666
16291 19315 16328
18392 17517 16267
15784 19535 16259
16360 19039 17006
15104 18718 17958
14713 18851 17830
16726 19146 15498
17106 16061 19397
19086 16730 16555
17114 15762 19378
15627 18482 17884
16403 17350 18808
15917 19159 17115
18033 16885 18116
17892 18487 15579
17404 18792 15711
17129 15453 19339
18368 17890 15526
19047 17030 16222
17196 17250 18622
18718 17158 16415
16680 18881 16790
18798 17129 16383
14928 18468 18349
15046 17462 19206
18189 18342 15196
14840 18416 18563
15308 17758 18911
14966 18628 18181
18629 16852 17073
15286 18917 17451
17176 15814 19187
14911 18566 18193
14905 17955 18885
16110 16203 19811
17470 17387 17852
15396 15807 20011
18982 16875 16471
17556 18659 15558
18806 16738 17168
17941 18252 15679
15567 19287 17157
16104 19494 16026
15773 19360 16658
16244 18305 18037
17489 18871 15152
14784 18810 17912
15003 17313 19272
16850 17086 18686
17367 15838 19053
17765 18642 14987
17691 18692 14814
16086 18005 18263
17217 15793 19266
16464 17240 18725
17806 17263 17910
18015 16432 18201
15235 18785 17680
15972 16452 19602
16218 17333 19024
17523 17862 17416
17732 17652 17049
15253 18967 17479
18044 17335 17641
16767 19003 15876
19070 17021 15786
15580 19471 16591
17167 17482 18168
15208 17925 18808
16713 15993 19562
17842 18592 14962
15944 17399 18847
16344 17181 19131
15687 19576 16316
18666 17366 16495
14765 17904 18900
18290 17989 15915
14701 18043 18743
17573 17208 18313
18322 16823 17256
16932 18254 17343
18347 17198 16969
17428 16379 18899
17600 18352 16235
15894 19337 16776
18620 17699 15623
16704 16150 19483
17455 15677 18917
17690 16219 18786
16424 19245 16278
17001 18431 17275
17124 19012 15600
18512 17665 15819
18281 16446 17574
15341 18727 17814
16626 19219 16075
16555 16663 19094
15661 19259 16936
15468 18750 17562
15883 18179 18249
18526 16761 17293
17578 15443 18829
16184 16372 19471
19029 16812 16676
17843 18584 15270
15092 18702 18016
17066 19083 15497
16456 17380 18636
18584 17720 15549
18560 16702 17225
16154 19117 16844
18069 18308 15419
16541 16075 19659
17626 18694 15076
15217 18899 17523
15478 15670 20037
16654 16598 19219
17475 16176 18914
16585 18314 17547
16449 18952 16811
17913 17727 16686
17208 18928 15871
18910 17102 16363
18606 17613 15733
15860 18136 18372
18732 16674 17376
16227 19444 16095
18917 16689 16945
16488 19030 16442
15540 17473 19145
16250 19061 16978
15827 15611 19988
17508 18518 16127
17494 16548 18713
15940 17770 18535
18365 17504 16479
18677 17558 16156
19116 16801 16204
16075 19401 16585
18135 18276 15439
18299 18289 15242
17042 18219 17287
16671 16473 19226
18361 15829 17879
18156 17711 16519
15577 19171 17107
15644 16315 19886
17657 17629 17730
19107 16713 16351
17462 16801 18479
17813 18046 16111
15897 19518 16368
18359 17528 16464
15796 16370 19715
18145 18011 15741
15779 19453 16569
15075 17148 19451
17865 18525 15261
17205 16531 18895
17704 16580 18699
15798 19520 16305
16440 16120 19698
15606 17415 19005
15879 19417 16576
17031 17272 18508
18381 17442 16342
16364 19027 16718
17200 15391 19323
16330 17777 18436
15137 16897 19366
15349 16345 19790
17320 18765 15808
18782 17058 16916
16279 18341 17696
18301 18119 15453
18329 17307 16627
18268 17741 16501
15696 16926 19274
17984 18168 15900
16763 17841 18160
17519 17449 17751
19064 16839 16357
15999 15929 19920
18309 18052 15299
18160 16196 18002
15273 19345 16727
18114 18073 15723
18841 17281 16062
16899 18027 17721
16753 18561 16853
15031 17787 18978
18653 17751 15432
18207 16993 17463
16104 15745 19926
16206 18556 17606
18645 16516 17384
15519 17856 18600
18137 15906 18159
17256 18872 15185
16065 17360 19238
17719 18098 16214
18097 16302 17989
14837 18740 17716
17927 18370 15351
17478 18441 16822
17257 18108 17362
16034 16354 19686
15835 18143 18381
16889 19079 15652
16979 17040 18662
15685 16579 19642
15406 18056 18465
15150 19051 17462
17639 16777 18650
16318 19207 16332
17181 16610 18838
18843 16515 16953
17647 16977 18311
16744 18743 16894
16694 18945 16005
17287 18823 15550
18078 18359 15072
16817 17812 17939
15166 18980 17582
18204 18039 15644
16983 19067 15621
16212 19430 16141
15932 19484 16544
18107 17675 16549
16699 19241 15383
18700 17665 15567
16508 16485 19456
15980 15898 19942
18577 17794 15251
16432 18730 17031
17009 18208 17616
18505 17806 15335
18087 18091 15690
18859 17465 15928
16322 19136 16535
16868 15951 19408
16514 16261 19522
18421 17292 16732
16127 18697 17532
15587 18597 18081
15510 17582 19004
17348 17394 17797
16686 16773 19010
16051 18860 17393
15384 18347 18277
16172 18382 17932
18174 16478 17936
15640 17817 18757
18372 17616 16398
18058 18101 15707
15983 16626 19551
17675 18533 15630
19094 16829 16452
16715 15745 19620
18963 17279 15690
16651 19180 15395
15616 16641 19411
15059 18471 18257
18690 17167 16084
15124 18075 18607
15068 17422 19195
18744 17163 16404
17142 15780 19302
16380 16051 19802
17634 18188 16702
14941 18440 18489
18787 17045 16869
18490 17916 15288
19005 17043 15946
17576 16234 18744
15263 18619 18093
17853 17814 16878
16970 17009 18799
16447 19356 16044
15669 19277 16903
16384 16073 19777
18952 16911 16676
17708 18607 15320
15117 18128 18439
16860 18080 17707
15457 16819 19515
18032 17849 16430
19009 16846 16229
18473 17819 15400
18451 17337 16581
17358 18692 15761
16349 19274 16137
18227 17639 17408
15845 16923 19306
15562 18841 17496
15239 17911 18821
17120 16912 18965
15373 18603 18083
17207 16458 18773
15080 18827 17710
15484 16610 19569
16033 19298 16636
16663 18939 16164
18945 16989 16279
15529 16031 19911
15267 16968 19307
18765 17469 15463
18408 17906 15355
18003 16630 18467
18221 17964 16146
18259 16985 17618
18524 16685 17486
16074 19302 16606
16522 18490 17346
17278 18806 16013
15886 16042 19903
16475 18630 17239
16866 17746 18145
18234 16124 18072
18104 17007 17515
16105 16749 19149
16635 19131 15894
17093 19045 15283
19097 16417 16698
16140 17644 18688
15649 15568 20030
18369 17136 17196
17546 17667 16905
15195 17965 18717
16955 18614 16609
18341 17980 15896
18673 17055 16987
17314 17969 17179
17522 18771 14971
16874 18709 16771
18479 16971 17060
16234 16277 19528
15138 19075 17502
17665 18249 16050
16953 18756 16242
17077 17630 17950
16499 17176 18779
15993 18684 17545
16835 18455 17201
16551 18974 16181
15384 18737 17785
14800 19113 17345
17931 18266 15753
16547 15834 19755
16017 18453 17830
16130 16150 19769
17990 18434 15167
17324 17539 17925
16303 16493 19283
15022 18407 18494
15903 17023 19252
15562 18282 18176
16241 17543 18797
15995 18629 17670
18564 17261 16696
18270 17080 17382
16806 18923 15937
18759 17490 15751
17991 18368 15060
18616 16848 17217
16584 17051 18781
16307 18225 18209
15925 15924 19925
15073 17595 19079
16936 17431 18516
17006 16267 19285
15663 17971 18425
18946 16953 16549
17242 18864 15780
16468 18401 17586
18438 17791 15647
17695 17882 16309
17084 17389 18456
15456 18863 17617
14934 18065 18652
15388 18279 18342
15928 16606 19631
15535 19213 17241
15862 16637 19531
18246 16809 17803
17640 18504 15773
16055 16623 19369
16835 17434 18376
16717 18258 17354
17679 18194 16279
15525 18645 17633
18298 17874 15919
16708 15699 19643
16993 17587 18260
16063 19016 17067
16614 16386 19368
17308 18023 17521
16976 18911 16130
17453 16071 18984
18251 17304 16926
16228 19233 16571
18496 17814 15311
15160 18769 17690
18426 17597 16161
17091 18612 16195
18459 17720 16158
15258 17491 19067
16632 19092 15923
17069 16191 19054
15422 17953 18513
15015 18499 18171
16885 16630 19103
19097 16506 16409
16080 18622 17746
17136 17608 17802
15905 18936 17162
15652 18071 18444
17625 18655 15698
18235 17416 16755
15943 16500 19680
16136 17802 18500
