14522 3247.03
17834 17021 16685 16283
17683 16883 17112 16133
17672 17123 16445 16605
17651 16751 17007 16649
17265 16987 17074 17043
17058 17577 16808 16389
16961 16980 17543 16268
16460 17426 17297 16504
16554 17306 17297 16722
17734 17126 16493 16246
16650 17542 16976 16416
17619 17237 17013 16175
17256 17474 16627 16317
17141 17554 17096 16379
17539 17334 17073 16160
17298 17222 17425 16207
16720 17201 17333 16758
16896 17494 17193 16509
16594 17307 17266 16672
16695 17071 17261 16842
17603 17277 16548 16590
16920 17506 17159 16445
17818 16965 16609 16309
16890 17535 17190 16311
16672 17167 17271 16784
17686 17208 16570 16510
17710 17119 16503 16343
16748 17436 17287 16564
17292 17069 16949 17023
16993 17069 17513 16385
16594 16906 17278 16833
17055 17517 17041 16562
16907 17127 17525 16509
16850 17235 17373 16575
17665 17083 16524 16650
17456 16785 17022 16896
17312 16976 16881 17031
17831 16920 16740 16340
17795 17078 16837 16215
17003 17064 17501 16304
16867 17387 17287 16513
17369 16873 16835 16996
17799 16834 16690 16376
17455 16945 16830 16977
16815 17140 17349 16679
17154 17161 17465 16241
16761 17463 17216 16376
17159 17156 17409 16409
16652 17290 17331 16646
17753 16932 16940 16253
17630 17162 16520 16662
17468 16813 17092 16789
17773 16771 16873 16374
17350 16915 17040 16908
17337 16906 16930 17006
16988 17213 17489 16615
17780 16988 16711 16402
16805 17207 17491 16694
17176 17263 17421 16272
16829 17252 17474 16659
16774 17318 16937 16807
16940 17319 17260 16701
16883 17282 17223 16732
16788 17268 17361 16701
17004 17470 17063 16639
17076 17512 17039 16539
17705 17169 16777 16229
16893 17353 17483 16510
16978 17433 17170 16537
17623 16794 17010 16706
17639 16894 16913 16626
16900 17456 17136 16632
17423 17397 16966 16297
17708 16901 16605 16624
17655 16766 17132 16358
17615 17165 17097 16282
16825 17316 17284 16658
17746 17002 16660 16571
17728 16821 16882 16618
17392 16887 17048 16914
17013 17377 17453 16417
17179 16927 17457 16434
17604 17005 16581 16636
16783 17317 17314 16661
17137 17081 16964 16989
16904 16752 17423 16837
16875 17201 17441 16665
17272 17104 17071 16850
17777 16828 16734 16522
17694 16974 16669 16657
16958 16947 17463 16689
17567 16842 16769 16939
17521 16866 16921 16885
16998 17400 17335 16387
17529 16861 17120 16765
17552 16778 17005 16725
16944 17260 17336 16638
17220 16988 17471 16306
17038 17298 17246 16721
17352 17436 17121 16221
17770 16825 16874 16502
17650 16855 16896 16715
17148 17023 17384 16642
17449 16969 16732 16926
17022 17402 17227 16432
17810 16947 16776 16333
17764 16885 16654 16597
17332 17085 16992 16931
17768 16848 16862 16349
17737 16896 17088 16372
16915 17224 17363 16644
17742 16851 16938 16484
17622 16808 16952 16752
16840 17372 17280 16591
17701 17128 16679 16348
16952 17245 17318 16649
17268 17067 17172 16844
17044 17111 17433 16671
16838 17313 16978 16868
17299 16994 16999 16957
17592 17096 16766 16631
17369 17450 16876 16346
17482 17340 16634 16572
17192 17152 16966 16950
17068 17328 17142 16777
16966 17061 17311 16740
17516 17223 16596 16662
17360 16943 17045 16864
17293 17042 16944 16990
17724 17075 16790 16322
17126 17277 17426 16367
17506 17279 16961 16272
17030 17370 17297 16458
17660 17157 16671 16586
17472 17406 16756 16291
17002 17034 17126 16973
16976 17416 17264 16525
17751 16993 16799 16464
17080 17295 17393 16529
16901 17466 17155 16469
17804 16802 16848 16416
17435 17029 16930 16892
17312 16912 17126 16872
17384 17032 17321 16423
17527 16799 17033 16830
17755 16971 16849 16452
17612 17283 16784 16351
17321 17051 17307 16405
17732 17080 16639 16476
17544 16881 16925 16785
17342 17414 17084 16350
16917 17077 17283 16781
17608 17009 16995 16578
17462 17157 16758 16769
17725 16982 16814 16491
17691 17178 16755 16431
17426 17258 17177 16358
17047 16992 17401 16665
17264 17231 17369 16494
17108 17422 17232 16425
17103 17265 17072 16836
17488 17370 16943 16229
17279 16935 17055 16935
17463 17349 16858 16450
17111 17339 17209 16754
17058 17273 17403 16391
17743 16961 16705 16552
17214 17066 17031 16963
16972 17443 17139 16465
17796 16955 16792 16519
17260 16757 17381 16557
17460 16910 16888 16916
17691 17098 16587 16525
17245 17025 17026 17006
17397 17385 17091 16316
17658 17079 16721 16532
17129 17426 17196 16463
17298 17113 17274 16713
17550 16844 17001 16771
17728 16869 17150 16334
17251 17161 17160 16860
17122 17169 17430 16570
17712 17276 16748 16330
17372 16870 17104 16869
17645 16777 17107 16557
17557 16922 17149 16585
16964 17049 17389 16722
17754 16840 17001 16551
17410 16857 16956 16862
17732 16991 16697 16497
17515 17274 16645 16623
17486 16925 17094 16719
17368 17428 16828 16515
17226 17431 17081 16621
16880 17121 17357 16702
17587 17195 16593 16628
17761 16832 16791 16627
17031 17273 17253 16599
17144 17336 16942 16704
17494 17026 16844 16821
17241 17361 17218 16455
17231 17058 17344 16508
17099 17309 17121 16782
17587 17189 16803 16462
17317 17449 16856 16531
17015 17537 17130 16573
17759 16920 17068 16252
17493 17228 17128 16327
17581 17192 16703 16684
17428 17145 16783 16813
17207 17310 17242 16428
17189 17054 17397 16600
17266 17411 16958 16608
17152 17093 17038 16878
17095 17338 17270 16595
17165 17301 17239 16622
17606 16760 16768 16795
17306 17199 16807 16824
17585 16938 16883 16767
16786 17184 17435 16751
17248 17354 17108 16487
17716 17090 16863 16365
17474 16869 16955 16954
17065 17374 17267 16553
17562 17183 16983 16448
17407 17084 16847 16921
17680 16997 17015 16472
17239 17246 17303 16603
17590 16919 16864 16743
17371 16868 16892 16966
17291 17107 16969 16944
17411 17418 16747 16495
17452 16963 17147 16664
17597 16803 17003 16775
17481 16920 16915 16900
17356 17019 17111 16799
17258 17330 16880 16720
16757 17378 17266 16628
17202 17231 16960 16840
17340 16996 17207 16750
17210 17241 17058 16712
17236 17239 17174 16648
16807 17133 17357 16699
17419 16954 17111 16816
17398 17297 17184 16394
17573 17117 17021 16637
17170 17310 17060 16735
17280 17024 16968 16946
17388 17407 16938 16370
17346 17021 17184 16794
17591 17201 16664 16541
17720 17074 16712 16497
17216 17326 17165 16654
17509 17229 16857 16613
17262 17040 17123 16919
17199 17285 17230 16596
17439 17312 16811 16606
17109 16966 17450 16627
17739 17160 16881 16219
17382 17168 16910 16789
16909 17078 17156 16902
17379 17013 17250 16523
17206 17397 17090 16593
17648 16942 17034 16531
17214 17176 16971 16904
16594 17232 17495 16400
17663 16998 17037 16480
17554 17053 16787 16736
17174 17303 17200 16545
17567 16989 17114 16474
17083 17381 17123 16571
17276 17066 17017 16855
17478 17017 17046 16792
17409 17050 16953 16827
17157 17244 16936 16761
17046 16904 17199 16887
17373 17205 16878 16774
17116 17249 17307 16710
17496 17048 16770 16809
17138 17108 17214 16741
17665 17177 16716 16567
17458 17355 17120 16442
17542 16939 16840 16882
17633 17198 17016 16285
17394 16962 17014 16855
17386 16995 16994 16889
16901 17439 17143 16488
17600 17154 16642 16664
17538 17251 16933 16443
17254 17254 17152 16633
17245 17443 16947 16541
17378 17133 17133 16577
17624 17007 16901 16567
17198 17065 17255 16881
17711 17047 16824 16438
17287 17155 17345 16413
17273 17173 17180 16682
17582 17149 16735 16506
17225 17121 16881 16913
17092 17353 17220 16616
17289 17460 16981 16520
17327 17141 17186 16675
17233 17039 17340 16802
17671 17122 16679 16538
17222 17389 17125 16542
17341 17138 16780 16831
17675 17123 16584 16591
17309 17351 16922 16555
17295 17391 17010 16533
17708 17108 16943 16288
17387 16885 16885 16969
17421 17408 17024 16242
17401 17037 16870 16883
16920 17257 17447 16557
17135 17186 17127 16803
17528 17299 16727 16554
17419 17147 17205 16559
17396 17210 17304 16364
17669 17091 16973 16440
17315 17226 17052 16762
17704 17114 16725 16464
17242 17105 17291 16635
17186 17292 17244 16540
17073 17420 17115 16600
17653 17129 16651 16598
17318 17324 17007 16672
17406 17393 16864 16609
17260 17365 17243 16360
17244 17075 17031 16875
17683 17162 16685 16483
17434 17213 16701 16682
17156 17120 17497 16478
17285 17332 16993 16582
17284 17381 17140 16397
17677 17073 16886 16414
16833 17233 17267 16751
17233 17197 17183 16744
17270 16959 17099 16807
17518 17267 16808 16403
17450 17272 17041 16460
17424 16999 17043 16796
17428 17358 16957 16478
17621 17029 16889 16514
17603 16968 16742 16606
17141 17360 17228 16496
17505 16878 16884 16833
17094 17225 17122 16819
17410 17178 16852 16757
17106 17270 17317 16581
17628 17081 16840 16587
17334 17148 17162 16705
17053 17153 17239 16742
17231 17319 17050 16646
17512 17191 17085 16419
17183 17270 17352 16560
17687 16972 16974 16565
17627 16986 17004 16573
17180 17365 17185 16625
17605 17184 16961 16355
17061 17299 17328 16543
17021 17286 17268 16700
17502 16909 16988 16772
17491 16984 16885 16834
17355 17403 16989 16492
17054 17459 17153 16436
17605 17015 16951 16566
17070 17383 17153 16657
17447 17055 16926 16729
17151 17210 17167 16755
17432 17174 17236 16347
17116 17341 17294 16589
17633 17234 16774 16414
17221 17124 17300 16617
17196 17275 17250 16478
17162 17406 17144 16563
17543 17142 16970 16639
17500 17295 17013 16383
17483 17326 16974 16324
17690 16903 16872 16503
17205 17086 17355 16695
17444 17194 16945 16746
17363 16760 16940 16967
17185 17221 17055 16829
17443 17409 16860 16437
17380 17126 17078 16716
17408 16952 17193 16701
17016 17424 16926 16697
17641 17013 16843 16545
17576 17199 16800 16547
17563 17164 16893 16529
17283 17136 17277 16645
17302 17120 17033 16810
17599 17061 16650 16693
17624 16899 16972 16676
17556 17088 17023 16530
17549 16906 16905 16727
17584 17044 16806 16622
17533 17206 17019 16518
17417 17279 17167 16421
17329 17152 16991 16698
17513 17269 16818 16398
17445 17139 17154 16427
17413 17063 17028 16731
17226 17267 17323 16610
17374 17151 17012 16812
17429 17219 16788 16686
17364 17242 17056 16638
17144 17288 17281 16470
17614 16930 16837 16610
17667 17005 16935 16506
17635 17146 16918 16384
17274 17163 17008 16776
17160 17097 17328 16656
17484 17249 16899 16550
17175 17125 17327 16617
17138 17103 17376 16573
17644 16875 16892 16688
17636 17210 16741 16463
17498 17094 17076 16547
17280 17376 17066 16550
17559 17045 16868 16723
17121 17225 17238 16801
17287 17362 16908 16629
17253 17000 17050 16924
17508 17278 16998 16411
17264 17247 17029 16747
17524 16964 17076 16718
17534 17130 16817 16645
17326 17135 17234 16677
17403 17195 17119 16580
17357 17181 17002 16667
17203 17273 17189 16535
17189 17168 17289 16687
17511 16883 16972 16804
17563 17158 16980 16490
17569 17038 16916 16695
17172 17248 17182 16693
17246 17289 17256 16470
17320 17346 17046 16482
17670 16949 16978 16546
17597 16928 16858 16764
17583 17214 16869 16409
17569 16950 16908 16717
17384 17187 16986 16728
17252 17216 16904 16791
17244 17206 17106 16738
17578 17138 16997 16527
17500 17127 16695 16697
17399 17367 17027 16538
17362 17203 16946 16721
17506 17286 16820 16548
17485 17256 16837 16583
17383 17060 17156 16602
17228 17240 17030 16790
17366 17302 17118 16555
17089 17346 17115 16639
17540 17027 17058 16668
17510 17116 17053 16644
17269 17294 17110 16686
17671 17151 16866 16499
17595 17025 17050 16619
17546 17072 16933 16692
17718 17045 16826 16535
17001 17208 17338 16697
17307 17366 17067 16568
17490 17137 17101 16558
17422 17059 17158 16592
17184 17218 17295 16653
17324 17378 16875 16516
17335 17180 17131 16621
17324 17342 16907 16552
17591 17062 16744 16669
17508 17107 16749 16699
17119 17304 17198 16589
17523 17087 16924 16763
17431 17271 17049 16651
17405 17304 16959 16527
17668 17175 16723 16518
17561 17001 16928 16697
17512 16935 17127 16641
17441 17100 16884 16753
17438 16956 17052 16754
17393 17239 16821 16678
17137 17177 17445 16559
17443 17255 16903 16673
17536 17134 17027 16470
17354 17046 17138 16753
17301 17166 17115 16637
17592 16933 16906 16685
17549 17110 17043 16620
17490 17171 16989 16655
17643 17023 16985 16499
17414 17181 17086 16536
17256 17344 17046 16630
17470 17185 16833 16677
17630 17056 16783 16561
17443 17036 17067 16726
17758 16903 16732 16520
17324 17441 16776 16550
17492 17182 17038 16457
