5353 30.0064
8112 9346
8833 9015
8083 9357
8896 8959
8826 9041
8336 9316
8868 8978
8788 9098
8240 9333
8425 9244
8848 9011
8394 9261
8865 8981
8992 8452
8823 9052
8912 8936
8853 8998
8838 9013
8423 9245
8422 9247
8358 9284
8685 9180
8731 9147
8703 9166
8389 9267
8675 9181
8706 9157
8938 8871
8899 8942
8941 8805
8934 8911
8479 9231
8915 8916
8985 8725
8964 8786
8831 9020
8860 8991
8475 9240
8972 8766
8421 9253
8743 9128
8778 9120
8740 9141
8988 8702
8820 9077
8940 8819
8793 9079
8668 9204
8705 9159
8635 9223
8700 9178
