8772 2285.48
27557 24831 24790 24530
26888 25230 24171 25174
25898 26163 26337 23332
25318 27014 25592 23984
24879 22522 26943 26841
24454 23235 26369 27577
23989 23791 28608 25187
23263 23898 27607 26296
26296 25528 26109 23422
26311 25575 26148 23389
23292 23723 27617 26370
24855 22595 26906 26842
23370 24280 27564 25815
25348 24871 26664 23480
23861 23760 28507 25382
23910 23702 28424 25513
24707 22682 27073 26763
25623 26445 26028 23803
26943 25307 24335 24925
23648 24145 27580 25916
24211 23496 28293 25439
26880 25195 24521 25183
27115 25020 24594 24782
26785 25271 24386 25114
24381 23316 26593 27445
25189 23592 26180 26500
24443 23303 26348 27550
25746 26458 25854 23850
24874 22638 26843 26816
26993 25449 24557 24601
25996 26329 25658 23941
24504 23459 26364 27409
24689 23173 26908 26918
25584 26502 25980 23525
23947 23735 28534 25320
23410 24135 27649 26287
25551 26549 26120 23702
27259 24710 25002 24579
25926 26294 25469 24060
23517 24214 27387 26231
25055 22867 26716 26901
25043 23214 26582 26562
23605 24197 27689 25869
23474 23877 27715 26303
27174 25071 24976 24321
23788 24347 27454 25511
26164 25708 26080 23752
24574 22897 26781 27110
23445 24024 27834 25933
25465 25714 25497 24568
24315 23051 27416 26355
25261 23417 26604 26092
25211 23040 26329 26963
27387 24879 24687 24718
25348 26818 25771 24086
26331 25959 25671 23661
24850 22770 27080 26701
27206 25222 24957 24434
24608 23273 26552 27385
24683 23331 26092 27215
26825 25258 24206 25173
24929 23749 26761 25940
24831 23136 27297 26336
27485 24936 24889 24614
23844 23632 28253 25725
26172 25868 24584 24620
24471 23246 26385 27487
24331 24683 27675 24965
23726 23777 28234 25594
25353 26840 25542 24163
25911 26311 25704 24183
24447 23334 26441 27514
24036 23836 28465 25441
24481 23402 26429 27291
24484 23450 26423 27369
24989 23426 26248 26849
24024 24063 27717 25684
25305 26996 25557 24026
25812 26226 25814 24140
25107 23160 26155 26520
27369 25042 24875 24469
25571 26687 25958 23732
25573 26714 25211 24239
25322 26955 25526 23963
24419 23375 27254 26550
24048 23798 28586 25247
25401 25281 26465 24307
24639 22836 26618 27186
25869 25912 26188 23558
24529 24279 27397 25414
24910 24079 26957 26070
24361 23379 26507 27522
27074 24821 25056 24682
26928 25358 24371 24845
23573 24487 27433 25965
26282 25820 25842 23572
25537 26897 25437 24189
25290 25759 26349 23780
25137 22822 26489 26854
24613 22978 26593 27264
24383 23193 26609 27137
24842 22884 26976 27006
23984 23919 28486 25364
26600 25497 24499 24660
25707 26191 26194 24158
25428 26278 26218 24296
23581 24081 27373 26324
24401 22935 27438 26260
23432 24345 27625 25742
25383 25843 25625 24492
25726 26099 25560 24537
25269 26002 26125 24355
26859 24754 25158 24730
25246 23608 26290 26433
24347 23258 27520 26312
24807 22948 27097 26536
25636 26744 25823 24071
27140 25052 25178 24374
26186 25825 24904 24923
24500 23475 27656 25708
25569 26639 25288 24317
24299 23658 27893 25984
26640 25340 25199 24586
23952 23354 28111 25732
24537 23086 27109 26747
25073 26066 26405 24221
27239 25065 24820 24517
27463 24911 24892 24523
23616 23850 27801 26133
24297 23983 27975 25081
27128 25113 25020 24496
27337 24861 24848 24665
27035 25416 24658 24713
23392 24170 27759 25931
24131 23581 28016 25896
25736 25703 25601 24380
26421 25013 24742 25486
24692 24043 27783 25140
24934 23097 26445 27060
25955 25947 26143 23871
24040 23843 28396 25314
27523 24943 24858 24525
26536 25168 24928 25099
24587 23466 26820 26709
26958 25350 24320 24819
26682 25575 24703 24368
24771 23113 26800 26716
24848 23233 26231 27060
24261 24507 27186 25810
23983 23285 26876 26828
24413 23575 27344 26102
26151 25080 24617 25284
27098 25215 25012 24397
25805 25193 25359 25077
26634 25298 24922 24724
25989 25738 26147 23512
25339 24924 25550 25535
25179 23443 26484 26143
25890 25731 26018 24110
24865 22720 26860 26877
25500 26353 25722 24477
26964 25292 25087 24262
24070 23617 26726 26650
25338 25622 26265 24829
26185 24765 25302 25186
25418 26972 25420 24116
23929 24000 28026 25785
24962 23548 25942 26816
24799 22791 27377 26218
25653 26868 25688 23956
25787 26667 25752 23909
25767 24422 25318 25573
25063 23561 27309 25132
26233 25106 24987 25258
25599 24803 25387 25406
24993 26399 25799 24252
27026 25425 25604 23821
27225 25004 24670 24804
27408 24937 24716 24673
25828 26380 25996 23716
25791 26488 25992 23612
25945 26151 25901 23900
26721 24267 25103 25273
26694 25559 25092 24465
24008 23518 27270 26257
26709 24535 25147 24999
24277 24956 26925 25337
26013 25635 26365 23493
24709 22915 26625 27093
25264 25855 25746 24793
24554 24115 26964 25855
25489 25609 26168 24623
26838 25248 24297 25194
24339 24385 27599 25234
23824 23876 27799 25830
25576 26619 25967 23655
25692 26529 25861 23619
24801 22689 26988 26857
23757 23735 28193 25612
26657 25681 25840 23682
26924 25174 24267 25259
26947 25254 24638 25013
27068 25074 25037 24410
27287 24967 24763 24721
23710 24201 27425 26210
24620 23456 26520 27045
24565 22980 26685 27149
24651 22616 27325 26594
27270 25044 24682 24642
24496 23411 26532 26935
23886 24359 27198 25946
26832 24945 24360 25310
25147 24374 26647 25470
25845 24104 25074 25773
24083 23915 27993 25780
24043 23863 28209 25546
27421 24852 24813 24648
24062 24904 27224 25429
26743 25455 24237 24838
26323 24700 25280 25209
25960 26265 25846 23546
24684 22975 26921 26781
24756 22906 26781 26981
23812 23920 28226 25452
24973 24542 27107 24948
25852 26023 25994 24046
23523 24445 27555 26036
24110 24741 26785 25478
23736 23984 28072 25521
26667 24888 24626 25301
26853 25202 24452 25156
24196 23687 28168 25553
26100 25149 25821 24359
26619 25687 25065 24163
23873 23622 27648 26237
25313 25896 25895 24513
26036 26424 25270 24286
25391 26580 25577 24395
24754 22738 27169 26733
24631 22754 27007 26727
25287 25977 26382 23976
26441 25539 25923 23628
27433 24837 24788 24700
26471 24599 25208 25056
24021 23828 27355 26174
27452 24822 24573 24748
23992 23815 28555 25230
26553 25673 24751 24443
25447 24642 26120 25020
23740 24092 27929 25845
24318 23369 27958 25752
24904 22709 27051 26678
24352 23540 27923 25655
23433 23932 27593 26265
25646 26660 25653 24126
25558 26917 25714 23925
24887 22951 26671 26685
24664 23530 26328 26999
25082 24237 26049 26362
25357 26944 25507 23974
26146 26112 25362 24188
27021 24654 25232 24689
25875 26171 25738 23881
24364 23401 27235 26394
25452 24404 25758 25999
26513 25372 24797 24899
24624 23406 26738 27124
25293 23060 26466 26018
25070 23202 26502 26627
25373 23027 26623 26163
26074 25806 26146 23601
24525 23453 26381 27309
26525 25522 24700 24562
26545 25774 24569 24914
26425 25789 24717 24699
23745 23787 28275 25580
24493 24294 28134 24885
24725 24262 27476 24805
25872 26472 25337 24073
26129 24078 25423 25356
25853 26053 26274 23574
24672 23266 27280 26579
26221 25198 25221 25212
27542 24720 24837 24598
26096 26128 25640 23908
27083 25411 25020 24430
24950 22743 27142 26638
26405 24888 25172 25282
24654 23079 27016 26615
24282 24411 27034 25720
24400 24499 27021 25737
24282 23383 26636 27191
24588 23364 26372 27328
27505 24940 24762 24547
24513 23312 26339 27479
23698 24846 27133 25679
27326 24864 24926 24765
26796 25427 24884 24455
26981 25349 24282 24971
26058 25991 26099 23529
24458 23016 26567 27249
26239 24970 25250 25052
26704 25441 25330 24367
26574 25686 24403 24641
23674 23960 28147 25529
27160 25074 25011 24328
27307 25073 24885 24405
24734 23381 26114 27173
23686 23963 27549 26052
23995 23837 28328 25571
24084 23505 26871 27032
23876 23813 28129 25799
26958 25266 24483 24858
25671 26750 25662 24019
24235 23778 27944 25147
24168 23608 28039 25815
24307 23602 26919 26809
24048 24098 27869 25559
26857 25324 24948 24480
25903 26410 25482 23947
26738 25474 24477 24741
24253 23638 27913 25932
25429 26887 25785 23937
25980 24579 25919 25388
25360 26923 25487 24028
26075 26252 25590 24167
25716 24593 26283 24910
24591 23715 27292 25758
23825 23696 27767 26117
26022 24478 25535 25444
25648 26564 25861 23831
24706 23147 27002 26404
26344 25396 25120 24912
26746 25595 24964 24309
24816 22712 26980 26794
25028 23991 26174 26120
26081 24310 25674 25208
26254 24483 25187 25497
24193 23472 28278 25461
26266 25754 25276 24036
26915 25134 25028 24759
24874 22721 27104 26671
24786 23931 26454 26744
24335 24980 26892 25425
26396 24517 24869 25298
25199 26010 26006 24344
24560 23296 26416 27463
24552 24128 27875 24939
25819 26591 25465 24158
27356 24944 25009 24352
25515 26601 25454 24204
25574 26704 25502 24203
24456 23120 26666 27341
23546 23923 27579 26328
23900 24124 27281 25954
23557 24327 27606 25621
26345 25745 26040 23589
24186 24020 28156 25252
25946 25836 25968 24334
25764 26034 26004 24142
26532 25481 24602 24825
26657 25650 25333 24275
25966 24444 25924 25230
25015 23702 26443 26471
24057 23945 28328 25324
23883 24631 27129 25650
26749 25324 24424 25095
27059 25384 25082 24291
27001 25071 24281 25069
25485 24208 26309 25331
23968 23807 27571 25884
25368 23675 26650 25341
25122 24162 26678 25374
23778 23626 27338 26477
24569 23004 26654 27248
24635 23319 26418 27229
26481 24555 25468 24808
23832 24007 27535 25877
24739 23556 25886 27021
24156 23869 28213 25164
26580 25713 24654 24470
24390 24367 27901 25154
25054 24776 26886 25119
23764 24205 27508 25977
25431 24037 25953 25986
24227 24670 27662 25028
24249 24730 27249 25346
24941 23068 26717 26600
24225 23491 26628 26943
24676 23368 26566 27083
24018 23883 28378 25404
26752 25370 24222 25019
23819 24233 27486 25613
27063 25375 25376 23977
25909 25759 25403 24347
26900 25396 24215 24990
25503 26270 25763 24453
26590 25557 24274 24647
23766 23975 27179 26134
24096 23849 28344 25323
24892 22869 26995 26563
23977 23624 27160 26433
26569 25484 24301 24683
26820 24946 24732 24980
25943 24185 25292 25671
25662 26798 25733 23969
25605 26792 25870 23981
24320 24059 27852 25161
25532 26778 25644 24019
26114 26042 25515 23933
26461 25887 25662 23837
23495 23978 27746 26044
25155 24726 26825 24873
26870 25456 24597 24554
25009 23891 26322 26290
26387 25659 25976 23649
23386 24160 27749 25996
24124 23453 26801 27014
24709 24156 27053 25498
25855 25884 26062 23993
26556 25660 24828 24192
24070 23489 27611 26201
25128 23005 26544 26611
26335 25633 25906 23887
23937 24579 27363 25884
26118 24989 24844 25282
25860 26540 25395 24272
25523 24046 26041 25574
25096 25925 26022 24402
24473 23963 27698 25195
26388 25134 25614 24342
24323 24431 27744 25052
25610 26762 25875 24035
23792 23969 27079 26481
23816 23817 27132 26383
25035 24095 26694 25907
26770 24874 25192 24802
24924 26255 25916 24388
24803 22995 27334 26451
26055 24258 25923 25087
27045 24996 25096 24869
26456 24520 24782 25524
26759 24322 25201 24866
25232 25603 26705 24124
26813 24960 24466 25267
26354 25881 25265 24248
24152 23651 26632 26890
27009 25100 24431 24985
26836 24246 25099 25246
26434 24280 25233 25038
24746 23126 27090 26515
24105 23506 26240 27040
24236 23617 28055 25793
24768 23970 26211 26210
24343 23576 27733 25566
23666 24605 27374 25931
23844 23905 27435 26036
24700 23164 26586 26938
25418 24179 26081 25845
26376 25639 25936 23651
26203 24519 25847 24399
25337 26516 25887 24016
24490 23127 26545 27394
25163 25883 26310 24224
24978 23885 26680 26012
24663 23815 27220 25641
25262 24465 26241 25879
24151 23951 27816 25406
24909 22791 26841 26671
23954 24780 26983 25662
27503 24844 24780 24557
24310 23582 27234 26454
24011 23576 28091 25717
26445 25344 26008 23876
25336 22892 26375 26417
27226 25222 24940 24773
25217 24624 26546 25205
24626 24029 26561 26371
24309 23706 28108 25129
26260 24562 25419 24842
24069 24011 28059 25759
27060 25094 24449 25038
24750 22961 27186 26674
25908 26219 25890 23618
24001 23889 28367 25324
24935 24072 26310 26189
24558 23312 27144 26428
26987 25398 24773 24752
25628 24558 25830 25490
25943 26162 25132 24426
27053 25098 24234 24775
25697 26597 25611 24177
25115 24292 26872 25200
24437 23380 27996 25633
26994 25054 25130 24280
26762 25231 24415 25045
27016 25293 25289 24006
24677 24414 27635 24496
24005 23454 26742 27160
24821 22626 27118 26731
