563 1357.49
27290 25186 25521 24716
26720 25447 24540 25332
26372 26257 26304 23080
25639 26984 25962 24185
25513 22936 27111 26232
24794 23981 25794 27596
24490 24061 28375 25460
23864 24880 27605 26031
25669 23045 26989 26158
24873 23949 26039 27513
25013 24087 25817 27565
26709 25440 24582 25378
25720 26927 25972 24094
24617 23964 25969 27472
27160 24892 24607 25214
25632 23061 27078 26180
25375 23106 27195 26370
24904 24061 25861 27427
23900 24753 27674 26208
26489 25957 26439 23166
27267 24421 25823 24706
23954 24892 27696 26022
26470 26152 26215 23124
23932 24996 27161 26370
26756 25397 24631 25334
23980 25088 27090 26197
24878 24098 25971 27395
24804 24334 28346 25145
26439 26055 26474 23278
23968 25485 26886 25743
24842 24208 25884 27370
26406 26166 26273 23093
23906 25163 27091 26102
25005 24149 25717 27333
26412 25967 24654 25086
25691 26867 25774 24288
23994 24878 27099 26473
25021 24104 25715 27320
25410 23146 27217 26320
24991 24164 25687 27297
24712 24102 28326 25365
27053 25053 24668 25190
26340 26207 26653 23111
24742 24018 25840 27453
25813 23124 26928 26220
24064 25560 26850 25832
26717 25643 24802 24921
24938 23841 25870 27392
25577 26885 26047 24168
24590 24199 26072 27360
26357 25504 26747 23348
27253 25130 25304 24725
26481 26087 26505 23225
26781 25427 24643 25307
25771 26890 26025 23898
25481 23057 27152 26205
26089 25943 26682 23242
26153 25168 24888 25920
23938 25119 27144 26066
26704 25951 26358 23178
26183 26421 26160 23297
26433 26223 26178 23194
24004 25210 27005 26171
27031 25056 24685 25167
25740 26906 25896 24046
24048 25011 27368 25952
24599 24270 28207 25550
25037 24112 25695 27249
26713 25193 24729 25559
24773 23918 26281 27265
25629 23385 26808 26345
26780 25770 25913 23329
24016 25127 27106 26181
25792 23192 27014 26054
26988 25137 24816 25502
25605 23316 26605 26581
24084 24650 26717 26881
24080 25375 26938 25789
24856 24197 25724 27454
27244 25158 25548 24658
26506 25700 26592 23198
25284 23686 26197 27154
25682 26901 26058 24096
24640 24077 28276 25447
27178 25339 25011 24815
27078 25205 24975 25154
24067 24961 27448 25918
26558 25542 24901 25434
25085 23181 26960 26843
24894 23749 26259 27278
25594 26834 25968 24282
24465 23897 28280 25545
25754 23174 26969 26238
25572 23113 27085 26275
24594 24466 28355 25290
26468 25971 24700 24798
24826 24204 28193 25356
26896 25538 25216 24859
24803 23519 26663 26942
24025 24912 27425 26122
25117 23966 26193 27202
26377 26161 26531 23123
25826 26815 25935 23945
24165 25374 27211 25422
27134 25047 24706 25051
24523 24595 27850 25544
25855 25672 26976 23780
25075 23212 27053 26750
24470 24208 28255 25478
24953 24403 25509 27118
25527 23221 27050 26430
26527 26157 26001 23640
24094 25093 27586 25595
24354 24411 28047 25634
25811 26840 25869 24091
27218 25151 25605 24350
24950 23754 27658 25974
24538 24365 28361 25295
26651 25602 24741 25351
26389 25537 24840 25471
25277 23589 26240 27192
27104 25031 25193 24964
24652 24292 28286 25409
27095 25260 24990 24963
27089 24957 24982 25066
27239 25079 25559 24530
27189 25154 25618 24612
26437 26074 26391 23704
24041 25240 27197 26037
25595 26920 25973 24223
27229 25133 25591 24465
26630 25948 26019 23535
25848 25607 27108 23517
24202 24249 27643 26178
27112 25339 25790 24368
26374 26113 26400 23644
26023 25682 26905 23353
24428 24146 28319 25432
26526 25963 26056 23630
24609 24331 28367 25263
26835 25631 25950 23625
25328 23605 27680 25899
26629 26124 26000 23572
24614 24381 28294 25349
26908 25222 25562 24905
24492 24264 28248 25479
25226 23439 26936 26702
26411 26048 26588 23209
26265 26237 26546 23670
24159 24399 26750 26854
25837 26846 25828 24009
26458 26082 26128 23732
26755 25130 25002 25610
25041 24114 25689 27289
24687 24409 28266 25129
24677 24367 26551 26934
24239 24762 27738 25863
24720 23823 26566 27159
27210 24930 24862 24968
26015 24812 25291 26177
26413 26108 26405 23213
25355 23329 27505 25986
25214 24708 26498 26239
26291 25991 24941 25109
26303 25713 26771 23498
25608 26784 26148 24148
25414 26824 26164 24272
26328 26171 26458 23743
26491 25945 26438 23082
24920 24353 26353 27171
26303 26232 26517 23352
25797 26367 26453 23955
26383 25700 26734 23221
25451 23405 27028 26322
24431 24799 27861 25746
27177 24897 24854 24969
25669 23162 26634 26436
27052 25562 25735 23321
27235 25434 25315 24296
26464 26011 26501 23268
27203 25284 25176 24612
25088 23571 27967 25644
24770 24233 25678 27327
26580 25279 24727 25686
25752 26185 26709 24203
27166 24997 24693 25141
26307 25510 24718 25682
27062 25458 25849 24446
24242 24982 27795 25286
23905 24900 27445 26303
25423 26021 26425 24886
24611 24180 28299 25403
26854 25719 26205 23171
25158 24201 25743 27221
26460 26181 26156 23481
25225 24699 25593 26531
25551 23440 27648 25662
24641 24120 26532 27048
24654 25046 27652 25342
25054 24097 25964 27229
25623 26773 26138 24248
26828 25706 26038 23382
26254 26253 26415 23815
25641 23120 27253 26021
26915 25316 25251 25099
25044 23551 27291 26466
25340 23431 27073 26359
26958 25495 25941 24347
26229 26061 24926 24877
24112 25582 26682 25696
24901 24091 26455 26995
25428 24275 25876 26663
24745 23466 26443 27208
26299 25612 26822 23309
24310 24914 27326 26253
24914 23912 27616 26173
26833 25372 25380 25254
27171 24860 25245 24992
26178 26218 26595 23453
25122 24315 26050 27110
25729 26920 25971 23887
25265 23668 26362 27143
24233 25508 27102 25421
24943 23777 26250 27180
25768 25598 27131 23587
25195 24373 25792 27140
24558 23839 27843 25986
25585 25817 26956 24207
25567 26804 26024 24443
27037 25249 25909 24568
26144 25640 26892 23432
26268 26264 26467 23562
25049 23157 27490 26295
26609 25737 25475 24739
24629 24664 28080 25535
26115 25955 26615 23613
24297 25149 27095 26051
24807 24143 28304 25373
27125 25003 24885 24997
26402 26087 26619 23459
26370 25825 26667 23247
26505 25799 25007 25175
24293 25039 26722 26382
24552 24574 28269 25374
26514 25367 25575 25180
25064 23967 28160 25348
24806 24207 27973 25708
24534 24655 27270 26567
25283 23310 27213 26379
24840 23952 26412 27090
24441 24749 27825 25749
27132 25181 25860 24587
25972 26781 25841 24176
25344 23656 27672 25845
25008 23794 27956 25760
25156 24020 26099 27057
26848 25645 26210 23176
24120 24485 28001 25672
26466 25541 24774 25585
26894 25217 25133 25247
25287 23636 27066 26223
25829 25680 26989 23526
25046 24159 28005 25390
25155 23502 27525 26045
25297 23927 26485 26846
27137 25477 25270 24617
25535 23259 26896 26463
27216 25171 25553 24659
26842 25269 26094 23663
25793 23399 27207 25953
25717 26623 26043 24408
25117 23370 27031 26611
26316 25638 26849 23304
24018 25168 27089 26096
25501 26245 26105 24792
24378 24016 26673 27211
27103 25239 24790 25020
25354 23335 26494 26884
27145 24967 24867 25135
26381 25499 25358 25357
25407 23380 26898 26600
24299 24370 28067 25615
25490 24840 27069 24949
24772 24008 26632 26903
24402 23883 27813 26033
25627 23392 26807 26442
26889 25289 25010 25375
26975 24947 25814 25013
24138 24625 26742 26769
25200 24632 26067 26291
27081 25157 24756 25142
25602 24375 26688 25825
26793 25555 25350 24606
24388 25457 27059 25503
26245 26414 26226 23359
24680 24622 27499 25812
25134 23594 27964 25600
24369 24976 27584 25890
24150 24692 27140 26497
26795 25331 24676 25379
26495 25401 26791 23801
25696 23462 26745 26388
25600 26861 25876 24322
24585 25110 26597 26272
26652 25655 25565 24910
25601 26528 26387 23849
26888 25035 24881 25515
24250 24946 26742 26397
27014 24662 24846 25425
24619 24172 27828 25994
26657 25304 26532 23256
26509 25987 26173 23749
25978 23578 26514 26494
24779 24322 27543 26046
24802 24109 26199 27292
24944 23694 27109 26571
25471 23735 25650 27071
27233 24981 25073 24951
24173 24806 27336 26247
25548 23237 27121 26224
24834 23932 26786 26828
25858 26652 26029 24344
26458 25558 26736 23437
26166 25959 26578 23659
27250 25237 25598 24426
25491 26462 26630 23907
26247 25977 24965 25188
25178 25231 27471 24709
24308 24598 27995 25549
24214 24395 27905 25874
24814 23580 27834 26084
25521 23289 27346 25937
24646 24534 26816 26772
25941 26631 25790 24319
26161 26035 26612 23695
26502 25795 26008 24190
25469 24518 27319 25121
26096 25454 25146 25568
25169 24755 25965 26435
24821 24161 28212 25458
25824 26769 26133 24323
26463 24688 26065 25024
26606 25852 25556 24657
25253 26067 26480 25021
26567 25552 24751 25480
26265 26074 26648 23261
24759 23952 26530 27000
24850 24512 27713 25639
26820 25755 25507 24251
24789 23935 27674 26100
26287 25442 24934 25700
25011 24726 27914 24828
26798 25697 25754 23807
26472 26041 26411 23409
27055 25256 25270 24872
27006 25664 25611 24165
24207 24745 27522 26164
24959 24049 27940 25607
26214 25638 25126 25302
24804 24456 28241 24819
27041 25417 25266 24881
26969 24941 26051 24355
24816 24554 26878 26282
25491 24132 25477 26969
24259 24862 26984 26535
25077 24402 26668 26560
25682 26523 26087 24523
27028 25236 25385 24870
26615 25777 26274 24172
24343 24484 27567 26243
25519 23515 27460 26012
25191 23860 28106 25230
25772 26416 25880 24736
25569 26228 26726 24372
25618 24363 25383 26679
24353 25186 26832 25901
26017 26406 26195 23825
24173 24739 27674 26030
27011 25514 25185 24556
24888 23537 27203 26669
27200 24857 25161 25048
24633 24546 27555 25973
25455 23870 27440 25853
25378 23178 26678 26870
25945 26542 25375 24415
25828 26142 26798 23686
26046 26268 26598 23540
25389 24502 25863 26627
24199 24786 27451 26187
24225 24919 27632 25802
25028 24243 26401 27084
25014 24146 25679 27236
24567 24282 28219 25454
24495 24302 28373 25290
24515 25033 27768 25123
25894 26671 26107 24245
25403 23978 26843 26299
24197 25081 27328 26201
25102 24113 26051 27131
26636 25492 24688 25425
24999 24115 26407 27077
25510 25512 27246 23805
25113 23806 27599 25885
25352 23554 27317 26088
26165 26518 25776 24377
25538 26856 26100 24320
27167 24985 25670 24679
26353 26016 26220 24112
26336 25871 25209 24967
24582 24806 27805 25513
24392 24790 26993 26341
26263 25998 26482 23677
25509 26741 26230 24300
27097 24835 25019 25194
24108 25133 27227 25989
26294 26185 26579 23425
26237 26137 26136 24130
25604 26827 26126 24176
26737 25544 26101 23596
24415 24449 28110 25478
24313 24604 26582 26783
25685 26925 25997 23915
25124 23587 27376 26215
24973 24279 28096 25580
24382 24611 27709 25882
24226 25279 27362 25658
25108 24125 26329 27042
26774 25815 25891 24042
26824 24397 24938 25484
25274 23981 26017 27106
25275 23530 26797 26706
24444 24507 28015 25557
24350 24649 27876 26039
26986 25244 25416 24965
25645 24426 27355 25102
24210 24823 27162 26364
25660 26382 26209 24544
25574 24343 26140 26420
25220 25047 25607 26513
24652 24252 26733 26901
27206 25355 25485 24509
25097 24657 27468 25592
26130 25667 26854 23329
24666 25188 27278 25064
26804 25566 24825 25150
26741 25358 25519 24917
25487 26603 26416 24052
26311 26163 26552 23468
24956 24380 28172 25306
26922 25377 25070 24994
26679 25476 25815 24940
26581 24871 24876 25673
25720 23447 27199 25813
26296 26393 26186 23368
26027 26343 26545 23413
24256 23963 27415 26542
26209 24951 24948 25864
24231 24840 27577 25968
26758 24703 25597 25239
25590 25914 26512 24611
24386 24886 26887 26423
26442 25231 25543 25338
25133 23696 28071 25620
26641 26005 25403 24732
25830 24888 25902 25647
25807 23444 26981 25975
24650 24230 28164 25424
26065 25163 24833 25934
26300 26278 25659 23974
24034 25041 27523 25913
26484 24324 25709 25581
25309 23746 27719 25605
24813 24288 28252 25301
24696 24430 28037 25747
24893 23741 25927 27360
25462 23853 27369 25981
25160 26375 26342 24653
24550 23741 27229 26691
25808 26708 25841 24351
26393 25840 26575 23578
26275 26054 26602 23616
26195 25809 26267 24266
24781 24080 26629 26975
26417 25917 25483 24623
25553 23691 26865 26624
24718 24843 27683 25278
26566 23909 26504 25031
25270 24465 25584 26910
24955 24007 27871 25683
25558 26801 26001 24474
27069 25235 25898 24285
24576 23642 28030 25837
26351 23545 26693 25729
26297 25406 25361 25494
25713 23612 27159 25810
25800 26435 26338 24080
25784 23496 25933 26653
27194 25158 25170 24792
26905 25732 25723 23648
25350 23720 26290 26994
24773 23152 27612 26506
25737 23148 27045 26073
25783 23254 27024 25992
26499 25837 26385 23691
25979 24206 26340 25829
26272 25743 24911 25217
25531 25247 27313 24472
26934 24779 25875 24650
24892 23306 27390 26459
25396 23303 27289 26227
26803 25471 26157 23507
26427 26025 25835 24138
25774 23443 26465 26499
26291 25853 25322 25000
25820 25527 27076 23758
25725 23814 26749 26245
24701 25165 27591 25076
26944 25674 25130 24107
26566 25287 24788 25668
27157 24987 26119 24304
25920 26214 26142 24140
25005 23671 27560 26078
25138 23419 27019 26644
24157 24803 27118 26471
25650 26851 26114 23902
26306 26464 25667 23871
25369 23557 27571 25942
26192 23260 26921 25660
25864 23630 27236 25718
24520 25383 27390 24842
26008 26580 26097 24076
24643 24636 26999 26676
26007 26490 25808 24421
25611 26459 26335 24328
25117 26431 26404 24882
25067 24433 26801 26285
24626 23779 26668 26982
24404 24308 28063 25760
25933 26387 25935 24463
26638 25137 26130 24688
25317 24067 25646 27008
24780 24042 26680 26839
25865 26494 26276 23976
25003 24198 28180 25248
24098 24874 27417 26112
24608 25649 26060 25406
25116 23623 27006 26534
24704 23540 26743 26958
24613 24270 26081 27231
24877 24077 26422 27041
26879 25342 24972 25073
27218 25146 25579 24730
24565 24639 27808 25686
26788 25607 26082 23373
25765 23239 27166 25975
26740 25869 26183 23452
26250 26356 26233 23894
26552 25912 25934 23828
25465 23230 26586 26923
25190 25013 27842 24389
25152 24538 25911 26759
25089 24476 26812 25939
26190 25986 26325 24213
24655 25060 25677 26428
24336 24414 26955 26750
25888 25718 26777 24227
24844 23816 28185 25490
24819 24183 28127 25483
24600 24350 28315 25425
25848 26613 26258 24233
26337 26178 26361 23265
26747 25782 25352 24356
24462 24137 27382 26400
24459 24346 27488 26221
26715 25301 25428 25102
26512 24459 26115 25046
25155 23788 26656 26777
25032 24466 26173 26604
26765 24818 25549 25202
26602 25779 25855 24352
24120 24990 27484 25873
26456 25668 25705 24764
26205 26270 26457 23315
25176 24064 25893 27094
24906 23961 26986 26791
25937 25100 25662 25653
24332 24939 27132 26212
26431 25828 25040 25066
26940 25500 25333 24804
24327 24911 27681 25666
26216 25513 24921 25766
25100 23708 27930 25642
24740 24394 28133 25272
25275 24333 25515 26990
24623 23795 27117 26591
24366 24562 26739 26765
24706 24149 28312 25333
26859 25053 25295 25430
24735 24240 27308 26365
26546 25403 25181 25230
26629 25631 24711 25335
25815 26563 26117 24379
24248 25116 27232 25686
26224 26353 26235 23418
25120 24070 26328 27013
27128 24853 25016 25185
25228 24131 26761 26487
26022 26423 25889 24592
26782 25018 24947 25448
24245 24807 27597 25795
26151 26197 26482 23735
26289 24784 25279 25783
25851 25659 27020 23618
26708 25461 25045 25576
26704 25723 25256 24789
26186 26112 25196 24840
26599 25994 25414 24062
24829 23715 28135 25636
24112 24646 27589 26205
24847 24528 28082 25301
24516 24210 28225 25452
26327 26064 26544 23621
26190 25933 26641 23710
25447 25974 26446 24651
24975 24118 28027 25433
26589 25776 25318 24982
27084 25203 25433 24862
26541 25805 25791 24445
25233 23955 25917 27146
24858 23980 27406 26366
24854 24321 27888 25571
26644 24642 26294 24695
26259 26385 25980 23775
25209 23739 27777 25896
25207 23662 27484 26110
24839 23959 27999 25697
24674 24089 27954 25947
25267 24167 25871 26986
24985 24280 26074 27259
24102 25251 27502 25506
26548 25190 24758 25707
26310 25412 25092 25497
26292 25694 25085 25249
25299 24417 25819 26872
25019 23747 27894 25850
24982 24046 28116 25521
24133 25132 27058 26160
27019 25242 25033 25131
25939 26679 25883 24257
26804 25748 25649 24192
26497 26058 26388 23666
25699 23509 26851 26200
25884 26750 25915 24148
26726 25766 25532 24419
26447 25919 25788 24179
26339 25969 25496 24861
25058 23987 27935 25569
26358 26118 26441 23446
25874 26722 26156 24256
27088 25327 25173 24790
24665 24623 27945 25232
25913 23353 27387 25528
24968 24729 27743 24929
27151 25223 25492 24782
25150 23699 26549 26930
24759 24802 27702 25060
25157 23413 27646 25994
26624 25384 25456 25192
25876 23244 26991 25986
25649 26653 25849 24493
25643 26030 26217 24850
25307 26089 25844 25164
25006 23934 27422 26233
24552 23971 28296 25469
25289 23293 26706 26796
25000 23708 27553 26182
26876 25522 26058 23689
26784 25396 25105 25243
26346 25549 26843 23558
24702 24215 28192 25579
24380 25160 27665 25280
26522 24273 25364 25711
25946 26032 26494 24135
25052 24509 27360 25671
24987 23566 27003 26802
24867 24268 26497 26780
24708 23869 26773 26862
24606 25595 26965 25043
26180 26194 25888 24251
25338 23792 26656 26401
24480 24757 27300 26165
26450 24952 25128 25726
25922 26758 25874 24059
25440 23298 27115 26339
24474 24689 28053 25543
26476 25760 26718 23398
25932 26621 25366 24400
26984 24873 25551 24902
25900 26548 26113 24007
25821 26772 25957 24304
25766 23350 26870 26288
25516 26287 26006 24762
26156 26274 26036 24427
26836 25506 25202 24962
26406 25425 25179 25304
24745 24144 28009 25769
26881 25702 25628 23839
26794 25750 25582 24122
25708 23274 27063 26001
25281 23277 27379 26315
25272 23363 26713 26867
26555 25078 24906 25771
26194 26139 25419 24812
26226 26288 26361 23602
26185 25603 26961 23725
26956 25039 26254 24134
26059 25786 26545 24290
24263 24732 27108 26462
26902 25789 25051 23982
25445 23561 28003 25583
25849 26691 25712 24488
24525 25436 26690 25698
23936 25020 27562 25713
26112 25255 27035 23957
24871 23865 27938 25766
26131 25858 26650 23874
25978 26503 25465 24771
25590 26730 26092 24379
25038 23208 27467 26536
27001 25464 25730 24386
26279 26280 26026 23387
24929 24696 26129 26327
24782 24430 26823 26576
26267 26322 25434 24499
25882 26352 25665 24758
25541 23651 26433 26640
24575 24013 27807 26157
25492 26735 26118 24341
26476 24237 25199 25723
24783 24113 26074 27282
26355 25909 25453 24743
25176 23831 28122 25345
26434 25903 26296 23919
26349 26248 26262 23753
25437 26675 26277 24267
25896 26370 26279 24073
25701 23292 27212 26123
24421 24201 28234 25484
25546 24104 27524 25206
25166 24004 27172 26264
24147 24824 27236 26655
25624 24468 25922 26443
24894 23990 27783 25877
24159 25062 27085 26461
25208 23493 26741 26949
25742 25724 25821 25037
25355 24501 26090 26551
24924 23485 26576 27026
26286 25547 26460 24083
25787 26444 26464 24163
25306 23468 27520 26082
25294 24029 26520 26682
25463 23845 26618 26480
23997 25099 27418 25891
24826 23575 27239 26537
25747 26714 26166 24294
25479 23395 26885 26544
25437 23374 27521 25874
25383 23782 26510 26801
26423 25391 26504 23868
24184 24781 27732 25758
25756 26452 26321 24120
25185 23246 26948 26710
25647 25150 25526 25994
25898 26664 26210 24254
26635 25509 25332 24917
26174 26498 26218 23417
25656 26587 25806 24571
26269 26055 26611 23544
24638 24153 27573 26261
26681 25173 24844 25664
25299 23568 26932 26526
26591 25361 26540 23429
25730 26466 26432 23942
25418 23600 26319 26815
24767 24565 27935 25284
24540 24069 28303 25463
27036 24578 25772 24829
26169 26483 25636 24439
25464 24801 25345 26575
25056 23902 27401 26127
25525 23416 27139 26094
26052 25697 26889 23392
25519 26763 26077 24333
25869 23908 26041 26257
25151 23832 26559 26919
25665 26767 26006 24375
25930 25361 25396 25476
25609 24366 27359 25226
27043 24598 26114 24451
26317 24549 25998 25383
25087 23733 27052 26517
26771 25178 24797 25479
26268 23626 26066 25931
27116 25311 25633 24520
26696 25144 26040 24590
25585 26443 26117 24751
24047 25463 27039 25515
25494 24397 25562 26917
24847 24027 26841 26786
24434 24400 27332 26310
25261 23802 27730 25719
24290 24881 27609 25712
27000 25515 24986 24597
25939 26424 25693 24608
26361 25880 26599 23502
26155 26295 26537 23472
25867 24510 26286 25866
24828 24414 26736 26631
26964 25258 25105 25053
24602 24359 28043 25676
24305 24282 27737 26077
24191 24927 27349 26225
24864 23228 27415 26460
27073 24964 25976 24561
26763 25604 25355 24808
26700 24697 24855 25680
25845 26413 26448 24014
24722 24634 27179 26096
26443 25992 26532 23555
24545 24454 27962 25782
26770 25585 25101 25066
26686 25882 26084 23649
26647 25996 25856 23550
26845 25642 25648 24349
26683 25665 26145 23786
25970 24901 26394 25130
24966 23941 27801 25900
25008 23342 27350 26451
26815 25560 25248 24912
26126 25428 25087 25555
25748 26448 25926 24639
25098 24255 27857 25659
24584 24386 28098 25572
26467 25230 24715 25728
26399 26116 26363 23591
26899 25561 24913 24702
24468 24692 27771 25717
24457 24380 28107 25567
26744 25518 25439 24849
26669 25240 25241 25557
26733 25431 26020 23962
26202 25580 26930 23361
25864 26454 26212 24071
26983 25084 24994 25183
26837 25246 25142 25248
24747 24247 28112 25757
24452 24444 28092 25606
26295 25978 26646 23486
26873 25600 25159 24280
26320 25588 25698 25069
26103 25474 26190 24584
24970 24301 25952 27257
24376 24489 27323 26504
24177 25094 26856 26421
26175 24884 25986 25271
26323 25431 26711 23795
25897 26812 25759 24160
26587 25550 25344 24926
25704 24540 26396 25487
25444 24441 27481 25270
24790 24758 26686 26351
24717 24318 28154 25428
24401 25197 27321 25450
24266 24472 27882 25885
24125 24992 27006 26515
26982 25070 24859 25386
26479 25146 24779 25743
25286 24017 27536 25733
25295 23620 27243 26295
24729 23867 27693 26077
27114 24533 25220 25216
27025 25016 24741 25330
26861 24360 25877 24723
26822 25578 25572 24504
26532 25889 26215 23762
26003 24519 26943 24634
24488 24734 26910 26376
24096 24850 26819 26614
25819 26175 26634 23791
25696 23899 27063 25907
26564 25592 26417 23787
26122 25855 25713 25047
25349 26226 26021 24935
25127 23920 27611 25881
24292 24355 26845 26864
26525 25208 25118 25622
24869 24743 27836 25193
26005 23356 27072 25755
25806 26427 26333 24080
27209 25195 25661 24578
26871 25769 25726 23870
25312 23454 27725 25861
25196 24002 26105 27067
24280 25048 27103 26195
26082 26657 25740 24192
25739 25931 25205 25368
25598 26646 25773 24615
25442 23591 26698 26714
26645 25304 25109 25347
26902 25274 25436 24958
25986 25629 26177 24580
25702 26066 25832 25105
25677 26538 25800 24589
24862 24256 26985 26478
24797 24720 27984 24985
24762 25520 26866 24876
24082 25270 27115 26062
26808 25213 24675 25577
24872 24276 28179 25297
26709 25183 24953 25574
24895 24169 28100 25616
26440 25509 25043 25418
26424 25888 24918 24999
25853 26601 25797 24354
25637 23767 26917 26338
25523 24944 25591 26449
25241 24583 27477 25293
24879 24259 27509 26097
24286 25390 27157 25555
24186 24890 26788 26689
26825 25739 25030 23994
25347 26682 25973 24528
25315 23203 26871 26642
24822 23940 27100 26373
26228 25595 24767 25541
25878 23202 26696 26415
25477 23366 26472 26859
25293 23638 27901 25815
25862 26694 26194 24019
25705 23702 27260 25734
25502 24970 25851 25940
25917 26259 26184 24223
24872 24290 28056 25565
25538 24816 27372 24825
27206 25082 25369 24835
27050 25346 25148 24837
25961 25573 26978 23844
24338 24102 27789 26050
26523 25863 25089 24873
26341 26106 25388 24526
25142 23484 27263 26497
26198 26264 26493 23372
25750 26702 25530 24538
25272 23456 27134 26415
27000 24838 24927 25231
25357 23527 27764 25679
26508 25615 24985 25256
25432 23340 27511 25912
25238 23851 26893 26408
24931 24618 26033 26875
24367 24716 27384 26336
25973 26191 26242 24261
25870 23269 27154 25859
24687 24419 28187 25247
25923 26399 25603 24641
25187 23267 27274 26372
24906 24026 27622 26015
24662 24702 27772 25436
26028 26643 25802 24305
25836 26284 25878 24746
26291 25397 24771 25655
26227 25903 26582 23655
26390 23197 26419 25596
26510 24798 26586 24490
26095 25653 26802 23864
26066 26160 26378 24015
25167 23366 27067 26597
25623 25570 25286 25967
26930 25427 24762 25071
26596 25851 25568 24458
26575 25533 25326 24936
25016 24396 26308 26697
26702 25439 25168 25127
26593 25617 24915 25132
26109 26281 25838 24519
25021 23801 26636 26807
26056 23358 26206 26026
25516 23281 27169 26186
25400 23729 26926 26348
25093 24021 27979 25408
25031 23778 28023 25531
24812 24130 27990 25754
25673 23689 26952 26091
24972 24521 27815 25314
26057 23430 26796 25781
25995 24866 25643 25552
26752 25701 25370 24914
24689 23919 27785 26024
26456 24667 25480 25511
26088 26017 26430 24176
25382 26599 26233 24432
25044 24669 27593 25229
24691 24306 27047 26413
24474 25221 27147 25550
26529 25839 26222 23717
26240 25314 26918 23990
26010 24683 26884 24533
25034 23917 26352 27058
26313 25554 26302 24183
26236 25647 25227 25096
25804 24978 25479 25977
25775 25540 27113 23993
25534 25517 26763 24756
24800 24362 28170 25310
24514 24474 26833 26835
24345 24058 28232 25519
25673 26792 26126 24106
25165 23488 27543 26130
24758 24976 27247 25395
25491 23266 26910 26529
26093 25262 26384 24196
25926 25622 26401 24325
24989 24436 26171 26888
26626 25534 26291 23746
26170 26560 25958 24126
26083 26716 26045 24124
25993 26632 26127 23952
25714 26493 26421 24277
25565 26668 26155 24371
24997 24714 27919 24485
24714 24965 26700 25996
26762 25928 25765 23927
26410 26098 26236 23855
26127 26414 26165 23798
24188 25458 26998 25763
26661 25822 26263 23845
26661 25781 26023 24143
26475 24991 25758 25176
27165 24984 26001 24339
26022 25336 27175 23988
25378 23449 26900 26446
25011 23676 26758 26889
25694 23476 27229 25820
25573 26755 26142 24219
26642 25778 26339 23489
24979 24104 26564 26966
26777 25671 25278 24638
24964 24319 27780 25642
24359 24693 26783 26674
26390 26174 26436 23627
25981 26547 26139 24031
25872 26317 26535 23532
25503 25676 26941 24481
25290 26007 26793 24231
27197 25107 25581 24750
27149 25096 25679 24692
26442 25528 26181 24332
26030 25685 26838 23935
25310 24326 25587 27097
25266 23798 27898 25563
25285 23407 26989 26545
26535 26129 26404 23492
26593 25900 25783 24116
25334 24340 26077 26716
25259 24058 26015 27101
25581 26048 26171 25289
26387 26131 25761 24298
26252 24072 25755 25945
25911 26475 26204 23911
25899 26455 25932 24406
25377 24096 27041 25981
25038 23923 26543 27036
24569 24527 28155 25263
26744 25533 26468 23297
24625 24594 26051 26949
25679 26698 25938 24336
24153 24998 27138 26439
26565 25917 26437 23673
24562 23797 27641 26188
27099 25078 25501 24825
26560 25813 26003 23929
26427 25292 26616 23837
26120 26310 25739 24537
25174 25878 26840 24671
24783 23614 27342 26622
26087 26660 26063 23861
24834 24113 26178 27190
26619 25162 26030 24680
26365 24733 25747 25362
26231 26199 25338 24660
25561 26580 25989 24652
24486 25011 26869 26137
26064 26409 26278 23707
24811 26134 26653 24553
26699 25586 25512 24649
26851 25297 26077 23694
26403 26271 26203 23379
26090 25891 26311 24469
25943 26567 25643 24565
25626 26807 26084 24056
25383 26575 26167 24726
25062 23870 27724 25850
24739 24312 28061 25792
24916 23883 26281 27256
27160 25339 25533 24583
27008 24422 26138 24579
26234 25185 25931 25236
25652 24635 25211 26436
26979 25545 25219 24408
26839 24065 25923 25091
26445 26053 26527 23375
24726 23681 27462 26392
25639 24175 26267 26219
25520 26906 26082 24097
24596 24740 28033 25054
24423 24367 27599 26103
26014 26574 26190 23822
26925 25250 25610 24843
26801 25395 25555 24857
26674 25759 25984 24060
26368 24788 25276 25756
25466 24497 26063 26608
24832 24837 27170 25834
26030 26426 26359 23770
27083 24937 25784 24719
26728 24060 26398 24898
26611 25398 24748 25579
26436 23888 26835 25281
26222 24600 25505 25882
26036 25299 25683 25249
25198 23878 26880 26566
24800 24188 28237 25445
26676 25894 26276 23462
25092 25609 27042 24601
24663 24479 28243 25315
27066 25135 25686 24776
26946 25201 25640 24889
25497 23671 26266 26774
24559 24559 27750 25823
24340 24932 27896 25365
25914 26303 26215 24228
25558 24267 25529 26741
25259 23925 26624 26892
27120 25072 25904 24283
26517 24966 25472 25476
26604 25348 25297 25398
26843 25155 24998 25446
26516 25225 24819 25728
24692 24401 28118 25142
24027 24851 27564 26054
24001 24941 27448 26099
26572 25952 25807 23767
26555 25838 25732 24548
24909 24000 26608 26832
26991 24825 26103 24546
25963 25296 24996 26042
25358 25118 27530 24292
25251 24570 26584 25499
24715 23850 27892 25984
24694 24741 27885 25158
24547 25083 27527 25855
26817 25351 24871 25281
25563 24482 26265 26448
24135 25082 26966 26163
25462 26395 26524 24154
26194 26058 25461 24821
24554 24035 28077 25830
24270 24384 27987 25773
27231 24625 25155 25111
24876 24809 25630 26229
24510 24307 27271 26437
24316 24630 27661 26056
25075 24010 26293 27127
26927 24827 24873 25626
26920 24846 25796 25119
26415 25810 26661 23854
26160 26573 25886 23722
26136 25844 25535 25010
25689 24053 26121 26349
25386 24022 27501 25926
25335 26120 26085 24978
25001 24492 28010 24798
24926 24544 27545 25731
27051 25285 25656 24769
26371 25628 24966 25333
25250 23724 27873 25632
25199 23819 27495 26208
24374 24923 26953 26475
26109 24805 24834 25995
25777 26558 25824 24527
25474 26570 26304 24557
27217 25018 24784 25050
25863 26514 26429 24052
25798 26522 25865 24397
25712 26733 25867 24348
26809 25670 25121 24576
25194 24396 26858 26047
24503 25126 26320 26135
24450 24541 27764 25843
25144 23619 27830 25839
24975 24895 27411 25687
24917 23665 27636 26136
27152 25295 25310 24694
27122 24926 25062 25171
27016 24896 25259 25172
26585 24447 25329 25598
26284 25926 25541 24972
26273 25995 25187 24976
26031 24236 25327 26237
25893 25972 25711 24904
25744 25947 25756 25078
25731 24407 27231 25045
25506 23509 26622 26836
25391 24582 27436 25396
24845 23916 26402 27101
24766 23701 27618 26114
26398 25276 26193 24447
26077 26151 26478 24037
25504 26529 26189 24692
27070 25393 25441 24760
26838 25381 25140 24987
26656 25007 25594 25156
26258 26023 25152 24846
26255 26407 25378 24293
25907 26658 25918 24239
25785 23930 27033 25495
25782 25171 25572 25681
25541 25491 26804 24690
25308 24109 27746 25369
25245 23820 27689 25688
25188 25802 26703 24558
25110 23885 26946 26586
25106 23972 27800 25575
24932 24262 28149 25366
24530 24750 26754 26232
24497 24166 27625 26092
24280 25108 27339 25897
25663 23548 26550 26461
25543 26154 26534 24603
24531 24391 27118 26585
26615 25521 25036 25426
26172 25234 25778 25149
25662 26920 25812 24260
26731 25662 25862 24092
26129 26411 26183 24005
26075 26481 25736 24429
25902 26298 26410 24019
25735 23563 26922 26146
25680 26154 26149 24794
24937 24101 27479 26274
24372 24651 27642 26176
26614 25255 24864 25611
26556 25761 25675 24621
25981 24687 25489 26262
24547 24623 27494 25878
26113 26309 26444 23882
26053 23905 26595 25535
25886 23757 27204 25097
25600 23848 27135 26222
25441 25466 26944 25012
25406 23473 27389 26172
25268 23678 26968 26638
25247 24581 27454 25465
26006 24037 26949 25549
25499 24366 25259 26952
25242 24086 26837 26386
25129 25000 27378 24899
24984 25992 26729 24711
24866 23980 26640 26733
26688 24874 26017 25338
26404 25619 26697 23857
25438 23422 27174 26405
25105 26109 26458 24991
26612 26105 25671 23958
26382 25800 25704 24739
26326 26107 26372 24009
26102 25868 26011 24436
24689 25709 26862 25198
24472 24794 27700 25588
24454 24770 27575 25822
25711 26362 26492 24423
25683 26847 25991 24240
25420 26477 26561 23864
25219 23764 26478 26925
25049 23286 27503 26165
24821 23645 27010 26638
24325 24709 26937 26502
26097 25444 25273 25623
25059 24783 27628 24957
27048 25326 25404 24780
26719 25059 26565 24199
26653 25483 26199 23894
26308 24677 25227 25908
25918 26600 25731 24461
25577 25177 27210 23851
24648 25572 26925 24833
25634 26544 26304 24217
26951 24925 24918 25473
25715 26397 26491 23853
25691 23513 27352 25724
25404 24134 26349 26330
25235 23331 26728 26883
25027 23494 26972 26809
25026 24711 27869 24839
24471 24239 27911 25895
24422 25307 26470 26193
26386 26306 25759 23833
25957 26330 26053 24198
24972 23786 26889 26798
25623 24720 27533 24540
26121 24024 26355 25962
25880 23332 27278 25773
25757 23535 27514 25627
26929 24771 25529 25246
25722 26825 26018 24027
24824 24285 28151 25353
24330 24916 27214 26167
26756 25588 25065 25163
26723 25524 26080 23764
26079 25575 26628 24235
24687 24613 27982 25234
26762 25568 25363 24678
26312 23617 26462 25851
26068 25982 25748 24775
25879 26450 26375 23933
25833 23640 27208 25312
25757 26726 25762 24399
25750 26797 25872 24154
25632 26551 25988 24605
25596 26809 25879 24311
25564 25762 26874 24425
25475 23769 27004 26325
25341 23279 27128 26615
25203 24052 26657 26600
24992 23761 26610 26953
24223 24660 27650 26087
26613 25615 24962 25223
24664 23340 27740 26196
26659 25695 25983 24410
25511 24949 25190 26393
25831 23423 26815 26310
25672 26791 26118 24188
25232 26618 26210 24466
26689 24871 25975 25084
25211 24157 28054 25169
25111 25106 27811 24510
24707 24352 26248 27175
24365 25145 26652 26120
26001 26314 26551 23755
25337 23505 27345 26230
24961 23891 26662 26956
27173 25213 25481 24828
26657 24596 25097 25786
26329 25776 24799 25288
25493 24177 25947 26767
25408 24310 27751 25090
24825 24442 26574 26824
24712 24080 28122 25486
24604 24593 28146 25209
24452 25212 27038 25792
24440 24831 27792 25139
25612 26533 26196 24545
25119 24337 26048 26930
26281 25448 26283 24263
25762 24618 25497 26619
24483 25229 26643 26118
25472 23582 27775 25616
26787 25049 25893 25079
26713 25692 25729 24384
26323 26210 25664 24392
26285 26262 26125 23608
26243 25332 25119 25649
25688 23826 27402 25737
25288 24435 26846 26107
25079 23351 27290 26425
24952 24724 27880 24864
24793 24212 27966 25805
25925 25117 27183 24242
24910 24650 27840 25380
24660 24661 28010 25459
24143 25081 27333 26308
25653 26541 26207 24338
25355 26217 26557 24636
26503 25921 26503 23475
25437 24424 27601 25417
26549 25835 26503 23386
26387 26144 25661 24104
26226 25897 26738 23478
26124 26515 25968 24049
26073 26003 26759 23979
26041 26364 26053 24037
25942 25820 26311 24627
25932 23771 26365 26105
25524 23956 27668 24973
25374 23760 26604 26608
25256 26043 26521 24932
25988 24976 25494 26202
25392 26207 26305 24700
25867 24869 25502 25819
25798 23827 26280 26210
25421 25075 26924 25291
25361 23272 26828 26799
25088 23874 27082 26457
24883 25200 27261 25057
26959 24686 25728 25093
26860 25330 26064 24479
26362 26104 26508 23316
25883 26380 26370 23465
25672 24011 26977 26131
25395 24700 27478 25082
25365 24486 25914 26811
25227 23991 26179 27178
24985 24383 26172 26701
24848 24330 26524 26757
25664 26335 26234 24456
24417 24752 26784 26447
24180 25065 26903 26308
26412 26354 25599 23948
26290 26324 26004 24018
26251 26290 26351 23426
25421 24034 26154 26907
25296 23487 27565 26115
25976 26595 26056 23973
25789 26339 26231 24713
25478 23597 27218 26014
24578 25206 27215 25430
25981 26312 25422 24749
25164 23988 26251 27036
25068 25353 26600 25259
24748 24043 26270 27236
24344 24690 27096 26432
26251 25833 26759 23391
25964 26202 26221 24309
24910 23648 27561 26277
24322 24760 26912 26549
26453 25674 26603 23440
25331 24601 25634 26260
24635 24299 27049 26364
25695 25728 26966 23606
24981 24587 25953 26746
25988 26170 26559 23784
24043 24873 27212 26419
26571 25922 26330 23511
26410 24615 26780 24895
26091 25726 26507 24108
25802 26593 25847 24517
26340 25091 25737 25088
25851 26745 26339 23960
24507 25858 26479 25489
24427 24594 27880 25959
25965 26035 25611 24866
25805 25624 26376 24683
25299 23568 25994 27031
26931 25224 25240 25134
26707 25105 25275 25504
25458 24864 25443 26688
24000 24907 27426 26143
26525 25589 26606 23776
26399 25313 25508 25211
26290 25938 26692 23402
25906 26320 26427 23883
25534 26234 25528 25219
25302 24464 25873 26816
25478 23347 26666 26729
25082 24257 27175 26296
24590 23976 27265 26525
25541 24569 25574 26657
26622 25283 25334 25432
26060 23524 27106 25712
26050 25576 27054 23666
25666 25613 25982 25279
25072 26050 26767 23938
24669 24184 28169 25611
24499 25566 26618 25693
26236 25831 25567 25008
25114 23992 26942 26596
24125 25051 27135 26361
27123 25126 25373 24940
26583 25338 25093 25399
25790 26053 25313 25174
26395 25380 25376 25297
25310 23883 27295 26154
24529 24821 27132 25946
26259 26300 26187 23922
24849 24768 27581 25428
24693 24019 28229 25515
25366 24363 25696 26912
26068 26094 25971 24569
26694 25478 24823 25443
25983 26471 25638 24521
24501 24258 27395 26266
26240 26318 26374 23444
27003 25198 25068 25151
26813 25294 24969 25329
26749 24950 25080 25446
26448 26040 26489 23391
26013 23450 26487 25991
25545 23740 27487 25767
24751 24308 27920 25777
24448 25525 26715 25679
26955 24312 26100 24848
24363 23997 27073 26646
24230 24700 27265 26399
25488 24564 26820 25361
26938 25215 25680 24741
26768 25497 24873 25323
26736 25345 25627 24884
26147 24526 26042 25807
26063 26162 25992 24431
24621 24744 26708 26379
24516 25219 26638 25962
24764 24011 27717 26026
27130 25436 25393 24789
26668 25482 24960 25239
25333 24231 26807 25918
24481 24681 27810 25705
24193 24712 27363 26392
24763 24608 28018 25223
24623 23795 28142 25694
24617 24614 28104 24968
26864 25691 25587 24170
25967 25733 25741 25108
25954 25791 25763 24884
26227 25604 26876 23364
24947 24372 26381 27004
26451 25478 24747 25621
24933 24966 27707 24986
24918 24374 27432 26083
24676 24149 27890 25923
24126 24949 27547 25892
26786 25886 25707 24000
26738 25251 26184 24179
26119 24531 26144 25940
25794 24718 27341 24639
25872 26410 26214 24157
25802 26379 26315 24274
24453 24382 27948 25824
25231 24242 26448 26317
24776 24084 26891 26610
24410 24940 26746 26314
25337 24155 27677 25255
26162 26141 26667 23403
26993 25394 24970 25117
26578 25486 25411 24977
26181 25757 26852 23785
26101 25906 25122 25316
26035 25152 25188 25806
25860 26187 26589 23755
25778 24674 26031 26007
25455 25372 25231 26071
24511 24613 27385 26066
24266 24780 27125 26456
25959 26635 26055 23995
26711 25895 25857 23747
26499 25344 24760 25659
26354 25688 25124 25428
25910 25812 26554 24546
25078 24462 27865 25217
25042 23647 27257 26352
24792 24261 28238 25365
24339 24585 28068 25593
25905 26607 25727 24606
26865 25479 25724 24788
26430 26052 26335 23966
26070 25057 26317 24696
26188 24677 25078 25995
25139 23984 25794 27215
25065 24856 27614 25068
26948 24648 25644 25141
26554 25227 24915 25643
26348 25191 26563 24197
26011 23560 26607 25767
25768 26403 26120 24360
25236 25400 26202 25817
24493 24609 27818 25780
24245 24964 27266 26041
25379 26706 26243 24042
26124 24806 25390 25965
25814 24207 26676 25651
25216 24571 25770 26509
24836 24065 27918 25936
26409 25024 25537 25524
25163 24453 26659 25908
26421 25708 25062 25274
25606 26486 26283 24379
27022 25290 25501 24784
26808 24694 26051 24813
25591 25689 26512 24581
26825 25586 25049 24719
26462 24820 25026 25916
26351 25209 25652 25442
25997 25226 25307 25936
24812 24379 27993 25611
27020 24837 25853 24661
26875 25121 25397 25062
26569 25308 24743 25629
25025 23694 27096 26562
24597 25238 27011 25631
24275 24901 27371 26141
25655 25735 26591 24278
26725 25309 25766 24735
26244 25559 25499 25470
26158 26005 26571 23832
26140 26329 25235 24588
25622 23467 27189 26074
25616 24119 27293 25632
25472 24454 27143 25283
25281 23722 27430 25983
25183 23796 26725 26655
24838 23887 27691 26037
25904 24221 26588 26135
24924 23480 27264 26487
26868 24880 25262 25319
25990 25842 26848 23925
25878 25364 25341 25690
24664 24478 28013 25445
26483 25532 25160 25269
26401 25128 25624 25115
26164 26199 26228 23945
26133 25041 26456 24844
26042 25600 26158 24508
25950 25413 26393 24487
25411 24142 26152 26793
25103 25678 26707 24981
24958 23901 27267 26347
24452 24628 28089 25426
26939 24809 25490 25196
26729 25686 25510 24567
26582 25125 25223 25565
26019 26609 25608 24393
25803 26071 26625 24067
25547 23953 26112 26795
25453 23711 27606 25507
25132 23743 26666 26667
24920 23816 27950 25784
24852 24499 27985 25641
24836 24557 27817 25462
24810 25175 27300 24956
24545 24748 27668 25977
24364 24834 26988 26405
26020 23895 26789 25480
25539 26740 26019 24521
24380 25388 27049 25734
24348 24752 27095 26491
25172 23959 28075 25284
24827 23802 28220 25438
25121 24065 26346 27124
26403 26078 25053 24689
25360 26498 26322 24430
25247 23507 27233 26359
25573 23233 27314 25977
26797 25043 26361 23969
26692 25302 25659 24808
26663 24898 26404 24335
26207 25826 25912 24629
25255 23666 27091 26297
24786 24546 27217 26271
27030 24940 24882 25355
27029 24864 25457 24989
25996 26472 26257 23937
25840 24153 25269 26626
25613 24330 27303 25387
25173 24676 27568 25308
24951 24936 27191 25344
24711 23902 27508 26344
26315 24328 25676 25691
26137 26328 26368 23899
25850 25961 26765 23734
25755 24186 25995 26350
25737 26640 26223 24014
25726 26480 26135 24434
25609 26745 26159 24284
25388 25415 27015 24752
25367 26610 26334 24082
25318 24679 25406 26728
24705 24494 27760 25745
25208 26578 26147 24480
24909 24294 27754 25696
26884 25331 26054 23681
26685 25509 26241 23818
26550 25375 24790 25614
26537 25285 25012 25590
25760 24072 26991 25456
25614 25561 27124 24022
25092 24085 26562 26825
25658 24405 25687 26565
25136 23713 27229 26269
26658 25937 25564 23997
26352 26008 25339 24892
26087 25153 25066 26017
25706 24852 26996 24805
25670 25575 26895 24359
25476 25773 26779 24854
25393 23541 26383 26784
25368 24121 27013 25735
25196 25023 26300 25793
25147 24716 27741 24714
25055 23691 27259 26305
25048 24002 27953 25618
24988 24793 27778 24747
24605 24071 28146 25637
24396 24788 26970 26483
26816 25848 25399 24340
26097 26510 25994 24121
25653 26797 26046 24457
25459 26584 26409 24180
24409 24055 26963 26759
24369 25068 27304 25860
25890 25445 25157 25603
25260 26235 26476 24566
25157 24590 27465 25351
25022 23698 27255 26209
27071 25354 25167 24831
26085 25670 25851 24919
26048 26342 26330 24088
25997 26140 26240 24306
25780 26099 26926 23831
25718 26483 25948 24625
26552 25678 24932 25322
26559 25746 26310 23722
25953 24591 26919 24802
25399 24202 26784 25957
25146 24313 26469 26324
24995 24550 27324 25674
24941 24139 26186 27146
24379 25423 26744 26070
24321 25480 26915 25587
24304 24728 27119 26482
24185 24848 27018 26342
25652 24818 26827 25321
26078 26212 25015 24820
25148 23720 27193 26266
24781 25113 27395 25117
24705 23608 27180 26636
26318 25255 25518 25325
25373 23998 26930 26235
24730 24529 26994 26355
26724 24820 25468 25298
25788 24234 27057 25400
25035 24213 27884 25276
25018 24243 26168 27214
25007 24017 26940 26721
24714 24400 26731 26858
25763 25985 26376 24181
25638 23123 26942 26409
25488 26508 26467 24396
25419 24246 25678 26876
24696 25452 26829 25656
25018 24354 27594 25930
24899 23852 27187 26529
24888 24561 27905 25261
24792 25271 27443 24646
25993 26420 26093 24081
25921 25370 25448 25667
25897 26205 26249 24222
25693 26349 25837 25049
24991 24672 27100 25698
24871 23880 28172 25523
24733 23863 27544 26306
24563 24904 27592 25505
26330 25355 25815 25002
24947 24494 27099 25871
24413 24403 26604 26963
26951 24993 25113 25376
26828 25410 25425 25156
26690 25858 26036 23530
26169 25022 27086 23986
26092 25860 26888 23528
25887 26593 26238 23932
25743 25946 26427 24542
25387 24117 25960 26821
25246 24027 26872 26189
25159 24730 27865 24674
24946 24586 26392 26666
24651 24628 27796 25720
24590 25523 27048 25252
26558 25941 25938 23665
26278 26134 25881 24401
26250 26472 25700 23921
25889 25112 26389 24890
25365 24775 25938 26197
24590 24234 27822 25960
26303 26080 25470 24394
26664 25771 25928 24271
26114 25824 26560 24039
25759 23811 25607 26617
25635 25744 26948 24362
25162 24909 27068 25126
24857 24195 26405 26980
24741 24217 26576 26855
25036 23224 27222 26540
26627 25797 25120 24898
26106 26128 25949 24438
26005 26446 25662 24453
25842 24083 25658 26476
25048 24223 26297 26955
26290 26221 25430 24638
26627 26051 25863 23683
26257 26254 25856 24268
26722 25650 26027 24044
26534 25652 24905 25438
26108 24389 25781 26149
25977 25725 26902 23383
25520 23451 26435 26733
25454 23229 27273 26279
26519 26174 26077 24033
27047 25346 25449 24682
24947 24471 27797 25526
26154 25979 25644 24667
25908 24685 26803 25016
25326 25156 27444 24316
24682 24969 26671 26266
26358 26033 25137 24698
25783 25029 27287 24004
25612 24276 25630 26685
25235 26719 26377 23939
26960 25257 25030 25151
24277 25305 27155 25690
24219 25244 27271 25958
24130 25366 27274 25727
26681 25846 26082 23714
26333 26051 24868 25052
25093 24213 27282 26063
25899 26076 26564 23841
25579 25334 27206 23970
25401 23609 26293 26842
25265 24092 25823 27007
24891 23543 27529 26358
25036 24066 26069 27171
24972 24298 26754 26510
25556 23750 26468 26520
24604 24365 26859 26737
24274 24649 26937 26724
26000 26170 25408 24771
24684 24979 27791 25040
24723 24524 27872 25687
26613 25883 26317 23513
26570 25943 25987 23610
25432 25596 27132 24101
24825 23677 27252 26455
24407 24389 27983 25795
24303 25214 27022 25775
25196 24315 26170 26523
25121 24135 27468 25950
26044 26585 26052 24292
26038 23329 26538 25938
24505 24369 27287 26414
24106 24946 27490 25917
26409 25851 26580 23495
26416 24928 26201 24382
26363 26027 26511 23575
25861 25877 26912 23595
25141 24171 26282 27063
25022 24099 26598 26978
24886 23945 26653 26797
24976 24587 27687 25422
25101 24389 25822 27021
25030 24709 25671 26754
26033 26100 26136 24241
24447 25531 26953 25356
24269 24955 27731 25506
26665 25760 25737 24148
25260 23960 26134 27074
25139 26071 26564 24769
25429 25128 25462 26041
25171 24511 27662 25264
27154 25018 25664 24744
27077 25082 26315 24063
25734 24501 26927 25056
24317 24242 28150 25597
24155 25450 26854 25776
24128 25093 27182 26068
26595 25710 25150 25033
25625 25841 26758 24210
25616 25794 26047 25005
26997 25310 25410 25046
26477 25675 25956 24630
25957 25980 26224 24645
25191 24769 25632 26596
24592 24163 27757 26084
24513 24580 28231 25323
25943 26571 25164 24410
26951 25101 25760 24720
26150 24140 26466 25705
26117 26263 25869 24452
25433 25867 26534 24953
24935 25845 26497 25282
24928 25279 27249 25195
26753 24341 25083 25488
26575 24921 25193 25572
26072 26341 25794 24682
24536 24461 27901 25813
24455 24606 27780 25815
24398 24620 27307 26102
26183 25003 25060 25824
26146 25586 25057 25745
24652 25263 27392 25135
24483 24767 27705 25682
25181 24062 27749 25841
26026 24995 26231 25063
25928 23875 26742 25830
26990 25238 25750 24630
26857 25200 25251 25208
26819 25323 24801 25464
26671 24723 26260 24435
26655 24621 25336 25429
26360 25505 24989 25453
25039 24571 27975 25253
24904 23963 27516 26064
24784 24732 27226 25817
24643 24824 27437 25474
25975 23210 27111 25926
25239 23716 27058 26439
26799 25646 25224 24513
26242 25821 24744 25336
26216 25750 25029 25411
25233 24122 27762 25624
25131 24213 27787 25307
24890 24475 27976 25385
24841 24364 27630 25755
24700 24428 27923 25799
24018 24873 27475 26138
25724 23674 27115 25991
25144 24032 26596 26949
26544 25708 25781 24365
25436 23960 27345 25508
24574 24372 27218 26214
24383 25117 26370 26374
27142 25216 25763 24485
26520 25639 25167 25073
26492 25281 26007 24754
26322 24241 25834 25814
26271 25320 24954 25594
26220 25207 25741 25528
26167 25318 25685 25184
26106 25519 25527 25199
25342 24862 27480 25160
24787 23849 27112 26715
24756 24575 26381 26897
24273 25028 27529 25772
26750 25247 24765 25496
24641 24757 27557 25740
26253 25432 25330 25411
25909 25363 26327 24584
25781 26650 25810 24447
25446 23538 26528 26836
24817 24588 27414 26071
24649 24792 27473 25719
26557 24015 25944 25356
24691 24607 27909 25379
25232 23512 27219 26377
26964 25496 25720 23862
26380 25488 24822 25530
24220 25041 27123 26109
26306 24746 26228 25207
25810 26116 25759 24988
25384 25935 26923 24058
25244 23642 26625 26707
24178 25139 27194 26018
26479 25491 25253 25158
26171 26421 25803 24170
26134 25259 25287 25533
25939 24851 25206 26330
25657 25214 27026 24853
25569 24607 26287 25857
26356 25924 26314 23973
26158 26189 26408 23834
26139 26251 25539 24480
26084 26125 25885 24505
25304 26400 26269 24606
26560 25598 25301 25099
25186 24291 28021 25057
25326 23726 27420 25986
26907 24795 25650 25160
26648 25782 25465 24404
26486 25177 25517 25502
26378 25857 26600 23460
26212 25591 25601 24970
25381 23955 27172 26075
26730 25865 25155 24753
26471 24844 26830 24238
26191 25788 25232 25454
25555 24347 26076 26563
25071 25187 27092 25625
25015 25756 26556 24933
24945 24915 27237 25398
24833 24332 28090 25651
24734 23976 27149 26505
24699 24654 27748 25475
24577 24984 26644 26226
24440 24116 27449 26368
26054 23160 26913 25966
25875 26359 25565 24857
25675 23344 26960 26091
26545 25899 24903 24809
25697 24416 27669 24805
26856 25507 25687 24705
26828 25134 26108 24041
26779 25880 26108 23463
26494 24934 25481 25499
26454 25747 26501 23671
25620 24515 25861 26259
25449 24861 26046 25788
25322 26201 26245 24799
25211 24764 25959 26688
25080 24391 26047 27175
24436 24855 27488 25924
24394 24763 27095 26485
24346 24127 27983 25934
26844 25628 25022 25107
27191 25329 25833 24279
26577 24450 26231 25111
25852 25421 26012 25415
25597 24516 27340 24786
25528 23379 26954 26340
25345 23684 27282 25990
25116 23600 27645 26000
24922 25123 26764 25676
24870 24388 28062 25370
24413 25015 27149 26065
24224 25418 26873 25619
25292 25679 25238 25628
24747 24395 28126 25385
25839 26726 26110 24187
25602 23470 27403 25922
25357 23516 27224 26138
25261 23773 27608 25890
25195 23479 26818 26673
25031 23969 28168 25329
26473 24767 24871 25789
25716 24287 25455 26774
25526 26201 26089 24822
25450 23540 26704 26647
24897 25120 27315 24893
24754 24566 27899 25647
26015 26391 26258 23818
25723 25027 25846 25838
25631 23251 26923 26289
24898 25875 26384 25272
26900 25070 25023 25166
26252 25036 25588 25533
26188 25964 25263 24967
25964 23886 26883 25689
25747 25004 25620 25704
25119 24424 26973 26028
24827 23837 28046 25695
25906 23248 27083 25775
25861 23585 27120 25938
25627 23199 27055 26353
25462 26505 25617 24809
26882 25537 25836 24067
25514 25521 27047 24028
25495 24784 27127 24881
25413 24511 25754 26649
26988 25580 25626 23949
26586 25286 25497 24995
26384 26249 25904 23766
25951 24579 26180 25834
25839 25449 25540 25715
25709 26715 25753 24703
25678 26509 26420 24114
25676 24957 26867 24664
25566 25651 26790 24403
25532 24311 26577 25893
25507 23837 27517 25603
25394 24476 25799 26844
25360 24283 26124 26779
25140 24154 27419 25913
25023 24089 26624 26708
26769 26001 25259 23747
26666 24616 26123 24772
26557 26045 25089 24529
25508 24243 27754 24913
25396 24227 26379 26524
25267 24191 27344 25811
25226 23835 27536 26004
25158 25064 27251 24817
24687 24225 28140 25522
25202 23589 27085 26411
24847 24371 28042 25540
26224 24450 25031 26169
25843 26090 25622 25138
27067 24960 24822 25363
26264 26102 26409 23879
26218 26224 26278 23881
26107 25621 26217 24502
26055 26357 25616 24467
25912 26562 25696 24501
25687 26648 26039 24357
25579 26347 25976 24801
25397 24045 27156 25916
25346 26671 26234 24343
25108 23558 26797 26867
26314 24333 25614 26089
25249 24123 27728 25510
25146 25174 27241 25114
24571 24485 27819 26006
26799 25624 26284 23360
26272 25468 25151 25525
25656 24297 26905 25573
25285 25765 26930 24618
26369 26249 26252 23910
25630 26552 26360 24053
24977 24182 27351 25999
24671 25510 26958 25328
24593 24608 27084 26332
24396 25420 27174 25412
25952 26335 25994 24418
26407 25304 25310 25264
26314 26045 25467 24506
26288 25071 26034 24856
25138 23565 27398 26391
24409 24409 28139 25561
25811 23377 27194 25855
25679 24040 26272 26740
26358 26292 25658 24078
26241 26119 26234 24024
26221 24350 25912 25442
23938 24826 27495 26192
26605 26013 25055 24012
26398 25488 26244 24257
26278 25142 25447 25703
26213 25147 26109 24648
26112 24627 25660 25797
25987 26158 26301 24228
25925 26366 26201 24102
25845 23745 25990 26440
25635 24189 25809 26907
25370 23223 27223 26318
25311 23286 26847 26860
24911 23710 26959 26869
24855 24479 26768 26612
24838 23890 27877 25970
25369 26591 26466 23878
25161 24601 25450 26878
26298 24721 25539 25847
25831 24576 25318 26417
25684 24490 25954 26384
25135 25101 27588 24778
26598 25563 26279 23760
26134 23750 26195 25964
26019 26688 26018 24220
25796 26667 25806 24365
25146 24604 27803 25041
26206 26051 26481 23720
25966 25905 26662 24087
26625 25904 26268 23547
26516 25707 25530 24959
26385 26117 26337 23914
26327 25945 26638 23499
26121 25787 26774 23540
25976 26039 26710 23679
25775 25321 26567 24653
25266 24487 25814 26747
25130 24200 26569 26727
24271 24682 26766 26713
27142 24897 25821 24426
25297 24148 27285 26148
24719 24684 26532 26720
27066 25459 25822 24495
26570 25940 26073 23788
26065 26197 26206 23964
25685 25851 26536 24216
24438 25065 27017 25958
25763 25151 26997 24475
24997 23901 26720 26806
26237 25645 26861 23560
25796 24731 25446 26215
27087 25338 25055 25129
26918 24967 25451 25166
26812 25679 25681 24430
25325 24181 26962 25624
24737 24645 27206 26004
24555 25327 27644 25263
24320 24856 26570 26586
24174 25256 27134 26021
24144 24865 27586 25992
25759 25325 26871 24145
25110 24192 26114 27032
25013 24447 26253 26580
24818 24287 26466 26895
24371 24742 27744 25752
25702 25611 27001 23877
25322 23766 26658 26582
25208 23834 26957 26547
26977 25322 26049 24466
26262 25866 26461 23816
25417 24709 27168 25054
24284 24141 26887 26802
24282 25281 26780 26092
24031 24891 27211 26352
24029 25273 27403 25465
26141 26294 25866 24466
24464 25267 26272 26044
25673 26552 26066 24449
24749 24227 28210 25428
26885 25018 25825 24721
25141 24062 26536 26695
27191 25496 25701 24505
26672 25524 25895 24462
25217 24595 27878 24658
24809 24182 27638 26044
24796 23984 26908 26729
24686 24601 27044 26238
24033 24795 27518 26063
25835 23974 26956 25158
25153 23653 27605 25966
26057 25319 25103 25758
25484 25492 27214 23951
25279 25708 26955 24423
25087 23564 26857 26659
26949 25033 24797 25504
26620 24948 25013 25580
26487 25417 25915 24612
25302 24210 27130 25424
24571 25086 27623 25011
26926 25502 25423 24976
24980 24178 27583 25992
27119 24933 25763 24675
25819 25591 26481 24681
26392 26062 25681 24348
26344 25341 25836 25055
25985 23252 26936 25912
25823 24543 25918 25982
24543 24778 26522 26563
26996 24936 25097 25052
26138 25425 25136 25576
26099 24844 25298 25727
25257 24371 27927 25040
24922 25072 26345 26187
24608 24729 27619 25694
24570 24621 28166 25150
25269 23842 28116 25307
26419 26087 25338 24559
24911 24919 27854 25054
26981 24922 25996 24640
26904 25515 25126 24796
24753 24258 27994 25785
24189 25199 26875 26307
25992 23995 25814 26353
26751 25247 24783 25488
26681 24804 25559 25399
26461 24968 24959 25703
26185 24723 26621 24394
25356 26209 25967 25114
25126 24426 27367 25899
25043 23658 27734 26176
24925 24000 28151 25459
24889 24488 27951 25452
27018 24785 25234 24993
27013 25073 25959 24397
26852 25546 25760 24793
26282 26187 26006 24023
24908 23695 27040 26636
24732 25140 26250 25919
24698 25018 26986 25922
24628 25317 27061 25174
24222 24999 27382 26044
26999 24773 25694 25011
26994 25470 25706 23938
25971 26535 25771 24434
25693 23575 27021 26042
25604 24334 27216 25279
25554 25044 27001 24945
25452 26639 25961 24645
25422 25893 26591 24690
25114 25903 26609 24644
25086 24989 27624 24821
25063 24445 27868 25483
25029 24644 26732 25966
24399 24806 27461 26057
26530 25054 25701 25134
25371 25884 26251 25018
26099 23682 26357 25871
25530 25496 26663 24760
25405 25822 25393 25551
25362 24086 27398 25556
25316 24085 26484 26542
25182 24369 27867 25098
24309 24501 26518 26794
26074 26439 25948 24319
25872 26566 25766 24465
25398 23520 27661 25781
25319 26122 26566 24453
25184 26467 26243 24722
25123 24218 26462 26541
26999 24979 25112 24976
26462 24753 25787 25341
25625 24525 25977 26188
25112 23742 27081 26377
25037 23929 27365 26145
26773 25728 26143 23477
26638 25505 25190 25144
26111 25805 25287 25152
25746 26380 25616 24824
24211 25305 26879 25752
25013 24193 27942 25432
27068 25098 25928 24255
26919 25662 25852 23761
26759 25597 25725 24464
26711 25219 26229 24012
26702 24944 25639 25294
26407 25573 26316 24000
26173 24766 25252 25898
26145 25571 26913 23768
25960 23733 26963 26068
25686 25793 26568 24539
25321 23581 27472 26311
25320 24630 26635 25389
25148 25913 26541 24846
24881 24535 26342 26872
24563 25131 26775 25941
24435 23928 28136 25693
26625 24832 25073 25574
26317 26248 26298 23316
26115 24858 25132 25846
25890 26719 25826 24199
25885 23906 26800 25733
25650 25008 25262 25975
25472 23472 27306 26088
25296 24736 25752 26227
24993 23877 27551 26088
24940 26037 25745 25378
24855 24958 27463 25058
26538 24562 25733 25403
26187 24979 25165 25808
24912 24287 27924 25739
26534 25408 26400 23816
26266 26260 26106 24186
26189 25977 26560 23733
25924 24469 27182 24952
25841 24602 25701 26152
24330 25711 26961 25236
26213 25073 27009 23926
26120 26179 25400 24934
24940 24352 28035 25377
24733 24922 26684 26020
24729 24645 27859 25371
26598 25873 25746 24187
25844 26441 25775 24754
25532 23775 26509 26414
25121 24829 27504 25255
25069 25720 26348 25185
24994 26470 26367 24462
26566 24235 25348 25494
26591 25761 25536 24676
25460 25121 26522 25482
25258 23541 27168 26427
25175 23682 26669 26684
25010 24127 27682 25678
24939 24490 27209 26003
25470 26325 26240 24911
26995 25424 25303 24927
26355 26038 25720 24313
26288 25409 25353 25367
26259 26022 26500 24115
26078 25526 24957 25758
25525 25122 27457 24126
25429 24491 25717 26651
25414 24572 27408 25020
25158 23406 27726 26028
25016 24226 27297 26183
24942 23982 28137 25444
24661 24935 27284 25461
25889 26147 26718 23951
25864 26685 25726 24661
25539 26371 26346 24463
24942 23241 27268 26581
26722 25086 26188 24416
26597 25758 26461 23715
26474 25842 25799 24237
26256 26389 26189 23900
26218 26439 25931 23694
26029 24196 26245 26059
25903 25266 25083 25928
25800 23700 26546 26152
25796 24289 26347 26139
25786 25792 26055 24888
25697 25864 26430 24513
25529 26649 26313 23998
25291 26396 26347 24643
25204 25487 26365 25200
25076 24955 27414 25238
25070 24578 26803 25799
24393 24284 26857 26928
25126 24497 27714 25415
26393 25065 25910 25336
26237 24431 25520 25951
25987 25005 25407 25714
25844 26756 25986 24188
25611 26687 26071 24410
25500 24566 25981 26268
25488 23663 27268 25857
25322 23615 27408 26031
25172 23822 27147 26184
25041 24653 27514 25410
25010 24514 26868 25752
24993 25002 27154 25539
24899 23915 27926 25691
26995 25162 25503 24942
25606 26021 26769 24524
24818 25497 26814 24773
26564 26090 26374 23375
25670 24552 26215 26111
25624 23224 26815 26377
25249 26637 26143 24619
25051 25281 27073 24925
27015 25562 25807 23377
26900 25628 25980 24065
26666 25731 25413 24632
25710 25509 27138 23506
25375 24181 27701 25149
25303 24301 26919 25955
24720 24757 26698 26673
24271 24823 27055 26403
24106 25150 26789 26334
26416 26035 25601 24313
26343 25804 25150 25104
26165 24854 25625 25537
25885 25801 26738 23980
25789 24573 25888 26128
25706 24557 27187 24664
25605 26292 26369 24574
25392 23683 26542 26634
24706 24774 27734 25341
25464 23808 26150 26810
26595 25376 26184 24598
26342 25347 25980 24945
25479 25000 26961 25241
26001 25103 26666 24573
25493 25037 26928 24954
25311 24393 25782 26927
25130 23756 26848 26864
24554 24150 27967 25971
25783 24302 25567 26634
25370 24560 25697 26897
25023 23947 26503 27098
26385 25973 25221 24852
25432 23947 26654 26312
26363 26317 25980 23903
26162 26547 26100 23774
26686 25315 26044 24497
25684 26103 26481 24514
25112 25579 26521 25203
24977 23840 27092 26490
25437 26146 26270 24718
24917 23811 27896 25880
25577 26556 26384 24296
25036 24964 26313 26009
26174 24152 26234 25517
25626 25965 26928 24001
26174 25907 25138 25222
25621 24374 27211 25267
25174 24042 26073 27062
25100 24775 26044 26588
24917 24450 26188 26820
26314 25631 26691 23858
26087 25674 24955 25491
26561 25120 25451 25641
24359 25483 26734 25596
25143 24146 26047 27019
25363 24158 26319 26925
25205 24507 27650 25428
24310 25337 26776 25918
27004 24906 25802 24817
24194 24874 27444 25927
27024 25308 24956 25229
26869 24163 26152 24746
26650 25157 25399 25389
26325 24703 25413 25840
24672 24092 27638 26436
24323 24998 27061 26136
24881 23652 27298 26497
26967 24562 25971 24644
26426 26179 26243 23506
26332 25828 25677 24590
26277 25104 26512 24689
26210 25907 26801 23417
26198 24062 26265 25255
25891 25731 25013 25538
24727 25427 26994 24776
24466 25221 27015 25883
24288 24860 27701 25538
24777 25117 27428 25055
25802 25729 25181 25579
24996 24048 27841 25782
24755 25179 27129 25682
25060 25251 26859 25422
24744 24737 27138 25991
26040 25383 25191 25680
25056 25058 27512 24877
24497 25413 26795 25840
26204 26346 26253 23417
25483 25058 25783 25777
24710 24865 26482 26368
24444 24939 27437 26059
26880 25695 25431 24222
25868 25981 26238 24544
25642 23944 26285 26448
