24963 600.129
9561 7671 7347 6674
8086 8412 6422 7133
7936 8773 8264 5590
7787 6108 7687 8665
7366 9607 7444 6248
7236 6216 7710 8866
7099 7136 9881 7004
6515 8488 8479 6680
6614 7854 9377 6626
7950 7856 6507 7826
8938 8508 6851 6107
6716 8282 8490 6968
7470 9507 7532 5802
9498 7548 7366 6745
6751 8697 8448 6537
6668 7532 7854 8265
7181 7838 9365 6639
7434 6141 7718 8846
7428 9546 7328 5927
7150 6482 7956 8797
7535 9044 6775 6936
7961 6394 7728 8541
6894 8430 8419 6975
7419 8869 6563 7400
6820 8676 8382 6335
8373 9059 7435 5624
8603 8446 7550 5771
7538 6463 8176 8839
7636 7465 9309 7067
6782 8716 8155 6758
8397 8799 7733 5668
7198 6186 7791 8842
7846 6419 7836 8478
8466 8992 7224 5967
6925 7748 9441 6966
8002 8090 8937 6428
7905 7636 9189 7761
8150 6350 8037 8203
8884 8589 6941 6140
7053 7208 8846 8183
7862 8262 9061 7503
7995 8624 8190 5741
6994 7853 8667 7698
7783 8522 6622 7623
8728 8469 6576 6775
9034 7990 7376 7030
7985 6438 8125 8455
9462 7742 7218 6671
6851 8033 9257 6909
7138 7514 9202 7795
7654 9484 7357 5954
9188 7676 6970 6890
7112 6929 9613 7555
6879 8815 8350 6507
7075 6972 8890 8246
7927 9174 7844 5709
8100 7124 9160 6802
6670 7866 8232 7830
7786 6252 7760 8596
8522 8947 6605 6230
8509 8912 7236 5898
8004 7149 8217 8346
7571 6635 8816 8204
9217 8076 7417 6380
7396 7035 9656 7347
7552 7469 8296 8042
7329 6934 9531 7441
8377 6295 7509 8335
7689 6535 8077 8689
8069 8480 8404 5830
7200 9330 7734 5840
7448 6882 9220 7847
7466 8463 8782 6961
7829 6314 8116 8534
7026 8750 7877 6771
7699 8327 6700 7402
7481 7503 8660 7795
9128 8022 7680 6451
7543 9481 7671 5877
7631 7108 9088 8074
7885 8967 7462 6838
7669 6207 7948 8748
9160 7784 7902 6551
7216 9299 7773 6410
7373 6984 9671 7203
8054 9415 7130 6599
8261 8150 7081 7393
7124 7952 8603 7609
7039 9224 7792 6483
7183 7392 9013 7857
8751 7602 7949 7096
8193 6324 7361 8309
8043 7682 9026 7679
7840 8728 6728 7051
8200 7232 9044 8135
7504 9396 7495 6392
8139 8204 8619 6111
7551 8289 8954 6812
9210 8128 6894 6581
7873 8645 8522 6242
7244 6704 8184 8645
7360 7756 8914 7656
6862 7203 8135 8418
8982 8517 6683 6402
8432 8919 7025 6161
7860 8651 6645 7288
8010 6271 7763 8468
7531 7295 8752 7935
8591 8761 7423 5689
7765 6506 8235 8553
7823 9455 7660 6147
9112 8310 7201 6211
8169 6401 8097 8184
7677 8191 6756 7602
8599 8316 8082 5620
9414 7885 7177 6587
8269 8158 8639 6957
9330 7959 7195 6717
7060 6807 9177 7955
8997 7100 7059 7465
8037 6803 8202 8390
7791 9329 7702 5986
7356 9198 7806 6300
7540 7043 9644 7123
8157 9090 6871 6075
8822 6842 7093 7673
8738 7589 7915 7214
8079 9357 7585 6023
6971 8233 9112 7160
7254 6664 8230 8715
8620 8538 7468 5734
8015 8552 7018 7039
8545 6472 7084 8121
7739 7936 8884 7670
7544 7548 9740 7046
9382 7967 7475 6497
7841 9246 7996 5936
7163 7675 9594 7260
8247 6895 8698 7778
7592 8680 7590 6729
7816 8632 8463 6286
9056 8340 7065 6263
7683 9134 8187 5915
7285 6499 7770 8784
8299 6835 8511 7714
8562 7640 7428 7419
9445 7728 7310 6563
8310 8880 6996 6550
8172 6948 7970 8426
7582 6235 7691 8762
6941 8360 7809 7371
7612 7434 9574 6643
8986 8246 8034 6549
8844 7774 7607 7138
7970 7320 8718 7731
7230 7066 9758 7479
7058 7873 9283 7357
8334 6565 7797 8234
6975 6858 9173 8004
9227 8066 7136 6342
9174 7363 7111 7128
6833 7285 8231 8170
7748 7220 9269 7564
8914 7978 7463 6693
7465 6950 7990 8735
7856 8663 8434 6104
8278 8603 6890 7025
8399 8112 7783 7048
8211 7796 7946 7455
8658 7259 8375 7497
7836 7690 7963 7890
7293 6912 9121 8101
7441 6996 8904 8212
7403 7263 9509 7429
8273 8820 7356 6365
8783 7756 6662 7166
7337 7404 8832 8156
7446 7540 9720 7190
9366 7819 7329 6518
8807 7305 7829 7151
6783 8605 7853 7369
8703 6346 7377 7841
7407 7824 9293 6866
9261 8097 7090 6493
6938 7792 8582 7772
9481 7382 7452 6939
8976 6889 8002 7110
8573 8785 7335 6169
7338 7647 8508 7741
7176 7130 9804 7245
9281 7874 7692 6471
9352 7548 7528 7019
9011 8228 7269 6910
7135 6745 8265 8633
8926 7657 7625 7051
7195 6721 8170 8621
7778 6991 8439 8272
7298 7266 9693 7235
7278 7184 9775 7317
7863 9313 7598 6235
7940 7572 8065 8081
7268 6934 8567 8514
7622 6801 7803 8699
7523 9390 7478 6216
7409 6815 8271 8576
7670 6814 8394 8382
8110 8568 8321 6604
7602 7420 9451 7015
9268 7666 7262 6924
7522 6594 8454 8677
7495 7356 7891 8148
7744 6603 7460 8493
8963 7699 7152 7326
9429 7706 7576 6620
8896 6997 7705 7238
8063 9179 7298 6086
8487 8740 6697 6619
9064 7876 7612 6468
7932 8182 8459 7141
7724 6628 8357 8658
7990 7795 9076 6566
7716 6786 8145 8398
8250 9085 6958 6255
7966 9015 7408 6391
9311 7970 7141 6561
6957 7322 7382 8172
7396 9115 7937 6119
9007 8216 7548 6131
7171 7090 9824 7307
7290 6757 8782 8318
7792 7367 9245 7579
8158 8388 6926 7131
7533 6547 8148 8771
8057 7565 9131 6886
7327 7915 8469 7818
7916 7438 8873 7912
7711 6648 7554 8617
7868 9286 7748 6041
8386 7330 8687 7453
8416 7489 7192 7872
9272 8048 7293 6515
7005 8351 8868 6325
8087 7847 8739 7335
8550 6997 8406 7529
8068 7911 8708 7159
8305 9236 7499 5890
7811 8984 7889 6294
8572 8536 8314 6388
7371 7555 8123 8103
7827 6276 7819 8581
8265 6657 7861 8281
7559 7010 8693 8444
8530 8188 6997 7104
7247 7138 7012 8405
8392 8793 7519 5682
7261 7106 7930 8360
7120 9088 7986 6312
8113 7735 8346 7884
7425 8894 7996 6399
7942 6961 9152 7227
8694 8836 7162 6191
7910 6678 7926 8461
7768 9472 7377 6001
7084 8865 8225 6624
7274 7227 9560 7608
8712 8607 7301 6852
8604 6794 7866 7618
8543 8907 6978 6524
8469 6514 7662 7990
7995 9153 7817 6179
7548 6854 9704 7103
8379 8014 8185 6946
7618 7299 9544 7365
7102 8845 8298 6359
7761 6616 8576 8447
7552 8952 7953 6275
9255 8043 7241 6757
7338 7611 9486 7507
9136 8350 6902 6225
7627 6682 8552 8423
8476 6905 8562 6525
7602 7494 9227 6975
8626 7899 6867 7285
8916 7540 7618 7268
7661 7187 9143 7982
7241 9437 7573 6290
9038 7078 7456 7385
7643 6777 8051 8498
7438 8695 8359 6875
8770 6869 7477 7727
7803 9231 7638 6297
7259 6283 7743 8849
8027 9538 7342 6629
9043 7248 7850 6831
7635 7416 9464 6957
8164 8948 6768 6459
7461 9525 7344 6257
7095 7160 8309 8226
7756 8813 8251 6049
8693 8166 8087 6847
8449 6985 8680 6938
8225 9165 7736 6039
7032 7580 8262 7962
8643 7396 8536 6807
7018 7639 8965 7969
7662 7023 9396 7192
9245 7972 7338 6704
7332 7358 9787 7069
8586 8281 7438 6987
8776 8498 6932 6688
8427 7378 8999 7284
8540 8373 7176 6879
8786 7650 7077 7478
7188 9125 8038 6032
7217 9341 7511 6442
8238 6664 6879 8286
7397 6287 7567 8863
8630 7864 7173 7315
8062 8392 8736 6351
8851 7275 7779 7309
7588 6755 8480 8608
8950 7090 7642 7437
8339 8810 7253 6442
8437 6487 7158 8131
8184 7380 8653 7592
7313 8653 8495 6331
8317 6552 8503 7627
7610 8403 8574 6200
7656 6694 8099 8526
9309 7631 7524 6792
8483 7588 8239 7488
9303 7451 7773 6644
7579 7072 8531 8306
8441 8987 6884 6090
7996 6726 8284 8253
8296 8316 7630 7062
8179 7409 8984 7632
6859 8583 8403 6424
9019 7207 7503 7232
9210 7348 7629 7070
8667 7977 6734 7297
8341 8767 7423 6437
8140 6773 7988 8435
8142 6467 7996 8373
7381 6515 8761 8289
7643 8445 8762 5879
7237 7817 9430 7420
7014 7897 9170 6810
7848 8506 7036 7077
7429 9262 7437 6540
8120 7097 9102 7115
7245 7265 9813 7087
7678 9073 7633 6320
8437 9018 7044 5994
8026 6969 8561 8222
7038 7271 9836 7127
8139 7448 8689 6657
7323 9107 7881 6524
7390 7237 9091 7832
8162 8932 8017 6339
8351 8997 7662 6303
7938 7339 9390 7398
8169 8166 8402 7810
7365 6571 8330 8760
7646 7344 8427 8012
7108 9371 7608 6337
9103 7282 8022 6607
7359 7399 8774 7942
7076 7394 9501 7573
8048 8657 8141 7008
8935 7662 7559 7211
8726 6823 8330 7077
7977 7625 6907 7974
8420 8127 7206 7130
8483 7758 8108 6857
8016 9102 7923 6031
8720 8215 7643 6995
7456 8849 8064 6301
8587 7387 8085 7898
8655 6737 7388 7926
7921 8918 7182 6734
9399 7707 7399 6825
8184 7616 8819 6403
8500 7083 8543 7167
7233 7701 9547 6822
8801 8399 7907 6616
7228 7195 9711 7206
8870 6872 7319 7653
8830 7876 8045 5722
8181 7264 8865 7918
8220 7956 8033 6991
8724 7114 8483 7278
8943 7370 7600 7274
7350 7666 9253 7406
9076 8056 7381 6945
7203 6822 9080 8173
8866 8424 7377 6056
7734 6864 9239 7672
7574 7344 8082 8031
8520 8703 7152 6865
7514 7240 9636 7064
9327 7850 7531 6712
8126 7973 8431 7642
9407 7737 7268 6652
7291 7082 9871 6879
8127 7491 7711 7946
8420 7508 8195 7539
7266 7152 9850 6955
9150 7928 7518 6549
7471 9104 7653 6204
8698 7174 7669 7519
8810 6694 7655 7551
9150 7715 7540 6644
8147 7506 8590 7722
8674 7282 8322 7535
8301 6584 7257 8295
7568 7522 9405 7679
8198 9068 7257 6149
8612 6530 7488 7732
8829 8422 7548 6013
7411 7562 9495 7505
7167 8199 8103 7514
7522 9279 7370 6540
7561 9137 7590 6686
8081 6696 8051 8316
7421 8576 8546 6306
7698 7455 7918 8140
9085 7605 7321 6984
8354 7523 7933 7599
8362 7407 8499 7337
8713 7182 8308 6220
8154 8933 8160 6188
8659 7487 7309 7689
7518 7230 9598 7424
7304 8470 8599 6714
9052 7741 7756 6592
7728 6897 8960 8164
8396 8857 7450 6180
7283 9426 7392 6337
8163 9031 7442 6271
8686 7174 8518 6745
8325 7240 8236 8096
7738 7584 7054 8020
8228 6730 7200 8257
9122 7606 6957 6950
8113 8285 8169 7173
9239 7425 7544 6682
8176 8350 8475 6635
7729 8393 8278 6742
7179 6747 8875 8298
7222 6550 8044 8793
7923 9048 7395 6345
8614 6739 6907 7831
7712 7596 7166 8005
8836 7017 8175 6838
7437 7225 9625 7230
8522 7747 7119 7340
8516 7582 6953 7516
9077 7677 7068 6841
7896 6958 8818 8172
9170 7414 7690 7150
8652 8473 7310 6475
7974 7710 8978 7253
8661 7614 8454 7180
8302 6623 8252 7735
7726 7171 8996 8149
7705 9038 7807 6594
9106 8040 7569 6022
8322 8774 7059 6486
8183 8362 8445 6785
8892 7517 7720 6935
7348 8701 8126 6941
7182 7197 9851 6999
8233 7712 8673 7250
7695 7368 9416 6856
8120 7127 9105 6750
8523 6527 7573 7980
7385 7165 9413 7654
8860 8046 7581 6876
8972 7477 7907 7023
8493 8366 7322 7063
7108 7064 8326 8406
8792 7727 7704 7297
8867 8425 7043 6375
8236 8787 7535 6899
9041 7807 7760 6003
9391 7580 7372 6830
8414 8499 7052 6964
8327 7482 8586 7255
8670 7222 7282 7618
7865 7436 9269 7329
8826 7352 7278 7426
9236 7809 7017 6808
8793 7198 8160 7200
8407 7269 8562 7294
7461 7757 9304 7196
8873 7060 6885 7553
8332 7476 8683 6897
9095 7968 7442 6664
8823 7059 8228 6897
