18147 150.022
8983 9589
8626 9811
8832 9703
8539 9862
8728 9763
8774 9739
8801 9720
9000 9585
8848 9691
9117 9471
8775 9731
8663 9803
8588 9832
8807 9713
8649 9807
8697 9780
8702 9779
8617 9822
8501 9883
8826 9705
9092 9510
8964 9606
8935 9633
9129 9465
8754 9750
8603 9827
9067 9527
8676 9791
8672 9792
8723 9767
9446 9096
9025 9565
9307 9276
8817 9708
8795 9722
8982 9591
8875 9675
8423 9899
9348 9219
8802 9717
9346 9229
9283 9315
9339 9234
8624 9821
9322 9258
8904 9650
8882 9664
9158 9435
9262 9330
9106 9485
9115 9478
9161 9433
8900 9658
9589 8854
9120 9470
9422 9132
8189 9948
9456 9074
9644 8721
9184 9409
9482 9028
9242 9345
9299 9282
9059 9531
9408 9146
9649 8698
9249 9344
9139 9459
9171 9425
8776 9730
9642 8724
9287 9300
9016 9566
9039 9553
9436 9104
9054 9537
9077 9514
9027 9558
9144 9456
8925 9647
9668 8670
9174 9417
8612 9824
8931 9636
8578 9842
9474 9048
9635 8746
9097 9500
9558 8923
9545 8926
8721 9771
9368 9196
9013 9574
9410 9134
9538 8954
8811 9710
9645 8718
8632 9808
9309 9269
8253 9946
9102 9497
9471 9050
9708 8479
8937 9627
8558 9851
9068 9522
8650 9806
9003 9579
9292 9288
9215 9377
8625 9815
9198 9389
9654 8693
9584 8856
9253 9331
9448 9090
9569 8883
8758 9740
9495 9014
9505 9005
9209 9385
8690 9784
8991 9588
9294 9283
8631 9809
8594 9828
8681 9789
9401 9158
8810 9712
9469 9057
9252 9332
9205 9388
9165 9428
9342 9233
9658 8683
9561 8910
9230 9366
9153 9441
9220 9369
9362 9202
8739 9760
9603 8820
9625 8779
9554 8925
8483 9884
9233 9361
9677 8616
9481 9035
9485 9027
9353 9210
9528 8964
9594 8853
9627 8774
8977 9596
9683 8593
9218 9372
8719 9774
9696 8552
9509 8990
9490 9025
8757 9744
9234 9356
8885 9662
9543 8931
8688 9785
9439 9101
9578 8882
8440 9889
9599 8831
9036 9556
8845 9692
9542 8940
9467 9059
9504 9011
8564 9846
9491 9023
8981 9592
9478 9037
9431 9119
9116 9476
9464 9062
9381 9186
9702 8505
9566 8903
8840 9693
9699 8529
8125 9950
9048 9541
8871 9676
9691 8577
9185 9404
8402 9911
9630 8754
9127 9468
9632 8753
8312 9937
9687 8583
9615 8809
9701 8517
9713 8471
9616 8788
9076 9518
9511 8985
9523 8983
9601 8825
9432 9116
9675 8652
8794 9724
9526 8967
9172 9420
9568 8885
8373 9919
9331 9244
9565 8905
9147 9449
9455 9078
8838 9698
8750 9752
9080 9511
8949 9621
9354 9208
9181 9411
9492 9017
9725 8422
8521 9870
8343 9928
9641 8732
9648 8713
8971 9603
8953 9613
9014 9570
8177 9949
8390 9912
9582 8867
8543 9852
9351 9216
8787 9728
9180 9415
9330 9250
9361 9203
9390 9177
8403 9901
9352 9215
8429 9898
9193 9403
9241 9348
8466 9887
9315 9262
9376 9191
8956 9607
9460 9065
9423 9129
9345 9232
8947 9622
9453 9079
8266 9938
8864 9682
