1431 240.469
28937 26125 26404
28030 27584 25472
27875 25040 27883
27428 27914 25709
26797 25659 28395
26272 26364 28125
26330 26241 28185
28913 26189 26385
26553 26298 28056
28304 25060 27504
26376 25999 28353
28294 25318 27473
27578 27832 25635
26341 26455 28037
28076 25258 27692
28878 26209 26419
27909 25167 27822
28283 25776 27377
27934 27137 26367
27444 27234 26726
27267 26771 27256
27122 26892 27171
28219 25128 27610
26783 26474 27707
27620 26480 27354
27850 25199 27856
28851 25964 26557
28320 25175 27487
26657 26685 27549
28432 26561 26471
26479 25941 28362
28206 27090 26068
28831 26205 26492
28355 25410 27311
28031 25925 27326
26748 25719 28314
27048 26491 27661
26532 26193 28181
26703 25831 28352
26387 26390 28110
26404 25987 28368
27410 27888 25789
28708 25908 26706
27777 27495 25968
28625 26360 26574
27738 26753 26899
27901 27621 25568
26994 27226 26878
27916 27649 25546
27893 27628 25652
27596 25453 27897
27194 25497 28160
27425 26506 27347
28534 26781 26214
28641 26127 26636
27833 27688 25501
27405 25551 28043
26488 26325 28131
27456 27879 25714
28415 26074 26884
28812 26300 26272
26596 26467 27973
28253 25523 27448
27998 25221 27751
28751 26234 26462
26688 26080 28217
27319 25455 28148
26523 25846 28372
27464 27904 25699
27943 27603 25607
28604 26645 26081
28174 25299 27616
27696 27774 25582
28180 25441 27611
26452 26177 28269
27718 25676 27743
26972 26151 28014
27839 27671 25594
27244 25743 28082
27997 25244 27802
28213 27295 25820
26564 25834 28382
28101 26922 26394
26642 26259 28098
28556 26597 26289
28358 26887 26175
27105 26365 27731
28722 25876 26800
26867 27077 27091
27649 27510 26260
28649 26314 26590
27275 26918 27022
28197 27082 26160
28669 26429 26435
27068 27186 26832
28511 25735 27059
28393 25711 27206
26818 25945 28189
27501 27843 25843
27863 25211 27834
27629 27703 25895
26698 26215 28072
27759 26406 27267
26715 26660 27563
28612 26590 26085
28019 27546 25479
27665 25381 27934
27058 26939 27177
28348 25781 27157
28521 26790 26134
28251 25338 27491
26950 25697 28288
28362 26426 26647
28015 25821 27462
27864 27272 26124
28407 26336 26673
28620 25792 26825
28279 27161 25884
28223 26388 26749
26831 26551 27621
27350 26717 27295
27531 27853 25744
27335 26057 27682
27556 27800 25876
27922 25279 27776
27975 27456 25831
27826 27696 25487
27785 25509 27779
27154 25885 28001
26465 26043 28285
26835 26159 27968
27442 26816 27146
26502 26218 28245
28558 26675 26181
28059 25815 27388
28005 26996 26266
26763 26034 28234
26432 26020 28338
28201 26981 26242
28063 25764 27440
28478 26497 26630
27564 27476 26282
27851 27676 25512
27773 25422 27911
27103 26373 27630
27658 25346 27995
26845 26531 27674
27484 26604 27242
28870 26183 26480
28263 26941 26188
27169 27036 27002
27030 25617 28255
27994 27249 25996
27946 25538 27532
27152 26765 27273
28400 26908 26097
27939 27319 25962
28863 26264 26379
27888 25093 27867
26963 26197 27876
27908 26460 27045
28162 25234 27722
26632 26482 27787
27372 26851 27135
26438 26901 27593
28242 26969 26119
28168 26397 26861
26856 25874 28238
27371 27259 26612
28574 25596 27016
28490 25859 27037
27688 27738 25731
27185 25630 28143
26412 25926 28387
28526 26219 26761
28329 25752 27238
27615 27171 26534
28545 26168 26772
28461 26668 26252
27540 27820 25914
26909 26092 28068
26979 26500 27649
27782 25642 27718
28072 27415 25661
28493 25567 27143
27655 27640 25949
26620 26110 28207
27903 25297 27827
27572 27719 25888
28379 25418 27278
28226 26976 26149
26883 26276 27932
28758 26124 26641
28374 26740 26305
27011 26871 27204
26915 26157 27945
28774 26267 26442
26674 26636 27739
26756 26252 28040
28785 26282 26387
27432 26736 27185
28115 26959 26344
28155 25561 27512
28659 26577 26210
27982 27377 25912
28740 26067 26670
27712 27201 26505
27832 27451 26049
26760 26618 27714
28416 26243 26821
27141 27303 26682
27769 27613 25900
28582 26137 26603
27134 25575 28229
28335 26081 26929
28783 26108 26620
27208 25623 28138
28011 26210 27125
28730 26165 26563
27553 27838 25805
27388 27336 26602
26730 26190 28200
27519 27860 25685
27384 25393 28091
27498 27867 25768
26735 26442 27859
26607 26115 28245
27158 25838 27990
28800 26262 26455
27469 25472 28031
28137 25932 27196
27876 27245 26295
28425 25895 26995
28768 26222 26528
27808 25363 27842
28038 25076 27766
26417 26097 28299
28133 27324 25808
27308 25810 27954
27232 25818 27938
26428 26080 28284
27858 25114 27891
27569 26800 26964
26570 26573 27919
28598 25735 26915
26935 27097 27074
28421 26727 26431
28732 26437 26372
27953 25366 27764
27253 27423 26453
28146 26200 27031
27626 25481 27784
27128 25864 28023
27480 27216 26552
27005 26825 27408
27173 25487 28169
27737 26474 27218
27820 25085 27912
26664 26352 28034
28160 27030 26198
28036 27487 25756
27954 25279 27679
26821 26446 27813
26786 26417 27850
28444 26801 26163
28119 26304 26868
27880 27651 25642
26803 25904 28300
27427 26834 26852
26726 26655 27642
27571 25395 27980
28002 27015 26425
26904 26471 27770
27757 27475 26109
27864 25725 27553
27037 26865 27184
26823 25957 28185
28687 26536 26333
28694 26088 26653
26679 26355 27960
28080 27177 25989
27005 26738 27522
27534 27565 26090
27249 25990 27757
28258 25297 27540
27229 26999 26972
26986 25621 28308
28107 27393 25745
27083 26538 27574
26968 26281 27796
27708 25343 27925
27421 27359 26449
27362 26568 27425
27025 27193 26980
27516 27351 26319
27214 27050 26906
27361 26852 26985
28067 27221 25940
26988 25583 28327
26871 26034 28106
27021 25998 28051
27456 27593 26061
27257 26867 27043
27370 26985 26840
27295 26203 27609
26625 26272 28085
27605 26707 27061
26585 25870 28332
26813 26487 27689
27988 27142 26040
27219 26694 27401
27451 27745 26030
27966 27283 26058
28471 26257 26661
28152 25460 27580
27285 25588 28118
28723 26236 26541
28170 26807 26416
27294 27460 26351
27340 26873 26977
28332 26775 26227
28016 27313 25921
27588 26034 27568
27395 25754 28029
28448 25800 27101
27924 27150 26338
28052 26343 27067
27582 25769 27823
27598 27750 25887
28585 26579 26247
27312 27044 26955
28139 25977 27194
28129 27371 25683
27731 27759 25722
27673 27771 25675
27630 27766 25787
27976 26522 26912
28213 27116 26032
27507 26319 27467
27140 26744 27495
28682 26022 26718
27917 27539 25705
28125 27164 25979
27797 27657 25735
28299 27102 25931
27568 27781 25855
28133 27331 25666
27859 27526 25796
28029 26104 27223
28221 26119 27007
27910 27551 25694
26578 25815 28363
27807 27695 25520
26447 26015 28334
28498 26316 26657
27213 26626 27432
27176 26955 27016
27357 27517 26347
28238 25591 27510
28086 27286 25864
27078 26415 27589
26511 26040 28276
26924 25906 28229
28188 26649 26584
27369 27636 26147
27867 26722 26720
27887 25535 27762
28644 26386 26475
28311 26049 26990
27670 27765 25754
26976 25633 28273
27724 25541 27725
28344 25604 27412
27407 25522 27948
28382 25852 27112
27211 25610 28113
28148 27319 25776
28166 27009 26222
27844 27659 25534
27660 27106 26611
27310 27812 26014
28123 26515 26786
28164 25105 27636
26895 25964 28096
28294 26833 26351
27772 27560 25865
28002 25496 27669
27867 25702 27562
27913 27210 26168
28520 26547 26309
27710 26453 27230
28092 26625 26687
26516 26068 28251
26589 26047 28264
27546 27561 26129
28519 25919 26925
28189 25849 27286
27562 26936 26783
27789 25803 27600
27793 27529 25903
27525 26493 27415
28568 26701 26111
27728 27729 25764
27505 25788 27842
27523 25488 27983
28458 25690 27078
27746 26704 26945
27822 27684 25571
27454 27115 26626
27799 27725 25535
28034 27531 25527
26943 27060 27163
27664 27405 26141
27486 27071 26696
27851 27431 25877
27481 27385 26326
28591 26003 26854
28232 26005 27129
27750 26906 26587
27282 25758 27958
28469 26567 26390
28819 26146 26515
28455 26652 26407
28699 26277 26412
28026 26571 26692
28041 25103 27739
27804 27601 25772
27512 27215 26570
27968 26637 26715
26942 26023 28050
27716 25128 27956
28089 26914 26519
26851 25970 28176
27722 27356 26300
27845 27518 25847
26677 25980 28320
27156 27024 27131
28793 26094 26584
27799 25433 27857
28120 26227 27114
27627 27791 25727
27826 26749 26798
27554 27579 25977
27967 26349 27085
27840 27344 26005
26925 26929 27483
27495 27297 26432
27473 26747 27071
26788 26954 27290
27609 26484 27166
27224 25902 27890
27201 27125 26923
27375 26829 27063
26614 26055 28248
27290 26229 27582
28343 26574 26497
27693 27788 25601
27814 27367 26143
28317 27029 26040
26945 26528 27593
28828 26185 26511
26990 26950 27182
27543 27643 26020
27070 26379 27629
27730 27508 25945
28396 26041 26937
27295 25650 28055
27710 27398 26208
28507 26003 26921
27418 27606 26162
27163 25686 28185
27381 27523 26247
28109 27126 26142
27744 25857 27587
28046 27396 25672
27857 25745 27641
28610 25977 26810
28270 26326 26845
27817 27054 26383
28249 26682 26438
27841 27445 25927
28387 26944 26000
26762 26610 27760
28067 25808 27308
27659 27807 25722
27638 26036 27300
28546 26170 26756
26889 26265 27831
28271 26517 26687
27487 27783 25917
27189 26183 27729
26931 25681 28318
27318 27439 26351
28352 26434 26645
27881 27147 26339
27678 27535 26014
27392 27611 26092
27130 26510 27578
26616 26662 27600
27701 26696 26955
