136952 1920.2
3509 3195 2872 3073
3491 3236 2698 3029
3254 3509 3049 2834
3200 2996 3190 3285
2971 3181 3565 3006
2837 3112 2986 3615
2811 3856 2998 3101
2629 3186 3260 3504
2671 3290 3483 3234
3221 3420 2740 3270
3175 3031 3101 3368
2969 3755 3133 2873
2693 3058 3320 3460
3039 3166 3545 3019
3290 3573 3040 2853
3379 3442 2844 2858
3481 3283 2778 3101
2687 3514 3322 3288
2730 3510 3072 3536
3494 3210 2906 3039
3211 3594 3007 2880
2948 3098 3341 3449
2938 3249 3562 3115
2962 3206 2841 3554
2706 3537 3285 3292
3003 3108 3218 3431
2977 3052 3316 3394
2725 3218 3097 3580
2790 3156 3290 3487
2995 3043 3256 3419
3232 3576 3031 2903
2717 3625 3207 3202
3024 3085 3243 3387
3372 3088 2866 3261
2741 3537 2977 3563
3176 3364 2826 3400
3106 3743 2970 3040
3356 3381 3221 2911
2897 3844 2999 3161
3317 3405 2857 3244
2987 3077 3330 3376
3228 3548 2749 3150
3462 3297 2815 3067
3138 3338 3455 2934
3371 3473 2900 2946
3188 3410 3360 3022
3026 3794 2878 3012
3450 3160 3052 3106
3083 3253 3420 3159
3231 3035 3184 3281
3350 3449 2756 3117
3470 3284 2828 3115
2832 3164 3467 3233
3431 3396 2806 2958
3151 3713 2769 3027
3079 3158 3443 3199
2974 3788 2918 3170
2824 3546 3211 3370
3394 3067 2798 3306
2741 3565 3373 3010
2777 3696 2876 3297
3136 3412 3350 2896
3352 3151 3255 2996
3313 3282 3230 2902
2856 3290 3043 3591
2751 3447 3031 3600
3185 3130 3062 3421
3018 3798 2862 3003
3142 3230 2789 3490
3183 3726 2847 2987
2800 3258 3538 3094
3408 3443 2760 3037
3453 3304 2792 3097
2766 3681 2957 3312
3050 3593 2741 3373
3429 3192 2809 3163
3378 3243 2851 3243
3195 3135 2802 3399
2804 3807 3037 3167
2850 3299 3508 3132
2960 3171 3527 3133
3442 3212 2847 3084
3079 3541 3269 2886
3376 3419 3080 2929
3292 3344 3374 2949
3331 3149 3160 3195
3087 3346 3416 2926
3412 3188 3179 2923
2802 3323 2962 3599
3284 3402 3267 2973
3087 3355 3378 2970
3300 3375 3240 2956
2892 3475 2836 3499
3044 3684 3018 3125
3310 3337 2859 3299
2878 3818 2963 3190
2761 3513 3215 3251
3246 3307 3352 3060
2820 3073 3474 3327
3102 3241 3388 3073
3456 3118 2966 3081
2893 3752 3166 3085
2985 3196 3502 3198
2799 3361 3081 3609
2984 3048 3513 3157
3033 3408 3398 3129
3061 3723 3025 2991
3077 3653 3066 2983
2868 3340 3103 3546
2942 3236 3253 3428
3010 3377 3428 2960
2769 3306 3219 3516
3298 3500 3063 2856
2773 3483 2946 3518
3236 3599 2972 2968
2843 3288 3382 3440
3219 3438 2780 3253
3051 3448 3384 2976
2745 3668 3049 3303
3122 3312 2880 3465
3068 3701 2949 3110
3045 3336 2819 3472
3207 3274 2785 3416
3386 3065 2870 3239
2927 3571 3390 2977
2888 3141 3399 3351
3264 3394 2882 3229
3468 3285 2826 3062
2899 3841 2981 3145
3086 3399 3367 3051
3120 3646 3054 3078
3268 3094 2978 3310
3281 3521 2939 3111
3433 3284 2766 3211
3153 3349 3370 3149
2883 3213 3532 3159
3489 3319 2874 3061
3028 3255 3497 3104
3244 3583 2963 2915
3242 3371 3286 2893
3359 3211 3277 2938
3271 3454 3206 2917
2747 3152 3221 3533
2961 3585 3177 3291
3046 3530 3226 3207
3055 3199 3282 3377
2895 3502 3187 3349
3161 3280 2904 3383
2859 3559 3059 3342
2949 3836 3016 3069
2885 3138 3092 3567
3107 3272 3426 2953
2981 3451 3413 3131
3362 3268 2761 3221
3019 3629 2817 3259
3278 3286 3078 3258
2864 3350 3451 3201
3063 3731 2979 3034
2947 3802 2987 3135
3075 3064 2967 3522
2844 3072 3403 3325
3042 3358 3408 3036
2866 3125 3301 3480
2933 3553 3344 3136
2935 3356 3493 3112
3415 3250 3123 3058
2817 3631 2951 3340
3326 3319 2788 3282
2713 3519 3212 3389
2775 3780 2992 3270
2834 3354 3438 3198
3095 3544 2895 3381
2852 3717 3102 3203
3192 3445 2960 3327
2984 3145 3093 3506
3419 3279 3155 2978
2887 3228 3118 3560
2876 3491 3296 3275
2994 3455 3325 3025
3412 3380 2993 2941
3370 3450 2936 3015
3224 3292 3170 3183
2808 3452 3024 3543
2875 3361 3486 2964
2996 3388 2885 3476
2758 3526 2990 3485
3159 3480 3035 3263
3053 3278 3300 3210
3099 3056 3046 3451
3061 3672 3038 3047
2982 3422 3339 3099
2936 3588 3127 3265
2810 3813 3015 3169
3339 3224 3091 3155
3066 3764 2926 3171
3048 3300 3001 3464
3000 3276 3391 3283
2873 3627 3070 3338
2815 3317 3110 3529
3399 3409 2911 3055
3024 3768 3011 3080
2932 3834 2894 3127
2951 3811 2938 2986
3011 3194 3542 3084
3126 3516 3144 3147
2841 3693 3124 3166
3008 3370 3434 3070
2709 3333 3431 3218
3256 3172 2830 3325
2982 3829 2915 3082
3428 3222 2922 3085
2920 3824 2917 3118
3123 3294 3327 3152
3459 3124 2948 3114
2949 3215 3463 3161
2869 3315 3033 3569
2813 3347 3093 3588
2928 3440 3023 3538
2913 3176 3270 3458
2944 3659 3222 3191
3059 3359 3168 3366
3019 3121 2998 3483
3076 3076 2964 3531
2891 3147 3090 3577
3196 3514 3154 3009
2796 3470 3165 3423
2755 3362 3238 3452
2919 3115 2947 3576
2952 3489 3402 3176
3117 3538 3084 3295
3287 3497 3116 3004
3015 3238 3201 3405
3007 3390 3136 3398
2911 3632 3205 3269
3030 3316 3478 3020
3252 3214 3162 3236
3149 3403 2943 3408
2871 3487 3139 3448
3435 3347 3020 3074
2727 3260 3262 3478
2946 3721 3128 3079
3173 3219 2984 3355
3071 3783 2935 3113
3025 3135 3354 3249
3098 3533 3224 3237
3001 3615 3278 3035
2812 3092 3453 3277
3075 3277 2774 3529
3089 3191 3448 3151
3162 3384 3199 3293
3104 3690 2975 3082
3297 3321 3233 3088
3126 3495 2925 3294
3440 3338 2928 3066
3240 3180 3180 3215
3080 3519 3302 3141
3389 3365 2978 3184
2994 3582 3279 3108
2781 3291 3333 3297
2894 3620 3305 3032
2997 3608 3296 3067
2833 3407 3488 3185
2756 3822 3040 3185
2983 3336 3459 3107
2783 3379 3469 3205
3427 3274 2920 3095
2787 3528 3297 3202
3323 3481 2941 3128
2890 3232 2936 3594
2843 3291 3126 3549
2846 3245 3102 3574
2889 3289 3151 3558
3305 3328 3227 2920
2926 3513 3083 3455
2906 3371 3271 3363
3056 3302 3148 3391
3121 3603 2936 3224
3294 3606 2958 2891
3158 3561 3077 2888
2914 3343 2926 3604
2831 3264 3028 3605
2944 3404 3045 3512
3084 3381 3333 3179
2830 3391 3073 3526
3231 3542 3095 2936
3182 3457 3013 3316
3106 3401 3081 3403
2850 3504 3088 3436
3439 3185 2996 3077
3054 3247 3289 3230
3295 3264 3073 3122
3131 3368 3107 3380
3036 3271 3077 3471
2827 3259 3215 3474
2827 3198 3237 3443
3237 3248 2945 3344
3075 3252 3058 3468
3115 3477 3286 2944
3002 3505 2945 3415
2890 3298 3120 3481
3204 3353 2886 3360
2836 3576 3183 3288
2968 3244 2932 3524
2923 3573 3311 3053
3332 3234 2999 3241
3307 3377 3005 3071
3229 3424 3281 2943
3219 3329 3169 3178
3203 3528 3032 3143
3383 3267 3204 2998
2882 3677 3174 3031
2979 3758 3027 3148
3016 3613 3050 3186
2915 3705 3063 3280
3166 3655 2971 2989
3070 3699 2882 3145
3198 3431 3042 3352
3040 3111 2891 3511
2969 3232 3517 3051
3133 3676 2905 3044
3137 3239 3147 3381
2972 3367 3478 3065
3320 3508 3004 3000
3320 3152 3140 3156
2922 3173 3349 3331
3060 3426 3406 3048
2992 3494 3363 2989
3227 3219 3137 3250
3185 3485 2954 3318
3130 3459 2888 3373
3395 3261 2874 3138
2965 3637 3179 3116
2839 3563 3101 3437
3345 3391 3193 2984
2908 3437 3181 3389
3398 3243 3075 3142
3259 3327 3152 3158
3023 3247 3167 3375
3050 3649 3026 3074
3341 3341 3065 3162
3181 3320 3180 3221
3011 3642 3050 3219
2932 3739 3113 3119
2929 3658 3272 3121
3100 3623 2982 3175
2917 3266 3447 3242
2903 3707 3086 3227
3157 3413 3247 3215
3090 3550 2869 3242
3212 3677 2839 3032
3275 3433 3048 3119
2785 3601 3234 3128
2975 3458 3335 3161
3248 3332 3251 3173
3215 3398 3008 3255
3392 3257 2795 3203
3423 3361 2796 3043
2953 3776 2980 3157
3214 3536 2832 3129
2950 3341 3523 3085
2884 3197 3084 3584
2946 3331 3294 3396
3145 3324 3066 3385
3364 3326 3093 2965
2917 3772 3091 3153
2837 3634 3158 3226
3301 3436 3027 3091
2896 3715 2967 3197
3075 3416 3319 3057
3018 3376 3249 3335
2901 3660 3150 3267
3361 3304 3156 3064
3357 3441 3112 3045
3286 3428 3148 3103
2759 3469 3188 3418
3305 3279 2912 3217
3381 3417 2988 3140
3169 3348 3065 3314
3026 3762 2974 3126
3064 3687 2939 3219
3099 3227 2932 3439
3115 3590 3011 3100
3041 3663 3131 3043
3062 3208 3314 3188
2820 3679 3165 3173
3289 3334 3312 3011
3225 3362 3236 3086
2924 3245 3308 3340
3421 3232 2942 3137
3314 3260 3142 3247
2710 3328 3217 3523
3348 3360 3028 3108
2794 3481 3227 3286
2918 3828 3034 3138
3092 3203 3172 3375
3096 3606 3196 3152
2904 3518 3347 3188
3450 3177 2999 3132
3110 3670 2981 3205
2847 3737 3021 3287
3367 3455 2889 3107
3345 3183 3130 3133
3156 3467 3174 3175
3302 3480 2864 3157
3335 3453 2975 3014
2989 3393 3201 3281
3250 3338 2907 3350
2986 3314 3126 3425
2833 3350 3115 3501
2958 3297 2984 3541
3017 3231 2987 3496
3117 3279 2965 3410
2966 3337 3098 3492
2999 3713 3052 2953
2919 3524 3165 3407
2967 3783 3013 3041
2950 3341 3514 3092
3107 3475 2986 3323
3402 3335 3051 3001
2961 3619 3125 3279
2935 3599 3171 3301
2894 3709 2983 3187
2835 3661 3105 3174
3013 3711 3097 3120
2905 3646 3152 3320
3211 3386 3029 3353
2907 3552 3060 3307
2901 3296 3158 3433
3008 3333 3471 3134
2835 3631 3275 3014
2797 3555 3158 3320
3270 3560 3021 3087
3221 3638 2989 3096
3073 3427 3178 3310
3057 3412 3109 3420
3038 3270 3348 3318
2930 3602 2991 3328
3438 3269 3089 2999
3375 3208 3048 3164
3209 3392 3059 3206
3354 3313 3118 3033
3163 3384 3108 3313
3147 3438 2995 3356
3004 3509 3100 3266
2771 3277 3114 3566
2861 3414 3124 3491
3056 3735 3015 3118
2981 3816 2927 3089
2949 3548 3356 3157
3092 3468 3009 3356
3128 3472 3067 3287
2955 3326 3195 3350
3406 3258 2995 3095
3329 3202 3101 3167
3261 3395 3266 3085
2938 3293 3099 3510
3133 3371 3141 3346
2986 3345 2975 3521
2969 3166 3141 3446
2957 3256 3151 3495
2883 3423 3089 3462
2845 3335 2999 3583
2915 3351 3134 3413
3064 3497 3189 3337
2928 3417 3003 3565
3112 3418 3195 3212
3088 3245 3166 3334
2980 3184 3169 3433
2925 3549 3066 3358
3330 3425 3094 3049
3307 3369 3069 3214
3190 3293 3106 3308
2957 3249 3162 3444
2940 3488 3134 3412
3031 3313 3270 3371
2938 3773 3131 3059
2996 3666 3068 3165
3097 3463 3083 3387
2979 3556 2939 3256
3111 3492 2979 3359
3072 3182 3265 3255
3013 3628 3157 3248
3366 3356 3045 3167
3417 3276 3112 2985
3402 3416 2905 3054
2973 3466 2939 3438
3036 3763 2954 3114
2939 3486 3204 3256
2912 3273 3229 3468
3276 3385 3012 3147
2992 3276 3065 3479
2806 3255 3171 3479
3190 3665 2892 3157
3025 3324 3239 3305
2869 3369 3052 3467
3214 3416 2873 3246
3144 3369 3224 3322
3166 3425 3065 3332
3144 3461 3050 3227
3071 3414 3048 3404
