68839 1740.38
19742 17717
17229 20210
19727 17779
19735 17764
17680 20077
19724 17835
17640 20084
19741 17719
17272 20202
17235 20209
19697 17908
17518 20133
17353 20177
19711 17863
19719 17841
19549 18323
17293 20193
17462 20150
19684 17948
19614 18171
19679 17977
17414 20163
17389 20165
19704 17887
17530 20123
17740 20041
19683 17964
17497 20136
17438 20152
19644 18067
19696 17929
19609 18188
19661 18044
19664 18016
19663 18030
19622 18148
19689 17933
17690 20063
17770 20030
17541 20121
19503 18404
18029 19887
17275 20198
17601 20097
17591 20104
17371 20173
19537 18332
18016 19895
17619 20090
19642 18086
19464 18478
19651 18051
17555 20117
17575 20106
17334 20179
19551 18306
19586 18232
19262 18776
17724 20045
19634 18097
19633 18116
19480 18443
17919 19948
17755 20036
18135 19825
17723 20051
18098 19845
17305 20189
19559 18283
18144 19818
17829 19999
17472 20148
17998 19905
17779 20020
19676 17993
19707 17871
19530 18354
19424 18544
18899 19208
19525 18364
19256 18785
18460 19597
18400 19644
17910 19953
18466 19591
18166 19799
17869 19978
17794 20019
19557 18300
19649 18060
19369 18627
19438 18515
18833 19273
18871 19232
18453 19602
18495 19567
18317 19704
18503 19563
17630 20086
17706 20053
19624 18131
19475 18448
19579 18241
19487 18434
19233 18812
18928 19176
18489 19572
18920 19180
18536 19537
18324 19698
18112 19830
18935 19162
18476 19589
18049 19876
17964 19921
17694 20060
18177 19797
18040 19879
17320 20183
17975 19913
19572 18260
19587 18222
19570 18268
19630 18119
19467 18467
18929 19167
19335 18678
19240 18804
19104 18970
19418 18553
18966 19135
18635 19455
17844 19993
18757 19341
18591 19494
18149 19814
19251 18789
19091 18986
18543 19532
18155 19808
17478 20141
18599 19482
18407 19638
18192 19787
18210 19776
17836 19994
17820 20003
17313 20187
17857 19980
19665 18000
19491 18421
19474 18459
18968 19127
19372 18620
19573 18250
19592 18217
19566 18275
19356 18643
19283 18750
19018 19069
18594 19488
19244 18794
19221 18829
18991 19103
18985 19108
19605 18195
19497 18413
19306 18713
18942 19158
18806 19297
18608 19475
18484 19578
18421 19626
19276 18753
18850 19253
18674 19418
18617 19470
18388 19651
18347 19683
18161 19805
18006 19901
18690 19406
18437 19615
18077 19854
17801 20009
18382 19657
17418 20158
17754 20040
19615 18157
19706 17882
19505 18391
19176 18881
19513 18386
19344 18659
19266 18768
19173 18888
19099 18976
19064 19017
17846 19983
19329 18683
19311 18707
19159 18901
19108 18964
18811 19291
18479 19582
19459 18487
19351 18648
19068 19011
18982 19114
18647 19442
18196 19781
17773 20023
19364 18635
19214 18833
19024 19063
18843 19258
18510 19559
18447 19607
18721 19378
18628 19462
18033 19882
17969 19916
18393 19648
18109 19841
17925 19942
17905 19958
17884 19964
17703 20054
19044 19044
18890 19212
18083 19849
18310 19707
18201 19777
17956 19925
18090 19848
19514 18377
19448 18499
19337 18670
19626 18130
19594 18209
19050 19033
19452 18494
19403 18569
19387 18599
19382 18603
19347 18653
19340 18665
19272 18759
18994 19097
18837 19265
17947 19931
19374 18612
19199 18857
19126 18943
19097 18982
18797 19305
18770 19328
18703 19395
18417 19632
19188 18868
19119 18957
18910 19193
18876 19226
18864 19237
18705 19387
18680 19414
18643 19448
19164 18895
18952 19145
18683 19409
18443 19611
18071 19857
19112 18959
18763 19337
18652 19438
18227 19765
18583 19498
18359 19670
18057 19868
17988 19908
17986 19911
17428 20157
18258 19738
17892 19961
17382 20167
17329 20181
18122 19828
19489 18430
19426 18537
19401 18576
19434 18521
19049 19041
19599 18198
19428 18531
19156 18906
19085 18991
17797 20014
19380 18610
19231 18817
19073 19007
18970 19119
18785 19317
18724 19373
19444 18508
18916 19186
18826 19277
18801 19301
18793 19311
18748 19355
18713 19381
18370 19665
17943 19937
18737 19361
18669 19423
18431 19619
18427 19622
18247 19754
18216 19771
17597 20098
18854 19249
18742 19359
18220 19769
17375 20169
18976 19118
17809 20006
17567 20108
19534 18337
19598 18205
19433 18527
19411 18562
19298 18727
19211 18838
19202 18851
19152 18911
18752 19347
18661 19431
19616 18154
19519 18367
19414 18555
19290 18734
19179 18875
19076 19002
19031 19054
19028 19060
19016 19075
18768 19334
18695 19401
19393 18583
19359 18636
19137 18931
19006 19085
18861 19247
18732 19366
18664 19425
18564 19514
18552 19525
18231 19762
18053 19870
19183 18872
19169 18893
19036 19047
18880 19223
18780 19322
18658 19435
18607 19480
18568 19510
18548 19528
18776 19324
18531 19542
18413 19636
18303 19709
18183 19789
18065 19864
18009 19896
18365 19669
18339 19685
17938 19939
18275 19731
18127 19827
17931 19941
17898 19960
17488 20137
19518 18373
18945 19152
19578 18246
19269 18764
19208 18843
19055 19029
18885 19219
18523 19547
19562 18280
19471 18464
19150 18916
19145 18919
19130 18937
18282 19724
19408 18565
19399 18582
19293 18730
19061 19023
19002 19090
18998 19092
18814 19286
18729 19369
18638 19451
18556 19520
17873 19972
19675 17997
19319 18694
18353 19675
17950 19926
18902 19197
18819 19284
18294 19714
18267 19736
17431 20153
17621 20088
18239 19756
19284 18741
18900 19198
18110 19838
19242 18800
19314 18702
19493 18414
19205 18847
18350 19676
18290 19718
18182 19793
19455 18488
19301 18717
18947 19148
18824 19281
18619 19466
18336 19688
18281 19730
18253 19740
17880 19968
17559 20111
19080 18998
18788 19313
18712 19386
18697 19397
18579 19500
18560 19518
18520 19552
18329 19694
18288 19722
18235 19757
18958 19138
18300 19713
17484 20139
17851 19981
17814 20005
19531 18346
19299 18720
19121 18950
18862 19241
19447 18507
19391 18590
19389 18592
19327 18689
18251 19745
18249 19749
19316 18698
19640 18091
19286 18739
19192 18863
19141 18927
19011 19078
18957 19140
18911 19188
18840 19262
18575 19504
18067 19862
19194 18861
19133 18935
18573 19507
18332 19692
19507 18389
19325 18692
19225 18821
18526 19543
18268 19733
18624 19463
19667 17999
19533 18344
19223 18822
19143 18924
18751 19351
19122 18947
19084 18996
19035 19051
19010 19082
18886 19214
18374 19661
19636 18093
19554 18301
19056 19024
18375 19658
18513 19554
