6958 1355.13
27750 24905 24646 24143
26997 25351 23851 24745
26476 26536 24922 23112
25915 26960 25090 23632
24814 23972 28058 25734
24715 22750 26456 27145
24020 23136 26139 27911
23463 24260 26066 27265
23533 24378 26256 27009
23622 23672 26260 27631
26471 26487 24900 23145
26588 25999 25291 23257
23705 23721 26836 27289
26352 26587 25317 23464
23738 23649 26761 27305
27643 25016 24639 24190
27123 25599 24103 24410
27137 25471 24022 24454
23767 23455 26605 27451
27596 25026 24755 24256
26630 25805 23912 24343
26793 25796 23893 24521
26580 25217 24783 24964
27360 25263 24541 24148
24142 23093 26169 27886
26437 24707 25537 24944
24419 23998 27127 26475
26788 25783 23960 24517
25964 26924 25081 23644
26373 26677 24989 23433
24307 22787 26262 27743
27331 25318 24583 24060
27666 24973 24657 24166
27052 25510 24006 24448
25992 26896 25006 23709
24281 22950 26365 27745
25764 25453 25776 25086
24872 23874 27773 25792
24445 22999 26568 27396
25602 25046 25897 25301
24102 23021 26193 27866
25874 25926 25565 24339
26285 25002 24611 25185
25098 24210 26976 26084
27525 25083 24706 24277
24179 23619 26618 26982
23933 23388 26653 27412
25142 24313 27034 25997
26475 26359 25259 23299
25574 25694 25995 24605
23963 23681 26831 27190
24487 22882 26355 27479
24338 22802 26352 27713
27301 25181 24926 24105
24308 22898 26339 27679
26141 26847 24980 23721
24036 23194 26212 27727
25490 25673 25424 24823
27451 25071 24523 24345
24577 24024 27735 26040
24851 23837 27888 25819
26407 26611 25076 23506
24838 24068 28017 25723
25983 26714 25285 23764
26677 25931 24070 24271
24615 23672 27491 26256
24252 23033 26134 27763
23892 23333 26692 27430
24742 24114 27650 26093
25827 25825 25390 24684
23838 23473 27026 26999
23785 23657 26697 27374
25632 25281 26716 24833
25619 25098 26324 25260
24458 23307 26719 27220
24734 23947 27803 25911
24424 22844 26232 27484
26751 25362 25032 24589
26456 26366 25153 23451
24596 23895 27471 26167
25180 24329 27262 25363
24901 24072 27961 25718
26801 25856 24140 24154
27627 25004 24668 24247
27709 24978 24725 24129
25305 24360 26044 25762
24346 22859 26374 27669
25945 26857 25148 23681
24775 24123 27837 25638
25854 26152 25640 24030
23984 23114 26142 27827
26507 26482 25308 23272
24293 22970 26448 27641
24720 24161 27568 25838
27578 25088 24671 24288
26509 26390 25105 23333
26695 26207 25017 23557
26024 24760 24511 25523
26339 25618 25206 24479
25121 23937 27178 25933
24097 23232 26188 27781
24885 24018 27855 25727
25122 24280 27514 25611
24211 23670 27145 26721
24673 23532 26432 26864
26885 25834 24172 24069
27029 25527 24131 24384
27399 24936 24943 24314
26151 26804 24913 23665
25149 25663 25865 24916
26228 26550 24843 24076
24465 23512 26808 26795
24244 23202 26089 27626
25193 24879 27236 25375
26426 26406 25127 23361
24663 24146 27520 25958
24915 23695 26308 26896
26767 25457 24254 24556
24496 23216 26402 27355
26712 25800 23973 24344
26315 24697 25477 25212
25000 24167 27611 25827
26549 26066 25432 23491
26374 26517 25166 23330
24200 22987 26200 27833
24386 24441 26120 26275
24651 23637 27104 26557
23915 23406 26515 27401
25258 23619 25759 26509
25766 25115 25799 25062
24615 23428 26099 27323
26251 25899 25663 23673
27368 25298 24395 24207
26165 24518 25366 25613
25018 24811 26294 25806
24075 23600 26928 27094
23951 23414 26501 27500
26542 26097 24950 23805
26130 25565 25768 23884
24364 23270 26314 27248
27033 24863 25155 24432
23808 23549 26787 27276
25551 25546 25967 24619
26660 25964 24183 24185
27381 25243 24531 24242
26232 26630 25124 23850
24745 24173 27627 25709
25409 24591 25916 25414
24526 24018 27303 26386
25034 24301 26848 26194
26233 26826 25008 23634
27146 25406 24560 24212
24679 24138 27717 25621
25312 24386 27215 25657
24947 24293 27303 25924
23943 23361 26434 27538
26157 26689 25167 23760
24095 23446 26951 26938
27065 25736 24895 23980
24581 23588 27078 26593
26678 26045 25177 23394
27194 25633 24837 23837
24227 23050 26413 27585
25982 26920 24909 23605
25521 24029 25548 26334
25427 25376 25945 25137
24162 23204 26507 27662
27175 24880 24901 24524
27501 25216 24422 24075
25204 24744 27286 25123
23862 23556 26899 27156
26943 25657 24202 24541
24374 23037 26523 27600
24862 23811 27554 26052
26298 25518 25859 23651
24499 22823 26382 27650
25784 25866 25112 24842
25318 24614 26996 25151
26882 25786 24449 23608
25297 24534 27011 25235
27073 25543 24647 23991
26638 26162 24880 23869
27683 24963 24568 24208
26356 26435 25134 23411
24257 23073 26333 27572
25402 23865 26438 25884
26679 25799 24065 24537
25021 23433 26382 26630
27542 25121 24721 24251
25912 26872 25027 23720
25366 25719 25945 24376
26414 26217 24121 24092
25556 26352 25191 24134
23798 23769 26700 27201
25841 24548 26317 25336
26777 25308 24226 24768
25390 24725 26666 24892
24991 24045 27712 25614
26263 26735 25049 23575
24269 23703 26991 26810
24433 24428 26642 25976
25355 24800 26853 25121
25497 25496 25925 24750
24149 23165 26379 27690
23844 23862 26867 27165
26076 26506 25259 23570
25236 25733 25976 24645
26761 25233 24762 25005
24801 23888 25718 26747
26450 25908 24312 24222
25568 25649 25349 24782
24978 24272 25446 26520
26335 25755 24463 24512
26460 26318 25310 23404
26269 25580 25139 24675
24779 24056 27988 25774
25375 24630 26992 25282
24702 24078 26913 26179
24959 24475 27007 25511
24208 23744 26864 26828
26199 26236 25420 23863
26424 26028 24405 24087
24770 24134 27749 25899
24832 24013 27798 26015
24680 23765 27683 26115
26375 25394 24864 24740
26011 25142 24491 25277
24945 23960 26818 26295
25716 24299 26146 25546
24548 24105 26470 26364
25696 26136 25523 24324
26723 24574 25298 24802
27082 24666 25521 24031
24620 23820 27587 26207
25010 24372 26080 26063
25328 24241 27093 25560
24626 23482 26554 27037
24844 24016 25892 26574
24004 23701 26676 27141
25342 24164 26732 25483
27468 25036 24521 24320
24077 23590 26799 26953
26326 26334 25229 23697
26872 25802 24816 23987
26571 25506 24322 24605
24188 23223 26466 27518
26189 26247 24345 24186
24381 24134 27245 26354
24363 23544 26153 27047
26397 26456 25137 23365
25808 26219 25604 24003
27158 25288 24913 24190
24753 24184 27533 25687
25903 23969 25984 25500
26384 24987 24803 24997
26481 25969 24795 24108
25994 25430 24549 24788
25387 24342 25959 25694
26038 25131 25398 25397
25449 23989 26069 26070
25189 24007 26221 26306
25536 24119 26881 25162
25708 26301 25181 24046
25051 24331 27425 25588
26815 24828 25353 24659
26756 25812 25184 23944
25893 26956 25032 23709
25077 24109 27695 25780
25127 23739 25701 26765
27423 25103 24291 24378
24329 23145 26283 27547
24551 23792 26015 26914
26921 24871 24662 24761
26350 26073 24260 24086
25974 25757 25860 24702
23872 23498 26293 27586
26183 26788 25064 23638
24831 23814 27665 26126
24822 24011 28038 25781
25107 24685 26413 25566
26987 25657 24362 24113
25326 24652 26331 25574
25251 24771 26266 25686
27022 25592 24973 23973
25081 23723 25841 26732
25218 23760 27405 25916
26534 26267 25058 23536
25940 26173 25584 23613
25537 24849 25825 25420
24868 23895 27818 25847
26287 25420 25269 24689
26111 25315 25552 24487
24926 23276 25828 26924
26655 26283 25278 23512
24980 24230 26872 26270
24534 23534 26495 26707
26047 24597 26021 25177
26516 26121 25256 23587
26245 26656 25180 23525
26491 26416 25061 23776
25595 24155 25765 26112
25039 24081 27374 25851
25768 24246 26114 25652
27009 25490 24471 24240
26260 24951 25089 24884
26834 25721 24214 24344
26701 24682 25427 24501
25481 25779 25594 24723
26390 25913 25509 23842
24789 24095 27872 25723
24942 23880 26198 26592
26008 24623 25880 25349
27270 25351 24822 24149
26546 26011 25356 23570
26127 24722 25960 25051
26648 26227 24587 23910
24708 23915 25726 26682
25318 25993 26003 24353
26468 26459 24701 23667
24688 23762 27318 26459
25461 23987 26999 25172
24828 24119 27249 26020
26959 25367 24435 24468
24643 24077 25823 26668
24315 23844 27147 26622
24358 23823 27329 26532
24344 22923 26336 27700
24049 23305 26530 27522
24028 23111 26082 27811
25739 24170 26945 25041
25021 23293 26336 26779
25418 23906 27185 25344
26563 26033 25295 23795
24285 23348 26557 27390
27214 25223 24381 24464
26971 25309 24388 24540
26465 25704 25482 23896
26102 24378 25981 25196
24290 23260 26633 27436
24450 24408 26739 25948
24998 23575 26411 26503
25890 24807 24983 25754
27216 24875 24734 24623
25232 24792 26545 25440
26310 25839 25048 24151
25471 24361 26395 25507
26216 25342 25338 24573
23906 23427 26515 27373
25901 25979 25581 23876
24401 23130 26592 27510
24774 23716 27063 26675
26845 24645 25236 24803
24157 22977 26270 27798
27283 25154 24868 24326
24996 24036 26535 26212
25728 25151 26061 24997
26239 26770 25111 23678
26672 25390 24832 24669
26761 25993 25241 23740
26624 25440 25327 24040
24423 23801 26121 27073
25749 26131 25407 24054
25795 25481 25021 25018
24451 23681 27592 26222
26022 24587 25695 25248
24031 23831 26951 27020
25287 24174 25737 26126
24797 24128 27389 25985
27416 25186 24355 24242
25676 24248 25588 25967
24139 23075 26279 27856
24330 23732 26479 27058
24898 23602 27332 26243
27575 25124 24835 24230
24834 23975 27993 25746
25838 26623 25160 24038
27004 25466 24229 24574
26236 26751 25154 23624
25433 25809 25461 24983
25345 24402 26601 25675
27246 25610 24496 24005
24545 23574 27342 26697
26402 24452 25744 25130
24600 23277 27352 26438
26571 26189 24921 23702
26152 26760 24959 23746
24152 23685 27159 26658
25045 24195 27445 25824
25422 24323 26934 25237
25985 26668 25105 23827
24763 23734 27120 26549
25685 26034 25497 24421
25501 24555 24855 25961
24907 24506 27530 25599
25588 24783 25759 25643
25665 24985 26179 25207
24109 23318 26270 27563
24320 22929 26327 27647
26734 24497 25181 25070
24807 24219 27372 25843
24516 23788 26183 26874
26597 25885 24680 24025
25152 23821 27279 25667
26640 26346 25120 23516
26524 26055 24140 24127
25934 25870 25587 24227
23853 23581 26748 27429
25641 25411 25960 24875
25684 24960 25379 25471
24448 23183 26785 27252
26554 25207 24939 24722
24268 23079 25879 27665
24536 23905 26710 26612
27047 25170 24201 24558
24110 23978 26757 26649
24963 24019 26057 26406
26706 25879 24369 24065
26161 26444 25377 23827
27390 25228 24520 24396
24925 24393 27107 26053
24055 23365 26487 27505
25892 25326 25409 24854
24397 23220 26425 27470
25438 25211 26286 25104
24474 23377 26960 26868
25509 24462 26232 25440
24793 24094 27912 25822
25057 24160 27459 25720
25517 24489 24752 26164
26739 26243 25065 23420
24756 24098 27922 25799
26084 25228 24597 25014
23828 23714 26895 27252
24465 23251 26698 27339
24146 23459 26682 27294
26120 25941 25333 23913
26204 26425 25239 23872
26420 24921 25619 24661
25478 25056 25684 25311
27477 25152 24642 24235
27110 25755 24271 24076
26325 26273 24471 23962
24960 24465 26793 25864
27106 25459 24396 24330
23988 23589 27081 26802
25339 24051 26774 25744
26683 26086 24975 23774
24522 24413 26138 26251
25437 24508 25803 25451
26018 24351 25564 25523
25798 25981 25678 24573
24495 23501 26782 27126
25650 24457 25743 25553
26678 25340 24293 24676
26526 26327 25101 23522
24770 24010 27927 25864
26303 26394 25174 23919
24816 24078 27971 25705
25130 23649 26359 26420
24560 23496 27048 26728
26932 24954 24690 24749
24065 23453 26947 27107
25158 23853 26502 25890
26531 25195 25520 24765
24351 24094 26525 26689
26829 25701 25017 23898
26802 25766 24658 24446
24572 23378 27362 26455
27426 25126 24463 24374
24028 23809 26588 27052
25467 24736 26622 25382
24223 24114 26709 26641
24005 23465 26659 27281
24766 23641 27196 26449
24600 23709 27428 26415
25274 23971 26029 26082
27298 24899 24746 24568
24648 23779 27363 26304
24404 23097 27048 26799
25851 24596 26358 24900
24818 23901 25627 26844
26539 26113 25302 23945
24699 24010 25809 26885
26400 26194 25423 23480
24202 23567 26824 27111
26507 25732 24720 24393
25069 23751 25888 26893
24630 24232 27051 26230
24053 23155 26363 27702
24042 23486 26748 27215
26556 24304 25226 24866
24396 23104 26250 27581
26094 26867 24963 23753
24011 23684 26965 27068
24819 23923 27402 26154
24089 23099 26247 27844
25166 24891 26820 25135
25744 24266 25709 25897
26041 24641 25614 25408
24804 23581 25647 26907
