37553 510.124
3470 3220 2914 3069
3114 3595 2668 3247
3102 3491 3279 2875
3094 3013 3365 3182
2871 3839 2879 3034
2859 3258 3573 2996
2859 3190 3040 3573
2663 3458 3241 3353
2677 3258 3271 3409
2724 3393 3278 3383
2937 3073 3398 3272
2930 3609 2738 3458
2996 3530 2702 3432
3226 3048 3377 3061
2983 3170 3560 2938
3447 3206 3047 2976
3276 3092 3321 2929
3090 3037 3297 3253
3079 3528 2687 3425
3283 3230 3328 2915
3254 3186 3343 2884
3434 3275 2822 2996
3139 3398 3360 2907
3367 3286 3215 2892
2933 3207 3541 3008
3313 3207 3265 2897
2804 3823 2944 3026
2729 3356 3240 3437
2889 3116 3460 3235
3074 3264 3450 2948
2737 3330 3199 3457
3428 3102 2983 3066
3137 3581 2775 3324
3026 3110 3237 3414
2958 3322 3149 3521
3132 3590 2747 3263
2946 3462 2758 3486
2905 3791 2908 3116
3300 3354 2753 3243
3080 3590 2795 3362
2777 3640 2961 3412
3415 3256 2991 3169
3049 3605 2833 3339
2750 3158 3354 3364
2875 3429 3068 3566
2833 3317 3511 3024
2949 3200 3499 3180
3250 3098 3340 3134
2825 3435 3408 3190
2903 3150 3001 3562
3396 3296 3007 3120
2917 3381 3142 3548
2852 3395 3480 3225
3189 3564 2787 3272
2861 3209 3257 3505
3272 3282 3320 3011
2802 3314 3242 3514
3033 3613 2893 3381
3087 3338 2841 3497
3050 3196 3522 2972
2764 3218 3343 3432
3086 3334 2824 3525
3009 3623 2781 3387
3331 3141 3114 3191
3115 3248 3110 3399
3217 3399 2882 3359
2970 3699 3181 3014
3311 3324 3318 2876
3045 3104 3299 3306
2761 3722 2998 3248
3011 3290 3056 3529
2991 3798 2966 3058
3198 3180 3401 2984
2963 3267 3518 3093
2928 3285 3157 3533
3137 3328 3419 2942
2817 3412 3456 3136
3350 3498 2884 3021
3046 3493 2816 3433
2850 3165 3197 3544
2741 3363 3198 3475
3385 3335 3095 2990
2898 3236 3487 3131
2808 3137 3536 3218
3285 3500 3088 2921
3079 3633 2767 3251
3168 3475 2963 3222
2756 3375 3219 3450
3424 3273 3002 3060
3419 3202 2930 3142
2988 3138 3514 3187
2786 3675 3178 3183
2745 3239 3319 3397
2968 3212 3516 3081
3176 3390 2765 3392
2800 3755 2949 3240
2768 3625 3161 3265
2989 3620 2819 3338
2819 3128 3416 3298
2959 3234 3528 3028
2829 3714 3176 2987
3260 3390 2858 3270
2900 3160 3469 3219
2970 3250 3506 3068
2941 3816 2901 3148
3277 3266 3314 2930
3078 3682 2811 3241
3293 3204 3310 2977
2880 3242 3444 3211
3220 3174 3390 3002
2832 3120 3258 3492
2848 3548 3021 3396
2894 3183 3301 3422
3039 3556 2863 3388
2795 3433 3308 3278
3033 3750 3039 3101
2861 3766 2881 3163
3012 3244 3027 3501
3108 3152 3366 3128
3157 3300 3048 3316
3263 3131 3284 3095
3099 3627 3008 3292
3187 3148 3252 3202
2857 3702 3070 3263
3373 3125 3164 3065
3026 3747 2977 3109
3235 3420 3262 2933
2827 3548 3094 3377
2982 3260 3392 3207
2904 3504 2987 3483
3357 3490 3070 2962
3160 3582 2828 3236
3130 3294 3372 3047
3032 3306 3100 3469
3037 3573 2782 3364
3329 3580 2808 3112
2896 3489 3352 3179
3224 3421 3037 3245
2782 3390 3377 3312
2851 3240 3491 3204
3055 3262 3495 2973
3191 3451 2856 3309
2814 3398 3287 3331
2978 3786 2984 3030
2886 3759 3097 3144
3171 3121 3171 3311
2822 3610 3137 3259
3401 3163 3017 3160
3041 3716 2886 3238
3118 3223 3191 3267
3002 3361 3121 3460
3062 3732 3065 3110
2753 3565 3182 3356
2998 3686 2970 3230
3341 3281 3179 2980
3004 3770 3074 3051
2909 3691 3136 3184
2950 3345 3118 3556
2845 3228 3208 3552
3112 3587 2799 3265
2883 3488 3369 3124
2869 3809 3026 3079
3207 3426 2827 3354
3083 3591 3079 3196
3104 3719 2965 3084
2903 3215 3230 3536
2935 3376 3473 3026
2837 3705 2973 3302
3152 3391 3382 2998
2944 3417 3454 3010
3141 3551 3275 2921
3228 3232 3302 3129
3015 3368 3414 3173
3061 3473 3383 2965
3281 3481 2870 3153
3151 3378 2952 3418
3017 3288 3503 3075
3254 3225 3335 3018
2944 3478 3004 3518
3213 3600 3071 2969
3098 3458 3091 3329
2879 3328 3249 3420
2839 3617 3127 3319
2955 3454 3027 3507
3196 3553 3176 3037
2946 3644 2874 3302
2961 3571 3064 3336
2905 3647 3105 3344
2975 3460 3391 3185
3101 3244 3098 3427
2985 3659 3173 3165
2972 3676 2805 3275
2790 3502 3346 3250
3295 3197 3108 3254
3317 3342 3232 2991
2811 3529 3023 3446
2788 3729 3015 3209
2923 3696 3057 3195
3378 3276 3119 3058
3406 3374 2997 3026
3336 3446 3088 3133
3245 3577 3086 3031
2910 3822 2943 3027
3359 3303 3152 3004
3127 3403 3234 3178
3060 3724 3052 3150
2810 3222 3290 3488
3190 3649 3030 3087
2965 3229 3428 3258
3204 3546 3163 3024
3375 3134 3128 3085
3290 3448 3260 2932
3149 3489 3254 2980
3052 3559 2897 3341
2943 3203 3530 2956
3247 3100 3207 3240
3043 3455 2845 3452
3382 3332 2953 3131
2893 3802 3004 3106
3212 3393 3075 3233
3164 3527 2878 3299
2843 3486 3107 3455
3022 3296 3437 3151
2859 3302 3533 3005
3029 3653 3156 2993
2934 3667 2867 3349
3015 3505 2994 3430
3076 3340 3433 3155
3050 3414 3090 3415
2881 3291 3126 3555
3055 3310 3233 3283
3389 3150 2995 3198
3324 3417 3136 2959
3236 3617 2906 3053
3014 3479 3296 3065
2887 3260 3269 3402
3135 3335 3050 3439
3035 3440 3066 3467
2965 3757 3062 3092
2828 3707 2993 3288
3402 3427 2922 3071
3086 3778 2969 3095
3202 3437 2928 3269
2862 3445 3292 3220
3242 3346 3092 3290
2912 3377 3288 3357
2907 3278 3205 3473
3024 3631 3165 2999
3422 3226 2975 3074
3333 3401 3144 3016
3265 3372 3170 3088
2771 3264 3263 3452
2941 3508 3362 2982
3364 3136 3013 3210
3354 3357 2988 3171
3326 3495 3050 3001
3316 3337 3185 3105
3000 3644 3072 3089
3287 3467 2957 3132
3390 3353 2922 3078
3188 3224 3245 3206
3154 3475 2898 3333
3230 3386 3307 3046
3320 3543 2951 3000
2779 3454 3389 3228
3353 3288 3123 3115
3308 3462 2958 3117
3269 3486 3043 3148
3194 3319 2940 3367
2891 3678 3189 3006
2867 3789 3119 3072
2951 3603 3141 3315
3152 3557 2890 3286
2878 3566 3325 3083
3238 3318 2921 3345
2967 3497 3318 3172
2877 3688 3169 3154
2773 3671 3184 3130
3008 3542 3283 3045
2929 3643 3213 3100
3061 3409 3346 3038
2937 3436 3422 3033
3369 3177 3167 3045
3020 3569 3334 3031
3126 3254 3420 2968
2797 3470 3306 3226
3363 3251 3139 3065
3163 3349 3248 3107
3070 3693 3088 3065
2937 3806 3046 3072
2990 3514 3306 3056
3048 3481 2853 3426
3038 3344 2981 3498
2997 3379 3251 3280
2845 3477 3092 3443
2915 3293 3431 3204
3146 3593 3090 2985
3173 3229 2923 3375
2920 3352 2974 3543
3011 3297 3125 3393
2750 3618 3156 3314
3088 3683 3015 2957
3009 3773 2995 3043
3051 3525 3041 3371
3014 3727 2938 3200
3007 3753 2976 3162
3244 3496 3148 3076
3058 3438 3129 3373
3252 3442 3109 3224
3078 3662 3024 3167
2987 3320 3175 3462
2893 3712 3093 3175
3046 3679 3113 2960
2854 3507 3228 3366
3256 3588 3031 3008
2925 3508 2934 3466
3349 3324 3124 3156
3347 3171 3153 3145
3154 3575 2992 3204
3030 3561 3147 3097
3187 3410 2999 3317
3093 3709 2990 3192
3400 3301 3099 3114
2793 3307 3274 3406
2932 3818 2988 3016
3179 3456 3014 3284
3240 3450 3055 3098
3112 3176 2885 3440
2847 3510 3265 3237
2819 3641 3202 3126
3036 3301 3467 3140
3094 3540 2902 3405
2935 3737 2969 3232
3182 3360 3273 3050
2939 3522 3294 3041
2873 3324 3404 3247
2901 3774 3110 3110
3125 3308 3145 3289
3053 3397 3237 3300
2953 3636 3227 3137
3040 3330 3462 3040
3185 3523 3139 3098
3221 3658 2986 3119
3239 3524 2933 3226
2888 3516 3387 3078
2899 3763 2955 3179
3176 3665 2924 3048
3054 3389 2905 3461
2973 3351 3222 3372
2903 3744 3081 3127
3418 3331 3058 3106
3214 3371 3196 3232
3007 3168 3268 3341
3109 3610 2927 3301
3262 3506 3032 3127
3047 3363 3332 3146
3231 3279 3311 3113
3307 3545 2957 2954
2989 3315 3523 3007
3120 3585 3103 3112
2927 3405 3465 3147
2993 3356 3117 3496
3113 3656 3035 3240
3107 3362 3160 3384
2809 3664 3115 3295
3171 3562 2849 3228
2934 3312 3160 3489
3280 3596 2944 2941
3082 3365 2938 3492
2986 3405 3025 3516
2964 3409 3012 3539
2969 3292 3054 3540
2982 3334 3484 3191
3091 3469 3321 2968
3112 3473 3159 3255
3140 3443 3073 3334
2996 3453 3356 3139
2942 3670 3028 3276
2905 3464 3230 3351
3166 3614 3080 3070
2774 3560 3230 3304
3064 3179 3223 3279
2815 3615 3108 3347
3234 3313 3266 3194
3092 3536 2913 3320
2982 3544 3203 3176
3371 3363 2981 3079
3302 3342 3209 3082
3268 3228 3293 3042
3067 3502 3143 3242
3006 3594 3112 3212
2980 3452 3262 3197
2913 3669 3132 3261
3233 3486 3280 2976
2874 3617 2847 3403
3044 3533 3298 2931
2974 3806 3043 3052
2953 3521 3029 3423
2870 3783 3019 3104
3229 3368 3405 2951
3040 3539 2996 3303
2758 3499 3263 3275
3011 3315 3322 3327
2991 3735 3130 3103
3106 3543 2946 3266
3019 3741 2958 3155
3066 3534 2967 3355
2932 3584 3193 3273
3024 3484 3201 3252
3177 3482 2942 3211
3287 3430 3060 3137
3253 3372 2918 3397
3131 3562 2917 3274
2936 3740 3062 3133
2919 3535 3226 3264
3322 3341 2936 3225
3291 3439 3102 3034
3023 3408 3399 3051
2941 3724 2913 3217
3200 3513 3168 3079
3144 3705 2888 3073
2972 3480 3358 3154
3043 3551 3010 3301
3022 3556 3211 3085
3192 3531 3244 3078
3069 3602 3276 3045
3144 3668 2980 3211
3279 3422 2864 3170
2804 3465 3080 3480
3059 3313 3019 3464
2991 3517 2941 3448
3175 3471 3128 3292
3124 3345 3447 3034
2955 3402 3074 3479
3054 3349 3250 3323
3128 3557 3111 2973
3089 3365 3036 3441
2924 3406 3229 3445
2919 3457 3422 3035
2869 3546 3155 3368
2992 3653 3080 3122
2969 3501 3367 3090
3298 3390 3031 3215
3346 3369 2965 3214
3344 3227 3079 3203
3328 3201 2976 3305
3210 3366 3035 3348
3159 3517 3107 3157
3172 3634 3054 3108
2941 3189 3284 3424
3226 3558 3100 3118
3208 3444 3177 3216
3042 3364 3131 3340
2865 3307 3250 3368
2991 3597 3068 3135
3380 3148 3085 3159
2979 3341 3428 3229
3256 3424 3090 3113
3017 3382 3319 3233
2961 3761 3115 3107
3229 3471 3223 3125
3065 3712 2947 3166
3065 3485 3194 3112
2973 3782 3071 3084
3406 3189 3083 3130
3304 3437 2823 3218
3095 3596 3082 3170
3181 3570 2937 3152
2998 3785 3016 3134
2907 3272 3368 3270
3073 3606 3089 3122
3073 3488 3186 3103
3093 3387 3188 3209
3209 3457 3133 3253
3191 3270 3206 3233
2970 3367 3375 3261
3123 3349 3385 3127
2994 3382 2997 3477
2928 3519 3337 3204
2921 3516 3184 3321
3075 3522 3026 3410
3082 3583 3153 2951
3030 3390 3439 3148
3306 3470 2969 3123
3056 3530 3228 3213
3225 3400 3124 3189
2843 3709 3086 3182
3341 3324 3174 3158
2983 3445 3259 3297
3128 3406 3165 3285
3114 3374 3106 3346
3048 3461 3096 3350
3011 3526 3218 3262
3359 3356 2973 3189
2955 3552 3251 3119
3344 3359 3127 3170
3119 3360 3325 3201
3059 3540 3217 3049
3028 3545 2985 3427
3299 3519 2955 3073
