11180 1922.92
17328 16680 17287 16471
16834 16966 16738 17254
16782 17210 17561 16338
16611 16418 17328 17369
16577 17317 17421 16513
16576 16695 17877 16773
16509 16694 16851 17565
16148 16853 17707 16812
17227 16751 17183 16440
16214 17047 17580 16582
16183 17283 17026 16850
16274 16982 17513 17072
16942 16450 17190 17286
16722 16970 16787 17355
16345 16756 17848 16918
16397 16780 17052 17547
16300 17088 17600 16558
16450 16846 17805 16683
16656 17124 17643 16376
17059 16479 16971 17224
16479 16846 17821 16589
16710 16428 17269 17454
16623 16758 17784 16770
16370 17006 17717 16780
16969 17158 17262 16405
16417 16713 17844 16557
16162 16846 17306 17349
16832 16976 17753 16416
16759 17101 17690 16461
16948 16733 17610 16549
16823 17177 17401 16346
16775 16804 17723 16595
16526 16943 17769 16519
17130 16501 17553 16589
17180 16791 17558 16431
16338 17221 17453 16636
16321 16930 17396 17228
17219 16713 16960 16747
16766 17064 16801 17244
16647 17200 17445 16363
16602 16837 16852 17513
16482 16666 17108 17527
16523 16554 17652 17015
16884 16512 17398 17189
16874 16816 16813 17312
16356 16966 16995 17504
16365 16658 17097 17529
16626 16527 17213 17442
16473 16773 17767 16868
16495 16789 17007 17543
16653 17056 17556 16536
16936 16995 17601 16611
16594 17232 17042 17138
16633 16705 17738 16700
16587 17016 17549 16704
17022 16545 17628 16740
16651 16752 17747 16643
16441 16652 17136 17539
16324 16883 17195 17460
17034 16495 17214 17191
16415 17036 17589 16902
16536 17174 16875 17264
16705 17042 17730 16541
17063 17020 17605 16410
16571 16760 17775 16815
16510 16681 16954 17519
16409 16880 17716 16670
16856 16929 17619 16752
16729 17262 17105 16892
16521 16895 17752 16624
17036 16882 17564 16506
16614 16848 17693 16678
17189 16877 17290 16563
16649 16904 16822 17441
16580 16936 16830 17465
16558 17043 17701 16692
16958 17030 17462 16486
17162 16677 16983 17044
17046 16675 17487 16743
17161 16992 17598 16465
17210 16732 17160 16886
16899 16710 17697 16566
16406 16549 17239 17459
17204 16820 17324 16664
16739 17113 17647 16434
16421 16641 17481 17315
16682 17218 17425 16366
16823 16838 17639 16654
16714 16488 17138 17439
17200 16743 17110 16801
16557 17063 16862 17306
16849 16864 17671 16618
16404 17148 17041 17232
16961 16995 17629 16477
16990 16889 17532 16732
17012 17037 17360 16496
16727 16905 16890 17399
16408 16796 17665 17067
16643 16958 16842 17378
16457 16982 17345 17137
16748 17270 17203 16849
16504 16940 17086 17375
16668 17196 16914 17124
16444 16709 17592 17129
16921 17183 17316 16807
16438 16805 17101 17501
16714 16595 17677 16881
17166 16737 16936 16925
16433 16901 17623 16964
16590 17279 17297 16633
16541 16600 17555 17196
17155 16885 17284 16720
16804 16872 17634 16632
17032 16624 17526 16761
16559 16982 16879 17390
16767 17181 16905 17157
16773 16764 17133 17386
16561 17034 17686 16680
16588 16866 16838 17465
16999 17133 17191 16831
16749 16880 16791 17401
16570 17275 17176 16879
16635 16669 16949 17493
16833 16769 16885 17402
16812 17084 17491 16512
16964 16614 16919 17274
16945 17090 17391 16792
16621 17204 17440 16584
16841 17137 17033 17021
16429 16961 16916 17433
16448 16737 17068 17498
16714 16789 16909 17414
16478 17208 17546 16763
16743 16802 17015 17362
16606 17215 17175 17097
16923 17146 17249 16712
16519 16928 16871 17437
16927 17105 17344 16663
16526 16879 17105 17429
16955 17221 17278 16573
16764 16645 17502 17063
17151 16708 17265 16846
16692 17255 17340 16825
16784 17194 17444 16649
16730 16856 17714 16493
17174 16823 17096 16843
16877 17065 16895 17154
16871 16834 17568 17002
16819 17254 17038 16855
16625 17280 16969 16987
16550 17022 17019 17419
16686 16896 17659 16952
16555 16647 17456 17407
16468 16969 17635 16724
16985 16667 17317 17074
16579 17251 17004 17093
16890 16619 17624 16645
16853 16847 17051 17221
16546 17049 17024 17328
16425 16981 17530 16949
16737 17004 16975 17350
16840 16519 17335 17204
16610 16649 17001 17483
17009 16540 17246 17190
16513 16732 17091 17480
17196 16653 17337 16580
16981 16659 17334 17114
17099 16690 17086 17019
16465 17099 17259 17208
16868 17212 17241 16786
16755 16905 17507 16960
16863 17128 17415 16827
16689 16961 17538 16928
16972 16515 17240 17220
16516 16769 17286 17417
16620 16951 16848 17393
16765 16582 17250 17347
16933 17191 17151 16821
16818 17026 17522 16766
17064 16536 17428 17010
16532 16612 17087 17508
16711 16642 17136 17447
16557 16576 17544 17157
16847 16917 17364 17036
17039 16592 17125 17145
16697 16707 16986 17456
16855 16625 16997 17365
16718 16908 16926 17363
16753 16630 17003 17434
16678 17203 17247 16891
16799 16679 17681 16617
16960 16533 17302 17131
16724 16638 17228 17341
16671 16603 17704 16863
16700 16909 17081 17319
16485 17051 17100 17318
16499 16913 17359 17208
16665 16931 17202 17303
16577 16854 16869 17450
17085 16922 17418 16716
16873 16726 17477 17053
16734 16680 17583 17011
16618 17242 17237 16990
16719 17245 17066 16907
17116 16777 17176 16980
16554 17096 17245 17120
16888 16587 17227 17180
17029 17011 17221 16892
16992 16718 17150 17201
17096 16901 17423 16474
16899 16919 16933 17227
17057 17145 17378 16435
16636 16743 17147 17423
16598 17006 17030 17332
16508 17156 17198 17080
16514 17108 16955 17205
16853 17185 17205 16856
16502 16819 17141 17454
16821 16670 17449 17140
16676 16484 17143 17454
16771 16749 17472 17150
16654 16715 17734 16575
16703 16870 17572 17038
16954 16729 16961 17239
16788 16560 17216 17339
17025 16977 17064 17091
17037 16875 16941 17146
16538 17228 17384 16875
17060 17028 17330 16798
16969 16989 17515 16469
17137 16921 17219 16791
16563 16801 17212 17394
16891 17131 17127 16872
16776 17163 17146 17050
16475 17076 17070 17206
16566 16640 17154 17474
17002 16920 17394 16983
17160 16770 17187 16911
17075 16883 17427 16576
17103 16938 17410 16866
16488 17032 17189 17278
16528 16780 17154 17469
17117 16573 17087 17070
16730 16698 16947 17506
17018 16775 17332 16958
16493 16933 17407 17181
16905 16715 17351 17082
16601 17247 17056 17024
16959 16567 17282 17127
17092 16563 17279 17054
16770 16580 17381 17287
16673 17054 17379 17026
17108 16827 17390 16712
16532 17086 17510 16836
17114 16807 17390 16839
16655 16859 17025 17409
17006 16654 17257 17117
16662 16869 16901 17419
17121 16621 17077 16949
16838 17116 17225 16955
16808 16867 17387 17018
16859 16910 17028 17251
16639 17024 16993 17323
17142 17008 17185 16754
16818 16810 17635 16758
16662 16946 17018 17291
16882 17122 17251 16858
16839 16597 17261 17280
16883 16633 17295 17179
16670 16867 17495 17122
17118 16898 17234 16778
16731 17166 17267 16866
17182 16748 17066 16884
16584 17045 17410 16998
16854 17227 17168 16875
16760 16920 17656 16592
16829 17237 17234 16986
16735 17104 16994 17165
17142 16831 17454 16614
16684 16882 17263 17334
16779 17248 17253 16728
16789 17172 17236 16816
17172 16875 17328 16638
16795 16754 17292 17212
16676 16765 16963 17487
17082 16944 17148 16934
16663 16990 17169 17198
16817 16962 17096 17174
16951 16800 17405 17042
16875 16558 17436 17131
17136 16561 17294 16932
16805 16865 16832 17348
16913 16860 17163 17066
16822 16884 17499 16958
16730 16702 17728 16718
16539 17004 17574 16873
16572 17134 17393 17112
16546 17035 17130 17269
16903 16855 17441 17048
16955 16949 17469 16895
16801 16952 16949 17309
16910 16627 17314 17172
16645 17189 17304 17005
16831 16747 17116 17357
16601 17079 17207 17171
17124 16960 17281 16652
16695 17240 17061 17066
16994 17001 17424 16696
16706 16862 17215 17381
17050 16882 17222 17014
17195 16681 17428 16922
17169 16686 17253 16791
17145 16844 17246 16924
17128 16830 17335 16767
17061 16955 17342 16782
16980 16812 17060 17169
16641 17073 17276 17104
17112 16789 17420 16734
17124 16693 17303 16941
16973 17068 17146 16876
16902 16925 16965 17161
16648 16739 17160 17471
16658 17152 17039 17180
17040 16798 17224 17004
16939 17002 17132 17013
16880 16923 17411 16954
17069 16972 17331 16897
17106 16712 17323 16929
16967 16899 17408 16914
16851 16684 17420 17149
17042 16602 17330 16937
16763 16893 17143 17229
16931 16569 17389 17108
16966 16736 17167 17095
17131 16725 17021 17054
16757 16942 17447 16997
16991 16886 17458 16865
16806 17014 17465 16875
17016 16746 17000 17167
16827 17118 17432 16950
16751 16976 16974 17267
16565 16774 17688 16849
16629 16903 17285 17272
16667 16959 17159 17276
16489 17020 17455 17133
16901 16608 17436 17068
16862 17111 17218 16934
16868 16589 17264 17217
17120 16604 17109 17006
17023 16862 17434 16898
16917 16790 17484 16945
16612 16980 17140 17360
16825 17006 16924 17260
16643 16820 17518 17166
16830 16815 17130 17300
16650 16980 17504 17030
16817 16688 17274 17204
16896 16896 17461 16915
16638 16808 17311 17256
16992 16794 17123 17155
16931 17142 17196 16837
17047 16610 17276 17089
16937 16579 17307 17182
16773 17150 17280 16936
16853 17018 17464 16869
16659 16896 17323 17235
17038 16750 17562 16621
16813 16827 17118 17297
16799 16770 17486 17033
16814 16605 17210 17419
16907 16994 17127 17050
16785 17099 17492 16783
16946 16726 17243 17153
16941 16784 17272 17103
16866 17061 17061 17061
16842 16997 17072 17075
16842 16650 16987 17344
17014 16783 17152 17186
16779 16835 17321 17218
16747 17094 17178 17059
17090 16792 17242 17050
16895 16724 17467 17110
16693 16968 17252 17225
16883 16781 17161 17177
16814 16722 17409 17113
16925 16825 17305 17029
16916 17135 17329 16828
16717 16814 17231 17258
16849 17007 16865 17221
16595 16672 17711 16850
16970 17039 17208 16998
16880 17098 17301 16860
16798 16926 17370 16996
16617 16869 17451 17134
17013 17048 17172 16909
17065 16808 17270 16971
17086 17009 17103 16851
16802 17059 17438 16825
16744 16897 17254 17178
16595 17060 17377 17046
16726 17081 17097 17120
16620 17170 16934 17134
16995 16891 17145 17073
17056 16852 17192 16939
17088 16772 17299 16883
16674 17236 17273 16956
16928 16786 17291 17130
17148 16902 17277 16729
17031 16892 17208 17058
16956 16890 17422 16852
16666 16984 17467 17083
17078 17099 17303 16822
16864 17010 17320 16966
16893 16914 17577 16940
16734 16860 16990 17380
16793 16639 17330 17246
17080 16961 17112 16924
16869 16911 17091 17203
16963 17093 17349 16934
17054 16831 17139 17094
16790 16771 16895 17353
16725 17119 17355 16904
17006 16745 17308 16969
16992 16842 17054 17135
16595 16927 17656 16737
16954 16616 17289 17173
16843 16700 17484 17041
16725 17167 17354 16982
16750 16886 17179 17282
16723 16846 17080 17370
16850 17053 17357 17040
16928 16823 17373 16995
16649 17141 17059 17199
16793 16988 17076 17123
16716 17075 17217 17079
16789 16986 17320 17077
16919 16873 17301 17044
17033 16655 17295 16977
16773 16832 17088 17329
16836 16851 17146 17214
16958 16704 17313 17159
16915 17201 17389 16694
16900 16881 16957 17204
17148 16742 17198 16897
16867 16949 17114 17069
17071 16797 17174 16956
16777 17051 17194 17161
16569 17190 17119 17128
16982 16985 17144 16971
16709 17070 17260 17115
16632 17024 17343 17061
16886 16966 17401 16994
17010 16912 17220 16948
16680 16916 17021 17344
16784 16953 16962 17241
16713 16834 17413 17106
16712 16983 17312 17100
16742 16906 17314 17087
16856 16871 17232 17194
16977 16702 17215 17143
16858 16771 17366 17172
16824 17056 16943 17120
16814 17027 17434 16977
16833 17000 17462 16972
16788 16745 17292 17294
16929 16911 17430 16992
16950 16946 17374 16931
16975 16982 17121 17055
17091 16765 17210 17005
16886 16761 17389 17053
16925 16679 17090 17260
16911 17118 17331 16835
16791 16771 17541 17040
16681 17139 17130 17187
16881 16978 17353 16996
16938 16840 17289 16991
16893 16657 17054 17271
16640 16935 17434 17096
16795 17071 17213 17088
16841 16974 17382 16920
16812 16830 17203 17215
16805 17218 17341 16763
17072 16672 17328 16946
16861 16697 17207 17307
16753 17040 17290 17126
16676 16947 17303 17162
17015 17057 17339 16885
16737 16810 17404 17170
16658 17058 17182 17200
16943 16973 17387 16909
16898 16932 17316 16964
16811 16876 17232 17116
16824 16839 17079 17322
16740 16965 17374 17152
16845 16907 17188 17184
16826 16927 17084 17117
16824 16748 17156 17273
16860 16958 17074 17080
16652 16877 17369 17206
16607 16969 17383 17091
