14300 1743.51
18466 16888 16238 15616
17634 17592 15338 15999
17402 17923 16622 14719
16713 18491 16430 15424
16185 15333 17844 17438
15904 16283 18689 16551
15644 15895 16864 18363
14910 16463 17571 17585
16335 15446 16961 17675
16356 15384 17330 17402
14976 16390 17566 17633
17456 17896 16580 14790
15210 16226 17818 17284
14912 16462 17637 17384
17401 17963 16547 14851
16458 16487 18085 16296
16348 15473 17348 17262
15074 16850 17452 16962
16589 15694 16815 17245
15968 15535 17353 17732
16757 18437 16403 15411
16318 15515 17149 17567
16289 15563 17359 17499
16160 15353 17580 17678
15920 16198 18654 16593
15366 16643 17874 16803
15027 16432 17723 17509
18422 16921 16186 15660
17526 17414 15555 16237
15983 16670 18174 16125
15698 15943 16839 18318
17346 17782 16417 15196
15558 16121 17446 17812
15192 16390 17765 17475
15624 15923 17007 18192
16467 16693 18110 16268
15056 16439 17549 17600
16667 18371 16501 15475
17476 16971 15597 16327
17835 17196 15454 16181
15763 15616 17266 17877
17340 17812 16596 14895
16697 18472 16463 15435
15243 16510 17914 17068
18446 16819 16178 15627
16002 16348 18493 16578
16822 18419 16440 15304
16792 18298 16439 15369
17322 17819 16699 14767
15803 16262 18452 16766
15748 15824 17157 17952
18114 17108 16130 15601
15928 16301 18630 16622
17287 16950 15622 16564
15100 16360 17783 17352
16522 17648 16634 15929
18207 17092 15989 15707
15122 16930 17330 17001
15678 16417 18316 16729
15752 15942 16977 18234
16985 18257 16442 15292
18240 17120 15986 15777
17871 17445 15783 15693
16743 18454 16380 15300
15465 16058 17074 18083
15234 16352 17763 17447
17029 18182 16400 15148
15877 16128 18400 16748
16674 17983 16695 15542
15394 16146 17976 17274
15627 15896 16845 18346
16861 18406 16426 15317
16317 15492 17354 17401
17936 17169 15671 16082
17886 16788 16270 15900
16122 16615 18236 16064
16975 18075 16132 15638
17384 17727 15541 15813
15570 15930 16936 18250
15016 16467 17681 17366
17121 18165 16432 15268
17022 18209 16388 15324
15485 16026 17115 17972
17298 17975 16609 15165
15531 16074 17542 17541
15781 16013 16919 18150
16015 16317 18537 16684
15727 16034 16943 18034
15610 16763 17777 16822
17226 17997 16355 15649
16565 16068 17373 16778
15821 15640 17241 17863
15172 17064 17537 16844
15852 15750 17275 17754
15619 15959 16963 18125
17652 17530 15426 16074
16080 15572 17397 17459
17125 18032 16578 14932
15292 16492 17423 17167
15959 16247 18572 16655
15908 15597 17335 17663
17732 17571 16001 15382
15574 16770 17595 16941
15456 16578 17101 17325
15864 16305 18429 16737
17148 17692 16774 15065
17695 17490 15386 16001
16180 15801 17165 17909
17724 17369 15506 16049
17154 18001 16013 15723
15981 16097 18249 16848
17533 17329 15802 16087
17334 17597 16701 15046
15660 15898 16892 18271
17208 17902 16668 15073
16063 16395 18470 16506
15546 15953 17500 17748
17603 17760 16612 14745
17485 17312 15404 16280
15597 16145 17199 17927
17307 17879 16713 15021
15854 16249 18608 16623
15649 15928 16865 18293
17392 17879 16493 14872
15468 16134 17121 18071
15006 16551 17715 17271
17254 17628 16910 14993
16878 18152 16255 15507
17086 17799 16780 15008
17188 17213 15685 16492
15603 15985 17042 17988
17410 17759 15476 15869
15972 16334 18555 16587
15770 15777 17613 17785
17425 17872 16116 15354
15586 16312 18042 17006
15572 16292 18339 16881
16868 18350 16462 15280
15524 15889 17101 18102
18161 17022 16062 15712
16918 16827 16203 16785
17970 16744 16542 15806
17069 17285 15806 16137
17511 17828 16536 14975
15646 16174 17039 17830
16135 16113 18410 16692
16419 16524 17029 16796
16276 16684 17990 16285
18327 16963 16103 15666
17236 17775 16439 15683
16273 16088 18278 16473
16530 17278 17051 16279
17794 17647 15854 15733
16172 15996 17249 17238
18073 17122 16051 15897
16050 16402 18349 16632
15306 16410 17669 17518
17252 17034 15640 16458
15882 15705 17487 17377
16771 16150 16746 17036
18304 16926 16125 15764
17554 17091 15491 16403
15721 15973 16909 18179
16820 17864 16585 15577
15669 16211 17533 17313
16856 18342 16469 15329
17908 17365 16015 15772
15790 16634 17791 16660
17952 17213 16243 15702
16610 17744 16926 15860
16592 16864 17735 16009
15470 16106 16983 18054
17574 17450 15369 16122
16201 15730 17299 17708
16495 17195 17135 15867
18349 16947 16247 15597
16210 15742 17245 17611
17258 17247 15490 16491
15952 16299 18578 16581
15846 16103 18273 16868
17624 17543 15445 15991
17494 17797 16396 15033
15817 16235 18513 16777
15503 16183 17480 17838
16037 16472 17552 17120
18172 16731 16260 15788
16141 15984 17361 17162
17003 18042 16307 15534
15933 16001 16951 17921
15889 15700 17313 17683
17648 17298 15718 16084
16890 18280 16482 15239
16249 15671 17208 17596
18368 16984 16299 15575
17742 17540 15692 15880
16111 16269 17578 17052
16599 15981 17754 16318
17040 17160 16315 16101
17458 16805 16522 16359
16445 15839 17405 16957
15320 16464 17896 17138
17684 17550 15353 15954
18047 17101 15870 15965
16237 15810 17517 17308
15501 16339 17443 17488
16731 15758 16834 17061
17254 17010 15823 16721
16705 18354 16496 15185
18271 16885 16150 15741
17780 17503 15914 15566
16338 16429 17309 16839
16029 16354 17519 17190
15418 16163 17137 17891
16398 16424 17286 16910
16475 17265 17469 15876
16048 16420 18523 16433
15804 16291 18437 16706
17436 17931 16552 14730
17108 17221 15758 16421
16352 16783 18032 16247
17921 17440 16140 15568
18087 17241 16325 15646
16132 16367 18201 16448
17619 17270 15530 16272
16098 16189 16610 17775
17134 17910 16228 15700
17609 17528 15930 15536
16159 16517 18023 16383
16154 16495 18060 16393
17400 17224 15735 16158
15143 16395 17748 17526
17379 17613 16768 15031
15202 16286 17622 17644
16200 16664 17959 16557
17855 16970 15702 16019
17339 17017 15420 16500
16539 17377 16759 15971
16077 16604 17224 17111
16583 17354 16518 16469
16182 17693 16831 15972
15517 16286 17685 17297
17702 17549 16636 14909
17048 18048 16218 15526
16657 18330 16267 15514
16093 16204 17530 17177
17752 17315 15365 16029
16629 17705 16377 15890
15109 16457 17663 17340
17659 17665 16349 14980
16991 18105 16560 15335
17549 17583 16539 14785
16041 16980 17179 16758
18377 16940 16190 15663
15694 17382 17276 16171
17848 17505 15837 15754
16997 17917 16684 15203
16914 18234 16655 15439
15915 15764 16881 18052
16969 17248 15766 16523
17331 17885 16591 14945
15844 15883 17208 17721
18030 17201 15826 15764
14995 16362 17391 17708
18054 17254 15701 15773
18294 16665 16169 15784
16165 15679 17496 17361
18193 17179 16212 15287
15942 16645 18121 16620
17169 17338 16140 15997
15682 15859 17146 18108
17280 17952 16086 15312
15748 16204 18294 16885
15954 16234 18595 16505
16578 17839 16987 15510
17081 18229 16486 15091
16416 16869 16928 16374
16781 18276 16589 15339
17021 18187 16546 15188
17978 17124 15971 15980
17089 17343 15747 16516
16040 16562 18382 16597
18092 16995 16127 15708
16054 15644 17351 17398
15894 16333 18485 16691
15379 16880 17287 17216
17212 18021 16528 15350
17362 16764 16731 15875
15621 15952 16851 18279
16942 18098 16313 15444
16680 17132 17639 16122
17054 17253 16068 16257
17766 17494 16374 14974
17693 17550 15570 15837
17326 17626 15909 15833
16789 18221 16276 15490
15784 15918 17230 17796
15871 16451 18369 16677
16008 16595 17929 16643
16938 17595 16903 15120
15298 16476 17491 17463
15824 16715 17230 17145
18283 16981 16055 15671
16217 16078 16718 17696
15638 16263 18159 17058
15762 16044 17383 17736
17405 17640 15535 15776
16360 15722 17079 17671
17253 18117 16412 15254
18442 16942 16216 15593
16966 16791 16340 16442
17062 18009 16292 15437
17830 17407 16037 15854
16495 16542 17297 16734
16434 17660 16576 16037
17579 17619 16450 15249
16626 16565 17456 16533
15840 16750 18009 16348
16424 16515 17858 16415
16616 18137 16342 15696
17865 17319 16456 15499
17618 17051 15956 16192
15331 16336 17802 17425
15638 16250 18308 16892
15963 15948 17854 17255
18389 16910 16165 15666
16951 16438 16649 16669
17803 17302 15450 15990
17438 17322 16740 15389
16847 16599 16015 17021
15765 15801 16984 18006
18019 17311 16362 15444
15979 16741 16923 17092
15991 16386 17848 16989
17941 17089 16197 15781
16721 18287 16535 15470
17823 17480 15861 15750
15115 16433 17652 17609
15267 16665 17385 17106
15517 16197 17924 17346
15159 16776 17760 17015
16407 16705 16375 17210
15998 16573 17907 16930
18402 16950 16210 15572
18000 17326 16154 15500
17673 16813 16162 16217
15440 16028 17488 17705
15710 16233 17936 17228
17309 17850 16657 14898
16305 16652 17633 16612
17749 17173 15517 16030
17780 16913 15942 16037
16956 17431 16991 15109
16237 15924 17948 16900
15653 16846 17320 16973
17000 18266 16364 15130
16451 16582 17727 16544
16069 16632 17974 16436
17822 16876 16532 15981
16657 18385 16450 15459
16246 16406 18195 16312
17216 17397 15886 16037
16998 18126 16498 15261
15860 16328 16883 17575
15740 16082 17075 17845
16266 15718 17331 17408
16378 16254 17133 17080
17383 17393 15777 15944
17710 17496 15357 15912
16994 18085 16360 15454
16883 16251 16791 16342
17113 17587 16873 15523
16594 17756 16669 15793
15989 16445 18138 16601
18326 17066 16210 15641
16912 18263 16452 15103
17575 17676 16285 15230
15265 16447 17702 17418
15713 15816 17244 17980
17588 16901 16848 15846
16685 18391 16484 15406
16300 16181 17410 17004
15643 15650 17268 17879
17447 16841 16239 16303
16408 16412 18190 16210
17201 17139 15582 16499
17124 17678 16473 15603
16806 18316 16549 15218
17415 17239 15866 16106
15782 15855 16969 18019
18141 17142 16026 15800
17668 17573 16497 14953
15977 16402 18364 16703
15820 16800 17287 16920
15607 15913 16997 18208
17038 17485 15975 15969
15487 16460 17430 17317
15777 15782 17047 18045
15982 16238 18066 16872
17069 17711 16642 15468
16487 17561 16507 16014
15432 16240 17416 17558
17675 17341 15622 16196
15775 16094 16861 18164
16331 15590 17089 17522
15726 15936 17183 17942
18152 17184 15930 15752
17101 17046 15590 16493
15345 16504 17402 17166
16925 17084 16334 16358
17098 17608 15744 16050
15816 16116 17902 17217
17017 17307 16282 16369
16431 17154 17184 16148
16742 17715 16222 16059
17144 17002 15964 16514
16080 15905 18152 16899
16261 16968 17434 16604
17056 18062 16512 15359
16640 16696 17343 16302
15687 15851 16995 18219
15682 16826 17260 17192
17374 17929 16446 14967
15909 16312 16798 17227
16542 16622 15714 17102
16749 15899 16835 16980
16719 16905 15650 16988
15428 15977 17214 17868
17607 17718 16347 14859
16808 18062 16589 15486
17194 17183 16276 16229
18133 17075 16079 15921
16454 17500 16750 15962
16803 18310 16498 15301
16645 16688 17418 16427
15893 16440 18212 16859
17315 17882 16619 15212
17740 17213 15656 15937
15799 16157 16919 17903
17592 17471 16328 15311
17479 17766 16212 15113
15521 16101 17060 18011
18177 16777 16039 15819
16685 17518 16564 16003
18345 16968 16084 15745
16901 16039 16724 17174
15718 16825 17584 16663
17662 17559 16395 15136
16167 15792 17464 17380
16106 16505 17866 16684
18252 16988 16072 15799
16555 17738 17030 15743
16329 15594 17125 17626
16087 16535 17994 16814
17315 17601 15633 15935
17025 18018 16580 15171
15152 16553 17597 17527
17120 17969 16571 15353
18266 16993 16234 15778
15314 16360 17571 17548
16191 16750 17643 16843
16483 16648 17614 16407
17498 17558 16606 15227
15497 16521 17922 17010
16024 15934 17206 17465
18128 17146 15999 15764
17714 17291 16047 15868
16662 17358 16794 15923
17041 17577 15760 16337
15568 16018 16952 17948
16147 15945 18142 16856
17619 17202 15901 15931
17846 17394 15893 15699
16694 16044 16662 17040
16841 17009 16530 16610
16557 17937 16656 15798
15151 16276 17194 17857
17165 17557 16964 15181
15410 16377 17488 17707
17446 16721 16483 16616
17543 17684 16295 15223
17706 17465 15445 15985
16569 15967 16743 17290
17990 17302 16156 15552
17702 17053 16592 15946
17272 16973 16888 15887
17374 17008 15517 16591
17038 18032 16372 15404
17418 16990 17109 15824
16368 16918 17705 15906
16994 17039 15837 16709
18248 17024 16264 15672
16639 17915 16720 15630
17787 17139 15935 15856
16547 16951 17607 16151
15734 15784 17099 18080
16893 17080 16626 15752
15632 15874 16994 18018
16364 16183 17885 16538
17679 17366 16445 15090
15829 15866 17415 17700
