167 6.74091
8908 7966 8511 7641
8828 8569 8211 7069
8680 8770 8170 7722
8556 7724 8895 7818
8543 9033 8344 7541
8232 7965 9149 7794
8058 8004 8382 8128
8186 8281 8942 7763
8475 7734 8936 7904
8603 7888 8805 7982
8868 8532 8308 7112
8388 8010 9090 7499
8820 8434 8373 7311
8441 8607 8716 7183
8855 8451 8195 7232
8841 8376 8434 7264
8808 8494 8549 7416
8433 8479 8781 7370
8248 8467 8860 7341
8901 8497 8226 7071
8875 8407 8319 7090
8285 8023 9058 7658
8277 8316 8760 7976
8408 8390 9041 7626
8496 8997 8202 7586
8496 8041 8837 8114
8812 8464 8455 7208
8257 8725 8591 7811
8219 8093 9068 7743
8545 8263 8529 8080
8881 8075 8498 7789
8295 8092 9013 7743
8195 8081 8750 8018
8810 8479 8464 7260
8215 8338 8856 7829
8342 8410 8578 8116
8503 8053 9021 7694
8315 8044 8957 7890
8877 8440 8225 7197
8457 8051 8998 7723
8771 7917 8557 7785
8507 8963 8250 7702
8238 8068 8990 7832
8320 8324 8891 7676
8677 7964 8512 8069
8664 8130 8906 7537
8552 7934 8742 7963
8542 8142 8685 8055
8539 7898 8899 7981
8376 8989 8267 7594
8645 8922 8274 7622
8507 8166 8695 8039
8695 8786 8187 7667
8403 8987 8380 7605
8837 8228 8575 7482
8840 8493 8394 7075
8598 8760 8242 7793
8634 7952 8835 7875
8840 8350 8410 7358
8394 8911 8318 7702
8299 8072 8820 8060
8753 8123 8857 7551
8332 8364 8642 7972
8852 8439 8261 7190
8580 8952 8383 7659
8737 8523 8599 7429
8374 8271 8986 7690
8419 8834 8281 7782
8861 8384 8331 7465
8801 7982 8387 7863
8809 8286 8580 7447
8859 7973 8545 7654
8304 8459 8777 7563
8306 8663 8690 7827
8751 8423 8621 7462
8352 8431 8740 7907
8226 8083 8709 8028
8722 8532 8634 7522
8334 8139 8631 8057
8301 8630 8765 7600
8622 8036 8714 7992
8818 8442 8493 7473
8732 8136 8666 7646
8536 8883 8277 7688
8511 7939 8690 8029
8833 8387 8538 7356
8685 8668 8600 7434
8868 8152 8580 7567
8440 8271 8869 7943
8657 8937 8215 7641
8379 8364 8565 8076
8660 8402 8483 8034
8241 8268 8901 7742
8479 7969 8841 8023
8380 8255 8961 7758
8304 8002 8980 7822
8806 8539 8332 7737
8641 8260 8736 7614
8364 8251 8926 7799
8347 8435 8595 8001
8579 8821 8357 7720
8369 8459 8598 7968
8629 8198 8771 7777
8547 8045 8851 7995
8777 8073 8625 7752
8220 8310 8710 7989
8456 8962 8294 7601
8499 8111 8799 7956
8243 8340 8827 7691
8522 8302 8786 7986
8515 8337 8907 7672
8450 7990 8975 7969
8191 8405 8861 7740
8573 8897 8219 7744
8535 8177 8887 7698
8569 8174 8699 7876
8394 8900 8245 7709
8613 8521 8614 7807
8491 8801 8310 7809
8787 8563 8506 7351
8614 8871 8371 7590
8814 8306 8548 7490
8798 8031 8638 7739
8851 8003 8670 7707
8646 8455 8424 7952
8386 8824 8561 7753
8464 8643 8442 7910
8793 8205 8609 7496
8620 8779 8550 7543
8787 8363 8351 7683
8762 8420 8519 7500
8814 8343 8518 7507
8468 8193 8916 7689
8779 8388 8605 7569
8430 8641 8530 7961
8587 8736 8305 7928
8452 8289 8879 7707
8663 8391 8574 7871
8715 8530 8703 7671
8574 8017 8976 7734
8824 8242 8570 7347
8709 8692 8415 7583
8414 8092 8875 7927
8627 8928 8326 7613
8749 8683 8521 7578
8786 8189 8500 7715
8766 8574 8297 7833
8741 8361 8623 7445
8513 8880 8376 7745
8805 8021 8426 7824
8407 8304 8815 7812
8356 8307 8971 7656
8366 8578 8755 7564
8860 8385 8198 7446
8443 8651 8359 8032
8290 8406 8817 7769
8638 8237 8832 7642
8502 8232 8834 7898
8571 7990 8922 7798
8805 8363 8456 7484
8594 8794 8517 7598
8357 8351 8673 7923
8315 8242 8864 7974
8543 8547 8670 7697
8693 8767 8292 7767
8525 8524 8607 7917
8695 8749 8191 7681
8616 8583 8400 7890
8608 8560 8386 7937
8673 8412 8710 7613
8501 8262 8844 7771
8400 8845 8255 7832
8487 8832 8461 7772
8827 8593 8295 7729
8716 8027 8525 7901
8773 8011 8539 7794
8354 8203 8878 7816
8560 8228 8679 7893
8602 8007 8808 7882
8518 8743 8255 7854
8721 8119 8791 7723
8363 8300 8938 7648
8427 8661 8666 7865
8714 8510 8314 7861
8471 8862 8483 7632
8609 8776 8259 7769
8495 8339 8836 7573
8725 8451 8664 7582
8572 8382 8774 7730
8688 8235 8500 7961
8549 8480 8479 8014
8718 8215 8602 7855
8593 8637 8383 8005
8466 8504 8620 7873
8508 8773 8563 7630
8770 8687 8447 7727
8422 8720 8581 7726
8764 8445 8421 7821
8291 8423 8898 7660
8758 8586 8346 7838
8778 8087 8497 7834
8791 8382 8582 7546
8699 8834 8466 7655
8445 8148 8903 7767
8800 8492 8451 7502
8456 8370 8810 7782
8482 8176 8934 7640
8524 8774 8535 7694
8399 8306 8720 7931
8412 8533 8519 8010
8425 8675 8644 7860
8636 8596 8422 7878
8748 8469 8559 7470
8468 7891 8970 7887
8527 8615 8438 7935
8416 8286 8819 7842
8520 8478 8582 8000
8711 8321 8691 7717
8671 8570 8553 7762
8558 8041 8866 7930
8581 8184 8863 7721
8741 8019 8891 7830
8754 8732 8363 7583
8656 8056 8718 7884
8560 8927 8481 7511
8535 8890 8361 7741
8824 8295 8389 7518
8820 8684 8305 7498
8529 8498 8657 7787
8403 8428 8780 7632
8703 8642 8320 7822
8397 8792 8547 7753
8684 8656 8378 7914
8575 8108 8964 7501
8471 8473 8652 7886
8622 8373 8761 7730
8724 8828 8379 7658
8612 8161 8618 7925
8393 8139 8879 7888
8619 8876 8303 7702
8437 8459 8806 7522
8558 8221 8728 7862
8448 8245 8823 7957
8683 8263 8616 7930
8460 8374 8662 7830
8468 8540 8629 7855
8435 8823 8421 7815
8669 8627 8513 7771
8658 8592 8648 7709
8637 8423 8704 7514
8606 8435 8707 7470
8421 8189 8918 7754
8627 8262 8725 7809
8644 8188 8601 7943
8485 8240 8821 7982
8494 8326 8715 7869
8613 8653 8403 7936
8599 8936 8435 7639
8708 8065 8661 7768
8486 8322 8969 7618
8584 8807 8429 7705
8575 8810 8245 7790
8537 8377 8967 7569
8759 8547 8522 7786
8712 8126 8687 7746
8618 8108 8753 7887
8723 8224 8793 7633
8353 8241 8921 7801
8807 8600 8381 7588
8694 8103 8848 7705
8526 8080 8847 7937
8747 8473 8603 7806
8734 8595 8445 7802
8428 8378 8623 8024
8641 8718 8542 7604
8452 8111 8931 7765
8522 8894 8481 7731
8761 8404 8564 7644
8360 8720 8437 7874
8555 8699 8315 7893
8547 8496 8369 8031
8453 8659 8463 7948
8598 8785 8324 7743
8715 8354 8611 7691
8806 8094 8673 7608
8768 8671 8450 7606
8600 8198 8647 7895
8796 8194 8636 7672
8478 8789 8476 7803
8652 8702 8406 7803
8674 8752 8329 7694
8701 8157 8606 7850
8723 8666 8469 7660
8599 8025 8828 7775
8506 8848 8208 7767
8488 8489 8613 7920
8674 8556 8556 7837
8792 8336 8582 7519
8750 8426 8571 7686
8757 8081 8561 7799
8738 8436 8632 7610
8546 8144 8745 7977
8718 8752 8391 7571
8476 8054 8862 7846
8643 8582 8471 7870
8605 8809 8289 7709
8818 8329 8476 7510
8816 8179 8437 7635
8454 8667 8441 7861
8474 8212 8888 7758
8550 8238 8731 7825
8516 8836 8547 7584
8730 8753 8302 7672
8566 8253 8671 7824
8404 8331 8692 7863
8694 8798 8484 7668
8467 8700 8393 7946
8674 8319 8587 7835
8630 8311 8695 7711
8554 8309 8933 7661
8481 8536 8647 7838
8446 8718 8502 7833
8519 8179 8888 7844
8545 8510 8592 7875
8564 8297 8636 7864
8679 8483 8459 7858
8563 8096 8663 8021
8650 8098 8719 7840
8583 8115 8856 7791
8550 8629 8406 7938
8696 8616 8568 7652
8582 8713 8509 7680
8648 8298 8605 7852
8429 8787 8375 7848
8533 8562 8755 7747
8468 8710 8620 7626
8655 8537 8624 7748
8851 8482 8366 7354
8671 8207 8802 7712
8580 8361 8824 7593
8714 8487 8419 7862
8531 8128 8784 7869
8643 8712 8497 7651
8629 8778 8262 7713
8562 8169 8644 7902
8665 8697 8520 7706
8450 8746 8578 7692
8654 8695 8474 7838
8525 8842 8431 7708
8706 8354 8536 7880
8413 8437 8529 8003
8552 8804 8387 7796
8413 8814 8486 7676
8743 8492 8490 7819
8771 8645 8448 7715
8612 8630 8527 7715
8538 8859 8417 7764
8411 8282 8812 7932
8823 8165 8641 7679
8667 8678 8507 7803
8631 8730 8574 7628
8578 8607 8640 7670
8636 8255 8735 7628
8726 8747 8259 7786
8681 8390 8743 7548
8673 8044 8824 7812
8745 8181 8650 7768
8633 8755 8362 7732
8315 8164 8939 7913
8806 7995 8537 7827
8613 8099 8622 7949
8421 8276 8808 7841
8568 8582 8569 7984
8654 8095 8796 7774
8647 8756 8452 7720
8639 8247 8735 7744
8796 8252 8555 7653
8690 8054 8778 7779
8415 8125 8803 7983
8666 8629 8540 7700
8544 8612 8478 7908
8611 8649 8591 7761
8730 8205 8896 7678
8673 8349 8649 7805
8577 8763 8436 7684
8448 8146 8717 8015
8590 8238 8854 7716
8722 8634 8363 7859
8736 8656 8308 7858
8660 8693 8397 7932
8532 8445 8659 7783
8493 8705 8585 7708
8547 7999 8682 8022
8683 8845 8397 7628
8698 8580 8370 7907
8595 8602 8618 7757
8558 8220 8598 7979
8706 8750 8424 7612
8635 8613 8656 7354
8697 8083 8805 7773
8591 8855 8361 7693
8585 8648 8417 7888
8438 8621 8503 7872
8431 8638 8715 7634
8691 8125 8682 7757
8459 8177 8877 7854
8577 8463 8673 7756
8559 8274 8643 7930
8589 8855 8450 7664
8550 8244 8941 7549
8749 8568 8491 7735
8707 8030 8659 7784
8635 8333 8746 7710
8705 8612 8575 7649
8767 8279 8641 7639
8533 8715 8418 7817
8577 8850 8375 7666
8689 8062 8812 7708
8639 8154 8797 7737
8744 8754 8207 7587
8656 8754 8412 7746
8588 8105 8672 7933
8549 8817 8392 7668
8439 8727 8583 7723
8685 8671 8203 7831
8472 8701 8381 7919
8735 8822 8203 7641
8574 8619 8566 7825
8422 8312 8719 7895
8745 8703 8242 7726
8624 8485 8588 7785
8432 8553 8624 7873
8685 8660 8264 7786
8517 8206 8790 7794
8725 8345 8686 7639
8546 8783 8488 7702
8540 8636 8619 7774
8544 8752 8655 7619
8774 8550 8507 7815
8428 8293 8791 7817
8649 8157 8750 7799
8621 8743 8289 7838
8666 8060 8666 7951
8670 8812 8360 7678
8616 8669 8566 7670
8718 8659 8652 7538
8645 8708 8572 7509
8590 8795 8526 7661
8546 8587 8610 7858
8626 8687 8631 7620
8751 8402 8598 7673
8599 8146 8748 7853
8707 8606 8505 7587
8602 8762 8367 7775
8411 8876 8404 7759
8714 8489 8543 7779
8677 8796 8429 7683
8530 8626 8621 7741
8525 8768 8494 7748
8701 8179 8681 7776
8726 8491 8599 7517
8810 8226 8503 7583
8657 8170 8754 7747
8615 8148 8630 7842
8409 8533 8708 7849
8561 8735 8435 7797
8575 8708 8564 7637
8450 8173 8693 8028
8605 8169 8931 7760
8512 8704 8558 7677
8744 7994 8586 7824
8510 8809 8319 7786
8626 8852 8373 7610
8662 8575 8497 7918
8628 8322 8852 7747
8591 8681 8590 7733
8544 8096 8783 7950
8452 8816 8275 7823
8716 8681 8446 7764
8449 8485 8450 8022
8505 8758 8569 7815
8681 8119 8633 7920
8539 8616 8573 7898
8560 8873 8372 7744
8678 8427 8708 7497
8398 8411 8624 7934
8526 8501 8717 7769
8680 8642 8548 7596
8589 8839 8492 7591
8584 8565 8664 7621
8573 8623 8434 7933
8588 8367 8685 7811
8585 8192 8805 7820
8437 8816 8488 7609
8741 8623 8418 7810
8562 8841 8312 7702
8517 8586 8596 7888
8605 8628 8594 7738
8723 8191 8390 7874
8561 8803 8313 7735
