69533 2460.81
16633 16591 16951 16175
16042 17138 16680 16099
16041 17188 16882 16134
15997 16323 17111 16672
15966 17141 17054 15977
15846 16671 17552 16127
15723 16399 16991 16807
15617 17156 16819 16170
15960 17162 17018 16002
15785 16355 17018 16773
15917 16484 16703 16793
15642 16511 16780 16778
16429 16846 17003 16047
15784 16387 17193 16706
15671 16624 17282 16661
15697 16419 17529 16293
16606 16677 16718 16327
15621 16462 17115 16728
15650 16482 17332 16651
15761 16451 16775 16800
16585 16810 16883 16269
16066 17151 16938 16075
16209 17088 16768 16082
15695 16652 17257 16644
15802 16702 17516 16299
16157 16424 17210 16554
15892 17114 17061 16052
16285 16417 17179 16516
15926 16667 17547 16269
16605 16623 17030 16245
15985 17122 16853 16252
16117 16399 17348 16504
15751 16481 17314 16709
16363 16956 16740 16159
16520 16607 17082 16153
15782 16436 17093 16755
16290 16445 17162 16462
16139 17058 17074 16113
16159 16830 17256 16108
15871 16754 16716 16720
16314 17026 16860 16249
16034 16912 16728 16571
15716 16702 17292 16622
15706 16660 17307 16624
15776 16685 17505 16433
15792 17142 16929 16130
15738 16629 17495 16495
16142 16991 17155 16268
15948 17160 16906 16148
16231 16710 16803 16620
15781 16530 17081 16747
16217 16521 17358 16212
16404 16969 16787 16142
16578 16648 16888 16197
16225 17029 17079 16260
15888 16387 17196 16674
16129 17082 16998 16261
15789 16577 17485 16426
16255 16926 17168 16305
16235 16957 16983 16315
15759 16817 17229 16564
15938 16815 17421 16165
16286 16974 16987 16123
15860 16791 17446 16080
16353 16928 16793 16442
16516 16493 16982 16402
16145 16850 16867 16522
16371 16559 17119 16541
16023 16499 17254 16573
15986 17130 16979 16191
15768 17001 17204 16206
16169 17105 17008 16244
15947 16736 16765 16735
15994 16774 17410 16058
16005 16608 17072 16712
15900 17136 16975 16059
16049 16637 17013 16716
16248 16939 16749 16358
16107 17078 17046 16294
16269 16933 16757 16431
16335 16962 17124 16265
16112 16733 16790 16681
15743 16739 17508 16419
16275 16665 17185 16441
16539 16635 17081 16138
16545 16517 16940 16349
15921 16894 17286 16510
16153 16864 16736 16524
15991 17124 16935 16227
16282 17000 17023 16240
16150 17108 16944 16067
16036 16795 17316 16360
16394 16941 16965 16145
16119 17009 17092 16394
16478 16879 16919 16063
16115 17022 17033 16287
16122 16466 16988 16696
15955 17093 16830 16303
15729 16584 17338 16640
16184 16537 17280 16366
16529 16616 16878 16382
15806 16613 17055 16752
15906 16972 17172 16413
16446 16518 16819 16492
16488 16563 17112 16216
16317 16891 17077 16309
16482 16670 17085 16160
15766 16830 17433 16223
15988 16735 17467 16161
15952 17067 17133 16073
15837 17074 17164 16128
16333 16901 16896 16417
15838 16689 17490 16326
15987 16437 17467 16277
16001 16686 17392 16464
15911 16687 17510 16421
15699 16583 17441 16520
16246 16950 17064 16312
16236 17014 16976 16415
16311 16811 16832 16499
16313 16789 16828 16533
16189 17054 16770 16256
15897 16999 16746 16432
16245 16768 17251 16177
16558 16731 16915 16359
16086 17097 17114 16173
16105 16738 17388 16095
15778 16925 16987 16576
16296 17039 16949 16342
15813 17054 16762 16398
15925 16751 17303 16619
16412 16936 16880 16204
16134 16986 17123 16311
16339 16808 17091 16188
16375 16640 17078 16545
16460 16784 16955 16306
16498 16557 16869 16469
15721 16832 17220 16592
16504 16714 17059 16222
16510 16810 16990 16223
15888 17100 17010 16140
16026 16551 17473 16198
15962 16538 17436 16336
15870 16997 17237 16214
16124 17045 17022 16155
15951 16600 17148 16656
15901 17064 16986 16301
16470 16805 16814 16324
15909 16560 16932 16774
15834 16918 17294 16392
16409 16918 17032 16236
16191 17033 16994 16141
15820 17129 16993 16094
16164 16503 17134 16616
15934 16556 17341 16528
15894 16473 17119 16717
16120 16655 16858 16670
16328 16879 16733 16548
16348 16965 17042 16289
16044 16695 17073 16665
16010 16642 17351 16514
16003 17111 16845 16272
16063 17048 17089 16346
16221 16777 17118 16526
15912 16712 17157 16658
15848 16981 17130 16408
15735 16544 17297 16672
16046 17071 16976 16301
16192 16722 17379 16090
16089 16770 17375 16430
15841 16758 17429 16354
16568 16595 16944 16335
16017 16781 17176 16588
16020 16867 17320 16318
16049 16728 17002 16725
16427 16855 16966 16372
16308 16649 17250 16436
16097 16797 17272 16425
16570 16716 16945 16182
15918 16677 16896 16763
15782 16552 17183 16684
15954 16886 16777 16601
16492 16872 16806 16263
16360 16621 16786 16566
16183 16488 17283 16509
16310 16887 17132 16201
16125 16663 17372 16333
16182 16873 17031 16487
16053 16541 17037 16651
16073 16765 16842 16691
16435 16890 16912 16132
16266 16979 16968 16278
15862 16609 16989 16760
16009 16897 17198 16386
16356 16983 16822 16207
15878 16699 17326 16591
16489 16592 17086 16283
16114 16676 17463 16247
15829 16791 17440 16369
16355 17018 16975 16240
16179 17056 16886 16270
16078 16823 17397 16295
16054 16595 17028 16752
16384 16773 17108 16344
16234 16486 17324 16098
16173 16673 17266 16387
16079 16477 17248 16555
16377 16568 17137 16447
16378 16548 16878 16573
16093 16863 17260 16490
15980 16866 17352 16092
16342 16602 17180 16438
15798 16537 17214 16702
16408 16591 16900 16511
16467 16790 16841 16397
16076 17035 17103 16327
15974 16844 17312 16419
16304 16719 17051 16580
15825 16709 17359 16506
16558 16580 17068 16221
16060 16865 17216 16320
15851 16661 17336 16586
16207 16937 16807 16421
16204 16966 17165 16346
16008 16628 16941 16769
16508 16745 16981 16318
15733 16696 17306 16638
16238 16954 16935 16405
16057 16626 16907 16732
16550 16683 16921 16304
16242 16587 17201 16443
16006 16507 17287 16561
16575 16720 16923 16294
16065 17052 17007 16297
15919 16573 17139 16695
15953 16840 17400 16440
15933 16619 17223 16610
16532 16632 17053 16348
15970 16677 16922 16742
15815 16633 16903 16777
16396 16804 17113 16185
15972 16747 17425 16444
16333 16612 17075 16607
16397 16809 17096 16048
16202 16759 17012 16633
16099 16706 16877 16653
16432 16847 16926 16307
16128 16463 17189 16549
16162 16760 16918 16611
16454 16771 17000 16124
15836 16905 17263 16484
15898 16529 17397 16496
16072 16508 17053 16686
15968 16533 17214 16594
16577 16643 16942 16232
15892 16834 16964 16630
15740 16783 17416 16540
16167 16878 17192 16342
15895 16721 17408 16489
15990 16623 17050 16719
15904 16622 17551 16291
16161 16494 17374 16214
15881 17011 16974 16418
15957 16453 17226 16669
15882 16455 17240 16628
16462 16651 17151 16355
16037 16616 17243 16546
16531 16857 16754 16275
15879 16871 17396 16179
16345 16816 16811 16470
16417 16846 17067 16257
15810 16813 17452 16337
16039 17111 16949 16229
16013 17029 17158 16353
15963 16948 17245 16376
15929 16884 17300 16423
15884 16767 17265 16598
15865 16636 17367 16512
15831 16794 17236 16599
15796 16544 17201 16699
15982 16905 17277 16218
16100 16854 17111 16451
15801 16658 17345 16568
15886 16575 17345 16579
15794 16675 17241 16628
16450 16724 16893 16406
16188 16582 17173 16483
16103 16599 17142 16560
15942 16908 17063 16570
16109 16724 16836 16709
16545 16861 16747 16230
16330 16627 17211 16412
16147 16975 17005 16388
15845 16557 17269 16660
16260 16746 17086 16481
16539 16779 16939 16371
16299 16748 17187 16254
16423 16744 17090 16376
15909 16716 16979 16740
15840 16551 17224 16667
15810 16838 16894 16596
16234 16586 17309 16234
15815 16932 17379 16331
15912 16588 17477 16329
15816 16682 17457 16517
15902 16920 17009 16590
16501 16535 17020 16373
16041 16826 16914 16642
15995 16421 17275 16603
16006 16915 16996 16557
15910 16775 17368 16466
15823 16837 17319 16446
16074 17000 17233 16168
15857 16754 17480 16435
16118 16887 17331 16300
16093 16618 17364 16449
15967 16799 17356 16347
15760 16630 17492 16442
16050 16821 17308 16409
16491 16543 16936 16458
16432 16742 17103 16398
15930 16678 17261 16536
15949 16734 17443 16384
16210 16730 17321 16339
15984 16861 17333 16381
16014 16580 17361 16523
16058 16457 16847 16772
15876 16629 17221 16650
16081 16460 17301 16474
16323 16726 17114 16476
16419 16645 17176 16172
16176 16451 17204 16605
16436 16764 16874 16389
16325 16589 17131 16462
16399 16787 17101 16472
15944 16484 17213 16641
15936 16724 17384 16454
16030 16656 17038 16700
16477 16881 16928 16276
15828 16647 17234 16625
15977 16705 17402 16379
16390 16718 16869 16474
15761 16740 17409 16448
16214 16734 17126 16402
15853 16764 17424 16396
15991 17108 17019 16071
16321 16816 17099 16266
16474 16606 17099 16452
16270 16857 17161 16181
16230 16698 17118 16532
15772 16692 17218 16623
16053 16692 17418 16286
15991 16737 16846 16688
16026 16668 17455 16322
15863 16522 17418 16551
16408 16946 16752 16182
15783 16755 16831 16697
15822 16795 17288 16578
16057 16525 17227 16556
16401 16913 16958 16287
15740 16662 17337 16614
16454 16938 16824 16337
16361 16596 17026 16550
16082 16605 16851 16701
15823 16701 17482 16378
16443 16741 16979 16427
16441 16803 16998 16157
16439 16882 16836 16181
16440 16754 16901 16401
15864 16637 17385 16582
16386 16479 17068 16530
16353 16916 16920 16366
16085 16422 16908 16761
15996 16910 17076 16507
15903 16566 17228 16626
16401 16752 16916 16467
16177 17060 16821 16219
16082 16828 17292 16461
15877 16671 17415 16477
16267 16974 17093 16243
15833 16778 17368 16502
16001 16713 17449 16207
16499 16707 17074 16411
15932 16488 16872 16772
16070 16475 17075 16639
16444 16656 17094 16503
16434 16796 17044 16264
16166 16877 17198 16263
16052 16691 16909 16661
15993 16671 17041 16673
16231 16808 17056 16385
16199 16654 16947 16637
15873 16716 17430 16450
15787 16599 17145 16663
16261 16988 16934 16351
16265 16842 17011 16506
16415 16579 17105 16446
16350 16717 16961 16516
16025 16785 17206 16518
16295 16944 17091 16282
15999 16907 17180 16357
15856 16870 17307 16459
16481 16761 17154 16328
16138 16729 17342 16205
16091 16792 17275 16471
16381 16618 17195 16434
15774 16607 17175 16663
16421 16903 17065 16373
16173 16565 16821 16646
16471 16727 16972 16359
16263 16786 17178 16354
15819 16800 17475 16335
16553 16629 17043 16298
16194 16870 17218 16155
16310 16976 16883 16281
16360 16534 17153 16542
15807 16488 17144 16679
16408 16985 16960 16130
16014 16574 17465 16273
15863 16738 16818 16693
16393 16813 17149 16097
15869 16761 17258 16619
16192 16876 17115 16356
16064 17016 17186 16308
16385 16931 16891 16231
15973 16929 17232 16370
15971 16704 17006 16676
16463 16645 17134 16424
16429 16800 16848 16351
16283 16561 17167 16480
15839 17059 17116 16093
16415 16696 16970 16454
15958 16864 17405 16404
16455 16802 16791 16348
16178 16763 17238 16389
16125 16978 16911 16452
15816 16771 17385 16456
15786 16568 17382 16647
16084 16752 17254 16494
16439 16793 17066 16302
16402 16772 17170 16395
16351 16684 16873 16518
16346 16948 16890 16334
16327 16884 16864 16439
16299 16911 16973 16473
16201 16633 17159 16479
16299 16739 16813 16568
16056 16912 16876 16520
15946 16701 17110 16678
16382 16736 17208 16381
15926 16937 17128 16549
15858 16503 17140 16709
15939 16524 17397 16587
16135 16582 16941 16717
16069 16621 17002 16646
16387 16799 16886 16379
16451 16807 16823 16404
16464 16779 16866 16396
16302 16790 17098 16343
15868 16690 17461 16396
16456 16857 16889 16320
16198 16633 17096 16547
16292 16720 17100 16517
15888 16713 17460 16430
15863 16546 17170 16677
15785 16597 17281 16636
16129 16610 16936 16647
15840 16622 17348 16631
15988 16662 17121 16693
15962 17140 16956 16261
16053 16715 16864 16669
16303 16905 17157 16339
16212 16722 17148 16498
16209 16679 17201 16393
16361 16936 16988 16292
16212 16922 17019 16322
15919 16604 17308 16528
16442 16798 16949 16377
16116 16617 16934 16685
16008 16562 17219 16572
15961 16697 17183 16604
15871 16814 17185 16585
16123 16788 17343 16447
15873 16585 17203 16660
15822 16625 17404 16558
16032 17046 17088 16381
16343 16628 17113 16584
16552 16859 16982 16274
16392 16806 16848 16437
16358 16944 16964 16179
16127 16653 17300 16538
16501 16866 16892 16220
16468 16584 17138 16419
16181 16666 17105 16538
16150 16597 17160 16536
15811 16867 17325 16465
15978 16955 17270 16343
15807 16766 17374 16524
15889 16734 17367 16478
15783 16598 17141 16675
