61739 1560.34
3614 3160 2697 3050
3286 3473 3122 2592
3236 3409 2414 3336
2891 3969 2883 2927
2812 2648 3445 3274
2737 2971 2926 3722
2578 2987 3745 2891
2423 2958 3573 3268
2796 2697 3444 3329
3234 3313 3298 2629
3319 3383 2461 3295
2928 2735 3265 3431
3065 3661 3173 2646
3301 3328 2483 3309
2862 2757 3377 3321
2920 2724 3305 3313
3235 3392 2440 3286
2837 2706 3360 3392
2441 3014 3646 3150
3187 3527 3202 2632
2597 2912 3254 3526
2954 2796 3157 3434
2878 3553 3276 2674
3315 3475 3077 2658
2803 2887 3277 3378
2532 3009 3285 3510
2774 2921 2895 3709
2936 2777 3361 3311
3298 3575 2976 2704
2613 3044 3738 2859
2761 2809 3426 3238
2564 3084 3728 2896
2555 2899 3684 3089
3405 3390 2511 3079
3026 3795 3095 2718
2911 2873 3241 3405
2528 3105 3719 2916
2816 2986 2931 3679
2566 3129 3664 2845
3303 3485 3111 2677
2958 3964 2861 2892
3398 3508 2707 2945
3425 3523 2670 2772
2730 3120 2905 3639
3079 3513 3231 2665
3459 3415 2733 2910
2509 2857 3600 3241
2560 3133 3630 2887
2491 2822 3610 3243
2582 2904 3594 3229
2772 2774 3462 3261
2960 3955 2920 2876
3261 3164 2431 3400
2484 2982 3697 3049
2845 2926 3062 3543
3409 3345 2522 3153
3093 3201 2517 3454
2788 2847 3337 3404
2639 2763 3438 3412
2455 3165 3514 3207
3085 3800 3000 2872
2659 3025 3510 3303
2585 2863 3645 3196
2871 3263 2986 3480
2874 2798 3341 3259
3335 3495 2923 2849
2688 2995 2871 3702
2683 3140 3208 3585
3173 3747 2984 2789
3122 3217 2495 3436
2767 3079 2872 3690
2733 2998 2853 3698
2468 3061 3609 3182
3180 3669 3077 2687
2718 3147 3205 3576
3591 3243 2675 2979
3143 3683 3085 2693
3582 3285 2741 2960
3500 3208 2628 3158
2903 3180 2774 3550
3020 3313 3249 3019
2937 3886 3056 2815
2606 2964 3500 3323
2929 2814 3355 3211
2701 3095 2885 3671
2442 2947 3636 3205
2883 3007 2778 3560
3529 3212 2602 3100
2943 2976 2625 3579
2900 3197 2661 3556
2880 3724 3080 2919
3311 3263 2424 3349
3138 3808 2962 2868
3577 3222 2624 3067
2547 2855 3548 3324
3417 3250 2614 3168
3480 3403 2874 2870
3324 3406 2611 3231
3141 3720 2946 2794
3007 3921 2912 2783
3532 3301 2766 3040
2640 3142 3290 3487
3034 3070 3411 2958
2449 3036 3657 3128
2608 2842 3516 3360
2974 3829 2995 2981
2620 3057 3711 2876
3278 3543 3022 2767
2941 2894 3198 3364
2774 3046 3153 3609
3024 3872 2951 2820
2922 3501 3177 3051
3048 3098 2684 3496
2833 3144 2916 3568
2496 3052 3485 3347
3340 3336 2556 3226
3464 3347 2786 3124
2806 3159 3099 3605
3097 3716 3087 2755
2822 3087 3540 2742
3368 3307 2498 3278
2907 2956 3164 3431
2723 2918 3418 3408
2715 3100 3336 3474
2523 2970 3538 3293
2632 2959 3557 3301
2615 3019 3694 3005
3012 3444 3369 2802
3223 3586 2664 3145
3193 3743 2812 3000
3154 3673 2967 2855
2611 2939 3442 3412
3560 3210 2691 3073
3479 3365 2607 3054
3225 3447 2546 3204
2808 3139 3332 3203
3139 3462 3221 2722
3374 3185 2754 3223
3126 3784 2870 2912
3085 3171 2526 3520
3405 3561 2814 2896
3018 3856 2996 2903
2980 3351 3045 3253
3077 3888 2764 2834
3567 3203 2805 3044
3159 3607 2638 3137
2853 3040 3325 3369
2992 3924 2918 2817
3205 3467 2486 3330
2870 3020 2821 3547
3599 3219 2753 2999
2810 2963 3192 3531
3213 3419 2580 3392
3571 3237 2720 3035
2888 3815 3086 2881
3118 3260 2963 3248
2652 2993 3703 2851
2886 3849 3047 2864
3559 3224 2656 3084
3518 3233 2566 3164
2690 3294 3508 3104
2590 3375 3496 2862
3029 3931 2856 2932
3022 3601 3272 2724
2866 3254 2867 3507
2785 3225 2883 3624
3127 3224 2415 3476
2724 3170 3542 3037
3515 3291 2586 3065
2713 3104 3417 3284
3202 3438 2618 3183
3267 3521 3115 2710
3486 3158 2807 3011
3236 3627 3095 2729
3608 3230 2723 2953
3166 3764 2800 2929
3114 3545 2651 3189
3113 3356 2506 3439
2623 3067 3294 3484
3045 3614 3185 2745
3250 3452 3260 2736
2673 3072 3635 2838
3090 3557 3185 2709
2764 3173 3339 3465
3495 3271 2743 3057
3054 3843 2906 2938
2860 3057 2982 3629
3181 3659 2992 2699
2675 3092 3605 3074
3259 3596 3058 2750
2868 3056 3439 3028
2971 3836 3042 2874
2500 3057 3531 3327
2708 3245 3114 3589
2998 3792 2934 2957
3603 3105 2718 3068
3587 3282 2716 2943
3263 3760 2912 2779
3469 3264 2605 3136
2756 2941 3457 3192
2666 3002 3690 2999
3444 3385 2836 3016
2993 3879 2851 2964
3545 3397 2793 2961
2955 3633 2959 3114
3320 3441 2728 3171
3177 3371 3234 2934
3244 3482 2595 3194
3522 3392 2659 2967
2470 2947 3585 3261
2676 3400 3387 3024
2780 3478 3029 3388
3108 3229 2770 3359
2491 3064 3707 2983
3199 3623 3141 2828
2977 3493 3310 2798
2537 3050 3680 3035
3540 3226 2743 3033
2820 3065 3350 3342
3282 3536 3111 2735
2987 3636 3038 3012
2793 3182 3487 3099
2967 3192 3328 3014
2581 3011 3653 3149
3134 3187 2751 3398
3308 3214 2539 3341
2971 3893 2876 2890
2944 3900 2902 2927
3113 3753 3046 2760
3107 3442 2685 3353
2589 2827 3622 3215
2905 3166 2632 3565
2654 3342 3430 3188
2572 3136 3549 3161
3507 3213 2613 3091
3553 3169 2686 3096
3196 3778 2864 2739
3270 3308 2577 3263
2635 2868 3622 3181
2477 2899 3617 3222
3170 3701 2848 2857
3491 3269 2571 3147
2692 2993 3615 3209
2549 3059 3526 3258
3434 3238 2605 3185
3071 3851 2879 2812
3230 3584 2709 2987
3393 3451 3001 2839
2682 2927 3650 3162
3039 3647 3089 2951
3548 3333 2744 2953
2801 3155 2924 3632
3446 3425 2724 3026
3396 3303 2687 3219
3116 3729 3006 2841
2625 3030 3280 3517
2934 3897 3012 2867
3254 3615 2764 2840
3220 3679 2901 2895
3057 3337 3189 3042
2639 3048 3379 3469
2791 3275 3323 3290
2751 3319 3456 3063
2906 3006 2899 3535
2887 3913 3014 2970
2850 2977 2718 3662
2961 3772 2839 3064
3007 3646 2829 3176
2899 2836 3130 3488
2477 3163 3519 3200
2575 3118 3589 3199
2734 3005 2924 3685
2779 2897 3394 3384
2735 3242 3525 2978
2447 2950 3569 3274
2970 3418 3345 2811
2930 3942 2953 2848
3101 3693 3048 2920
2817 2944 3181 3401
3273 3518 3128 2660
3356 3591 2746 2929
3178 3733 2942 2800
3073 3697 3067 2795
3520 3128 2585 3122
2984 3767 3033 2847
2586 2951 3561 3297
2734 3569 3209 2930
3018 3939 2888 2880
2921 3863 2844 3034
3003 3945 2784 2920
2797 3109 3453 3198
3513 3203 2646 3106
3095 3457 3270 2785
2915 3177 3020 3499
3209 3685 2892 2991
2455 3112 3566 3318
2830 3598 3242 2905
3352 3467 2949 2832
2953 2934 3064 3356
2706 3236 3556 2922
2950 3151 3010 3440
2925 3188 3159 3153
3453 3417 2617 3056
2826 3061 3105 3513
2744 2838 3428 3378
3473 3412 2739 2855
3131 3292 3159 3021
2489 3054 3677 3090
3178 3536 3170 2730
2667 3176 3313 3350
3370 3429 2592 3143
3275 3423 2555 3265
3050 3613 3269 2767
3325 3463 2810 3007
2785 3258 3017 3572
2628 3167 3623 2820
2916 3298 3139 3421
2773 3117 3581 2937
3005 3933 2900 2888
2747 2826 3448 3335
2700 3078 3186 3592
3343 3318 2535 3290
3422 3323 2840 3092
2855 2761 3478 3265
3266 3510 2559 3184
2706 3368 3354 3166
2965 3730 3117 2754
2800 3481 3243 3156
2762 3122 3373 3432
3380 3272 2503 3273
2864 3549 3107 3131
2918 3773 3075 3041
3292 3534 3092 2828
3239 3359 2622 3296
2747 3028 3217 3572
2783 3176 3135 3502
3238 3309 2700 3421
3100 3487 2568 3314
2835 2861 3399 3257
2766 3062 2920 3657
2889 2983 2847 3645
3214 3581 3146 2807
2696 2762 3360 3445
2645 2922 3502 3374
3018 3906 2891 2778
3513 3171 2666 3134
3160 3728 3046 2726
3232 3706 2968 2768
3330 3398 2891 3218
2747 3076 3108 3597
3388 3396 2763 3007
3360 3022 2933 3125
3053 2990 2784 3458
2542 3110 3402 3416
3191 3687 2857 2972
2504 2931 3475 3386
2796 2908 3423 3281
2545 3014 3536 3287
3295 3534 2649 2975
3158 3468 3152 2825
3384 3220 2715 3188
2743 3021 3577 3235
3379 3032 2850 3142
2518 3017 3495 3367
2957 3023 3467 3046
2947 3388 3149 3246
2622 3331 3356 3256
2527 3085 3481 3333
2859 3702 3125 2948
2789 3060 2978 3617
2608 3120 3669 2879
2663 3030 3661 3054
3144 3226 2563 3423
2841 3043 3563 2921
3036 3865 2833 2965
2968 3594 2998 3039
3205 3450 2574 3317
2828 3206 3410 2908
2741 3231 3464 3050
3016 3324 3228 2940
3251 3472 2858 2968
3153 3491 2582 3286
2695 3192 3491 3247
3062 3827 2782 2959
2516 3128 3598 3222
3115 3349 2693 3429
2602 2996 3674 3162
2984 3163 2760 3459
2847 3499 3239 2913
2976 3455 3195 2902
2848 3247 2796 3513
3306 3506 2599 3173
2780 3047 3504 3117
2862 3621 3200 2908
3436 3378 2674 3083
2763 3064 3030 3618
3347 3511 3061 2826
3091 3249 2711 3451
2898 2935 2806 3552
2804 2870 3325 3424
3130 3691 3060 2822
3184 3526 2662 3270
2697 2908 3616 2989
2722 3123 2809 3655
2946 3311 2878 3506
2836 2929 2723 3665
2657 2922 3492 3365
2917 3344 2750 3521
3439 3242 2697 3149
3082 3655 3138 2764
3181 3670 2928 2777
2781 3155 3191 3515
2837 3026 2825 3643
3537 3308 2678 2985
2904 3361 2801 3381
2929 2978 3128 3428
2874 3253 3035 3444
2639 3144 3320 3471
3450 3331 2550 3132
2649 3099 3460 3383
3503 3346 2713 2978
2513 3118 3634 3087
3257 3305 3072 3173
3241 3640 3122 2695
2709 3215 3435 3093
3537 3263 2589 3088
3128 3372 2674 3271
2843 3175 3472 3078
2980 2927 3405 3094
2759 3037 3061 3614
2987 2918 2956 3491
3004 3667 3057 2899
3139 3707 2936 2898
2995 3639 3237 2802
2952 3432 3389 2952
2882 3073 3434 3052
2627 3116 3671 2991
3044 3514 2681 3312
2592 3119 3628 2911
3093 3838 2844 2949
2946 3868 3037 2894
2913 3558 3068 3344
3137 3037 2992 3325
2777 2977 2969 3667
3016 3711 2896 3013
3091 3568 2972 3004
2689 3120 3534 3112
3174 3651 2730 3035
2863 2950 2959 3650
3364 3283 2894 3060
2875 3092 2908 3525
3311 3467 3098 2790
2721 3026 3218 3492
3060 3508 3230 2809
2593 3280 3448 3179
2892 3433 2827 3417
3168 3736 3044 2764
3419 3217 2747 3187
3345 3416 2535 3174
2602 3111 3630 3178
2525 3203 3550 3140
2666 3037 3700 2995
2542 2828 3609 3218
3163 3753 2850 2901
2732 2898 3469 3300
2982 3823 2924 2967
2965 3082 2883 3436
3290 3656 2929 2752
3322 3518 2633 3045
2896 3236 3255 3229
2829 2972 3396 3138
3429 3427 2835 2920
3217 3519 2939 3063
2949 3814 2802 3025
3150 3579 3013 2901
3150 3541 2790 3096
2837 3822 3029 2959
2933 3925 2913 2968
2904 3603 2960 3086
3250 3381 3143 2918
3013 3435 3019 3197
3069 3422 3072 3087
2733 3433 3385 2962
3069 3791 2789 3037
2821 3516 3306 2932
3134 3529 3188 2974
2666 2982 3364 3484
2623 2833 3514 3329
3248 3642 2818 2799
3305 3536 2545 3072
2941 3911 2910 2982
3355 3309 2642 3197
2628 3094 3171 3602
2894 2869 3088 3461
2817 3135 2905 3598
2799 3076 2864 3689
3001 2988 3146 3224
3305 3521 2864 2774
2743 3150 3396 3341
2749 2943 3428 3236
