61659 3061.33
30387 24452 24577
28988 23237 27303
28878 27082 23273
25978 24789 29055
25935 28920 24118
24750 27891 26460
27541 28170 23439
26251 28783 23753
28883 23331 27412
28080 27794 23405
29291 26428 23818
25029 28487 25471
28653 26661 25134
24809 27845 26584
29785 23885 26120
28673 27159 23585
24946 28368 25884
29174 23685 26896
29036 27041 23674
30348 24176 24629
29717 25595 24567
29579 23412 26642
28665 27144 23649
25588 25815 28572
28097 27774 23852
26873 25499 28290
27124 26259 27418
30251 24864 24396
28697 26908 24274
27525 24608 28220
24826 27695 26696
28863 23474 27464
26797 25429 28369
29426 26048 24525
30297 24422 24882
30319 24401 24734
25443 28193 25742
30115 24692 25088
30093 24877 24841
29955 24311 25515
28451 25540 26659
27636 23382 28277
27253 24781 28178
29207 26699 23717
24975 28519 25370
24920 27149 27381
28897 24364 27019
26031 28880 24234
28667 27167 23336
26836 26864 27040
29929 24197 25709
28327 23664 27924
25339 28386 25672
29328 23356 26770
25626 28830 24645
29900 24343 25530
28769 27119 23347
25379 26455 28022
29446 23750 26683
25756 26749 27778
29200 24014 26720
28741 23605 27582
26939 28440 24083
25077 28294 25848
26112 28763 24459
29473 25748 25221
26471 27071 26909
26261 25028 28890
26737 26341 27501
27902 27739 24857
25309 27811 26496
25114 26787 27880
28138 23439 28068
28639 23638 27536
24880 27934 26319
24777 27628 26846
28336 27636 23502
28659 27211 23485
29506 23586 26499
27783 26122 27141
29085 25693 25737
27660 25258 27655
27367 28274 23894
25663 27085 27318
28851 26157 25314
28423 27228 24547
27128 28420 24340
27944 27745 24197
25694 25185 28857
27456 25869 27561
24865 27220 27315
25289 27820 26513
26405 28565 24823
25734 26630 27828
27315 26226 27127
26912 25639 27969
27290 25410 27882
29628 24792 25765
29727 25891 24044
30260 24536 24641
27157 27616 25992
29250 26595 24668
26006 28007 26025
25836 25928 28413
27484 24641 28448
26289 27340 26802
29363 25798 24811
26273 25110 28816
26152 25128 28732
26215 24252 29025
27872 25662 27118
27022 27793 25596
27035 28307 25077
29210 24569 26148
25130 28095 26255
27390 27605 25426
29758 24592 25303
26842 26239 27707
25897 26764 27636
29364 26475 23544
29100 23624 26924
30209 24175 24944
29805 24215 25789
30181 23846 25209
28343 27531 23570
26858 24428 28639
28834 26723 23987
27092 26281 27304
29606 23572 26345
25362 26383 28104
25494 26321 28118
27755 23333 28312
26970 25535 28076
30195 23816 25150
26627 27922 25575
26063 28861 24169
26712 28452 24492
27176 25374 28000
28360 27293 24104
27205 24723 28624
25511 28355 25688
30041 25556 23942
25805 27477 26445
26386 26965 27357
28816 25958 25905
25410 26806 27815
28036 26483 26210
26498 26132 28138
28255 24908 27484
26994 28024 25444
28478 27176 24151
29670 25346 24765
27066 28225 24680
25179 27500 27085
27560 27668 25385
30007 24514 25287
27082 26303 27229
29121 26855 23718
28369 27249 24323
28297 23510 27958
28569 23829 27405
25676 27518 26944
27694 23782 28256
27572 26782 26739
28122 26705 26011
25966 24816 28905
28395 24098 27597
27502 24236 28403
26639 28137 25388
28153 25155 27059
26929 24831 28501
29970 25217 24400
27431 23715 28480
29032 24337 26566
28717 24265 27254
26107 25314 28750
27727 26197 26490
25778 27617 26617
28599 23774 27745
29457 23703 26710
25160 28482 25418
29590 25830 24606
30385 24523 24621
27369 28107 24682
25237 27328 27186
28950 23981 27081
28501 26944 24430
27932 26169 26872
25213 28677 24947
27790 27759 24502
29349 23521 26759
28046 24981 27767
28103 25952 26058
30122 24695 25036
26442 27121 26535
26425 24818 28788
26825 27363 26411
28025 27822 23909
25258 27842 26446
29056 23940 27211
26947 27869 25981
27650 27961 24742
29883 24479 25458
26551 28340 24799
29554 25060 25561
26226 28808 24334
28460 23899 27784
26371 27908 25948
29272 23529 27010
28940 26072 25656
26068 24769 29040
26352 25080 28653
29401 24628 26084
25222 26837 27513
28197 25917 26922
29775 25251 24604
27669 25331 27519
28476 26497 25805
30063 25094 24452
26494 26533 27799
28132 24380 27864
28175 27273 24968
25884 28466 25361
25469 26510 28012
28087 26021 26299
26522 27721 26075
29876 24288 25673
28963 24674 26630
25414 28248 26046
28271 25620 27025
26696 25472 28302
28018 27386 24922
26676 27484 26392
29823 25242 25054
26333 25842 28403
28251 27627 23739
29145 24151 26430
26771 27879 25985
30032 23486 25503
27336 24044 28507
27009 28525 23977
29259 25932 24553
26192 28630 24650
25473 28391 25547
29422 25450 25326
28735 24389 26857
29532 24070 26241
30074 25052 24248
26605 26427 27671
26602 25045 28430
25613 28699 24762
30136 24969 24269
29939 23922 25811
27682 24940 28063
29042 26567 24957
27810 27506 24887
29990 23929 25725
28580 25554 26519
28617 27109 24264
26079 28719 24566
26340 25139 28684
29982 25071 24781
25942 25721 28538
27588 24738 28092
29124 23996 26819
28070 27857 23551
27518 27428 25630
29287 26085 24421
27362 28152 24366
28235 26129 25821
27642 25310 27688
26696 24503 28868
27409 28067 24756
25529 28402 25480
29085 24730 26336
27711 27945 24214
28998 23794 27226
27050 28080 24902
27467 25986 27281
25244 27401 27168
26586 26197 28037
27816 25500 27337
26368 28213 25245
29151 25897 24971
28788 23423 27499
25710 28298 25396
30148 24109 25485
29636 24859 25608
26820 25516 28173
28800 25017 26353
26804 28510 24471
26232 26610 27722
27276 24844 28154
28215 24529 27544
25566 26212 28124
29841 24487 25613
27986 24520 27847
27228 24953 28238
26315 28587 24363
25069 27681 26792
27580 28062 24302
28177 23733 27948
26173 24547 29000
26080 28260 25282
26279 27984 25646
28392 24169 27347
27622 27447 25468
29371 24463 26266
27269 23907 28600
27606 27195 25558
26624 28203 25355
27732 28081 24099
27875 23369 28244
26663 26992 26982
28263 25774 26750
25859 27949 26228
26221 25417 28672
26683 25752 28337
26358 24578 28946
25068 27173 27307
25194 27590 26957
30025 25442 24277
27612 26445 26547
29851 23730 26191
29543 23954 26325
29131 23537 27152
26489 25457 28485
26045 26982 27245
26430 28280 25161
28723 25581 26374
28749 23551 27443
29489 24082 26278
26550 25658 28461
29525 24327 25991
25147 27874 26402
27752 24624 27982
28540 26642 25534
28754 27096 23828
26314 28593 24705
26472 26365 27916
28573 24715 26964
28619 26547 25186
26075 27303 26995
26686 28557 24132
28228 26935 24775
28975 26004 25175
28204 27020 24774
25985 25625 28704
26573 28770 24288
28401 26650 25716
27596 25581 27494
26997 26187 27717
25538 26403 27990
29863 23785 25920
29789 23846 26101
27322 25471 27747
29051 26101 25022
26750 26082 27739
25784 28043 26291
29751 25314 25263
27446 25717 27619
26173 28846 24230
25398 28625 24983
24972 27694 26706
29658 24220 25955
28555 26828 24728
26137 28240 25252
25801 25363 28777
28543 25981 26034
27444 27242 25700
29429 24562 25964
27039 25194 28322
26476 24642 28807
28129 27380 25339
27239 25862 27745
27381 27313 26260
27889 25336 27205
28290 27579 23577
25866 24807 28944
26692 28326 24750
28307 24062 27837
27221 27415 26312
27965 26289 26344
26124 28416 25216
25769 26825 27768
27350 25281 28009
29820 24146 25926
30050 23557 25495
30188 24654 24848
29332 24264 26364
28308 25229 26977
26198 28456 25017
27342 28159 24506
25673 26476 27909
28320 27396 24012
27423 26418 26841
26303 28618 24699
28066 26962 25644
25553 27592 26817
26534 25300 28516
25894 27038 27104
29445 25202 25408
26685 24755 28549
26538 25991 28353
28124 25163 27373
27827 26560 26170
25940 25162 28926
26473 24548 28978
25566 26520 27985
29236 26097 24961
26059 25524 28594
30202 24032 25048
25618 27545 26930
29142 24928 26176
25982 27008 27175
27968 24173 28050
26574 24988 28609
28002 27482 24582
25852 25886 28558
28520 26940 24483
27924 25293 27056
25915 26979 27503
28418 27261 24227
29012 26166 25173
27839 27139 25782
26915 26796 27050
28864 25769 25863
29006 25348 25864
26646 28499 24715
29745 25773 23957
26034 25714 28584
28694 24667 26957
29387 24130 26265
26452 28560 24292
26209 28644 24480
29731 23968 26306
28234 27551 23819
29491 24121 26094
25544 28718 24695
29391 25004 25777
26654 28437 24666
26545 26617 27098
25699 24949 28986
27999 27998 23969
28183 27638 24184
28183 26951 24998
30170 24922 24698
28278 27657 23580
27854 24111 28099
28628 26390 25652
26510 28339 24975
26299 28664 24330
29835 25640 24218
30083 24997 24909
28797 25965 25848
26862 24849 28528
26599 24909 28768
28321 24605 27278
28926 26560 24989
25787 26317 28110
25514 27207 27215
26162 27940 26065
28837 24915 26552
27829 28052 23927
29668 24023 26196
26148 25209 28839
26322 26704 27437
27191 27255 26314
25903 27716 26099
28290 27366 24027
29547 24224 25893
25851 28541 25358
25912 28693 24917
25952 28295 25280
27994 27645 24025
26983 26610 27197
28648 27459 23836
28319 27435 23840
26140 25844 28362
27358 27891 24827
26659 28652 23924
28767 26011 25936
28932 24805 26775
26860 24277 28694
26361 24557 28835
26037 28501 24875
26842 24683 28713
29224 25285 25393
27846 25404 27350
29879 25389 24484
28656 25151 26887
25432 27425 27057
26016 25367 28709
28491 24454 27148
26759 27119 26446
26991 26631 26838
30058 24574 25196
28936 23974 27387
28648 26726 24990
25843 26014 28161
