1070 30.0225
16206 17255 16709
16045 17224 16738
16246 17348 16535
16243 17191 16766
16186 17237 16715
16317 17132 16916
16260 17212 16698
16401 17282 16520
16483 17054 16866
16417 17161 16803
16417 17136 16808
16238 17213 16805
16246 17215 16727
16541 16824 16979
16707 17049 16695
16505 17046 16791
16713 17024 16628
16622 17076 16747
16522 17050 16782
16549 17240 16651
16480 17138 16793
16566 17122 16682
16489 17151 16702
16425 17196 16682
16498 17095 16853
16676 16697 16892
16635 17062 16643
16443 17140 16708
16582 17121 16702
16647 17010 16773
16701 17062 16559
16622 17091 16730
16358 17201 16652
16771 16831 16592
16328 17197 16743
16384 17175 16861
16533 17064 16767
16691 17128 16579
16671 17057 16713
16633 17014 16768
16595 17131 16614
16544 17198 16668
16454 17189 16704
16262 17263 16696
16457 16873 17056
16594 17027 16919
16669 17223 16501
16494 16775 17007
16450 16953 17013
16615 16933 16940
16483 17174 16698
16497 17165 16670
16520 17096 16770
16506 17131 16742
16468 16817 16992
16395 16977 17009
16752 16874 16849
16756 16858 16713
16571 17033 16756
16808 16785 16634
16797 16830 16843
16398 17160 16855
16464 16841 17005
16582 16769 16979
16544 16989 16964
16399 16959 17118
16180 16792 17157
16416 16960 17026
16264 17045 17006
16327 17185 16756
16436 16901 17035
16422 16876 17076
16319 16784 17150
16295 17086 16994
16307 17036 17033
16444 17316 16517
16278 16983 17069
16484 16800 17054
16308 16971 17053
16531 17127 16758
16414 17196 16699
16329 17105 16886
16225 16807 17148
16436 17050 16983
16123 16767 17165
16396 16931 17129
16351 17204 16690
16485 17270 16632
16354 17291 16599
16305 17265 16685
16745 16988 16819
16659 17003 16833
16454 17090 16905
16765 16931 16697
16756 16950 16687
16627 16905 16913
16661 17115 16584
16592 17182 16601
16637 16898 16871
16614 17100 16735
16647 16976 16853
16670 16820 16864
16729 17009 16814
16616 16923 16930
16845 16735 16603
16852 16702 16543
16782 16889 16574
16833 16699 16668
16598 16934 16905
16449 17001 16942
16714 16964 16860
