2161 3530.9
9491 8168 8028 7161
9346 8577 7920 7251
9306 8634 8227 6827
8856 9131 8274 7327
8766 7574 9038 8013
8455 8081 9043 8295
8424 7878 9248 7848
8319 8287 9042 8017
9236 8712 8260 6926
8723 9093 8511 7418
8985 7657 8827 7890
8687 7613 9094 8066
9149 8792 7961 7287
8341 8411 8939 7985
9133 8835 7927 7113
8771 9053 8536 7378
8683 8007 8812 8264
8676 7596 9159 7952
9288 8678 7978 7339
8358 8144 9144 8064
9473 8288 8069 7220
9346 8605 8017 6954
8771 7678 9047 7954
8366 8097 9171 8063
9400 8301 8267 6975
8861 9046 8355 7335
8393 8284 9057 7974
9393 8352 8315 6946
9318 8508 8429 6933
8381 8194 9000 8144
8378 8226 9050 8138
8818 9032 8278 7439
8811 7717 8742 8189
9462 8341 8015 7110
8484 7954 9238 7853
9232 8811 7993 7047
8397 8182 9045 8126
8925 7684 8923 7912
8669 7706 9052 8109
8360 8703 8772 7809
9241 8785 7986 7164
9361 8500 8007 7257
9462 8238 7987 7239
8768 9020 8359 7420
9456 8385 8038 7115
8479 7987 9026 8247
9467 8192 8168 7158
9356 8534 7999 7227
9072 7701 8668 7861
8869 7692 9007 7878
8406 8148 9102 8058
8596 7802 8926 8256
8593 7721 8983 8237
8523 7996 8995 8242
8835 9000 8326 7473
8812 7694 9000 7987
8440 8041 9156 8037
9472 8331 8118 7196
8461 8101 9121 8071
9343 8581 8101 6997
9426 8296 8187 7258
8847 7752 8952 8043
8455 8345 9222 7848
8449 8154 9228 8029
8936 9004 8291 7298
9391 8519 8070 7067
9439 8115 8154 7367
8419 8035 9230 8009
8409 8140 9135 8072
8403 8175 8987 8140
9311 8646 8209 7042
8616 7814 9192 7922
9464 8242 8156 7217
9196 8772 8242 6953
9452 8405 8027 7211
8417 8012 9090 8235
8940 7805 8913 7933
8770 8995 8347 7531
8665 7910 9226 7866
8611 8100 9218 7830
8585 7907 9183 7918
8457 8341 8951 8076
9450 8316 8136 7314
9443 8170 8236 7131
8428 8120 9002 8220
8547 7811 9053 8220
8477 8166 9201 7999
9430 8266 8068 7356
9148 8502 8502 6991
8794 7761 8918 8142
9423 8377 8022 7254
9047 7769 8686 7914
9015 7749 8785 7888
8828 7822 9021 7948
8693 9026 8351 7421
8989 7789 8890 7742
8897 7783 8940 7872
9436 8253 8124 7383
8546 8042 9188 7916
8493 8080 9215 8005
8514 7887 8976 8255
9299 8681 8074 7240
9434 8453 8036 7173
8531 8066 9236 7797
8418 8139 9028 8233
9140 8913 8056 7003
8486 8041 8990 8251
8642 7824 8893 8223
9304 8679 8107 7050
9182 8695 8389 7054
8577 8974 8566 7521
8885 7809 9066 7845
8976 8941 8338 7264
8965 9016 8255 7247
8923 7740 8929 7921
8432 8255 9025 8106
8425 8260 8901 8138
8414 8059 9062 8184
8412 8093 9169 8123
8530 8076 8973 8202
8905 7732 8841 8037
9425 8261 8139 7292
8471 8086 9117 8088
8464 8415 9171 7739
8434 8251 9059 8089
9445 8146 8178 7244
8482 8091 9067 8183
8468 8392 8841 8073
8404 8141 9147 8234
8435 8587 8941 7655
9079 8896 8003 7147
8536 7950 9209 7939
8533 8006 9197 8028
8526 8016 9178 7980
8499 8113 9214 7998
8453 8239 8945 8120
9344 8529 8042 7369
8500 8088 9173 7968
8710 8890 8608 7591
9321 8472 8048 7372
8744 7781 9114 7976
8638 8903 8492 7662
9321 8633 8077 6982
9190 8833 8067 7197
8685 7971 9166 7816
8517 7994 9141 8182
9359 8536 8152 7001
8712 7756 9124 7902
8660 7844 9122 8048
9336 8630 8131 7004
9177 7926 8634 7596
8890 9011 8320 7429
8790 8984 8423 7458
8767 8991 8356 7437
8678 8949 8491 7587
8444 8120 9111 8088
9229 8596 8365 7008
8935 7727 8915 7924
8930 7704 8931 7898
8899 9008 8242 7444
8864 7723 9087 7878
8822 7746 8991 8016
8681 8057 8953 8178
8636 8158 8756 8230
8660 7778 9052 8157
8451 8523 8941 7813
9316 8548 8332 6977
8437 8678 8830 7890
8927 7766 8913 7971
8824 7773 8956 8046
8822 7818 8925 8081
8535 8182 9138 7975
8703 8962 8389 7694
9454 8410 8055 7183
9447 8254 8106 7337
8550 8198 8970 8104
8494 8501 8876 8018
8488 8264 8852 8194
8474 8648 8897 7824
8467 8171 9095 8151
8464 8508 8961 7858
8446 8525 8968 7727
8453 8064 9151 8123
9389 8340 8246 7125
9229 8663 7990 7367
8507 8579 8701 7942
8448 8011 9098 8152
8516 8382 8947 7908
9164 8804 8026 7204
9370 8523 8195 7094
8952 7941 8810 7929
8620 7952 8943 8207
8619 7973 8882 8228
8522 8002 9038 8193
8496 7976 9158 8159
9278 8616 8020 7345
8642 8136 9210 7842
9412 8438 8023 7267
9373 8414 8051 7349
9369 8587 7991 7168
9316 8631 8115 7175
8971 8769 8510 7236
8500 8205 9149 8052
8497 8314 9136 7840
8583 8717 8641 7805
8444 8237 9189 7973
8749 7722 9118 7908
8667 7908 9195 7767
9411 8283 8109 7316
9395 8498 8100 7025
9367 8552 8031 7063
9192 8043 8560 7605
9170 8826 8145 7172
9086 8876 8198 7114
8637 7944 9065 8135
8600 8052 9034 8103
8485 8275 9182 7885
9106 8534 8005 7613
8983 8817 8471 7055
8576 8035 8877 8253
9387 8167 8339 7172
9366 8547 8094 7181
9361 8527 8261 7122
9315 8622 8121 7208
9089 7892 8741 7693
9085 7861 8764 7732
9031 8545 8372 7445
9030 8887 8358 7407
8928 7924 8888 7869
8820 8807 8494 7668
9412 8419 8214 6985
9374 8582 8078 7029
9368 8147 8369 7352
9284 8441 8388 7157
9224 8800 8143 7013
9184 8809 8090 7086
9142 8853 8115 6999
9124 8878 8160 7071
9083 8935 8184 7010
8698 8025 8842 8163
8613 7830 9021 8204
8577 8137 8963 8108
8532 8201 8837 8199
9375 8528 8133 7105
9345 8180 8170 7518
9256 8672 8138 7140
9064 7834 8709 7814
9014 8942 8181 7314
8964 8886 8388 7012
8653 8902 8570 7522
8576 8871 8617 7589
8554 8179 9023 8080
8534 8513 8890 7891
8523 8426 8966 7886
8613 7845 9202 7946
9350 8580 8233 7081
9320 8585 8263 7020
9260 7802 8515 7652
9143 7903 8462 7887
8990 8797 8265 7504
8953 9015 8365 7272
8927 8956 8396 7325
8904 7744 8989 7782
8898 8980 8401 7364
8883 8921 8411 7302
8855 7760 9019 7851
8827 7841 9032 7884
8805 7863 8921 8066
8802 8971 8479 7397
8799 7801 9078 7928
8784 8987 8465 7552
8625 8776 8705 7648
8524 8119 8904 8176
9240 8755 8188 7072
9017 7737 8895 7559
8954 8969 8234 7386
8901 8900 8376 7554
8873 7799 9002 7921
8814 8981 8324 7534
8738 8906 8508 7639
8732 9028 8253 7472
8585 7718 9201 7948
8666 8204 9064 7923
8844 7846 8857 8100
9319 8542 8323 7061
8926 8993 8242 7395
8874 8945 8229 7490
8764 7743 8989 8070
8696 7734 9156 7924
8865 7728 8965 7927
9437 8288 8179 7265
8598 8006 9130 8086
8542 8257 9052 7934
8473 8849 8512 7809
8461 8330 8977 8106
8829 8936 8356 7409
9139 8790 8087 7239
8544 8117 9071 8063
9247 8654 8064 7298
8561 8085 9234 7819
8540 7954 9230 7877
9455 8205 8064 7274
9447 8185 8196 7159
9444 8326 8206 7119
9431 8343 8059 7297
9418 8386 8110 7213
9403 8024 8333 7394
9385 8256 8260 7372
9383 8484 8111 7154
9376 8116 8467 7419
9372 8048 8277 7445
9266 8564 8277 7247
9025 8038 8813 7819
9008 7851 8821 7931
8986 8112 8806 7702
8675 8791 8703 7534
8654 8756 8755 7472
8568 8267 9092 7781
8562 8069 9041 8173
8539 8187 9039 8065
8513 8419 8898 7977
8506 8464 8928 7905
8504 8582 8821 7880
8503 8487 8935 7710
8502 7873 9162 8159
8498 8357 9033 7943
8487 8247 8878 8113
8480 8362 8999 7897
8471 8360 8984 7966
8437 8188 8985 8127
8430 8238 9145 7890
8430 8079 9164 8097
8413 8087 9095 8153
9414 8461 8045 7233
9329 8569 8033 7276
9271 8656 8065 7255
9113 8886 8093 7335
8584 7818 9206 8006
8646 8046 8939 8216
9092 8095 8766 7423
8595 8209 9004 8060
8456 8036 9050 8208
9410 8228 8287 7142
9396 8436 8104 7308
9366 8401 8248 7249
9364 8603 8091 7028
9352 8493 8245 7173
9352 8216 8228 7437
9338 8615 8123 7223
9328 8089 8257 7567
9291 8014 8569 7418
9250 8635 8296 7223
9204 8727 8190 7215
9199 8790 8083 7028
9167 8028 8455 7774
9163 8672 8103 7406
9150 7996 8586 7681
9094 8124 8724 7633
9019 8919 8386 7210
9019 8155 8540 7832
8998 7826 8752 7953
8946 8986 8399 7217
8839 8061 8936 7826
8722 7796 9112 8021
8706 7761 9091 8055
8683 7865 9140 8014
8661 8722 8748 7712
8635 8748 8713 7627
8614 8117 9058 8045
8588 8549 8933 7776
8575 8299 9056 7762
8567 8243 9063 8023
8558 8199 9072 8002
8552 8013 9204 7954
8534 7913 9191 8043
8529 8042 9197 7926
8520 8005 9167 8110
8497 8596 8906 7678
8493 8841 8692 7507
8479 8386 8967 8001
9432 8302 8136 7315
9361 8501 8039 7229
8552 8260 8792 8227
9269 8618 8060 7363
9257 8637 8207 7128
9166 8051 8639 7362
9125 8526 8534 7225
9057 7962 8799 7530
9054 8935 8031 7297
8913 8896 8384 7488
8716 7928 9146 7872
8636 7871 9170 7903
9433 8359 8131 7116
9433 8330 8246 7017
9422 8194 8290 7150
9400 8280 8200 7256
9387 8446 8164 7077
9375 8189 8279 7350
9370 8214 8153 7460
9357 8360 8252 7398
9356 8578 8120 7121
9351 8276 8322 7269
9346 8282 8381 7177
9344 8677 8058 7128
9340 8291 8328 7286
9334 8644 8044 7138
9297 8502 8350 7047
9290 8563 8146 7295
9267 8709 8096 7075
9250 8290 8531 7108
9243 8217 8549 7360
9213 8098 8469 7700
9209 8016 8582 7571
9178 8789 8126 7065
9166 8804 8148 7039
9159 7982 8673 7661
9158 8827 8235 7123
9152 8820 8173 7180
9141 7775 8734 7563
9097 8908 8125 7093
9096 8626 8304 7447
9070 7979 8739 7802
9069 8838 8203 7366
9018 7855 8827 7750
9009 7927 8859 7744
9004 7950 8722 7920
9003 8926 8262 7203
8994 8849 8438 7296
8980 8972 8250 7246
8945 8949 8257 7365
8875 8908 8398 7500
8852 8914 8469 7275
8851 7914 8803 8112
8838 8854 8559 7382
8837 8929 8488 7604
8836 7943 8935 7895
8827 8860 8538 7414
8812 8824 8541 7599
8798 7953 8978 7961
8748 7984 9057 7849
8739 8569 8647 7777
8715 8985 8583 7514
8688 7776 9036 8106
8681 7944 8991 8094
8671 8078 8977 8124
8630 7931 9073 8148
8627 8481 8785 7871
8602 8346 8921 8039
8600 8566 8829 7874
8564 7794 9118 8155
8561 8692 8771 7734
8555 8261 8978 8041
8527 8232 8954 8117
8518 8636 8854 7792
8510 8107 9073 8137
8485 7861 9044 8212
8468 8166 9076 8087
8447 8133 8998 8222
8403 8236 9085 8084
9395 8415 8082 7348
9278 8613 8029 7285
9232 8771 8053 7111
9071 8471 8075 7640
8631 8183 9129 7862
8554 8103 9180 7941
8758 7859 8947 8165
9421 8159 8143 7371
9420 7849 8313 7442
9392 8424 8210 7160
9369 8442 8224 7250
9290 8240 8468 7287
9277 8074 8545 7516
9269 7935 8511 7656
9268 8174 8445 7629
9263 8324 8420 7355
9255 8047 8520 7538
9220 8687 8316 7205
9213 8773 8182 7020
9204 7915 8570 7601
9174 7992 8638 7706
9161 8715 8211 7353
9145 8724 8383 7238
9133 7827 8554 7942
9115 7988 8646 7737
9109 8817 8202 7251
9052 8926 8205 7205
9050 8045 8795 7393
9044 7995 8678 7828
9027 8004 8653 7867
8997 7923 8786 7941
8996 8177 8711 7619
8987 8989 8230 7239
8979 7757 8860 7823
8974 8067 8773 7919
8969 8142 8694 7843
8968 8884 8288 7434
8954 7955 8809 7958
8938 8967 8238 7293
8933 8882 8484 7349
8930 8898 8357 7357
8920 9031 8208 7324
8868 8104 9027 7525
8865 8964 8229 7492
8843 8928 8447 7528
8836 9026 8436 7362
8831 8954 8345 7446
8829 8951 8514 7299
8825 8498 8638 7491
8803 7856 8965 8109
8791 8909 8533 7511
8777 8728 8548 7713
8751 7884 9014 8022
8747 8989 8366 7425
8736 8931 8470 7570
8688 8588 8663 7902
8687 8595 8770 7673
8686 7905 8999 8149
8682 8760 8676 7772
8680 7791 9001 8173
8671 8323 8912 7707
8645 8720 8617 7783
8636 8749 8715 7561
8630 8584 8847 7787
8614 8356 8958 7931
8610 8837 8410 7804
8604 8851 8644 7496
8599 8716 8684 7769
8596 8697 8788 7662
8557 7949 9141 8115
8547 8448 8778 7994
8545 7817 9169 8062
8540 8412 9010 7723
8533 8459 8871 8049
8528 8479 8959 7889
9350 8371 8318 7098
8523 8012 8955 8205
9342 8601 8186 6984
9214 8699 8295 7090
9141 8828 8140 7117
9104 8847 8234 7032
8895 8754 8579 7541
8563 7898 8990 8215
9078 8863 8327 7210
8939 8952 8281 7299
8924 7738 8919 7833
8857 8978 8264 7470
8767 7758 9069 7989
8741 8944 8446 7570
9377 8362 8223 7312
9360 8354 8122 7457
8471 8092 9074 8079
9382 8428 8180 7065
9313 8202 8197 7624
9305 8303 8308 7467
9300 8668 8233 7111
9087 8910 8229 7011
8886 8869 8524 7462
8586 7917 9052 8209
8643 8071 8900 8187
9434 8319 8175 7127
9410 8298 8129 7376
9241 8567 8034 7477
8992 8457 8473 7686
8557 8084 9174 8021
9264 8430 8357 7272
9138 7836 8624 7721
9111 8893 8188 7146
8859 9009 8406 7384
8840 9030 8466 7339
8806 7880 8925 8006
8758 8865 8630 7460
8734 8847 8640 7630
8719 7767 9046 8053
8681 8832 8673 7590
9405 8281 8331 7040
9283 8504 8351 7193
9278 8620 8330 6987
8802 8078 8811 8077
8667 7919 9023 8145
8536 8389 8850 8056
8825 8977 8470 7417
9260 8625 8310 6982
9364 8403 8128 7260
9137 8787 8219 7222
8966 8819 8312 7602
9267 8703 8136 7015
9259 8694 8263 7021
9103 8702 8445 7058
8585 7876 9007 8225
8580 8136 9032 8167
9227 8661 8084 7261
8958 8917 8429 7191
8926 8965 8293 7318
8681 8306 9013 7731
8656 7947 9108 7992
8936 8958 8311 7299
8693 9013 8335 7622
9091 8844 8331 7229
8648 8410 8759 8018
9048 8049 8635 7855
8571 8703 8813 7558
9159 8682 8089 7417
8723 7776 9153 7819
8697 7824 9132 8011
8608 8066 9116 8063
9391 8213 8292 7308
9386 8337 8364 7233
9365 8517 8191 7148
8947 8219 8807 7664
8906 8706 8193 7648
8621 8659 8673 7824
8617 8733 8732 7684
8565 8471 8925 7889
8548 8311 8932 7938
8521 8390 8695 8096
8483 8416 8816 8054
8476 7967 9035 8220
8490 8058 9007 8219
9318 8231 8044 7550
9308 8517 8147 7293
9286 8678 8127 6988
9217 8682 8054 7294
9172 8158 8458 7713
9104 8005 8508 7938
9050 8848 8172 7492
8970 8038 8824 7811
8894 8848 8382 7520
8876 7918 8930 7889
8861 7902 8986 7899
8824 8830 8417 7618
8800 7910 9015 8017
8786 7951 8902 8119
8759 8270 8825 7930
8703 8967 8284 7644
8700 7886 9079 7993
8686 8762 8681 7677
8677 8525 8814 7758
8622 8247 8767 8136
8573 8179 9124 8006
8508 8012 8974 8199
8505 8101 9190 7866
9415 8262 8243 7306
9409 8101 8220 7401
9404 8414 8168 7225
9399 8145 8143 7509
9253 8058 8493 7573
9193 8061 8444 7740
9176 8214 8441 7712
9051 8183 8550 7788
8984 8031 8554 7980
8728 8468 8755 7810
8628 8046 8976 8149
8609 8250 9030 7811
8651 7942 9233 7899
9394 8149 8309 7318
9345 8579 8003 7172
9341 8566 8058 7213
9337 8524 8137 7325
9317 8427 8085 7402
9295 8561 8097 7323
9267 8144 8486 7503
9102 8841 8221 7254
9053 8018 8834 7705
9034 8099 8740 7686
8988 8083 8880 7675
8934 8775 8174 7654
8916 8022 8735 7980
8869 8438 8513 7719
8849 8182 8791 7834
8718 8029 9029 7968
8656 7792 9175 8070
8634 7849 9155 8001
8629 7964 9181 7908
8594 8406 8863 8022
8523 7902 9107 8144
8486 8225 9165 7917
8480 8196 9055 8064
9037 8129 8805 7657
9422 8377 8146 7017
9405 8438 8149 7142
9381 8461 8234 7104
9364 8172 8292 7481
9360 8438 8045 7283
9348 8364 8336 7135
9328 8581 8188 7036
9310 8568 8251 7035
9305 8615 8171 7074
9258 8564 8326 7163
9239 8666 8305 7099
9208 8771 8196 7000
9201 8687 8283 7380
9198 8176 8628 7368
9175 8630 8452 7068
9134 8853 8168 7109
9116 7874 8695 7728
9105 8263 8621 7578
9066 8016 8769 7669
9039 7943 8800 7724
9036 8778 8428 7113
9036 7867 8797 7729
9026 7831 8861 7597
9022 7872 8745 7909
8977 8817 8467 7152
8963 8799 8506 7309
8853 8197 8953 7535
8835 7954 8770 8090
8832 8105 8646 8034
8820 7952 8886 8033
8805 8636 8610 7610
8788 7910 8865 8143
8753 8703 8693 7476
8732 7882 8884 8160
8717 8041 8846 8162
8573 8232 9017 8000
8518 8011 9206 8085
9358 8379 8017 7402
9318 8603 8080 7227
9198 8708 8061 7361
9042 8564 8259 7626
8720 8005 9176 7794
8524 8274 9104 7934
9456 8259 8144 7236
9434 8218 8243 7304
9421 8199 8134 7485
9420 8358 8242 7067
9419 8244 8125 7325
9416 8272 8229 7243
9416 8221 8155 7318
9414 8186 8220 7328
9413 8432 8151 7200
9413 8292 8232 7165
9411 8376 8180 7300
9408 8235 8165 7339
9407 8275 8205 7214
9406 8220 8271 7176
9405 8222 8158 7405
9402 8019 8251 7422
9398 8134 8264 7426
9397 8422 8231 7144
9397 8041 8392 7363
9396 8235 8299 7274
9395 8092 8374 7328
9393 8133 8186 7457
9392 8287 8307 7261
9388 8431 8130 7234
9388 8350 8237 7307
9379 7963 8352 7503
9378 8383 8159 7320
9378 8172 8311 7253
9372 8371 8199 7233
9367 8158 8337 7289
9362 8482 8119 7279
9361 8336 8077 7466
9360 8252 8323 7327
9359 8175 8262 7428
9358 8447 8156 7373
9358 8249 8271 7345
9354 8509 8114 7149
9353 8080 8303 7464
9347 8591 8055 7095
9347 8148 8354 7374
9343 8017 8391 7651
9341 8226 8332 7440
9339 8499 8214 7181
9334 8002 8447 7534
9327 8166 8338 7465
9324 8546 8126 7235
9323 8632 8023 7169
9316 8164 8482 7342
9314 8608 8090 7326
9309 8444 8101 7451
9308 8257 8283 7497
9298 8114 8456 7490
9296 8001 8425 7659
9289 8150 8419 7502
9283 8043 8530 7550
9282 8119 8426 7520
9281 8664 8095 7124
9280 8072 8525 7377
9278 8160 8444 7576
9277 8573 8373 7103
9272 8152 8538 7479
9265 8064 8483 7547
9262 8056 8441 7655
9262 8035 8453 7591
9261 8539 8252 7341
9259 8706 8119 7025
9254 8606 8362 7259
9254 7940 8526 7631
9252 8081 8501 7495
9251 7980 8547 7622
9244 8647 8187 7240
9239 8105 8602 7453
9237 7985 8604 7409
9235 8591 8369 7095
9229 8111 8477 7615
9226 8042 8451 7686
9223 7969 8568 7526
9222 7858 8663 7628
9221 8155 8496 7614
9212 8782 8105 7284
9212 7902 8571 7671
9211 8156 8426 7654
9210 7906 8542 7635
9199 8020 8435 7773
9197 8801 8061 7077
9196 7857 8583 7680
9188 8097 8632 7484
9186 8543 8407 7161
9186 8187 8499 7636
9185 7890 8528 7726
9184 7874 8670 7511
9183 8779 8159 7143
9182 8357 8537 7395
9175 7891 8612 7719
9170 7989 8653 7244
9163 7887 8683 7676
9162 8805 8295 6988
9160 8107 8539 7821
9156 8758 8215 7243
9149 8151 8558 7677
9148 8570 8102 7452
9148 8086 8605 7736
9144 8029 8618 7725
9143 8806 8097 7194
9137 7896 8665 7753
9135 8049 8595 7739
9131 8007 8599 7747
9127 7934 8561 7824
9124 8003 8794 7493
9121 7875 8685 7751
9111 8121 8757 7562
9110 7947 8690 7806
9103 8026 8716 7783
9101 8680 8463 7310
9098 8039 8725 7634
9097 8018 8787 7554
9095 8873 8142 7289
9091 7833 8739 7694
9088 8011 8723 7772
9082 8136 8614 7642
9080 8139 8597 7639
9080 7997 8749 7757
9075 8932 8232 7100
9074 8836 8274 7262
9074 8070 8658 7760
9068 8916 8285 7380
9066 8744 8430 7208
9065 8941 8179 7185
9059 7975 8777 7846
9058 8751 8282 7433
9057 8828 8387 7280
9056 8690 8377 7371
9049 7952 8789 7714
9043 8850 8162 7400
9042 8790 8239 7470
9032 7831 8844 7741
9027 8950 8152 7209
9011 8800 8541 7220
9011 8009 8842 7821
9007 8950 8279 7175
9006 8902 8301 7234
9001 7858 8828 7845
8999 7883 8852 7778
8997 8331 8537 7743
8993 7922 8870 7718
8992 8598 8334 7662
8990 7997 8738 7966
8981 8925 8188 7329
8981 8111 8763 7873
8980 7832 8848 7973
8973 8560 8392 7606
8973 7927 8781 7924
8972 7954 8938 7828
8968 7868 8753 7964
8965 7913 8746 7949
8964 8019 8660 7940
8963 7865 8843 7831
8958 8954 8267 7270
8953 7878 8841 7872
8950 8872 8437 7278
8946 7898 8779 8086
8945 8884 8328 7463
8944 8622 8595 7586
8944 7796 8865 7894
8943 8034 8845 7827
8937 8751 8488 7385
8935 8862 8371 7315
8926 7965 8948 7612
8912 8803 8444 7515
8912 7918 8753 7999
8909 8044 8820 7838
8908 8857 8461 7436
8901 7776 8981 7880
8895 7994 8924 7856
8893 8517 8483 7691
8893 7882 8947 7915
8887 8877 8381 7573
8887 8130 8950 7601
8886 7864 9048 7539
8884 8827 8450 7566
8877 8834 8623 7402
8877 7831 9098 7747
8870 7886 8956 7892
8857 7958 8920 7934
8854 8052 8897 7906
8850 8945 8272 7542
8845 8925 8315 7508
8834 8483 8729 7583
8823 8172 8837 8030
8821 7893 8975 7906
8815 8094 8856 8020
8799 8861 8550 7374
8798 8972 8385 7480
8790 8114 8903 7838
8788 8836 8435 7623
8785 7914 9047 7845
8783 8681 8647 7633
8782 8759 8594 7653
8782 7867 9040 7983
8780 8737 8557 7664
8779 8823 8631 7388
8770 7999 8942 7939
8769 8933 8635 7408
8765 8862 8615 7699
8761 7830 9003 8059
8760 8645 8596 7705
8755 8640 8656 7679
8754 8758 8542 7726
8748 8780 8454 7751
8743 8770 8702 7415
8743 8348 8721 7986
8742 8842 8618 7488
8741 7991 8988 7970
8737 8568 8688 7696
8733 8049 9147 7771
8730 8521 8798 7625
8729 8682 8746 7768
8727 8757 8706 7412
8726 7875 9039 7984
8720 8914 8529 7493
8720 7870 9043 8007
8718 8879 8575 7637
8717 8563 8554 7841
8716 8593 8820 7693
8708 7826 9156 7877
8702 7905 9082 7957
8701 8685 8803 7559
8699 8761 8582 7781
8698 8752 8622 7649
8695 8806 8580 7820
8690 8690 8544 7833
8690 7855 9125 7937
8689 8573 8697 7848
8684 8143 9101 7722
8683 8872 8440 7651
8682 7929 8940 8170
8680 8677 8624 7829
8679 8642 8811 7503
8677 8173 8931 8016
8676 8881 8613 7657
8674 8532 8828 7860
8670 8600 8742 7837
8666 8540 8839 7698
8663 7886 9133 8005
8662 7956 9069 8030
8661 7981 9046 8169
8658 8916 8547 7519
8657 8817 8562 7711
8641 8932 8505 7530
8640 8726 8807 7579
8639 8713 8723 7760
8637 8432 8780 7899
8635 8390 8937 7767
8634 8774 8627 7740
8632 8809 8720 7632
8629 8803 8602 7732
8627 8000 9101 8074
8626 8712 8766 7606
8626 8224 8886 7986
8625 7891 9126 8150
8619 8913 8564 7586
8616 8625 8873 7416
8613 8467 8858 7771
8612 8654 8677 7818
8607 8538 8866 7697
8606 8808 8786 7626
8606 8162 9162 7882
8604 8272 8960 8096
8603 8446 8980 7582
8601 8210 9040 8014
8597 8271 8922 8110
8593 8722 8587 7786
8591 8475 8827 7919
8590 7951 9084 8128
8588 8224 8923 8114
8587 8695 8727 7803
8587 8033 9145 8042
8586 8741 8708 7680
8582 8813 8696 7524
8582 8338 8823 8140
8580 8524 8956 7654
8575 8853 8601 7717
8572 7909 9205 7956
8569 8209 9089 7927
8567 8215 8853 8125
8564 8617 8860 7631
8560 8861 8524 7741
8559 8499 8757 8040
8556 8683 8859 7761
8556 8212 9093 7775
8545 8549 8676 8086
8541 8559 8889 7944
8538 8134 9111 8067
8536 8599 8682 7959
8531 8496 8979 7700
8530 8040 9011 8177
8528 8291 8980 8008
8526 8106 9205 7852
8525 7985 9024 8222
8524 8762 8706 7788
8520 8463 8870 7964
8519 8322 8948 8070
8517 8234 8867 8134
8511 8089 9126 8084
8509 8725 8730 7725
8499 8427 8992 7932
8491 8068 9099 8096
8484 7974 9076 8195
8476 8383 8868 8054
8467 8379 8905 8019
8447 8377 9030 7917
8424 8341 9036 8019
9216 8466 8118 7466
8694 7982 9194 7702
8632 8105 9096 7948
8625 8184 9127 7856
9320 8456 8355 7130
9223 8480 8482 7038
9189 8801 8224 7059
9137 8802 8294 6989
8733 8005 8811 8191
9351 8208 8398 7194
9349 8278 8324 7337
9332 8505 8250 7176
9330 8592 8157 7125
9325 8294 8346 7279
9322 8596 8153 7049
9317 8395 8300 7408
9283 8589 8095 7250
9261 8297 8512 7414
9221 8676 8110 7331
9203 8053 8636 7502
9157 7860 8731 7394
9154 8738 8436 7162
9113 7894 8732 7555
9108 8491 8533 7331
9089 8512 8460 7400
9060 8714 8249 7539
9056 7897 8784 7629
9020 7876 8782 7857
9010 8929 8183 7414
8994 8554 8408 7592
8987 8108 8877 7668
8962 8955 8185 7287
8962 7810 8963 7630
8910 8799 8393 7539
8903 8958 8349 7434
8902 8973 8243 7435
8871 8856 8441 7485
8862 8883 8368 7559
8858 8700 8394 7649
8844 8888 8476 7526
8842 7869 9041 7837
8818 8273 8901 7664
8817 7828 8969 8016
8816 8598 8599 7559
8807 7797 9082 7892
8787 7840 9035 7947
8769 7733 9050 7958
8757 8686 8552 7778
8756 7921 9067 7901
8727 7933 9093 7900
8722 8611 8716 7775
8707 8765 8543 7758
8696 8764 8630 7745
8655 8653 8751 7922
8644 8924 8527 7654
8623 8402 8862 7880
8602 7851 9189 8055
8546 8370 8946 7964
8501 8122 9047 8127
9232 8645 8135 7330
9197 8408 8302 7517
9133 8493 8341 7539
8683 8452 8577 8012
9393 8392 8165 7237
9309 8594 8247 7027
9293 8406 8429 7190
9276 8645 8099 7145
9227 8734 8157 7119
9209 8734 8246 7182
9185 8763 8244 7199
9153 7990 8525 7822
9126 7959 8653 7756
9077 8812 8348 7178
9054 8020 8749 7716
9046 8739 8442 7063
9021 7956 8858 7620
9012 8767 8437 7228
8972 8793 8411 7459
8961 7873 8602 8036
8943 8729 8579 7219
8907 8311 8619 7868
8772 7790 8978 8082
8745 8628 8756 7505
8692 8484 8813 7779
8691 8216 8766 7990
8642 8340 8762 7972
8601 7929 9118 8121
8594 8434 8982 7763
8589 8473 8954 7702
8580 7990 9134 8095
8570 8077 9088 8139
8527 8060 9125 8044
8490 8401 8878 7983
9412 8426 8163 7100
9370 8233 8079 7462
9368 8250 8189 7469
9350 8558 8141 7226
9330 8236 8344 7430
9298 8265 8497 7242
9286 8153 8413 7519
9281 8198 8161 7648
9267 8514 8329 7353
9151 8407 8397 7475
9065 8772 8379 7340
8899 8629 8555 7565
8875 8149 8817 7780
8873 7965 8760 8101
8822 7911 8907 8039
8799 8564 8629 7755
8782 8658 8714 7549
8755 8440 8662 7736
8697 8132 9142 7825
8689 8055 9163 7949
8674 8068 9113 7943
8658 8181 9009 7989
8632 8530 8836 7854
8629 8445 9006 7690
8604 8443 9020 7656
8581 8065 9152 7948
8547 8424 8934 7869
8520 8359 8993 7955
8479 8243 9105 8055
8476 8222 9157 7953
9407 8334 8131 7332
9353 8590 8064 7080
9331 8258 8312 7399
9289 8642 8110 7165
9246 8662 8115 7203
9230 8659 8184 7301
9173 8384 8571 7397
9040 8868 8396 7201
9033 7977 8795 7773
9001 8639 8506 7321
8975 8644 8499 7478
8966 8855 8547 7176
8961 8619 8427 7613
8959 8062 8686 7974
8951 8515 8459 7646
8949 8912 8395 7301
8942 8874 8436 7306
8923 8963 8359 7338
8878 8470 8725 7510
8866 8920 8368 7392
8851 8449 8656 7721
8845 7777 8897 8050
8834 8123 8869 7844
8826 7899 8941 8001
8811 8742 8687 7449
8810 8814 8594 7548
8809 8027 9028 7898
8796 8732 8598 7575
8792 7993 8852 8045
8783 8032 8943 7914
8779 7843 8954 8113
8766 8821 8677 7544
8725 8073 8998 7853
8714 8485 8860 7645
8705 7882 8975 8122
8694 7854 8940 8210
8684 7839 9013 8133
8664 7795 9098 8134
8643 7782 9051 8136
8633 8413 8979 7737
9093 8635 8472 7084
9245 8665 8108 7239
9078 8404 8449 7613
8847 8891 8499 7437
9380 8338 8203 7319
9375 8473 8213 7069
9366 8416 8300 7076
9350 8456 8216 7303
9330 8423 8202 7334
9300 8640 8138 7189
9283 8071 8524 7336
9267 8378 8239 7441
9244 8381 8327 7438
9210 7999 8461 7790
9196 8077 8559 7593
9135 8085 8687 7391
9088 8775 8212 7403
9068 8540 8342 7512
9068 8135 8684 7588
9053 8163 8712 7799
9042 8409 8682 7379
8985 8094 8829 7746
8956 8179 8625 7807
8940 8284 8607 7808
8897 8441 8756 7448
8839 8152 8796 7875
8811 7939 8996 7907
8809 8185 8866 7865
8805 8621 8620 7617
8734 7978 8887 8157
8730 8102 8738 8115
8725 8213 8922 7997
8690 8044 8885 8102
8680 8008 9022 8129
8676 7797 9077 8074
8673 8516 8532 8011
8663 8246 8700 8027
8637 8037 8968 8153
8578 8388 8924 7876
8572 8396 8997 7893
8557 8193 8851 8132
8551 8188 8831 8155
8533 8197 9088 8024
8529 8072 9049 8169
8479 8371 9007 7962
8437 8249 8949 8119
9281 8559 8313 7024
9334 8562 8185 7143
9329 8417 8321 7252
9226 8335 8340 7564
9213 8318 8484 7569
9164 8794 8266 7139
9145 8227 8564 7480
9134 8365 8466 7549
9128 8339 8423 7569
9120 8439 8519 7356
9081 8344 8503 7561
9058 8583 8378 7423
9011 8503 8563 7532
9010 8317 8526 7548
8988 8731 8527 7342
8985 8207 8693 7784
8965 8245 8558 7709
8958 8858 8414 7337
8946 7912 8847 7965
8924 7852 8892 8015
8903 8839 8487 7486
8888 8082 9026 7499
8858 8286 8883 7564
8847 8859 8493 7465
8845 8241 8874 7696
8844 8825 8233 7665
8840 8125 8856 7867
8808 7932 8898 8028
8801 8624 8565 7658
8798 8880 8539 7255
8794 7901 8946 8131
8788 7937 9042 7864
8756 8248 8917 7676
8730 8333 8875 7778
8724 8230 8905 7796
8715 8919 8375 7708
8704 8609 8452 7862
8698 8437 8687 8007
8694 8458 8818 7745
8683 8604 8787 7749
8657 8307 8833 7940
8639 8574 8849 7798
8610 8451 8763 7882
8610 8313 8855 7988
8606 8229 8957 8076
8577 8967 8652 7577
8569 8211 9012 8026
8563 8195 9109 7971
9299 8629 8265 7079
9282 8550 8350 7031
9274 8675 8114 7019
9139 8520 8483 7034
8789 8308 8590 7981
8695 7984 8816 8198
8545 8007 8973 8185
8520 8009 9055 8196
8496 8014 9002 8213
9151 8304 8623 7318
8920 8894 8405 7416
8811 7945 8957 7942
8712 7816 9088 7939
8657 8651 8579 7892
9085 8612 8253 7455
9046 8718 8482 7207
8642 8126 8943 8099
8593 8063 9088 8092
8840 7848 8883 8046
8790 8923 8580 7466
8879 8054 8849 7938
8813 8745 8475 7688
8889 8026 8721 7979
8615 8191 9134 8003
8491 8383 9030 7888
9312 8496 8286 7235
9172 8537 8412 7382
9167 8709 8167 7344
8991 8081 8801 7693
8989 8857 8367 7409
8948 8896 8099 7430
8875 8097 8910 7718
8867 8160 8864 7766
8826 8621 8572 7764
8814 8046 9018 7682
8742 7982 9016 7976
8631 8137 8822 8117
8610 8251 8927 7960
8599 8033 9083 8153
8554 8087 9100 8047
8524 8101 9080 8068
9287 8553 8204 7279
9249 8408 8396 7240
8652 8031 9035 7964
8566 8110 9033 8169
9408 8238 8237 7335
9402 8461 8107 7132
9401 8253 8181 7338
9401 8186 8297 7414
9381 8358 8288 7276
9377 8436 8282 7027
9368 8385 8244 7212
9363 8419 8164 7290
9362 8281 8184 7427
9354 8214 8216 7478
9350 8276 8431 7317
9344 8115 8343 7433
9342 8350 8177 7404
9339 8103 8276 7543
9335 8372 8312 7266
9329 8287 8395 7285
9314 8092 8349 7592
9312 8299 8325 7446
9307 8148 8485 7389
9304 8280 8408 7195
9303 8341 8247 7583
9300 8209 8409 7582
9281 8089 8442 7555
9278 8644 8197 7204
9276 8149 8387 7723
9273 8553 8091 7463
9273 8232 8376 7675
9270 8493 8240 7280
9270 8353 8475 7036
9248 8164 8454 7594
9245 8743 8149 7132
9238 8579 8375 7158
9238 8189 8600 7419
9236 8348 8406 7483
9235 8081 8478 7644
9231 8175 8645 7340
9228 8394 8360 7362
9218 8197 8562 7276
9215 8170 8609 7542
9201 8048 8536 7614
9198 8712 8254 7186
9187 8124 8485 7679
9179 8134 8550 7697
9171 8170 8481 7709
9165 8772 8204 7226
9165 8124 8664 7621
9164 8097 8575 7674
9161 8257 8301 7768
9157 8800 8186 7136
9155 8217 8394 7782
9151 8145 8650 7580
9142 8166 8578 7632
9140 8029 8443 7843
9130 7961 8655 7710
9128 8617 8446 7231
9122 8746 8378 7159
9119 8801 8211 7128
9118 8502 8225 7599
9114 8800 8201 7258
9096 8263 8343 7749
9086 8008 8598 7795
9068 7963 8627 7912
9065 8089 8661 7684
9058 7997 8728 7765
9035 8629 8350 7449
9035 7947 8853 7720
9033 8852 8297 7254
9032 8756 8457 7262
9029 8026 8700 7851
9023 8164 8581 7817
9020 8730 8260 7507
9015 8691 8422 7468
9014 8628 8294 7767
9010 8107 8778 7901
9009 8610 8576 7355
9007 8000 8619 7926
9006 8055 8808 7660
9000 8134 8698 7915
8996 8433 8589 7396
8985 8675 8400 7556
8983 7879 8911 7682
8974 8913 8241 7394
8958 7851 8851 7850
8957 8046 8802 7774
8956 8658 8531 7406
8956 8149 8651 7932
8955 8504 8601 7603
8940 8913 8390 7266
8939 7980 8831 7898
8934 7966 8882 7834
8931 7961 8742 8051
8929 8778 8431 7506
8929 7969 8718 7993
8922 8781 8420 7562
8922 8041 8869 7896
8921 8691 8477 7581
8921 7966 8839 7968
8917 8031 8606 8058
8913 7915 8937 7946
8897 8758 8545 7197
8894 7981 8862 7897
8892 8780 8574 7292
8881 7991 8896 7860
8880 7885 8958 7903
8868 7939 8854 7952
8867 8986 8352 7284
8863 8843 8424 7533
8862 8140 8879 7674
8860 8681 8492 7554
8858 8191 8943 7660
8856 7920 8899 7975
8855 8781 8669 7477
8853 8703 8502 7570
8848 8761 8615 7523
8846 7885 8918 7947
8841 7864 8838 8123
8838 7796 9010 7969
8830 7864 8992 7963
8823 8741 8637 7557
8801 8862 8403 7611
8797 8786 8630 7430
8795 8501 8729 7650
8787 8914 8517 7471
8785 8761 8480 7717
8781 8913 8495 7487
8780 8261 9011 7595
8775 8667 8697 7526
8774 8847 8490 7621
8763 8579 8661 7609
8759 8052 8951 8046
8754 7878 8966 8127
8752 8614 8823 7512
8725 8788 8688 7279
8704 8163 8891 8025
8694 8817 8650 7638
8685 8342 8895 7937
8672 7876 9161 7970
8666 8106 9155 7894
8659 8552 8911 7681
8650 8016 9142 7951
8645 7919 9055 8069
8611 8841 8523 7748
8611 7913 9049 8177
8590 8861 8686 7640
8537 8201 8795 8184
8532 7996 9214 8035
8529 8238 9108 7910
8512 8352 8947 8020
8501 8341 9068 7969
9240 8678 8050 7250
9410 8394 8200 7100
9383 8203 8275 7325
9373 8054 8355 7443
9357 8210 8317 7346
9348 8575 8132 7148
9340 8531 8316 7154
9336 8445 8253 7327
9333 8209 8308 7496
9331 8560 8142 7185
9326 8327 8366 7250
9325 8138 8424 7428
9319 8625 8105 7206
9310 8397 8165 7437
9303 8617 8204 7144
9302 8171 8493 7325
9299 7961 8506 7451
9296 8657 8148 7113
9288 8350 8400 7407
9286 7879 8517 7509
9285 8600 8078 7332
9282 8613 8059 7251
9274 8682 8106 7147
9274 7960 8546 7433
9272 8626 8294 7095
9268 8627 8085 7318
9260 8654 8113 7175
9259 8342 8479 7235
9258 8234 8553 7251
9252 8650 8166 7252
9246 8098 8480 7547
9242 8666 8210 7158
9234 7825 8625 7440
9233 8197 8556 7280
9231 8667 8155 7209
9228 8733 8192 7128
9226 8740 8133 7214
9220 8146 8535 7573
9218 8696 8199 7250
9211 8684 8114 7277
9207 8689 8231 7185
9205 8120 8529 7584
9202 8747 8096 7355
9197 8066 8568 7551
9194 8490 8551 7247
9183 8015 8652 7509
9181 8753 8332 7172
9181 8409 8463 7466
9177 8723 8354 7246
9173 8783 8169 7191
9171 8779 8151 7290
9169 7889 8672 7431
9168 8746 8131 7386
9154 8005 8689 7659
9152 8130 8649 7337
9149 8802 8170 7217
9146 8778 8270 7206
9132 8881 8140 7144
9132 7833 8718 7665
9131 8854 8134 7217
9130 8857 8157 7258
9123 8060 8691 7719
9119 7957 8805 7405
9114 8021 8730 7581
9109 7939 8728 7608
9090 8012 8567 7863
9088 8793 8415 7253
9084 7829 8793 7580
9083 7888 8792 7651
9076 8113 8614 7657
9075 7893 8762 7687
9070 8867 8084 7386
9063 8059 8743 7573
9062 8774 8209 7462
9061 8759 8353 7423
9061 8036 8774 7350
9055 8810 8368 7292
9052 8260 8734 7554
9040 7983 8745 7774
9039 8727 8442 7314
9034 8792 8322 7429
9028 7910 8858 7719
9026 8707 8334 7581
9024 7909 8876 7590
9013 8079 8788 7694
9000 7866 8867 7749
8999 8870 8321 7463
8993 8822 8244 7527
8988 8795 8346 7493
8978 8805 8325 7499
8976 7975 8826 7830
8971 8025 8887 7581
8970 8555 8445 7670
8967 7978 8798 7845
8950 7859 8881 7863
8941 8127 8873 7757
8916 8816 8374 7546
8915 7924 8857 7941
8914 8096 8917 7832
8900 8255 8800 7676
8896 8928 8331 7435
8891 8816 8402 7599
8888 8556 8525 7590
8888 7991 8954 7820
8881 8687 8428 7673
8876 8874 8409 7512
8874 7998 8998 7783
8872 8511 8634 7576
8871 8332 8832 7564
8870 8502 8516 7663
8864 8931 8307 7491
8863 8223 8744 7731
8860 8141 8868 7831
8852 7866 8990 7938
8850 7824 9005 7944
8848 7790 8984 7955
8842 8848 8360 7582
8832 8888 8336 7639
8829 7915 9017 7889
8816 8010 9081 7793
8809 8824 8340 7623
8804 8013 8861 7942
8800 8781 8456 7732
8778 8099 8884 7841
8776 8786 8482 7704
8774 7895 9068 7832
8772 8830 8348 7659
8765 7874 9045 7887
8764 8729 8290 7775
8762 8713 8499 7720
8761 8768 8645 7551
8755 8121 8909 7926
8746 8647 8551 7811
8746 7941 9031 7852
8744 8808 8466 7742
8740 8431 8669 7778
8739 8021 9135 7655
8736 7895 9062 7954
8735 7872 9124 7662
8726 8614 8609 7836
8724 8745 8776 7597
8721 8746 8698 7677
8719 8683 8563 7741
8714 8192 8832 8045
8713 7864 8996 8045
8712 8936 8361 7644
8709 8842 8459 7704
8706 8694 8584 7740
8699 7961 9051 8031
8695 7942 9099 7902
8692 7859 9108 7987
8689 7918 8962 8126
8664 8627 8598 7890
8663 8810 8553 7741
8660 8638 8758 7697
8651 8692 8640 7801
8647 8675 8657 7809
8640 7934 9159 7960
8639 7900 9085 7999
8624 8748 8775 7639
8623 7983 9089 8109
8605 8580 8690 7964
8605 7966 9148 7963
8592 8131 9037 8021
8589 8423 8784 7951
8584 8218 9003 7952
8578 7980 9204 8021
8574 8355 8995 7917
8563 8667 8762 7784
8559 8150 9014 8090
8538 8500 8892 7889
8537 8721 8719 7788
8510 8266 9125 8009
8505 8352 8826 8123
8496 8023 9084 8152
9291 8617 8226 7120
9284 8601 8234 7101
9237 8529 8291 7305
9094 8218 8672 7424
9076 8631 8401 7410
9059 8809 8308 7241
9024 8827 8446 7167
8977 7990 8777 7936
8902 7861 8675 8105
8777 8247 8846 7685
8750 7964 8787 8172
8724 8141 8935 7995
8644 8009 9003 8117
9413 8330 8176 7215
9374 8428 8194 7149
9285 8092 8432 7501
9278 8432 8298 7390
9255 8599 8306 7140
9231 8343 8150 7584
9101 8222 8593 7646
9061 8628 8418 7322
9050 8185 8747 7498
9026 8030 8707 7842
8996 8431 8521 7647
8965 8259 8679 7689
8964 8401 8642 7667
8959 8463 8659 7369
8954 8504 8674 7487
8936 8112 8754 7780
8927 8165 8726 7775
8814 8786 8704 7361
8776 8012 8804 8126
8775 7994 8916 8064
8706 8327 8964 7551
8705 8037 9060 7916
8684 8016 8972 8104
8679 8541 8765 7844
8664 8113 8894 8133
8536 8058 9229 7892
9430 8435 8131 7148
9419 8299 8143 7233
9417 8387 8055 7218
9417 8219 8146 7488
9398 8300 8271 7322
9385 8367 8206 7229
9382 8263 8136 7416
9380 8366 8243 7210
9380 8176 8220 7443
9377 8055 8291 7417
9363 8231 8199 7443
9356 8206 8282 7431
9355 8507 8214 7137
9355 8124 8277 7536
9349 8494 8270 7153
9335 8355 8337 7231
9333 8525 8152 7187
9332 8200 8355 7370
9322 8314 8277 7375
9321 8277 8467 7484
9318 8655 8133 7113
9298 8616 8205 7146
9297 8321 8279 7464
9294 8399 8321 7359
9285 8006 8447 7508
9255 8708 8233 7080
9251 8743 8230 7069
9244 8269 8347 7585
9241 8110 8431 7692
9230 8346 8442 7545
9222 8757 8255 7151
9219 8447 8347 7364
9217 8118 8451 7650
9216 8607 8349 7187
9207 8100 8349 7827
9206 8057 8545 7607
9205 8572 8224 7300
9202 8118 8461 7664
9200 8739 8273 7148
9195 8707 8191 7212
9195 7937 8461 7800
9191 8489 8376 7308
9187 8752 8332 7154
9178 8196 8571 7665
9162 8030 8304 7846
9160 8788 8215 7232
9158 7987 8557 7841
9156 8115 8536 7805
9153 8783 8348 7188
9151 8743 8211 7354
9150 8601 8262 7411
9147 7973 8683 7695
9136 8725 8373 7204
9136 7825 8564 7800
9134 7867 8612 7766
9128 8069 8638 7653
9126 8819 8193 7288
9125 7872 8585 7795
9122 8034 8594 7745
9120 8538 8459 7440
9118 8001 8611 7793
9117 8838 8290 7139
9117 8189 8549 7690
9116 8829 8208 7225
9112 8753 8265 7333
9107 8745 8315 7224
9106 8766 8303 7282
9106 7906 8641 7859
9105 8756 8327 7265
9103 8801 8377 7168
9101 7966 8655 7820
9100 8065 8633 7735
9093 8843 8179 7288
9090 8812 8226 7268
9085 8834 8272 7294
9084 8578 8502 7144
9081 8668 8260 7429
9069 8312 8383 7627
9067 8780 8410 7311
9063 8813 8373 7169
9062 7981 8668 7840
9049 8852 8355 7232
9046 8162 8793 7545
9045 8017 8657 7830
9043 7885 8634 7989
9042 7930 8685 7955
9041 7943 8682 8003
9030 8823 8445 7131
9018 8646 8483 7375
9003 8191 8612 7731
8998 8915 8335 7267
8995 7843 8852 7837
8991 8730 8396 7344
8982 8494 8512 7670
8969 8771 8501 7271
8951 8852 8508 7326
8949 7889 8769 8049
8925 8680 8505 7634
8918 8215 8651 7836
8915 8709 8542 7502
8911 7970 8665 8018
8910 8190 8816 7594
8909 8822 8403 7524
8908 7793 8816 8071
8899 7958 8859 7904
8898 7781 8828 8069
8891 8040 8643 8114
8890 8289 8757 7645
8873 8702 8607 7431
8854 8986 8459 7370
8846 8767 8612 7501
8833 7883 8870 8035
8830 8802 8520 7584
8828 8719 8675 7470
8821 8679 8720 7287
8819 8843 8618 7434
8817 8870 8546 7405
8815 8915 8508 7451
8795 7964 8695 8125
8794 8942 8512 7417
8793 7920 8923 7979
8789 7721 8949 8111
8781 7794 8909 8147
8778 8635 8472 7794
8775 7837 8981 8047
8762 7792 9042 8097
8756 8696 8622 7692
8735 8648 8652 7743
8729 7852 8990 8151
8713 8606 8921 7671
8693 8267 9081 7715
8691 7896 9078 7984
8678 7870 8978 8207
8674 7857 8989 8195
8672 8399 8878 7765
8668 8723 8712 7753
8668 7885 9048 8082
8662 8292 8921 7817
8659 7837 9057 8072
8651 7935 9109 7996
8650 8594 8807 7785
8643 8815 8587 7707
8632 8022 9088 8063
8624 7942 9090 8111
8622 8663 8788 7738
8617 7979 9031 8182
8608 8541 8837 7839
8603 8233 9086 7913
8597 8378 9041 7615
8595 8327 9039 7704
8592 8288 8859 8053
8585 8270 9014 7823
8578 8466 8963 7738
8574 8337 9024 7684
8572 8631 8813 7785
8560 8085 9039 8129
8555 7919 9205 7987
8544 8452 9081 7639
8530 8478 8928 7784
8525 8410 8998 7878
8519 8161 9044 8066
8509 8191 9028 8050
9201 8481 8421 7321
9004 8310 8667 7523
9001 8289 8591 7549
8918 8325 8648 7649
8880 8548 8434 7760
8850 8023 8944 7838
8805 8285 8761 7767
8732 8169 9061 7830
8719 8262 9110 7711
8668 8190 8971 7917
8629 8543 8819 7818
9379 8496 8186 7254
9327 8510 8165 7277
9248 8711 8209 7201
9219 8698 8182 7224
9208 8157 8459 7584
9155 8710 8411 7159
9127 8796 8320 7220
9071 8705 8423 7247
8982 8840 8431 7302
8979 8535 8435 7633
8967 8750 8355 7567
8919 8933 8278 7384
8905 8897 8340 7526
8839 8907 8324 7579
8837 7972 8855 7967
8808 8704 8668 7570
8807 8736 8543 7597
8773 8533 8647 7823
8649 8641 8795 7710
8570 8477 8826 7938
9406 8235 8233 7346
9405 8244 8304 7155
9379 8379 8269 7179
9375 8424 8219 7201
9370 8426 8256 7191
9276 8578 8281 7103
9269 8392 8235 7454
9259 8416 8396 7230
9227 8615 8410 7089
9112 8723 8201 7450
8979 7888 8810 7847
8937 8059 8939 7641
8891 8271 8768 7600
8883 8436 8643 7683
8829 7950 9025 7879
8812 8220 8783 7881
8740 8103 9001 7730
8731 8399 8774 7812
8709 8221 9013 7789
8706 7966 8850 8171
8672 8054 8997 8098
8672 7947 9037 8032
8668 8030 8962 8141
8476 8081 9075 8147
9430 8373 8241 7162
9417 8379 8067 7222
9417 8364 8171 7248
9414 8372 8099 7407
9405 8274 8272 7147
9397 8391 8192 7166
9397 8320 8177 7408
9396 8322 8230 7206
9395 8247 8314 7185
9392 8396 8132 7242
9387 8363 8268 7255
9383 8348 8182 7386
9379 8212 8347 7246
9378 8361 8291 7259
9372 8312 8112 7423
9360 8373 8162 7392
9356 8354 8270 7382
9356 8279 8293 7331
9348 8537 8178 7133
9343 8076 8507 7377
9342 8486 8140 7323
9339 8103 8359 7486
9334 8161 8363 7565
9332 8264 8225 7527
9331 8389 8320 7184
9331 8369 8416 7074
9330 8474 8183 7277
9330 8184 8380 7400
9328 8483 8195 7209
9328 8435 8265 7396
9324 8351 8403 7299
9319 8476 8240 7195
9313 8428 8377 7291
9312 8443 8285 7321
9305 8480 8111 7385
9304 8522 8218 7271
9301 8495 8208 7357
9295 8388 8390 7384
9294 8599 8280 7133
9291 8281 8443 7151
9276 8279 8361 7521
9265 8285 8427 7472
9260 7900 8438 7727
9258 8385 8474 7184
9255 8576 8353 7105
9252 8376 8459 7354
9242 8251 8345 7587
9241 8735 8130 7153
9241 8321 8491 7124
9240 8452 8206 7581
9234 8037 8532 7574
9227 8465 8112 7479
9226 8096 8487 7678
9222 8450 8552 7134
9222 8394 8498 7432
9214 8653 8236 7250
9212 8556 8222 7332
9209 8418 8465 7160
9192 8290 8590 7333
9180 8530 8173 7452
9164 8137 8585 7638
9158 8398 8437 7494
9152 8147 8641 7590
9144 8391 8548 7372
9127 8140 8666 7579
9124 8531 8246 7444
9122 8553 8160 7436
9122 8087 8671 7544
9120 8460 8616 7235
9116 8008 8637 7722
9107 8638 8440 7273
9106 8658 8402 7206
9106 8193 8500 7668
9097 8795 8113 7331
9095 8701 8439 7170
9087 8879 8180 7253
9087 8691 8144 7611
9086 8176 8678 7510
9082 8768 8278 7323
9079 8320 8571 7422
9078 8657 8226 7491
9073 8408 8419 7474
9068 8246 8457 7742
9066 8225 8573 7585
9065 8165 8656 7649
9062 8761 8276 7426
9062 8050 8768 7498
9056 8398 8580 7531
9045 8461 8464 7673
9042 8156 8721 7699
9033 8489 8574 7277
9024 8464 8373 7558
9023 8572 8393 7572
9020 8463 8649 7373
9010 8294 8775 7297
9001 8462 8317 7595
8996 8201 8633 7689
8978 8400 8603 7629
8964 8033 8596 7933
8960 8607 8383 7703
8955 8143 8872 7770
8926 8860 8289 7489
8916 8726 8535 7358
8916 8433 8717 7663
8916 8244 8833 7404
8910 8450 8708 7636
8909 8217 8655 7796
8905 7829 8941 7858
8902 7986 8855 7918
8897 8169 8790 7735
8896 8358 8736 7618
8892 8259 8965 7376
8892 7960 8973 7883
8887 8850 8468 7455
8886 8280 8710 7810
8884 7989 8945 7873
8880 8763 8567 7386
8877 8693 8476 7568
8876 8393 8722 7547
8872 8462 8815 7538
8865 8740 8433 7616
8864 8877 8425 7485
8856 8368 8605 7804
8853 8571 8518 7625
8849 8610 8406 7945
8849 8474 8689 7576
8846 8455 8628 7761
8845 8476 8611 7711
8843 7959 8932 7910
8842 8028 8982 7864
8839 8366 8694 7759
8836 8347 8683 7852
8824 8520 8725 7506
8818 8468 8815 7312
8817 8514 8664 7733
8817 8112 8875 7829
8804 8228 8883 7900
8804 8106 8987 7688
8795 8361 8691 7793
8786 8465 8889 7444
8786 8316 8903 7672
8766 8407 8685 7813
8763 8282 8613 7887
8762 8650 8631 7667
8761 8231 8612 8004
8745 8220 8750 7988
8744 8537 8794 7608
8741 8615 8789 7663
8735 8206 8838 7960
8732 8632 8666 7719
8730 8506 8668 7706
8727 8620 8520 7831
8727 8116 8913 7930
8726 7930 8985 7977
8723 8867 8522 7536
8722 8456 8780 7758
8721 8170 9090 7592
8719 8616 8530 7834
8719 8551 8654 7884
8715 8737 8556 7754
8710 8050 8899 8093
8709 8434 8590 7925
8708 8372 8845 7752
8706 8480 8699 7791
8699 8256 9027 7863
8698 8581 8651 7870
8696 8263 8872 7917
8692 8003 8938 8079
8687 7963 9044 7990
8683 8486 8769 7825
8681 8784 8616 7675
8681 8744 8711 7666
8678 8911 8528 7642
8668 8380 8710 8025
8660 8254 8712 8062
8651 8283 8793 8023
8650 8353 8840 7801
8649 8380 8950 7622
8647 8664 8636 7911
8643 8030 9106 7994
8641 8074 9019 8059
8641 7940 9051 8092
8639 8276 8942 7900
8636 8699 8758 7742
8636 8138 9033 7976
8635 8684 8472 7901
8631 8656 8777 7597
8629 8010 9133 8061
8626 8552 8835 7832
8625 8374 8874 7854
8619 8509 8869 7764
8613 8440 8790 7872
8611 8200 9086 7856
8610 8397 8989 7836
8610 8300 8809 8051
8605 8326 8805 8065
8599 8603 8900 7682
8599 8368 9070 7659
8599 8269 8969 8015
8596 8048 9031 8128
8588 8418 8808 7967
8587 8475 8919 7951
8576 8351 8975 7904
8564 8336 8929 7945
8563 8542 8743 7952
8561 8561 8751 7956
8560 8558 8879 7947
8552 8054 9092 8093
8547 7998 9168 8022
8534 8265 9086 7928
8531 8342 9078 7957
8523 8364 8982 7938
8523 8151 8920 8210
8520 8177 9158 7963
8509 8522 8848 7960
8508 8274 8914 8090
8493 8163 9053 8068
8490 8221 9134 7903
8490 8203 8959 8228
8485 8058 9032 8194
8485 8038 9094 8170
8437 8577 8776 7935
9370 8352 8292 7096
9226 8630 8450 7088
9182 8596 8433 7092
9156 8739 8400 7107
8723 7882 8938 8174
8669 8081 8873 8218
9205 8309 8519 7321
9184 8488 8319 7418
9183 8649 8256 7400
9177 7948 8611 7697
9043 8830 8314 7409
9023 8557 8305 7607
8998 8268 8699 7559
8930 8544 8474 7765
8927 8866 8169 7519
8917 8876 8154 7527
8886 7969 8960 7841
8878 8602 8709 7421
8842 8778 8464 7753
8784 8671 8671 7597
8774 7938 9106 7791
8703 8454 8802 7715
8635 8689 8589 7855
8626 8329 8988 7853
9331 8518 8229 7170
9323 8614 8197 6976
9304 8559 8272 7174
9294 8506 8328 7216
9274 8539 8226 7263
9260 8576 8338 7085
9232 8532 8346 7343
9167 8422 8346 7412
9166 8791 8319 7049
9147 8754 8370 7127
9036 8551 8281 7553
8948 8521 8603 7560
8898 8624 8559 7387
8880 8608 8673 7348
8865 8518 8683 7483
8840 8127 8680 8009
8753 8056 8989 7835
8702 8145 8790 8192
8697 7974 8949 8131
8685 8165 8780 8161
8669 8015 9081 7978
8619 8039 8948 8211
9264 8375 8381 7388
9132 8128 8585 7787
9115 8469 8409 7529
9085 8315 8535 7609
9054 8090 8340 7896
9035 8565 8548 7213
9002 8328 8489 7672
8931 7967 8774 7967
8904 7838 8895 7985
8864 7775 8839 8089
8823 8493 8482 7806
8767 8109 8874 7905
8747 8421 8556 7883
8729 8420 8870 7695
8719 8349 8809 7718
8932 8674 8395 7603
8895 8670 8522 7611
9338 8283 8197 7485
9311 8366 8415 7184
9302 8301 8433 7335
9294 8601 8212 7127
9292 8523 8238 7279
9279 8276 8522 7484
9275 8312 8357 7516
9271 8205 8414 7521
9264 8288 8407 7337
9256 8560 8342 7124
9245 8214 8450 7509
9243 8254 8356 7543
9240 8146 8462 7537
9234 8635 8120 7312
9216 8124 8573 7483
9200 8197 8608 7407
9180 8214 8624 7564
9174 8474 8218 7501
9145 8111 8644 7631
9144 8707 8319 7294
9138 8699 8224 7323
9123 8771 8158 7329
9120 7987 8657 7768
9115 8640 8191 7468
9102 8205 8643 7542
9098 8792 8217 7314
9078 8288 8736 7350
9077 8443 8587 7350
9073 8854 8227 7326
9072 8754 8268 7458
9055 8034 8773 7637
9016 8754 8263 7514
9002 8632 8516 7561
8992 8209 8654 7693
8975 8071 8878 7681
8960 7981 8846 7749
8955 7978 8818 7873
8941 8744 8273 7622
8938 7978 8885 7736
8937 7885 9012 7742
8932 8164 8816 7631
8920 7967 8915 7786
8917 8925 8363 7455
8907 8629 8507 7623
8896 7796 8970 7760
8892 7920 8976 7697
8882 8640 8578 7597
8878 8813 8481 7538
8866 7939 8979 7830
8843 7876 9028 7858
8841 8684 8501 7625
8819 7855 8928 8051
8806 8460 8607 7839
8803 8823 8395 7673
8792 8861 8546 7551
8791 7878 8983 8046
8789 8467 8705 7672
8773 7849 9077 7913
8768 8348 8844 7745
8763 8107 8891 7892
8757 7895 8994 8026
8752 8357 8702 7772
8750 8389 8680 7859
8745 8101 9046 7811
8731 8761 8337 7791
8730 8081 9070 7804
8708 8550 8600 7911
8704 8654 8536 7786
8702 8683 8632 7818
8701 7849 9109 7947
8697 8487 8797 7805
8679 8038 8994 8022
8673 8552 8670 7926
8673 8000 9164 7840
8670 7947 9075 8026
8658 8030 9134 7953
8653 8140 9030 7967
8649 8041 9024 8106
8647 7891 9148 8023
8633 8266 9087 7804
8612 8091 9005 8072
8581 8416 8881 7980
8553 8291 9022 7980
8551 8427 8783 7999
8541 8221 9048 8037
9406 8426 8110 7302
9394 8330 8187 7270
9337 8219 8233 7496
9319 8293 8300 7421
9306 8291 8304 7514
9301 8582 8159 7278
9295 8279 8392 7473
9292 8249 8311 7537
9279 8566 8115 7324
9257 8076 8475 7608
9242 8186 8275 7687
9233 8668 8307 7122
9232 8115 8405 7705
9225 8371 8359 7525
9224 8017 8407 7801
9210 8735 8148 7199
9206 8694 8390 7084
9194 8120 8478 7715
9190 8048 8604 7566
9180 8664 8352 7264
9169 8703 8424 7200
9146 8250 8456 7666
9139 8006 8551 7863
9135 8679 8294 7317
9129 8085 8634 7643
9112 7940 8633 7818
9107 8330 8548 7432
9100 8853 8234 7155
9099 8664 8385 7311
9099 8076 8600 7762
9095 7989 8616 7950
9087 7973 8624 7857
9082 8819 8185 7307
9081 8080 8625 7776
9073 8065 8549 7971
9071 7996 8602 7803
9067 8016 8564 7815
9064 8274 8618 7623
9044 8854 8355 7218
9031 8086 8616 7911
9029 8620 8498 7481
9028 8829 8440 7211
9013 8594 8632 7101
9005 8275 8514 7786
9002 8014 8650 7959
8995 8506 8467 7704
8966 8206 8718 7612
8959 8706 8474 7474
8948 7915 8654 8011
8942 8650 8348 7616
8936 8038 8843 7922
8933 7867 8782 7976
8928 8967 8405 7273
8919 7867 8865 7944
8903 7878 8867 7998
8885 8555 8610 7527
8882 8035 8841 8054
8872 8046 8637 8067
8859 7861 8917 8042
8804 8761 8508 7628
8802 7917 8890 8068
8801 8040 8862 7996
8793 8911 8520 7453
8760 7987 8855 8152
8753 7951 8970 8031
8751 8364 8901 7687
8749 8614 8716 7643
8737 7898 8956 8040
8734 7961 8948 8122
8703 8183 8931 7826
8700 8577 8657 8002
8669 8410 8869 7757
8667 8343 8889 7850
8655 7878 9090 8061
8631 8748 8757 7635
8607 8119 9026 8052
8581 8013 9189 7965
8579 8274 8997 7859
8558 8013 9204 7912
8551 8040 9162 8101
8512 8249 9025 8031
8508 8371 8905 8008
9239 8441 8404 7208
9205 8452 8504 7307
9204 8708 8035 7297
9067 8116 8737 7564
8896 8131 8908 7429
8784 8191 9008 7718
8778 8600 8592 7839
8531 8194 9161 7908
8517 8139 9139 8001
9374 8000 8272 7442
9330 8083 8416 7651
9326 8232 8266 7462
9324 8293 8336 7318
9323 8181 8392 7402
9315 8347 8317 7460
9313 8511 8241 7243
9307 8593 8256 7184
9301 8353 8312 7357
9293 8621 8166 7160
9280 8663 8162 7125
9275 8634 8273 7251
9265 8628 8196 7287
9263 8636 8205 7128
9247 8433 8288 7396
9227 8070 8482 7530
9225 8782 8140 7229
9215 8571 8375 7235
9214 8131 8447 7629
9203 8490 8349 7302
9192 8467 8126 7432
9191 8741 8239 7301
9189 8091 8557 7635
9188 8541 8322 7302
9179 8781 8226 7131
9168 8345 8483 7478
9147 8770 8125 7340
9129 8719 8340 7380
9121 8799 8409 7197
9110 8308 8578 7471
9108 8730 8289 7325
9093 8374 8525 7496
9091 8848 8330 7185
9079 8046 8728 7732
9060 7832 8793 7631
9053 8785 8321 7324
9047 8789 8262 7425
9045 8487 8514 7446
9041 8685 8279 7445
9038 8786 8350 7430
9038 8173 8668 7632
9023 8708 8422 7349
9022 8529 8545 7374
9021 8769 8238 7501
9017 8630 8477 7406
9016 8293 8520 7655
9012 8310 8437 7830
9005 8811 8371 7475
8978 7951 8769 7914
8960 8878 8351 7480
8957 8701 8474 7523
8932 8820 8290 7510
8931 8762 8529 7471
8924 8873 8424 7388
8918 8985 8331 7415
8914 8911 8517 7405
8911 8829 8543 7421
8904 8826 8389 7526
8900 7920 8882 7942
8884 7854 8954 7967
8880 8815 8508 7485
8849 8735 8596 7559
8840 7793 8931 7998
8833 8898 8499 7412
8831 7922 9027 7852
8822 8784 8626 7412
8810 7890 9087 7817
8808 7879 8901 8043
8797 8132 8940 7699
8796 7911 9002 7899
8784 7957 8890 8054
8776 7931 9011 7959
8747 8093 8914 7927
8738 8024 8987 7971
8731 7953 9077 7880
8721 7970 8976 8050
8715 7888 9050 7963
8710 7986 9039 8001
8709 7868 9098 8054
8707 8026 9017 8066
8705 8575 8613 7840
8665 8495 8696 7888
8657 8164 9014 7948
8656 8788 8682 7662
8641 7834 9055 8117
8591 8135 9007 8064
8579 8186 9062 8020
8569 8363 9050 7888
8557 8550 8898 7788
8553 8160 8852 8182
8548 8301 8976 8089
8511 8343 9047 7999
9400 8288 8247 7194
9396 8272 8310 7134
9393 8331 8215 7224
9383 8385 8193 7188
9353 8436 8102 7390
9343 8262 8266 7458
9343 8212 8370 7359
9330 8366 8273 7344
9329 8435 8401 7049
9329 8369 8289 7329
9325 8192 8222 7529
9323 8231 8385 7530
9313 8366 8249 7471
9305 8355 8166 7551
9278 8495 8411 7125
9276 8506 8128 7425
9276 8210 8405 7559
9275 8444 8255 7435
9270 8364 8335 7495
9247 8563 8295 7268
9243 8238 8380 7523
9239 8650 8275 7186
9237 8330 8514 7310
9233 8386 8430 7499
9227 8101 8557 7497
9226 8422 8333 7439
9210 8238 8544 7137
9210 8056 8523 7637
9205 8378 8280 7504
9204 8275 8371 7619
9189 8301 8622 7468
9167 8410 8448 7363
