167825 2460.31
9912 8057 7256
9894 8172 7203
8280 7125 9379
7488 10014 7375
6963 7293 9760
6864 7882 9671
7815 7157 9584
7027 7622 9724
6890 7599 9736
7597 7231 9650
7052 7552 9743
6940 7434 9755
8479 9669 7951
7374 7197 9703
6989 7486 9747
7001 7286 9759
6914 7825 9678
7800 7586 9525
7196 7631 9712
7500 7790 9641
7128 7352 9752
8171 9096 8792
9674 8638 7813
7925 9925 7651
7956 9887 7825
7108 7408 9750
8931 9372 7482
9623 8351 8112
9834 8349 7452
7221 7564 9712
8610 9548 7800
8562 9256 8485
9214 8627 8568
9842 8358 7412
9336 8950 7972
9353 8893 7932
7624 7185 9641
7323 7721 9674
9885 8180 7272
9748 8483 7512
8011 8725 9051
7826 9960 7606
9167 8975 8288
7930 9906 7769
9577 8693 7621
9909 7984 7325
7365 7249 9714
8156 9852 7823
7231 7473 9739
7251 7675 9695
9658 8401 7868
8019 9870 7702
8292 9789 8038
9196 8843 8295
9738 8498 7643
9707 8527 7790
8954 7901 8816
7795 7660 9552
8820 8408 8852
7149 7421 9742
9257 9029 7994
8222 9275 8638
9791 8475 7432
9901 8088 7239
7595 7306 9635
9783 8332 7591
9887 8204 7215
9455 8767 7925
7710 9973 7569
7897 7523 9510
7582 9325 8662
8518 9430 8339
9881 8195 7315
9837 8209 7465
8637 8937 8717
8486 9108 8709
7299 7764 9681
9061 8467 8742
9096 9139 8000
9824 8375 7347
8177 7648 9398
8229 9698 8170
8428 9189 8556
9509 8748 8074
9084 8127 8687
7411 8715 9201
7158 7511 9719
7137 7541 9713
9398 8880 8029
9587 8677 7775
8404 8269 9124
9130 9149 7879
8150 7746 9383
8338 8462 9189
6925 7390 9760
7855 9944 7505
7240 7498 9730
8812 9454 8092
7340 7270 9699
8870 9348 7984
8692 9182 8518
7844 9931 7614
9797 8216 7602
9483 8832 7663
9118 8885 8428
7762 9389 8568
9534 8762 7630
8564 8543 9023
9866 8087 7384
7414 7577 9688
8250 9246 8622
9808 8423 7522
9882 8173 7294
9867 8245 7336
8972 8148 8810
7563 8297 9445
7866 9020 8835
8035 7652 9435
7640 8024 9545
9527 8797 7900
7285 7332 9726
9238 9061 7634
9074 8301 8696
7080 7482 9750
7183 7863 9658
8885 8037 8876
9317 8985 8023
8364 8373 9217
7905 7914 9452
8306 9133 8670
7321 7362 9705
8406 9448 8282
8161 8396 9240
9803 8072 7562
9284 8925 8081
8550 7857 9163
8914 9170 8228
9762 8470 7706
7187 7818 9666
7539 7606 9643
8199 8168 9291
7649 8031 9507
7738 7453 9602
7695 9985 7583
9246 8568 8443
8586 8422 9001
8327 9774 7844
8391 9510 8240
7129 7321 9752
9899 8131 7228
7261 8253 9460
8045 8289 9285
7422 8012 9595
8235 7705 9373
7462 8453 9311
7592 10004 7489
8193 8856 8910
7978 9828 8014
9860 8232 7362
8606 9591 7758
9850 8320 7440
7987 7958 9430
8081 9858 7843
9852 8186 7406
7481 7568 9653
8354 9736 7767
8436 9197 8506
7575 8442 9336
7285 7462 9708
8699 7871 9116
7918 8221 9355
8129 9223 8765
7392 9007 8927
7725 9053 8896
9414 8623 8254
7176 7641 9711
8183 9726 8050
7946 8076 9422
9893 8089 7286
9686 8571 7689
7980 9837 7847
9612 8523 8008
7819 9943 7671
8643 9291 8466
8964 8431 8758
9410 8383 8443
8418 8455 9105
9496 8808 7862
8918 8370 8827
7612 8047 9482
7789 8991 8946
9435 8865 7852
8751 8996 8529
8796 9312 8205
8209 7920 9358
7836 8417 9266
8630 9412 8251
7888 7613 9512
7973 9562 8368
8567 9575 8071
9446 8818 7977
7516 8561 9225
8095 9629 8233
8583 9047 8614
7099 7962 9612
8861 7842 8900
7525 8133 9538
8371 8739 8929
8068 8228 9319
9768 8437 7552
9564 8661 8085
8944 9314 7747
7167 7501 9732
8590 9519 8143
8767 9162 8451
9851 8295 7400
8539 8740 8823
7984 8513 9228
8625 8226 9074
8166 9499 8388
9860 8278 7354
8603 8706 8933
8659 8588 8970
9104 8976 8196
7469 7379 9670
7281 8000 9604
8555 7986 9130
8086 9382 8541
8595 9597 7903
7812 7968 9487
8778 9359 8174
9295 8658 8321
7359 7878 9609
7780 7895 9490
8878 9214 8276
7550 7937 9558
9698 8551 7679
8383 8408 9150
8897 9072 8353
7962 8875 8916
8137 8703 9042
9308 8576 8399
8803 8671 8690
8351 8621 8998
8772 8573 8862
7446 7993 9562
7455 8140 9469
8433 8082 9182
8297 9743 7884
7662 7975 9501
7706 7532 9592
8003 8129 9390
7790 9468 8512
8505 7731 9169
7622 7394 9620
9513 8687 8110
8928 9232 8148
7432 7415 9691
8446 9436 8400
8495 8161 9094
7985 8791 9062
8063 9525 8365
8508 9659 7911
7717 7949 9494
8742 9038 8494
7271 8968 8956
8717 8912 8705
8053 9750 8061
7676 7692 9596
7067 7567 9726
7753 9966 7496
7880 8238 9371
7531 8916 8987
7383 8556 9309
8428 9680 7714
7717 7809 9566
9281 8111 8471
9542 8677 7892
8386 9616 8214
8530 9640 8087
7689 9991 7533
9002 8839 8583
9364 8529 8363
9347 8944 8033
9133 9125 8183
8732 8909 8730
8451 8611 8981
8029 8939 8883
8686 9494 8123
7773 7279 9587
8470 9120 8601
8258 8847 9033
9008 9144 8263
7399 8043 9576
9272 8465 8434
9469 8708 8191
8427 9302 8576
8072 9332 8659
8086 9621 8259
9815 8342 7473
7941 7246 9453
9774 8134 7656
9693 8601 7475
8275 7925 9306
9174 8900 8218
9043 9218 8022
8692 9466 7734
8784 8754 8675
9727 8398 7805
9110 8362 8609
8315 9022 8780
8124 9822 7973
7602 7272 9630
8491 9651 8040
9601 8679 7677
8664 9399 8230
7549 7849 9631
8464 8312 9100
7748 8533 9270
8399 8334 9141
7631 7771 9589
7666 9997 7532
8726 7833 9025
9545 8673 7939
8189 9604 8300
8335 7800 9259
7940 8906 8951
8702 9037 8496
9875 7944 7376
8295 9686 8063
7682 7509 9617
8733 8852 8723
8104 8710 9175
9145 8991 8162
8024 9756 8117
8454 9635 8153
8226 9812 7873
9262 8957 8133
8852 8603 8774
8100 8862 8975
7813 7443 9548
8527 8782 8805
8655 8117 9085
8110 8102 9345
8926 9342 8138
7614 9241 8750
8079 8234 9300
9012 8850 8460
7091 7768 9675
9150 8816 8299
8536 9162 8596
8144 9539 8319
7860 9442 8397
7593 7734 9624
8841 8281 8962
7403 7378 9694
9782 8354 7540
8473 8239 9067
8137 8510 9110
7521 8318 9414
7749 9533 8379
9383 8785 8222
8378 9459 8384
7997 8227 9330
9070 8822 8526
7313 7594 9706
9189 8387 8594
9555 8714 7867
7970 9891 7615
8978 8059 8756
8900 8479 8769
8315 9002 8875
9376 8815 8042
8908 8248 8838
8429 8198 9158
9122 8648 8607
8359 7751 9281
9389 8798 8159
8942 9285 8053
7823 7837 9520
7573 7778 9600
9611 8659 7742
8674 9213 8475
7338 8046 9569
9572 8643 7863
8799 7679 9037
9330 8593 8355
7588 8432 9278
8010 8106 9351
7849 8416 9407
8930 8504 8652
8835 9204 8308
8126 9808 7946
7436 7689 9671
9436 8872 7719
8857 9282 8246
8681 9495 7529
8848 9357 7920
8494 8756 8844
9822 8121 7472
8526 9487 8237
9720 8539 7579
8204 9335 8578
8463 9589 8134
7701 7614 9573
8510 8159 9084
8759 9345 8347
8510 8946 8633
8325 7842 9246
7407 9124 8868
8828 9384 7943
7968 9878 7813
8757 8809 8679
8378 9713 8052
8238 9722 8104
7968 9903 7637
9035 9009 8361
8948 9014 8499
7347 7701 9667
9889 8095 7315
9660 8458 7860
8553 9569 8167
8040 8922 8889
8262 9796 7724
8319 9480 8320
8982 9052 8335
9872 8238 7259
9233 9077 7857
7656 8549 9253
7694 7890 9500
8833 9082 8371
9184 8875 8211
8838 9142 8329
9790 8306 7567
9325 8625 8393
9008 9211 8099
8228 8488 9139
9224 8828 8276
8670 9419 8180
9224 9113 8116
8244 9798 7857
8949 8682 8625
8348 9483 8242
8116 8536 9168
7854 7757 9475
7277 7910 9619
9267 8801 8413
7755 9964 7557
8792 8945 8586
7308 8610 9225
8054 9862 7791
8620 8141 9088
8944 8724 8644
8728 9284 8417
9618 8487 7917
8458 8020 9221
9659 8651 7545
8576 9301 8431
9719 8473 7661
8844 8956 8537
8573 9422 8195
9593 8540 7983
9301 8917 8121
9456 8822 7850
7444 7193 9680
8718 9049 8484
9266 8965 8068
7534 8175 9463
8976 9293 7809
8241 7800 9365
8079 9863 7691
8223 9089 8751
9048 9027 8188
8400 9404 8461
9742 8548 7439
9177 8814 8301
8800 8502 8800
8266 7930 9256
7995 8869 8893
7350 8250 9459
7558 8360 9408
7767 8099 9473
8995 9135 8309
8617 8717 8807
7266 7455 9723
9380 8952 7728
7852 8389 9341
9022 9037 8352
8586 7781 9121
8085 9765 8053
8142 8016 9419
8268 8689 8967
9029 8924 8405
8990 8923 8408
8300 9717 7869
8218 7835 9366
9477 8400 8177
9055 9242 7908
8744 9194 8375
9052 8912 8314
