3 0.212864
21429 20514 21663 21383
21394 20482 21831 20923
21342 21052 21227 21225
21319 20776 21609 21222
22124 20478 21378 20864
21780 20349 21507 21291
21653 20800 21753 20855
21466 20637 21299 21369
21414 20730 21399 20885
21287 20728 21213 21523
21256 20784 21704 21812
21190 20998 21969 21548
21149 21022 21628 21392
20887 20433 21774 21570
22038 20226 21953 21589
21902 20515 21012 21495
21637 20301 21505 21863
21484 20844 21109 21137
21305 20255 21549 21492
21143 20150 22052 20778
21080 20460 21243 22167
21943 20713 21875 20900
21778 20917 21525 20684
21534 20264 21552 20944
21491 20294 21879 21254
21260 21153 21547 21870
21146 21539 21324 20757
21093 21003 21810 21075
20964 20415 21720 21724
20943 21186 21146 21007
20853 21324 21372 21081
20634 20159 22004 22141
20457 21127 21570 20488
20289 20218 21999 21050
