12630 900.584
28260 27334
27839 27803
27095 28426
27569 28060
27789 27857
27349 28248
27375 28224
28133 27489
27801 27844
28270 27320
27206 28352
28243 27353
27404 28203
27024 28472
27502 28119
27166 28377
27076 28434
27134 28398
28363 27188
27430 28179
27776 27868
27556 28076
27417 28188
26860 28561
27452 28162
28612 26765
28697 26574
27180 28371
27893 27756
27029 28463
28599 26794
27597 28034
28668 26654
28190 27429
28109 27519
27811 27834
27943 27694
27675 27963
28258 27336
28665 26666
26993 28490
27142 28395
28222 27383
27751 27897
27496 28126
27068 28443
28698 26572
27471 28148
27984 27657
27363 28236
27334 28259
26996 28486
27098 28424
26870 28559
27263 28314
27215 28347
27125 28405
28511 26950
27674 27964
28372 27184
27882 27759
28544 26896
28284 27307
27042 28462
27050 28461
27156 28382
26958 28518
28286 27300
27784 27866
28229 27379
28272 27315
26972 28505
28471 27029
28297 27284
28289 27296
28488 27008
28119 27515
27168 28375
28591 26828
28356 27205
28311 27274
28104 27528
28388 27162
28332 27244
27344 28250
28593 26802
27204 28354
28018 27623
28578 26845
28503 26962
28472 27021
28410 27129
28360 27197
28532 26925
28064 27574
28567 26864
28459 27051
28323 27249
28617 26764
28220 27398
27853 27800
28468 27040
28670 26646
27673 27966
28507 26961
28357 27203
28729 26523
28027 27609
28257 27340
28461 27044
27399 28209
27643 27993
28426 27106
28636 26737
27859 27792
27258 28315
27912 27736
27063 28452
27209 28350
28045 27589
28790 26370
28610 26771
28207 27409
26853 28569
27395 28211
27770 27883
27590 28049
28719 26542
27554 28084
28051 27584
28603 26788
26963 28506
28180 27434
28039 27599
27235 28331
28367 27186
28520 26944
27927 27728
28478 27014
28232 27377
27637 28005
27357 28246
27613 28031
27834 27813
28680 26632
28734 26500
28751 26464
28337 27235
28809 26319
28556 26875
28446 27079
28153 27471
27833 27819
28521 26937
27668 27976
27595 28042
28801 26358
27521 28110
27835 27806
27881 27760
27564 28071
27942 27707
28625 26746
28178 27444
26800 28596
27372 28234
28722 26533
28454 27062
28312 27271
28168 27459
27511 28117
28162 27462
28477 27019
28447 27063
28592 26808
28404 27136
28237 27367
28341 27231
28731 26513
27719 27931
28653 26697
28085 27546
27873 27772
27692 27954
27172 28372
26921 28536
27814 27832
27773 27877
28502 26973
27566 28064
28676 26638
28358 27202
28743 26482
28293 27294
27483 28146
28070 27572
28126 27504
26888 28553
28346 27222
28351 27221
27953 27688
28429 27096
27841 27802
26782 28604
28620 26753
28322 27261
28756 26457
28362 27194
27711 27934
28399 27148
28132 27496
26895 28547
28618 26757
28598 26800
27296 28292
28143 27487
28011 27640
26932 28529
28098 27541
27742 27910
27868 27784
27568 28061
27565 28069
28054 27578
27875 27770
27429 28186
27964 27681
27933 27718
28083 27550
27817 27828
27971 27672
27154 28386
28209 27407
28281 27311
27164 28379
27897 27748
28254 27350
27482 28147
28440 27082
27655 27989
28714 26553
27980 27664
27871 27776
27633 28009
27828 27826
27132 28404
28175 27451
27163 28381
27075 28441
28542 26901
27333 28261
27112 28414
28476 27020
26743 28625
26664 28633
26689 28632
28241 27356
27454 28160
27733 27913
27341 28254
27683 27959
27318 28277
27698 27951
27282 28307
26814 28590
28262 27329
28438 27087
27715 27932
27107 28423
28621 26751
27015 28478
27223 28344
26897 28546
27904 27741
28739 26496
28609 26775
27902 27745
28557 26870
28417 27108
27202 28360
28690 26594
27245 28329
27999 27643
27303 28283
27663 27978
26642 28636
27194 28365
28131 27499
28040 27596
28703 26567
27489 28141
28050 27585
27969 27678
27005 28482
27448 28170
27864 27786
28498 26987
28747 26479
27374 28229
27332 28262
28706 26563
26883 28554
27527 28106
28725 26524
27989 27651
27555 28078
28024 27622
28436 27089
28121 27505
28763 26445
28299 27283
26614 28637
27672 27968
27288 28300
28782 26374
28569 26849
27585 28055
27567 28062
27759 27888
27327 28276
27084 28429
28460 27047
27229 28337
27145 28392
28403 27141
28310 27277
27795 27852
27465 28159
28516 26945
27727 27927
27753 27891
28033 27604
27580 28057
27403 28205
28689 26609
28682 26615
27298 28284
28501 26974
27335 28256
27808 27836
26904 28537
27639 28001
28550 26894
28552 26883
28733 26508
28537 26913
27387 28220
28264 27328
27536 28095
28015 27629
28660 26667
27746 27900
28493 26997
27528 28102
27974 27667
27877 27766
27551 28088
27940 27708
28638 26724
28047 27587
26841 28581
26539 28658
28693 26591
27707 27938
26928 28534
28831 26175
27534 28097
26847 28574
27652 27992
28659 26676
27294 28298
28582 26830
27391 28218
27596 28036
27253 28328
26547 28649
28565 26866
27687 27955
28642 26718
27947 27692
27656 27982
28777 26431
28572 26846
28779 26376
27415 28197
28666 26655
26597 28647
28296 27292
28750 26478
27930 27720
27624 28019
28607 26783
28393 27159
27441 28174
27562 28073
28822 26295
27591 28044
27498 28124
27386 28221
27451 28166
26859 28568
27869 27780
27730 27916
26842 28580
27960 27684
28382 27176
27992 27648
27495 28134
26937 28525
27704 27943
27358 28243
28202 27418
27012 28480
28074 27561
27001 28483
27078 28433
26979 28494
27703 27944
27798 27846
28709 26560
27439 28178
27028 28466
