10541 291.807
19080 18776
18821 19105
18989 18901
19112 18738
19008 18884
18775 19150
18941 18976
18968 18948
18918 19002
19148 18651
19052 18816
18666 19261
18949 18964
18931 18979
19114 18721
18678 19253
18946 18970
19257 18425
19261 18423
19078 18790
18923 18996
19200 18576
18846 19077
19058 18808
19187 18581
18982 18913
18898 19033
18659 19265
19175 18626
18583 19336
19005 18885
18759 19170
19222 18510
19043 18826
19183 18619
19021 18873
19242 18495
18764 19164
19216 18535
19161 18636
18672 19259
18841 19089
18972 18934
18702 19217
18026 19732
17789 19832
17987 19759
17813 19831
19095 18758
18068 19708
17989 19749
18958 18951
17841 19802
19083 18763
19215 18540
17927 19779
18835 19095
18017 19736
18893 19039
18263 19576
18441 19462
19249 18490
18220 19606
18093 19704
18361 19520
18173 19641
19082 18774
17814 19820
17831 19803
19141 18679
18393 19487
18736 19193
18460 19434
18063 19712
19136 18710
18152 19654
18921 18999
18363 19517
18953 18961
18248 19593
18781 19146
18394 19485
18508 19409
19147 18669
18843 19086
18060 19718
18319 19547
19144 18677
18811 19128
18863 19071
17907 19792
18742 19186
18138 19661
18888 19045
17709 19840
18728 19206
18637 19297
19066 18801
18235 19594
18608 19323
18954 18953
18427 19466
19254 18432
18257 19592
18766 19159
18576 19356
17995 19745
18657 19270
18416 19471
18227 19600
18834 19101
17937 19774
18364 19511
18424 19467
18276 19575
18040 19719
17868 19800
19059 18802
17876 19799
18682 19248
18182 19637
18371 19492
18491 19421
18518 19403
18983 18911
18294 19555
18234 19596
18845 19078
18196 19619
18212 19613
18075 19706
18606 19332
18486 19426
18259 19582
18613 19322
18656 19281
19096 18754
18526 19386
18642 19291
18194 19624
17946 19760
18150 19655
19231 18507
19036 18835
18289 19563
18211 19616
18927 18994
18623 19319
18143 19658
18578 19337
19209 18573
18311 19551
18281 19570
18344 19526
18566 19368
18407 19483
19068 18800
18816 19108
18329 19544
18343 19528
19168 18631
19049 18819
19160 18643
19029 18861
18756 19182
18549 19382
17938 19770
18590 19333
18978 18923
18369 19500
18111 19683
18452 19449
18129 19678
18880 19061
18168 19653
18701 19223
18624 19309
18768 19151
18391 19489
18997 18900
18875 19067
18136 19666
18902 19017
18830 19103
18262 19580
18731 19197
18801 19141
18791 19144
18502 19418
18457 19441
18410 19475
18012 19742
18910 19009
18411 19472
18695 19224
18691 19238
18710 19212
18341 19541
18103 19693
