101192 1920.33
23581 23471 23263 22821
23574 22772 24156 23666
23086 23528 23397 22968
22654 23823 22555 22537
22787 23532 23357 23134
22318 23538 22865 23231
23244 23638 22823 22734
23014 23666 23276 23058
23154 23497 23430 22688
23078 23526 23792 23553
23506 22189 24355 23554
23891 22686 23022 23596
23608 23414 22815 23133
23641 22824 23897 23392
23451 22775 23993 23724
23651 23483 23156 23099
23269 23619 23360 22952
22968 23764 23000 22489
23261 23528 22775 23580
23026 23626 23608 23011
23747 22825 23565 23216
24259 22662 22533 22766
23129 23529 23893 22949
23832 22908 23442 23554
23842 22938 22535 23278
23387 23210 24178 22475
23755 22408 23663 23242
24007 22854 22706 23398
24109 22637 23247 23075
23592 22893 22895 23747
24051 22683 23177 23182
23717 22889 23798 23627
23634 22696 23031 23710
23555 22704 24330 22712
23159 23064 24091 23339
23696 22885 22877 23801
23356 22509 23844 24123
24197 22965 23983 22643
23250 23553 23415 22242
22772 23800 23843 23054
23731 23399 23383 23203
23943 22816 23633 23372
23298 23078 24073 23149
23097 22848 24425 22787
23321 23635 23355 23109
24073 22388 23552 23185
23953 22594 23466 23834
23366 23150 24052 23363
23635 23153 23530 23334
23334 23286 24124 23121
23141 22966 23041 24086
23724 23148 23625 23355
23440 23600 23188 22458
23281 23301 23065 23903
23024 22820 24314 22977
24176 23351 23283 22966
23633 23391 23791 22533
22627 23120 23504 24138
23235 23014 23910 23690
23248 23376 23898 23567
23581 23471 22897 23130
23303 23165 24271 23067
23598 23418 23934 23054
23841 22786 23513 23488
23533 23472 23866 23814
23457 22780 23798 24071
23223 22855 24027 23417
23601 23210 23782 23600
23803 23394 23244 22991
23787 23091 23441 23419
23536 22994 23797 23340
23279 23046 24118 23411
23182 23513 23414 23107
24024 23201 23821 23201
23647 22611 24513 23264
22687 23340 23377 23940
23720 22996 22978 23567
23064 23457 24060 23912
23706 23375 24037 23311
23704 23181 23674 23313
23419 23496 23285 22818
23754 23252 23266 23081
23792 22577 23904 22871
23713 23200 23203 23623
22619 22674 23211 24248
22966 23006 24093 23427
24121 22776 23164 23566
23382 23143 23478 23918
23166 22927 23102 24036
23518 23122 24255 22958
23196 22858 23541 23976
23504 23490 23018 23085
23674 23055 23620 23697
23977 22734 23334 23290
23611 23370 23078 23312
