110391 1740.41
4048 3408 3167
3533 4033 2921
3439 3153 3861
3309 3191 3922
3260 4116 2951
3025 4061 3294
3064 4059 3270
3104 4051 3317
3544 4026 2989
3570 4025 3013
3632 3993 2974
3578 4023 2932
3304 4103 2982
3053 4015 3409
3253 4110 2963
3320 3167 3905
3449 4059 2939
3266 3446 3847
3112 4090 3167
3424 3250 3871
3384 3599 3711
3316 3231 3896
3469 3503 3754
3660 3317 3718
3699 3531 3621
3344 4092 3042
3186 4095 3162
3314 3275 3912
3932 3358 3462
3053 4056 3279
3037 4053 3298
3735 3204 3668
3858 3160 3566
3453 3198 3844
3877 3665 3314
3569 3398 3735
3802 3701 3345
3434 4064 2961
3904 3683 3170
3429 3177 3886
3654 3613 3644
3992 3346 3351
3835 3219 3583
3810 3183 3599
3638 3982 3070
3633 3342 3732
3230 3931 3504
3299 3277 3890
3501 3480 3742
4042 3462 3120
3331 4060 3256
3221 4068 3189
3846 3714 3195
3840 3603 3389
3118 3949 3483
3523 3175 3812
3743 3844 3224
3691 3970 3052
3198 4115 3059
3614 3567 3651
3609 3309 3744
3415 3581 3715
3885 3703 3158
3247 4107 3049
3128 3925 3529
3959 3606 3125
3412 3771 3588
3971 3273 3425
3819 3777 3154
3710 3897 3137
3271 3387 3868
3162 3946 3476
3989 3475 3250
3282 3240 3916
3716 3470 3613
3037 4019 3374
3514 3241 3806
3746 3826 3360
3599 3854 3449
3799 3834 3151
3461 3579 3694
3982 3305 3377
3870 3716 3122
3831 3290 3576
3693 3943 3086
3397 3459 3794
3678 3782 3440
4012 3313 3346
3432 4070 2951
3308 3364 3876
3311 3215 3914
3860 3708 3259
3467 3258 3832
3341 3266 3892
3968 3427 3316
3262 4081 3169
3638 3406 3722
4014 3336 3340
3399 3477 3791
3733 3355 3689
3938 3659 3107
3134 4109 3085
3926 3374 3490
4008 3442 3234
3562 3383 3780
3505 3267 3806
3851 3749 3185
3421 4073 3018
3169 4020 3361
3173 4075 3211
3276 4032 3336
3123 4021 3359
3025 4102 3121
3770 3821 3176
3681 3593 3614
3795 3323 3603
3876 3671 3263
3787 3297 3624
3594 3234 3767
3682 3967 3081
3370 3622 3706
3763 3801 3237
3677 3431 3658
3390 3224 3903
3243 3973 3434
3235 3976 3421
3664 3401 3685
3768 3706 3413
3348 3918 3442
3625 4004 3026
3965 3576 3143
3612 3287 3761
3225 3961 3458
3494 3330 3820
3456 4029 3178
3490 4005 3212
3437 3252 3864
3898 3710 3146
3233 3895 3541
3573 3390 3748
3209 3928 3507
3132 4101 3100
3979 3574 3104
3197 4043 3275
3165 4087 3164
3829 3766 3198
3486 3479 3772
3444 4010 3193
3238 3333 3878
3354 4086 3046
3285 3281 3903
3255 3922 3500
3214 4066 3213
4039 3353 3273
3824 3225 3592
3511 3720 3605
3511 3618 3675
3976 3482 3297
3554 3239 3789
3945 3498 3370
3533 3187 3800
3345 4041 3290
3190 3979 3421
3463 3372 3831
3956 3560 3324
3774 3754 3241
3749 3876 3141
3670 3775 3451
3598 3768 3523
3542 3987 3205
3942 3404 3416
3484 3590 3682
3450 3841 3498
3327 3934 3483
3138 4079 3218
3423 3282 3850
3380 3329 3859
3566 3759 3546
3200 4084 3195
3499 3212 3825
3418 3217 3880
3319 4098 3066
3189 3992 3431
3351 3915 3463
3730 3370 3638
3347 3454 3837
4029 3410 3267
3895 3543 3437
3835 3680 3282
3793 3886 3105
3647 3957 3164
3433 4054 3036
3178 4104 3070
3474 3353 3818
3290 4090 3128
4018 3432 3221
3817 3790 3156
3726 3913 3117
3652 3906 3304
4027 3302 3317
3986 3544 3227
3909 3645 3215
3644 3950 3216
3322 3995 3401
3867 3765 3111
3523 4034 3032
3360 3965 3419
4000 3505 3219
3156 3996 3412
3159 4052 3278
3807 3341 3571
3641 3790 3486
3104 4074 3233
3762 3209 3643
3787 3586 3528
3518 3351 3795
3675 3879 3320
3666 3805 3384
3559 3838 3509
3548 3738 3566
3481 3489 3774
3577 3772 3544
3576 3271 3778
3512 3953 3356
4032 3377 3244
3866 3456 3467
3814 3799 3143
3761 3255 3634
3740 3164 3661
3617 3731 3550
3526 3789 3538
3293 3939 3482
3943 3523 3326
3808 3516 3527
3405 3292 3856
3621 3637 3609
3407 3515 3760
3394 3899 3513
3393 3909 3479
3372 3280 3888
3306 3893 3533
3296 3326 3882
3765 3506 3568
3669 3858 3332
3915 3448 3458
3911 3609 3352
3825 3727 3292
3537 3625 3664
3773 3423 3614
3751 3334 3653
3854 3674 3337
3783 3744 3348
3738 3697 3460
3776 3725 3389
3379 4054 3078
4002 3422 3286
3977 3474 3311
3688 3520 3627
3635 3693 3558
3585 3464 3727
3138 4100 3096
4022 3426 3229
3780 3558 3529
3492 3722 3630
3382 4048 3062
3364 3469 3802
3330 3998 3394
3696 3402 3658
3603 3912 3306
3217 3868 3563
3540 3565 3699
3916 3416 3469
3193 4086 3200
3921 3538 3405
3152 4047 3340
3708 3809 3366
3770 3763 3322
3295 4038 3291
3272 3294 3899
3379 4035 3132
3690 3785 3381
3441 3194 3853
3855 3528 3507
3535 3758 3582
3510 3796 3540
3459 3882 3469
3447 3830 3539
3379 3338 3869
3342 3525 3797
3251 3989 3405
3875 3619 3386
3859 3740 3149
3813 3535 3473
3709 3712 3492
3708 3547 3611
3626 3742 3532
3575 3381 3765
3402 3300 3844
3290 3945 3429
3995 3417 3302
3954 3311 3423
3812 3550 3488
3789 3601 3481
3748 3492 3594
3702 3920 3196
3630 3958 3232
3567 3884 3377
3555 3751 3549
3458 3453 3784
3409 3397 3841
3722 3628 3554
3674 3686 3519
3593 3212 3770
3534 3656 3597
3425 4000 3308
3882 3415 3497
3600 3519 3667
3368 3540 3767
3892 3672 3200
3890 3689 3181
3888 3652 3239
3667 3889 3353
3623 3253 3747
3588 3864 3396
3454 4046 3068
3374 3753 3602
3924 3654 3204
3874 3232 3537
3704 3369 3677
3745 3645 3455
3586 3388 3726
4023 3464 3220
3995 3521 3249
3823 3472 3511
3649 3784 3453
3550 3165 3801
3475 3793 3579
3326 3303 3870
3141 4002 3390
4017 3503 3186
3983 3381 3328
3786 3437 3562
3557 3510 3703
3496 3580 3679
3464 3421 3782
3376 4065 3064
3272 4099 3139
3356 4073 3121
3280 3911 3496
3147 4058 3267
4005 3511 3175
3758 3748 3350
3508 4034 3034
3208 4102 3079
3143 4053 3281
3335 4069 3147
3203 4019 3351
3867 3572 3453
3434 3849 3518
3588 3648 3636
3720 3412 3633
3582 3818 3466
3574 4009 3151
3529 3812 3535
3438 3631 3671
3403 3904 3511
3480 3361 3809
3437 4017 3266
3426 3634 3672
3756 3259 3643
3685 3901 3292
3975 3394 3391
3910 3698 3134
3689 3610 3571
3627 3831 3410
3625 3861 3374
3388 3563 3716
3461 4049 3021
3618 3553 3662
3583 3269 3785
3515 3184 3824
3483 3420 3796
3472 3533 3743
3796 3424 3556
3721 3684 3514
3666 3690 3502
3541 3938 3301
3432 3804 3551
3386 3285 3883
3365 4044 3248
3951 3495 3391
3963 3537 3273
3766 3687 3433
3659 3496 3649
3559 3871 3464
3430 3491 3787
3338 3341 3852
3742 3362 3647
3950 3384 3403
3553 4012 3134
3250 3325 3889
3463 4047 3056
3656 3779 3472
3441 4030 3208
3947 3450 3398
3581 3384 3758
3388 4032 3115
3962 3509 3298
3935 3573 3369
3880 3694 3230
3529 4022 3173
3361 4063 3119
3246 3965 3435
3900 3657 3226
3580 3469 3708
3591 3565 3660
3289 3679 3678
3781 3626 3446
3179 4070 3243
3131 4102 3090
4033 3407 3226
3183 4066 3245
3404 3816 3577
3386 3641 3701
3832 3467 3535
3546 3984 3250
3675 3660 3563
3522 3734 3591
3480 3891 3358
3426 3263 3855
3954 3443 3372
3755 3643 3489
3729 3866 3284
3706 3434 3636
3606 3651 3579
3472 3735 3594
3449 3440 3800
3447 3856 3495
3691 3779 3406
3468 3888 3381
3886 3512 3466
3723 3675 3496
3241 3954 3463
3957 3588 3209
3881 3723 3094
3699 3555 3581
3635 3508 3666
3622 3922 3245
3500 3193 3808
3462 3263 3838
3375 3367 3843
3801 3605 3402
3797 3638 3424
3732 3863 3191
3686 3486 3650
3427 3629 3700
3338 3929 3442
3607 4001 3088
3241 4062 3204
3790 3355 3562
3719 3376 3660
3596 3859 3412
3468 3388 3813
4003 3556 3183
3936 3551 3330
3605 3663 3589
3522 3285 3798
3417 3589 3705
3386 4069 3023
3871 3391 3507
3519 3998 3226
3832 3811 3093
3620 3950 3262
3410 3872 3517
3366 3438 3823
3479 3729 3614
3149 4031 3346
3941 3436 3399
3754 3638 3494
3227 3334 3899
3863 3407 3523
3657 3848 3377
3701 3874 3320
3593 3936 3331
3345 3869 3524
3889 3678 3182
3547 3486 3715
3294 4076 3147
3742 3546 3547
3782 3692 3371
3706 3907 3191
3672 3635 3604
3661 3839 3373
3226 4013 3388
3484 3436 3775
3345 3557 3763
3772 3745 3388
3527 3366 3794
3498 3663 3662
3672 3811 3367
