1511 3548.52
18607 16646 16655 15440
17390 17281 17732 14568
16891 15198 17222 17418
16661 17238 15080 17637
16123 16421 18773 16429
16002 18541 16365 16032
15608 16300 16543 18379
14573 17297 17635 17491
16843 15283 17203 17677
14616 17367 17644 17460
17537 17286 17698 14605
16574 15365 17387 17420
16582 15335 17143 17634
17364 17243 17833 14649
17493 17301 17626 14640
16208 16489 18764 16415
17487 17261 17678 14620
16679 17298 15088 17502
16780 17232 15115 17579
17529 17236 17718 14672
16901 17159 15110 17514
16696 17304 15140 17463
14627 17178 17572 17647
17048 16954 15181 17469
17567 17206 17681 14750
18596 16576 16668 15416
16128 16562 18745 16350
16651 15316 17307 17602
17456 17336 17678 14790
16603 15718 18107 16844
17462 17349 17658 14689
16033 16598 18689 16331
16683 15378 17240 17571
17348 15304 17198 17001
16754 16984 15170 17613
16907 17104 15146 17537
14638 17384 17639 17348
16210 16550 18477 16459
16245 15414 17315 17666
17628 17310 17395 14776
17417 17240 17751 14615
16780 15427 17114 17596
16032 16838 18629 16306
16615 17252 15154 17701
17170 15454 16970 17372
17354 17285 17796 14713
16116 18529 16432 16136
17467 17266 17724 14732
15270 16518 17327 17946
16354 15422 17388 17584
16129 16040 18209 16865
16643 17649 15804 16853
16496 16994 15534 17841
16680 16944 15459 17646
15913 16742 18732 16245
14652 17288 17569 17575
16169 18506 16373 16202
17440 17237 17813 14926
16009 16307 16545 18162
17503 17062 15646 16623
14869 17235 17904 17304
16270 15685 16758 18063
16351 15437 17456 17461
16852 17532 15297 17124
18438 16493 16970 15285
16955 15291 17311 17291
17983 16998 17253 14885
14749 17299 17587 17425
16438 17393 15448 17435
15909 16160 16520 18358
15533 16871 18200 17003
14641 17284 17553 17603
18586 16602 16528 15476
16179 15765 16704 18118
16502 16422 18452 16016
15405 16256 17173 18283
15366 16962 18100 17047
16986 16932 15283 17456
14656 17238 17566 17629
17453 17166 17780 14869
16591 16606 15355 17866
17590 17272 17672 14742
17856 16910 17459 14847
17350 17282 17782 14832
15937 18246 16632 16633
17530 17177 17621 15070
16662 18181 16283 16156
16096 17811 15897 17033
15599 16758 18148 17050
15872 18302 16550 16397
16202 15925 16418 18144
14758 17347 17617 17415
17144 17223 15248 17178
15052 16953 17531 17783
17098 17187 15757 16937
16899 17066 15239 17566
16895 15328 17236 17349
18448 16526 16946 15479
15712 16881 18558 16419
17365 15534 17072 17182
16528 16340 18399 15822
16766 17184 15585 17433
17092 17604 16942 15726
16734 16677 18194 15815
17692 17110 17541 14827
15834 16434 17018 18213
17035 17029 15570 17229
15984 15883 17489 17703
15624 16827 18227 16869
15837 18370 16568 16292
16125 18313 16690 16143
17154 16128 16782 16885
15951 15996 16642 18278
17266 17167 15290 16988
15286 16294 17215 18181
17822 17070 17446 14863
15972 18521 16425 16163
16765 16071 18272 15764
17370 17383 17598 14840
17049 17340 15560 17080
17724 17145 17526 14773
17429 17370 17605 14762
16676 15677 16633 17771
17698 16733 17741 15015
18553 16650 16638 15436
17240 17083 17425 15532
14890 16824 17848 17563
17579 16864 15687 16758
16431 15662 17281 17674
16213 18535 16437 16093
17136 16788 15665 17165
15825 16428 16627 18249
17597 16002 17091 16528
15956 18141 16335 16626
16465 18176 16422 16219
15881 18029 16514 16671
16377 15986 18261 16677
16671 17429 15318 17391
17700 16167 16946 16565
16388 15478 17035 17756
18486 16783 16713 15672
16276 15707 16835 18023
18496 16621 16752 15424
15058 17071 17552 17615
16596 17941 15931 16806
16522 17866 16092 16842
16021 18517 16273 16201
16080 15966 15987 18194
18573 16485 16739 15187
16094 17943 15906 16930
16193 16520 18676 16472
16478 17621 15639 17187
16248 16581 18468 16162
17712 15838 17330 16364
16142 16894 18426 16166
18564 16540 16718 15292
16062 16562 18549 16648
17178 17354 15472 16969
16477 17484 15349 17457
15414 16552 17457 17697
17220 17339 17788 14794
14668 17310 17478 17555
16185 16671 18589 16438
16173 16331 18620 16614
16114 16510 18712 16377
15989 16704 18744 16340
15905 16788 18521 16642
16049 16179 16192 18175
17262 17380 17722 14804
17588 17217 17693 14708
15628 16267 17087 18198
17095 17199 15207 17206
17573 17028 17748 14719
15692 16508 16820 18186
15575 16685 18534 16594
14765 16924 17844 17518
17102 17501 17190 15494
17544 17216 17743 14679
17369 17053 15276 17040
16039 15995 16532 18272
18193 16768 17158 15215
17052 16955 15278 17464
17473 16919 17825 14874
15842 17462 16328 17070
16151 18526 16525 15974
15426 17897 16967 16878
17535 17026 17679 14900
15675 16397 16866 18329
16829 15811 17710 16901
17972 16641 16563 15966
17989 16771 17160 15546
15419 16697 17321 17700
16407 15683 16951 18009
15911 16445 16239 18217
16042 18514 16473 16179
17748 17239 17345 14849
16603 17565 16515 16708
16744 15388 16901 17727
17528 17219 17791 14747
16665 15381 17651 17125
17640 17379 16879 15034
16238 17724 15894 17132
17678 17184 17592 15091
18429 16565 16830 15518
17916 17006 17240 14725
15047 17479 17412 17217
17244 17294 17801 14855
16448 15561 16658 17898
16318 18155 16265 16384
16046 18408 16547 16366
14913 17512 17491 17275
15921 18305 16212 16530
16143 18444 16577 16197
15565 16475 16807 18226
18270 16531 17182 15141
16991 15805 17160 16909
18502 16615 16748 15427
18575 16624 16677 15385
16386 18263 16229 16461
14834 17268 17702 17551
16119 18420 16599 16160
15590 16307 16877 18356
16730 17848 16351 16231
16745 15758 18124 16738
14740 17228 17920 17213
16034 18431 16560 16222
16890 17221 15267 17533
18583 16670 16637 15411
14702 17262 17610 17558
16413 17926 16630 16485
15023 17470 17674 17222
17038 15698 17634 16795
15879 16507 18529 16802
17110 17521 17502 15028
15851 16157 17223 17968
16916 16756 15924 17075
16623 15540 17295 17392
16133 16672 15996 17918
16666 17373 15189 17473
17125 16979 18080 15123
16255 16566 18600 16348
15809 15986 17126 18156
17865 17079 17349 14879
16940 17433 15571 16888
15527 17972 16804 16730
16989 17078 15548 17314
16871 17467 15392 17147
17194 17011 17809 15132
15212 16683 17211 17910
16511 18159 16654 16108
16880 17170 15850 17154
17872 16413 16951 16041
16937 17439 15862 16926
15870 16728 18572 16416
16108 16646 18723 16171
14997 17761 16869 17141
16484 18239 16282 16126
16202 18364 16466 16317
16999 16929 15661 17086
18243 16764 16924 15171
16381 16547 18512 16074
16469 18224 16673 16048
17382 15984 17220 16694
15432 16330 17184 18245
15539 17763 16989 16780
16080 16192 16441 18070
18184 16781 16959 15210
15485 17360 17697 16770
16397 18308 16361 16195
15709 16360 16733 18368
15560 17255 18008 16711
15382 17165 17871 16713
17897 17010 17305 14990
17346 17262 17800 14681
15719 16325 16873 18315
16095 18150 16864 16253
16827 15903 17713 16747
17190 17139 17902 15010
17463 16711 17852 14894
17246 17293 17816 14913
17130 17350 17828 15116
18114 16999 16733 15524
15026 16913 17908 17295
17433 17047 17819 14843
17278 17287 17815 14966
16122 18278 16713 16071
15815 16676 18643 16409
17664 16652 17225 15804
16628 18110 16589 15774
17796 17228 16905 15281
16770 17917 15933 16184
15679 16621 18497 16646
14785 17524 17432 17159
16094 17937 15792 16933
17393 17005 17971 15206
17258 17093 17869 15020
16013 18082 16851 16297
17336 17030 17860 15001
15191 17642 17563 16712
18136 16725 16926 15653
17793 17082 17390 14987
16379 18233 16476 16248
18387 16466 16981 15272
15277 16910 16814 18020
14864 17214 17670 17496
14769 17139 17829 17510
17183 15525 17233 17238
16478 17962 15910 16791
16260 16116 18114 16764
15061 16973 17773 17462
17367 15544 17337 16999
16439 15637 17685 17231
17832 16021 17025 16288
18406 16674 16960 15339
17949 16833 17287 15229
18434 16555 16774 15554
16646 18050 16842 15751
14709 17366 17732 17383
17668 17049 17659 14908
16361 18412 16304 16053
17695 15770 17028 16659
18476 16559 16698 15709
18463 16804 16561 15383
14732 17259 17718 17447
15967 17738 16298 16944
17251 15503 17260 17130
16488 16025 16311 17869
15639 17882 16765 16721
16250 17775 15714 17108
16985 16120 17677 16315
15155 17778 17083 16876
17142 15835 17236 16692
16313 17948 16060 16840
15934 16590 18700 16353
16071 18498 16356 16241
16778 17909 16086 16418
16232 16098 18074 16965
14972 17619 17342 17095
15908 16736 18615 16378
16126 16589 18735 16345
15751 17312 17637 16758
16658 17198 15397 17465
16479 16438 18543 16030
17089 15399 17331 17224
17386 16258 17561 15786
17516 17141 17808 14962
16679 17634 15390 17134
15894 16278 18634 16629
16452 16197 16009 17886
15759 18146 16855 16559
15644 16502 16931 18200
16163 18500 16425 16135
16089 17836 17058 16205
16896 17774 16291 16194
15975 16291 18431 16765
16294 16464 18001 16546
16239 17432 15433 17497
17114 15850 17624 16375
15756 16844 15931 17770
17227 17323 15937 16280
16483 16593 18394 16127
16707 17257 18040 15299
15509 16185 17102 18229
17399 17395 17355 15039
15941 16246 16866 18209
16344 16921 15792 17654
17065 16108 17846 16238
17144 16961 15484 17307
16078 16609 18656 16310
15769 16432 17020 18288
17268 17089 15495 17083
17003 17013 15246 17421
14919 17494 17358 17269
16590 17276 15235 17499
16883 17350 15344 17345
15801 16311 17086 18028
17645 16943 17607 15049
16648 17594 15669 16952
15256 16939 18121 17001
16401 15581 18022 17124
16797 15296 17268 17511
17322 17454 17616 14930
16198 17177 15593 17595
16905 17130 16100 16798
15034 17193 17863 17299
14941 17394 17517 17303
16641 16783 18295 15624
18374 16215 16848 15736
14795 17113 17746 17634
15183 17542 16920 17237
14957 17463 17465 17389
17334 17325 17755 14699
18073 17038 16757 15290
15939 16380 16753 18060
15672 16278 17010 18317
15947 16543 18708 16389
16935 18034 16668 15572
16537 16125 16567 17484
18352 16365 16668 15757
16018 16559 18612 16492
15876 16883 18323 16602
17885 16543 16762 16108
16579 16101 16575 17267
18328 16477 16953 15536
18185 16832 17114 15063
16406 17558 16636 16635
18066 16925 16579 15714
17178 17249 18012 15286
15772 16377 17074 17790
15403 17077 18143 16794
14685 17231 17760 17341
16874 15300 17241 17376
16704 15394 17183 17606
16084 18318 16394 16521
17905 17175 17202 14907
17519 17039 17645 14917
15946 16176 16868 18235
15336 16500 17143 18153
16364 18256 16183 16577
18163 16545 17122 15542
17930 16939 17400 15152
18082 16899 17093 15193
15794 16315 17083 18257
16272 17344 15598 17406
18334 16588 17036 15160
17025 17865 15776 16086
17406 16225 16619 16696
18214 16819 16791 15571
14774 17274 17477 17557
17280 15521 17249 17180
16484 18059 16145 16462
15314 16640 17505 17855
16768 18098 16187 15748
15817 18193 16789 16573
18112 16780 17266 15025
18007 16745 17285 14822
18089 16226 16631 16172
14930 17451 17749 17156
17554 16427 17683 15469
14816 17050 17515 17763
16196 18475 16482 16097
16195 15822 16983 18010
18150 16831 16920 15455
16159 18483 16521 16144
18489 16719 16904 15381
18166 16906 16710 15486
18079 17063 16730 15660
17174 17484 17627 15080
15263 16861 17208 17827
16893 17539 15744 17012
15107 17036 17901 17296
17598 17276 17571 15129
16673 15648 17887 16914
15891 18373 16460 16434
14800 17179 17565 17612
15186 17019 17865 17445
14820 17150 17775 17526
17822 17175 17146 14999
15172 16583 17343 17960
16182 16082 18235 16735
15242 16754 17270 17880
16356 15829 16898 17805
15967 18062 16771 16540
15085 17226 17690 17357
16757 15703 17642 17264
18401 16686 16783 15489
16910 15604 17487 17053
16152 18400 16620 16117
16227 18447 16567 16191
15927 18022 16877 16576
16410 18382 16301 16130
16850 16048 17664 16432
16548 15464 17528 17439
16099 18538 16394 16046
16531 18201 16195 16185
15122 17458 17716 16997
17213 17135 15305 17337
16777 17758 16998 15610
15652 18183 16656 16620
15099 17535 17355 17092
16365 17600 15573 17276
17260 16187 16187 16875
16759 16283 18184 16202
16729 15447 16972 17740
16045 17660 16536 16668
18148 16044 16776 15962
15879 16227 17875 17277
16559 16165 16124 17826
16978 15724 17630 16825
16856 17670 15547 17037
16041 18039 16067 16727
16157 16367 18377 16718
16188 18514 16325 16234
17288 16345 17892 15522
16569 17639 17179 15690
16934 16828 15531 17370
15757 16372 18337 17025
15992 16053 17185 17936
17254 16006 16649 16685
16131 16567 18506 16508
15751 16890 16278 17658
17283 17491 17057 15540
16798 16078 16654 17488
16069 16773 18284 16431
18392 16643 16529 15857
16516 16533 15816 17874
16459 17623 16106 17018
18162 16506 16861 15844
16801 17321 15200 17417
16266 16376 18648 16192
16886 16970 18059 15242
16307 16479 16096 17949
16376 16645 18575 15954
17301 16030 17351 16651
15733 17035 18317 16322
17009 17001 17379 15948
16825 17858 16552 16152
15621 16212 18043 17193
17202 17334 16041 16270
15580 17895 16798 16698
16320 15897 17562 17401
15802 16491 16764 18265
15954 16343 16344 18294
15791 17691 17293 16555
15690 16817 16624 17848
16341 16793 18459 15963
16917 17609 15915 16800
16823 17390 15604 17308
16593 17650 15830 16959
15965 16694 18581 16464
16602 16442 18311 15923
16221 16637 18637 16367
15903 18218 16778 16395
16138 16007 16488 18190
18226 16892 16956 15197
17198 15781 17341 16809
16584 17557 15719 17202
16577 17301 15256 17544
16609 17817 16078 16644
17349 17358 17752 14705
15375 17989 17066 16701
15674 16408 16833 18301
17286 17202 16152 16594
16230 16242 18565 16434
15782 16623 18332 16933
16737 17673 16817 15914
14859 17279 17720 17412
17117 16840 15722 17044
17690 16959 17578 14970
17068 17548 17343 15163
15855 16290 16719 18205
17446 17267 15741 16215
15982 16143 16393 18262
16944 17233 15334 17495
16382 16701 18501 15770
17624 16858 17730 15042
15033 17121 17333 17716
17150 17226 15636 16976
16719 16324 15948 17535
16500 16681 18434 15900
17732 17207 17519 14722
17672 16586 17547 15360
18186 16378 16994 15796
17709 17195 17593 14818
17280 17152 15858 16665
17074 16856 15655 17197
16887 17172 15215 17540
17168 16956 15712 17014
17996 16162 16960 15955
15775 17534 16573 17200
18411 16815 16617 15449
14844 17189 17754 17524
16758 15576 17723 16949
16165 18470 16469 16211
17760 17246 17241 14866
15670 16206 17026 18309
17022 17039 15462 17352
15449 16922 18247 16961
15372 16780 17963 17254
15281 16821 18293 16900
16865 15655 17537 16962
14878 17351 17721 17257
18084 16914 17064 15274
18023 16658 17244 15546
16654 17197 15769 17466
17061 17164 15990 16821
16024 16744 18710 16258
18419 16527 16843 15531
16538 15405 17755 17170
17294 17378 17406 15054
15723 16386 17240 17893
17970 17015 16592 15759
18361 16649 16836 15648
18312 16751 16846 15334
18103 16636 16732 15776
18052 16825 17173 15315
15371 16564 16897 18171
15303 17422 16717 17586
14962 17137 17521 17592
16914 17877 16533 16007
18295 16695 16971 15179
17805 16824 16155 16104
16974 17093 18118 15060
15796 16731 16447 18038
15507 16626 16647 18087
18492 16755 16810 15403
18379 16795 16585 15635
15113 17004 17413 17568
17480 16950 15517 16684
16027 16369 18493 16654
14966 17025 17928 17203
14698 17196 17615 17577
17040 15490 17254 17341
16350 15826 17358 17343
16246 18453 16454 16049
17330 17022 17761 15306
15666 16298 16955 18309
18519 16549 16643 15626
18236 16900 16755 15466
17675 16271 17506 15620
16725 15530 17071 17625
18211 16952 16684 15225
14762 17023 17516 17765
18534 16606 16756 15606
18481 16601 16888 15429
18467 16687 16731 15574
15133 17006 17041 17917
17604 16262 16535 16696
16907 15386 17057 17713
16573 18078 16906 15703
17614 17260 16870 15529
17981 16695 15881 16223
16613 17829 16701 16261
16527 15832 17662 16978
15978 18136 16845 16307
18330 16886 16778 15089
15496 16598 16994 18102
16881 15573 17377 17310
16112 15751 17303 17781
18358 16844 16481 15636
18286 17004 16498 15333
17962 16681 17145 15557
17807 16087 17114 16091
14907 17244 17402 17435
16783 15570 16858 17653
18531 16589 16781 15440
15091 17389 17054 17655
16313 17773 15964 17000
15994 18450 16341 16352
14855 17326 17568 17538
16911 15665 17397 16910
16454 15594 17497 17431
16270 17996 16506 16580
16209 18056 16450 16477
16225 18354 16495 16313
14938 16775 17044 17944
17942 16926 16981 15721
16492 15870 18027 17067
16552 15991 17333 17096
16286 15744 17237 17560
16447 16209 17784 16611
16709 15512 17374 17508
17165 17115 15675 16849
17146 17483 15843 16326
18527 16644 16660 15484
15976 15981 17612 17387
18457 16670 16805 15490
17399 15776 17365 16402
15741 17873 16247 17064
15668 17807 16988 16616
16698 17513 15220 17312
18029 16997 16677 15814
16446 15610 17655 17292
16167 18068 16993 16223
15925 17944 15970 16951
15556 17922 16784 16677
17781 16808 17389 15397
16704 18091 16612 15642
16297 18388 16312 16328
14694 17157 17698 17577
17021 17128 16103 16783
16572 15914 18070 16673
16649 17598 15557 17162
16515 16487 16109 17511
16416 15871 18130 16824
16190 15774 18111 17161
16368 17789 16185 16852
16330 16440 18051 16746
16248 16303 17735 16832
16442 15630 17713 17237
16295 15726 17039 17926
14688 17288 17691 17507
16796 17626 16001 16883
16791 17373 15086 17377
16418 17490 15328 17466
17056 17544 17472 14946
16305 16535 18553 16331
15149 17476 17501 17161
16271 16431 18461 16584
17011 17741 16004 16427
16258 18488 16443 16168
16771 16757 15650 17459
16746 18019 16204 16113
17660 16112 16963 16413
17333 16333 17442 16481
16620 16403 16469 17259
16428 18207 16242 16288
16340 15905 17197 17331
15596 16461 17008 18232
16126 16514 18683 16455
16635 17718 15513 17087
16990 17277 15867 16963
16509 17767 15771 17074
16159 18434 16439 16308
16693 17551 15951 17116
16411 16069 16474 17732
16014 18086 16759 16394
15906 16288 16829 18044
16312 17861 16246 16834
15630 17958 17008 16661
15297 17696 17545 16732
17196 15712 17097 16924
15986 16269 16872 18203
16458 15756 16413 17921
16175 18131 16455 16653
15734 16328 17095 17823
15973 16139 17062 17914
15742 16326 16870 18295
16300 15593 16850 18113
16672 15979 18257 16256
16129 16740 18682 16206
16722 17021 18135 15583
15941 16557 18667 16373
16025 16351 18522 16658
15714 17061 18442 16444
16550 17315 16954 16358
16746 17490 15411 17240
16323 17505 15576 17347
16197 17300 15526 17588
15959 16730 18537 16431
16405 16968 15762 17748
17314 17553 16822 15516
17225 15598 17468 16993
15681 17592 17013 17117
16966 15654 17255 17192
15500 16513 17037 18098
16820 17728 15728 16804
16671 16933 15522 17622
16121 16686 18584 16403
17490 16846 16053 16337
17129 16842 16037 16761
16964 17474 15414 17110
16189 16750 18619 16226
16067 16904 18281 16516
17188 16989 15733 16931
17045 16262 15920 17122
17770 16987 17558 15005
15821 16239 16891 18351
18504 16668 16826 15323
17812 16425 17224 15874
16392 15893 17318 17354
15545 17769 16505 17148
15389 16787 17099 17901
16296 17272 15856 17441
16181 16450 18563 16625
17404 17241 17936 14887
16526 15948 18138 16819
15788 18053 16625 16785
16913 17795 17320 15601
15512 16301 16901 18371
16900 16963 15302 17577
16747 16527 15538 17598
16281 16434 18303 16648
16045 16540 18706 16591
15778 15960 17759 17486
17083 17182 15497 17091
16328 16873 15824 17687
15768 16509 18219 16948
16995 16995 17881 15378
17309 17468 16321 16014
17079 15748 16944 17141
16554 17589 17367 15858
16005 16610 16129 18075
15615 17688 16745 17128
15742 16241 16581 18364
15675 16317 16914 18347
16962 17103 15294 17412
16733 17157 15378 17629
16638 16807 15314 17896
16330 17030 15503 17709
16410 16614 18509 15951
17815 16692 16841 15883
15984 16350 17104 17759
15871 16177 16935 18324
15758 16082 16921 18339
16172 16570 18720 16345
16627 17787 15710 17027
15593 16734 16996 17762
16919 16811 18190 15686
17303 16331 15959 17034
17476 17214 17647 14978
16175 16455 16200 18040
16873 17577 16217 16289
18537 16612 16812 15254
18118 16410 16952 15704
17910 15937 16973 16276
17552 16539 16390 16591
17435 17291 17652 14889
15730 16515 16495 18150
16943 17062 15223 17554
16404 16547 18420 16262
15799 16832 17911 16955
15661 16673 18407 16645
16695 16675 18211 15711
16398 17174 16138 17317
16761 16483 18188 16031
15429 16762 18117 17035
15340 17012 18011 17077
15020 17151 17777 17361
17546 17040 17618 15007
17216 15816 16702 17100
16947 15762 17467 16882
16794 16879 17797 15984
17785 15930 17044 16269
17562 16109 17024 16285
17526 17117 17598 15136
17687 16942 17450 15135
16994 16991 15601 17226
16622 16357 18359 16456
16518 17443 15373 17380
16409 16495 18638 16105
17346 17034 17688 15147
16924 17690 16027 16379
16658 15740 17650 17169
16206 15914 18234 16862
15398 17136 17925 17167
17159 17632 17089 15269
15546 16485 17002 18238
17004 17071 15211 17410
16830 17397 15158 17321
16146 16443 17961 16854
16077 16300 16414 18146
15477 16805 16646 18093
15000 16985 17701 17480
18032 16966 17203 15274
15745 16144 17193 17981
14805 17479 17656 17063
17731 17112 17415 14921
17477 17158 15981 16343
16976 17293 16064 16893
15550 17126 17982 16891
15312 16906 17943 17215
17968 16922 17308 15154
15163 17127 17936 17062
18208 17022 16895 15246
17731 17102 17539 15045
17931 16579 17148 15548
17470 17180 17700 14895
17234 17335 17652 14899
15858 16359 16545 18332
17099 16973 15167 17547
16901 17365 15992 16836
16763 17295 15369 17474
15611 16555 18362 16813
15536 17200 16263 17652
15447 16936 16379 17883
18558 16526 16708 15341
17718 17178 16348 15611
17193 17454 17653 14933
15211 16762 17165 17989
18556 16631 16573 15537
18196 16680 17042 15345
18020 16927 17233 15185
17656 16911 16008 16533
15532 16986 17771 16897
15281 17414 16832 17529
14872 17234 17417 17546
16725 15321 17406 17385
15635 16270 16922 18373
17372 17344 17111 15370
15625 17648 17410 16817
18471 16625 16853 15497
18241 16635 17167 15144
18035 17020 16075 15969
14824 17306 17628 17398
14745 17081 17762 17582
17771 17201 17394 15096
17385 16998 17706 15513
18057 16608 17218 15474
17539 17457 16170 15827
15902 16410 16637 18167
17594 16571 15759 16698
15223 16830 17915 17390
16623 15442 17418 17380
17549 17174 17831 14812
17409 17242 17686 14938
18354 16722 16947 15328
18122 16829 16825 15634
17575 16537 16797 16336
17357 17391 16181 16200
15457 17682 17545 16788
15916 16298 16591 18269
15488 17094 17199 17802
15997 16492 18151 16752
17015 15728 17023 17111
17435 17276 17739 14675
18004 16587 16335 15994
17951 16663 16182 16070
17889 17179 17316 14824
17658 17116 17279 15250
16243 16348 15975 18221
18427 16472 16914 15515
15233 17119 16744 17645
15749 17243 15920 17532
18377 16382 17006 15294
17975 17224 16260 15713
17752 16236 17168 16095
15728 16813 16477 17824
15725 17124 17922 16823
15199 17413 17201 17362
15029 17092 17886 17348
17880 17068 17059 15366
17875 16885 17465 14801
17508 17150 17776 14971
17610 17352 16981 15260
17341 16766 16197 16593
17343 16571 17021 16066
17990 16604 16493 15934
15218 16758 17103 17963
18000 16370 17208 15678
15346 17283 16722 17416
17923 16231 16908 16039
16930 15509 17250 17320
16838 15622 17454 17030
16821 15474 17187 17344
16123 17870 16100 17024
18304 16617 17056 14994
18182 16812 16932 15336
17238 17435 17338 14984
15454 16866 18156 17020
14743 17126 17191 17798
17106 17049 15730 16980
16354 15651 17437 17508
18550 16616 16688 15190
18010 16998 17131 15257
17939 16645 16959 16001
17653 17019 16366 15941
15238 16821 17256 17832
15116 17037 17900 17266
15246 16790 17472 17756
14680 17356 17607 17491
15160 16746 17738 17456
17334 15457 17144 17226
16251 18397 16590 16013
18335 16872 16679 15249
15251 16973 18172 17064
18051 16913 16512 15731
14946 17175 17597 17544
16891 15626 16820 17631
15929 17887 17057 16323
16451 18166 16523 16151
17994 17007 17148 15458
16541 18134 16388 16189
16681 18170 16750 15631
16201 18457 16480 16222
16186 18270 16256 16609
16061 18479 16434 16238
18284 16564 17030 15277
18455 16643 16821 15466
18450 16784 16703 15374
18343 16732 16954 15348
18266 16794 16919 15313
14849 17370 17747 17324
14839 17008 17736 17649
14933 17072 17494 17712
16805 17733 17056 15623
16659 18252 16629 15747
16541 18186 16202 16344
16541 16219 16376 17780
16399 18294 16595 15692
16278 15857 16548 17979
18369 16640 16810 15576
16748 15877 17415 16893
18225 16746 17128 15238
18514 16684 16824 15408
15011 16921 17400 17786
14828 17409 17317 17434
16678 15767 17194 17245
16149 17754 16426 16699
17139 15722 16901 17037
16184 18358 16509 16256
15321 16953 16802 17829
14951 16969 17566 17817
16145 17884 16386 16733
16179 17729 17029 16568
15906 18283 16815 15930
15464 17914 17078 16507
18398 16717 16794 15452
16660 17818 15654 16814
16628 15934 17806 16962
16267 18416 16131 16357
16261 18423 16359 16281
15718 18095 16711 16582
16579 17437 15847 17253
16487 17708 15702 17105
16151 18014 16172 16816
17874 16458 17164 15908
16724 15701 17725 16962
16417 18326 16398 15987
16326 15736 17310 17565
16507 18230 16189 16445
15732 17802 16551 17113
15976 18438 16543 16228
17317 17526 16850 15462
17295 15589 17199 16856
14763 17515 17651 17336
17429 17133 15700 16512
16935 15792 17764 16787
16238 16981 18403 16155
16851 15672 17789 16435
16683 17722 15763 16891
16539 17935 16005 16676
16422 15693 16917 17811
15705 17799 17235 16335
16859 15460 17319 17453
15949 18331 16514 16388
16670 16916 15885 17643
16515 16724 18164 16224
16260 16785 17879 16532
16796 15324 17574 17048
16426 18333 16347 16122
16371 18343 16530 15969
16366 15894 16131 17971
15854 18069 16690 16649
15021 17096 17605 17548
16011 18128 16465 16573
15901 16306 17933 17138
16572 17677 16165 16907
17043 15461 17227 17380
16614 18226 16354 16025
16253 17616 16837 16550
16526 16647 18265 16362
17118 17416 15623 16607
16844 17523 15696 17190
16287 16202 18447 16526
16208 15937 18230 16903
15805 16276 18061 17111
16053 16111 16193 18255
16735 17346 15324 17417
16846 15788 17830 16904
16837 15497 16978 17576
16103 18351 16491 16446
15790 18228 16742 16504
17250 17613 17240 15106
16849 17271 15361 17533
16134 16726 18525 16456
17413 17485 16595 15585
16464 16204 18004 16524
16915 17900 16487 15809
16170 15790 17594 17681
16289 17852 16691 16474
15475 16231 17105 18227
16893 17759 16049 16525
16828 17008 15709 17183
16402 16494 18180 16421
16250 16782 18176 16608
16448 17473 15683 17264
16677 17445 17325 15981
16352 16446 18082 16564
16074 17607 16094 17339
17592 15628 17106 16578
17017 17637 17051 15942
16727 15645 16709 17532
16473 18119 16395 16409
15460 17466 17093 17229
15901 16335 16880 18125
16893 16234 18047 16169
16492 17574 15401 17286
16452 16344 18412 16549
15896 16119 18068 17162
17335 15818 16661 17023
16393 16041 17113 17705
16101 16074 16937 17859
16069 16363 16523 18133
16333 16243 18483 16461
17207 16389 17277 16187
16490 15612 17262 17513
16911 17452 15419 17165
16720 16948 15382 17712
16698 17657 15787 16905
16254 17057 15956 17430
15802 16801 18289 16741
16251 16474 16117 18121
17032 17606 16228 16182
16714 17859 16337 16132
16595 16065 16728 17297
16419 15929 17585 17263
16016 18265 16699 16530
15439 17529 16331 17443
18125 17043 16913 15103
17746 16028 17186 15970
16378 18352 16410 16034
15762 16250 17096 17955
15740 16117 17096 18074
17214 16810 15489 17200
16065 17098 15748 17722
17302 17369 15822 16840
16810 17439 15445 17234
17211 17033 17947 15030
16741 15998 16163 17734
16579 17651 17156 15921
18209 16272 16828 15861
17510 17371 16812 15521
17047 16037 17471 16541
16885 16055 17026 17093
15808 17432 16697 16957
15567 16889 17969 17135
15100 17568 17341 17264
16120 16854 17940 16410
16909 16249 17966 16011
16682 16297 16021 17624
16604 16729 18245 15898
16560 17423 15873 17242
16359 17046 17788 16275
15952 16803 16023 17909
17181 15976 17137 16695
17020 15802 17217 17030
16928 15799 17590 16894
15441 17156 18052 16623
17704 16357 17264 16019
15386 16478 16968 18253
17123 16974 17747 15390
16238 16137 16781 18019
16809 17331 15197 17397
15898 16703 18321 16659
17196 16972 17993 14992
16127 18498 16429 16100
17152 16398 16423 16946
15559 16656 17362 17428
16190 16754 18415 16302
18097 16511 16920 15838
17548 16864 15782 16567
16981 17282 15256 17319
16598 17352 15227 17590
15576 16969 18250 16745
16371 16937 16030 17375
15897 16776 17803 16878
15466 17017 18267 16706
17859 17099 16032 15843
16869 15992 16768 17294
16833 17587 15869 16860
15693 17112 15969 17738
17833 16876 17151 15508
17144 17269 17475 15217
15689 17928 16861 16606
17001 17274 15752 16842
16015 16476 18595 16617
15821 16646 17978 17121
16455 16950 16307 17243
16662 16951 18197 15581
17671 16946 16456 15943
17489 15970 17170 16543
17306 17069 17889 14948
17185 15794 17443 16890
15761 16967 18340 16425
14792 17321 17866 17252
18249 16523 16777 15706
17445 15763 17009 16866
17279 17355 17730 14764
15957 17764 16950 16451
15931 16191 16996 18036
16815 16213 17501 16562
16256 17149 15953 17327
16157 17015 18342 15910
16109 16466 18660 16504
17496 16633 16322 16609
15845 17765 17136 16454
17645 16854 17500 15156
16774 16983 18161 15615
18022 16563 16808 15849
17906 16416 17267 15741
17741 17183 17159 15261
17421 17190 17695 15099
16691 17122 16985 16103
15700 16706 16445 18113
15499 17674 17392 16726
15452 17571 17532 17072
14879 16935 17380 17903
17878 16560 17311 15739
14720 17254 17142 17598
16362 16619 18277 16334
16921 17081 15140 17531
16217 16582 18671 16285
16086 16638 18594 16311
17402 17018 15596 16939
17038 16826 18054 15463
16079 16615 16019 18003
15942 16663 18511 16604
17964 17073 16615 15509
17482 17332 17599 14955
17139 17786 17277 14959
15701 17766 17245 16081
17290 17267 15839 16354
16424 16974 15864 17631
15468 16991 18015 16912
18140 16770 16609 15676
18188 16948 16390 15687
18068 16851 17088 15304
17775 16737 16189 16016
16006 17855 16387 16812
15385 16454 17969 17395
15363 17625 16581 17362
15082 16857 17205 17942
17598 17025 17668 14737
16277 15959 16509 18032
15576 16295 16957 18304
17688 16338 17360 15890
14971 17192 17370 17671
16523 16824 15704 17862
16215 17451 15338 17608
16171 16623 18605 16499
17721 16392 16149 16400
17247 16912 16025 16611
16973 17365 18029 15276
16557 17316 17834 15347
14903 17336 17509 17426
15142 16945 18038 17079
17630 17197 17609 14699
17121 17088 18025 15175
15837 16576 16475 18016
18539 16599 16718 15443
18143 16701 17049 15422
17733 17000 17544 14855
17621 17309 17055 15420
17205 17094 17885 15082
16949 17019 15341 17455
17209 16377 15834 17258
16740 16449 18215 15852
18202 16775 16991 15598
17808 17088 17347 14952
16611 16274 16405 17692
15684 16603 16962 17977
15522 16571 16670 18047
18190 16607 17073 15560
17441 17510 16338 15631
15765 17436 16486 17311
15528 16497 17048 17886
14779 17246 17608 17607
18348 16845 16867 15309
16982 16859 15835 17262
18416 16134 16875 15667
18298 16784 16878 15220
18231 16803 16396 15664
15852 16219 16471 18334
15696 16394 16900 18321
17644 17229 17007 15199
17500 17220 17516 15236
15130 16779 17834 17494
14802 17382 17524 17550
15097 17106 17674 17429
17816 17130 17287 15110
16897 17316 15331 17204
16264 16992 18396 15842
18253 16678 16407 15870
18062 17077 17080 14949
17640 17199 17556 14705
17298 16442 17493 15979
15828 16877 18128 16755
15343 16859 17543 17414
15071 17018 17323 17815
18047 16012 17229 15681
17919 16375 17038 15830
17766 16917 16715 15747
16132 15689 17343 17857
15893 16232 16919 18005
15307 16905 18290 16966
15004 17047 17874 17389
15660 16587 17486 17450
15176 17382 17413 17365
14826 17358 17265 17542
18522 16739 16686 15304
18320 16409 17020 15470
17801 17173 16484 15741
17523 17191 17181 15204
15353 17319 16684 17475
15178 17215 16877 17741
15137 17397 17725 16997
15037 16930 17008 17938
15006 17404 17263 17366
17132 16815 15631 17208
14990 16909 17715 17634
16830 15447 17416 17127
16784 15633 16796 17409
18139 16958 17132 14859
17777 16660 17404 15264
17661 17170 17300 15222
17636 17331 17317 14942
15339 16682 16655 18050
17977 16482 16786 16062
15976 18123 16518 16639
17186 17082 17703 15595
18541 16570 16729 15478
18482 16742 16715 15412
18413 16584 16925 15597
18325 16664 16939 15409
18323 16664 16974 14878
18302 16690 16743 15767
18076 16830 16773 15772
17903 16973 16887 15482
17893 17030 17268 14815
17377 17357 16602 16088
17163 17259 16339 16272
15139 16719 17200 17923
14949 17181 17158 17796
14714 17290 17695 17394
15230 17365 17120 17392
18218 16743 16554 15785
17900 17222 16885 15348
16843 15499 16792 17641
16541 17747 17396 15722
18561 16566 16685 15364
18408 16435 16897 15617
18059 16905 17045 15418
17847 16837 17388 15228
17753 17233 16253 15926
15291 16672 16631 18138
15144 16885 16881 17906
17703 17130 16237 15991
17762 16929 17271 15231
15809 16795 16667 17503
15044 17131 17420 17622
14717 17137 17700 17567
17583 17393 16954 15138
15379 16862 17924 17296
16784 15567 17657 16943
16524 15471 17439 17383
16190 17907 16857 16273
16093 18493 16369 16232
18547 16564 16688 15431
18043 17048 16854 15432
17853 17051 17299 15026
17326 16789 16934 16164
15017 16952 17484 17785
18155 16570 16558 15953
16494 15505 17209 17620
16110 18467 16362 16225
18275 16881 16783 15401
18015 16774 17259 15029
15351 16867 17338 17419
14722 16886 17658 17755
16401 18291 16583 16133
16152 18213 16772 16267
15126 17570 16938 17272
17010 15940 16747 17342
16859 15733 17589 16965
16115 18376 16566 16266
17117 15675 17046 17295
16678 15754 17623 17249
16156 18462 16400 16279
17619 16527 17215 16057
17086 16287 16629 16636
18364 16444 16839 15619
15605 16792 17004 17620
14727 17177 17722 17538
16806 15558 17599 17038
17107 15715 16412 17201
16067 16057 16448 18243
15918 17903 16948 16688
15817 18275 16720 16418
16813 15909 16318 17456
16632 15797 17839 17011
16539 15912 17102 17753
16338 17978 16787 16242
16324 15614 17692 17334
16118 18385 16529 16230
16826 17685 17284 15630
16357 18321 16600 16214
15950 18425 16566 16210
15846 17839 17078 16470
15286 17781 16810 17108
17957 16907 17172 15397
16417 15952 16920 17773
17086 17518 15891 16645
16426 15639 17214 17687
16218 16152 18088 17059
17064 17825 16569 15832
16674 18012 16476 16250
16653 15528 17768 17089
16343 18402 16441 16278
16106 18459 16433 16263
15716 18116 16934 16439
15546 17449 17595 16846
16240 18492 16340 16215
16510 18214 16684 15569
16334 15813 17747 17250
16410 17902 15944 16847
16578 17791 15773 16965
16946 18009 16356 15767
16701 17770 16371 16777
15926 18477 16468 16304
15743 17834 16778 16742
16771 17971 15808 16609
16199 17785 15607 17145
16435 15917 17231 17272
15983 16259 17108 17586
16559 17615 15754 17081
16497 16418 15938 17877
16053 15973 16537 18131
17571 15957 17117 16462
17421 15819 16910 16916
17363 15495 17140 17215
17191 17662 16296 16003
17122 15467 17296 17088
16863 17955 17004 15484
16835 15517 16911 17574
16750 15969 17817 16755
16721 17987 16840 15837
16675 15963 17147 17319
16580 18000 16603 16412
16536 15866 17883 16850
16532 18085 16856 15872
16460 18341 16464 15775
16390 15518 17328 17589
16384 18361 16244 16404
16219 18259 16435 16386
15996 16092 18346 16938
15704 18157 16747 16595
16752 16450 17875 16213
15176 17519 17582 16640
17788 15854 16930 16399
17249 15468 17155 17273
16841 17720 16312 16252
17063 17630 16127 16436
16501 15887 17858 16929
16422 15552 17827 17144
16296 18019 16007 16757
15829 16688 16644 18121
16395 17922 16649 16332
16698 17590 15659 17270
16619 17595 15620 17246
16882 17666 16331 16171
16332 16133 17850 16913
17558 17162 17421 15168
17424 16356 17453 15945
16534 15555 17192 17689
16215 16264 16601 17973
16065 16043 16995 18052
15890 16391 18021 17185
17307 15549 17175 17188
17219 16060 17065 16748
16890 16200 17568 16632
16513 17952 16956 16176
16865 17325 15384 17320
16529 16312 17952 16582
16479 17681 15738 17122
16466 17341 15554 17512
16051 17102 18141 16120
17413 16340 16205 16619
16813 17703 16254 16596
16605 16106 18025 16527
16432 18119 16587 16327
16407 18323 16377 16121
16933 17842 16591 15718
16880 17330 15191 17437
16567 17643 15542 17120
16337 16034 17929 16954
17142 16404 17383 16347
16600 17959 16047 16464
16234 18148 16191 16598
16180 17611 16850 16458
16140 18072 16421 16704
15865 16009 17295 18056
15698 16554 16980 17951
14902 17644 17187 17243
16246 15713 16589 18013
15901 16089 16706 18290
16558 17441 15509 17292
15823 16130 17989 17229
17632 16239 17423 16059
17283 17797 16121 16106
15835 16896 18349 16547
17344 16400 17031 16331
17217 15794 17602 16520
17084 15921 16392 17011
16210 18428 16384 16354
16165 16146 18366 16723
15932 18428 16583 16124
17319 17225 16160 16353
16861 17745 15543 16951
16725 17421 15811 17152
16706 16760 18096 15706
16072 17557 15672 17422
16064 16727 18017 16980
17682 17054 17251 15202
16919 15919 17246 17220
16916 17985 16526 15638
16140 16532 16382 17845
16097 16215 16315 18127
18132 16282 16929 15867
17727 16062 16345 16584
17040 15786 16760 17002
16608 17693 16605 16428
16461 16072 17141 17618
17839 17041 17381 14798
17063 16962 15426 17356
16899 17209 15422 17440
17589 17185 16641 15800
17214 17446 17728 15190
17001 16578 16277 16955
16275 17275 15693 17515
16259 16427 16268 17810
16113 16903 18352 16284
15730 16809 18254 16719
18100 16530 17120 15812
17738 17154 17498 14734
17146 17675 16523 15698
16347 15804 16944 17930
15555 17585 16410 17218
15451 16310 17438 17957
15078 16853 17256 17844
17431 16877 15876 16979
16845 17149 15492 17605
17925 15993 17133 15938
16529 16713 15627 17907
16421 16791 18308 16051
16348 17689 16147 17194
17520 17059 15879 16546
17199 15734 17053 16770
15784 18104 16986 16445
15612 17318 16416 17417
15216 17546 17152 17106
15970 16591 16690 17853
17249 17164 15614 16894
16711 17204 15913 16982
16669 16623 18090 16023
16320 17447 16034 17289
15791 17045 18093 16777
16866 17289 15470 17361
16498 17244 15230 17590
15547 16541 18186 17079
18017 16759 16269 15917
17292 17376 17386 15407
17021 17229 15263 17288
17892 16354 16358 16523
17231 17565 17218 15435
16235 17933 16662 16342
15657 16218 17707 17468
15331 17641 17456 16884
17172 17227 16142 16284
16892 17194 15082 17534
16166 16619 18700 16246
16875 15493 17536 16922
16702 16700 18156 15720
15935 17107 18223 16395
15597 16690 17139 17287
15412 16633 18345 16861
15330 16941 17842 17313
16877 15860 17306 16877
17498 17411 16854 15589
17491 17407 16561 15791
17319 17424 17219 15086
16932 17850 16937 15879
15934 16129 17184 18026
16136 16615 18651 16490
16058 16740 18371 16326
17770 16605 15966 16383
17547 17458 16134 15690
16787 16875 18064 15319
16105 16600 18503 16635
16060 16381 18305 16975
17597 17073 17619 14768
17867 16253 17238 15826
17505 17303 17375 15200
16952 16068 17488 16710
15695 16322 16949 18340
15653 16183 18159 17055
15646 17086 17736 16920
15582 17444 17674 16740
17223 15641 17188 17144
16970 16193 17368 16532
15918 16015 16876 18084
17727 16933 16251 15993
17074 16812 17823 15604
16711 17402 15872 16918
16668 16619 18223 15939
16533 16773 15746 17749
16493 16710 18329 15903
16485 17131 15515 17560
15289 16992 17666 17351
18133 17119 16540 15470
17007 15983 17534 16589
15959 16320 16665 18081
17917 17140 16678 15362
17506 16135 17198 16146
16958 15671 17259 17010
16562 15853 16520 17660
15471 16545 17060 18129
16841 17049 15682 17295
16743 17045 15364 17652
16321 16794 15984 17547
16228 16517 18661 16307
16221 16385 16270 17991
16030 16366 16353 18078
15833 17985 16740 16657
15656 16748 18328 16716
15501 16801 17898 17151
18465 16556 16933 15183
17581 17160 17430 15144
15542 16349 17052 17994
18291 16704 16982 15074
18106 16738 16794 15669
18175 16476 16099 15872
17096 16893 15525 17326
16687 17451 15232 17381
16308 17154 15436 17587
16263 16270 16225 17997
16043 16639 16801 17797
15964 16732 18492 16641
15615 16435 18083 17164
15543 16743 18079 17192
16292 16596 18366 16444
17718 15983 17171 16037
17367 17242 17578 15019
17289 17702 17019 15355
18299 16465 16886 15783
17729 16379 17037 15926
17428 17453 17153 15150
17055 16849 17403 15622
15867 16305 17441 17932
17220 17295 17791 14811
15885 16851 18486 16567
17650 16982 17301 15559
17165 17710 17248 15167
16717 18147 16320 16140
15712 16574 17984 17004
17934 16753 16479 15911
17789 16705 16082 16142
17542 15972 17291 16214
17514 16456 16548 16494
17339 16504 17455 15856
15838 16882 18448 16404
15737 16233 17890 17343
15642 16525 17759 17449
14841 17441 17291 17402
17043 17570 17427 15126
16710 17424 17555 15566
15312 17153 17950 16774
17182 17199 15113 17139
16508 16583 18410 16043
18176 16913 17061 15177
18141 16572 17148 15254
17863 16595 17127 15824
17758 16420 16848 16115
17704 17189 16621 15376
17455 17379 17274 15344
17284 17227 17771 15119
16689 16475 17798 16553
16269 17250 17707 15989
15165 17222 17382 17482
18473 16577 16930 15154
18070 16317 16903 16049
17829 17014 17177 15204
15571 16206 17817 17356
15522 18105 16685 16718
15156 17219 16909 17659
15900 16178 16845 18342
17101 17378 15765 16421
15594 16492 18356 16931
16214 16854 18075 16361
17888 16305 16671 16158
17685 17243 17470 14860
15832 16740 17916 16836
15786 16627 16767 17832
15780 16558 18422 16781
15328 16595 17124 18204
18277 16907 16868 15301
18203 16807 16360 15807
18100 16630 16860 15791
17561 17148 17403 15234
17459 17290 17262 15296
17450 16682 16771 16300
17354 17409 17515 14769
15226 16604 16978 18135
17936 17167 17099 14989
17739 16583 16114 16500
15860 16877 18443 16494
15344 17426 17464 17214
17682 16833 16157 16447
18423 16582 16608 15699
18422 16665 16915 15331
18261 16583 16943 15586
18171 16626 16572 15869
17742 17053 17491 14963
16310 16920 18347 15976
15519 16417 17435 17878
18544 16594 16612 15531
15300 17065 16787 17945
14874 17322 17430 17440
14808 17504 17579 17112
16153 16172 16940 17781
17511 17340 16678 15893
18157 16609 16971 15657
17965 16936 17236 15057
14887 17181 17495 17628
17570 17051 16111 16276
16093 18075 15942 16853
18511 16660 16712 15499
18505 16718 16680 15328
18371 16754 16883 15322
18348 16797 16695 15385
18317 16667 16964 15569
18291 16597 16976 15501
17374 17296 16408 16250
15663 17591 17576 16254
14983 16843 17571 17711
14959 16951 17370 17871
14776 17287 17576 17478
15848 16298 17001 18109
17149 16667 16209 17104
15637 16638 17992 16986
18307 16639 17029 15353
17868 17152 16686 15633
17841 16369 17360 15707
17586 17294 16272 15608
17566 16711 16397 16509
15395 16815 17452 17663
15334 16725 17183 17934
15262 16942 17289 17601
14860 17153 17530 17650
18205 16717 16889 15434
18045 16883 16249 15963
16316 16587 18398 16282
15649 16952 18133 16867
15491 16644 16845 18090
15014 16863 18005 17254
14789 17068 17682 17654
16704 15862 17671 16856
15854 18114 16749 16490
18340 16600 16892 15679
18200 16792 16920 15373
17817 16455 17001 15975
15295 16584 17196 18090
15092 17072 17748 17272
14975 17124 17820 17325
16665 15601 16861 17808
16516 17975 16691 16262
16451 18379 16524 15911
16367 18237 16170 16618
15934 18209 16713 16498
17768 16883 17258 15563
17913 16921 16416 16010
17716 16071 17258 16199
18091 16906 16957 15231
15585 17208 17506 17107
15318 16946 17346 17449
15104 17548 16964 17309
14677 17340 17717 17430
14673 17280 17646 17532
16965 15564 17491 16945
15756 18174 16957 16356
16808 15401 16983 17592
16081 17966 16902 16382
18309 16718 16815 15472
17836 16912 16531 15959
17799 16950 16569 15887
14894 17185 17406 17591
15152 17189 17896 16893
16891 15410 17464 17322
16367 18016 16614 16148
18384 16811 16867 15304
16433 18102 16331 16721
16150 18405 16436 16366
16822 15440 17479 17112
16669 15874 17541 17087
16557 17831 16437 16415
16486 18008 16272 16627
16134 18485 16513 16210
18109 16812 17178 15188
14926 17389 17656 17249
15274 17082 17280 17512
16772 15396 17477 17212
16660 18106 16790 15680
16208 18037 16344 16803
16014 18464 16482 16234
18220 16795 17111 15182
15357 16939 17925 17189
16384 15668 17732 17261
16192 18189 16258 16698
16772 17865 16253 16495
16400 18298 16456 15942
16082 18328 16751 16255
16054 18088 16751 16500
15835 18394 16614 16317
17671 17075 16265 16188
16651 18027 17011 15754
16612 17911 15988 16607
16179 15848 16918 17952
16564 18288 16191 16092
16335 15619 17477 17538
16589 18198 16696 16084
16342 18418 16313 16178
16324 17845 16463 16543
15891 17806 17118 16325
16832 17841 16234 16513
16428 17683 16120 17098
17069 15886 17478 16792
16931 15748 16314 17635
17452 16190 16613 16684
16200 17890 16584 16627
16194 16105 17799 17183
16031 18335 16420 16472
15823 18337 16628 16395
16769 16429 18238 16131
16677 15553 17162 17415
16469 17706 17077 15739
16192 16237 17352 17400
15849 16569 18240 16877
16564 16498 16485 17103
16202 18259 16607 16295
17362 17555 16676 15913
15413 18093 16911 16515
16582 16661 15986 17857
16546 16198 15775 17924
16279 17578 16317 17078
16110 16387 16694 17688
16092 17899 15950 16947
15982 17329 16116 17439
14985 16977 17512 17779
17864 16453 17029 15986
15958 15927 17177 17970
16447 16698 18335 16039
16238 16548 18644 16350
16650 16265 16214 17575
16934 17717 16002 16749
16774 17713 17523 15414
16613 18125 16011 16497
16406 16011 16544 17794
16376 18345 16427 15932
16960 15846 17661 16342
16160 18190 16403 16526
16965 17304 15309 17410
17319 17292 17550 15056
16251 17378 15618 17408
16338 18001 16169 16815
16249 18272 16542 16358
15815 17678 16503 17152
16350 17822 16794 16518
16209 18488 16524 16056
16149 16142 16678 18057
16121 16529 16287 17938
16911 16670 17975 15696
17777 16313 16870 16411
17116 16027 17538 16535
16951 16013 17033 16919
16863 17793 16040 16471
16581 17968 16940 15763
16566 15943 17286 17082
16390 18273 16201 16492
16191 18203 16453 16461
16305 16535 18569 16157
17452 16957 15616 16742
16750 17402 15426 17367
16713 17248 15805 17232
16440 16156 18056 16755
16314 18324 16652 16151
16376 17212 17750 15578
17016 16715 17635 15905
16946 17742 16827 15738
16572 15663 17428 17315
16567 17672 17229 16083
16561 15486 17250 17742
16361 17815 16382 16674
16298 17892 17219 16029
16154 18205 16342 16586
17511 16095 17445 16005
16994 17386 17276 15453
16486 15740 17283 17505
16459 17443 16045 17067
16323 17783 16162 16927
16954 17388 15477 17113
16716 15922 16786 17409
16204 18346 16586 16314
17430 16887 16778 15936
16137 16348 16873 17822
15681 16248 16915 18350
17165 16992 15907 16849
17440 17427 16883 15120
16282 16516 18239 16487
18229 16822 16876 15316
16922 17969 16703 15624
16839 17596 16492 16167
16775 15493 17249 17472
15980 18297 16616 16339
15364 17744 16935 17131
17172 17144 15507 17210
16931 17256 15582 17107
16606 16684 18312 15918
16574 17201 15579 17554
16752 17236 15162 17679
18263 16648 17099 15237
17259 16996 15630 16971
17125 15844 17631 16590
17094 16203 16180 17190
16546 18025 16236 16237
16471 18286 16594 15784
16397 16423 16059 17981
16374 16898 17949 16303
15022 17426 17150 17293
17680 16292 16987 16108
16156 16090 16437 18178
15979 16175 17976 17175
17072 15953 16794 16990
15703 16140 17177 18088
17695 17219 17014 15460
17014 17647 15464 16622
16828 16678 17956 16000
16244 16533 18387 16406
16172 16745 18369 16422
15646 16382 18380 16902
15375 17302 17372 17141
17631 16620 17548 15326
17533 17204 16483 15855
17119 15918 17242 16873
16908 17990 16725 15497
16807 17910 16501 16090
16544 16407 16202 17685
16299 16321 18348 16663
15535 16468 17034 18000
17626 16448 17054 16104
15169 17497 17065 17232
15168 17668 17132 17106
14783 17169 17480 17695
14781 17419 17480 17418
16835 17270 15407 17398
16894 17362 16044 16631
16240 16863 18232 16207
17253 15933 16737 17000
15990 16394 18308 16720
15607 17024 16459 17812
15131 16868 18159 17170
15443 16638 17232 17744
17395 16869 17207 15662
17352 17506 16796 15762
16789 15550 17245 17492
16631 15932 17331 17043
16586 17635 16937 16183
15041 17580 17319 17159
16802 16470 18086 16201
16793 17416 15405 17292
16182 16676 16296 17868
16063 16603 18608 16522
18017 17108 17067 15165
17696 16806 16256 16129
15806 16708 18340 16830
15763 16369 16802 18334
15479 16971 17791 17060
15445 16274 17950 17235
15116 16770 17349 17793
14969 16717 17663 17717
17361 16235 17172 16320
16606 18166 16839 15649
16405 16692 18465 16245
16924 16788 15788 17402
17827 17171 16167 15780
16637 17049 15265 17720
16472 16866 18423 15831
16353 16521 18144 16468
15907 17591 16281 17155
17028 17797 16232 16049
17213 17473 17522 14976
16929 16588 18133 15848
16477 16075 16342 17819
18247 16424 16786 15798
18064 16908 17155 15077
17559 16243 17105 16236
17483 17386 16191 16008
17476 17212 17723 14815
17438 16707 17650 15388
16755 16149 17429 16678
16056 17064 17679 16703
15999 18125 16370 16682
15889 17572 16832 16744
15407 16798 17045 17834
15000 16848 17319 17895
14993 17031 17112 17861
17736 16835 16713 15957
15768 16628 18391 16664
17262 16320 17584 16099
16936 16977 16015 17006
16782 17297 17603 15372
18179 16937 16681 15521
18145 16471 16922 15693
17415 17307 17529 14963
15326 17710 17322 16782
14881 17348 17332 17400
14846 17032 17668 17580
17095 18000 16651 15504
16264 16613 16083 18139
17814 17091 16786 15551
17471 17495 17119 14876
16087 17569 17020 16680
15961 16393 16655 18099
14916 17058 17495 17707
16598 17474 15311 17283
16029 16546 18178 16731
15428 16826 17986 17124
17708 17251 17408 15101
17331 16449 17482 15863
15204 17067 17636 17329
18437 16699 16758 15482
18292 16315 16734 15835
18038 16580 17130 15627
18003 16575 16571 16332
17128 16061 17196 16579
17081 15842 17475 16789
16480 16071 16607 17720
15883 17715 16637 17016
15578 17406 16679 17506
15368 16618 17498 17555
15147 16777 16846 17995
15081 17163 17177 17764
16686 17565 15780 17040
16394 16443 18540 16212
16274 17068 18214 15723
16133 16296 16288 17986
17321 16875 15443 16992
16685 17013 15437 17643
16463 16614 15959 17996
15502 16869 16497 17754
15360 16547 17676 17585
14791 17391 17510 17459
15686 16818 17574 16987
16735 17891 16348 16110
15367 16537 16682 18243
17264 17316 17158 15448
17647 17063 15813 16529
16781 17344 15162 17448
16642 16442 18243 16027
16055 16468 18607 16571
18106 16521 16851 15918
17810 17067 17368 15145
17683 16366 16816 16479
17517 16862 16894 15885
17316 17053 17339 15591
17311 16254 16499 16858
17274 16850 17130 15754
17230 16373 17587 16044
17013 16437 17894 16244
15804 16336 17109 17718
15464 16324 17299 17998
15288 16833 17181 17873
14916 17148 17558 17617
15481 17783 16834 16959
15221 16847 17344 17711
14897 17622 17395 17024
16013 16324 18388 16687
15075 17044 17705 17421
16153 15877 16881 17836
18559 16675 16599 15400
18263 16746 16462 15684
18161 16510 16687 15779
17850 17071 17119 14939
17711 16810 16402 16022
17401 17037 17133 15392
16811 17419 17420 15491
15864 16232 16760 18219
15568 17055 16531 17684
15070 17087 17516 17619
16971 17249 15416 17347
17088 17004 18037 15084
16713 16570 18196 15701
16444 16775 18439 15865
16383 16778 17999 16175
18278 16147 16859 15902
18130 16546 16838 15735
18128 16883 17062 15319
17955 16392 16984 15908
17773 16813 17228 15677
17606 16744 16127 16491
17425 17017 17857 14994
16624 17705 17258 15609
15472 16907 18155 16859
15206 16860 17408 17551
15074 17280 17985 17163
14993 17319 17452 17340
17029 16805 18033 15498
16345 16805 18066 16265
16284 16639 17958 16472
17450 17352 17621 14830
18117 16963 16719 15646
18094 16731 16980 15629
17633 17171 17393 15270
17608 16673 17593 15753
15722 17160 16876 17378
15214 17007 17313 17778
15040 17023 17597 17665
14905 17167 17599 17599
15518 16850 17485 17429
15209 17304 17123 17466
15066 16709 17427 17857
14986 17199 17524 17510
17498 16973 16860 15745
17745 17250 17128 15108
15201 17037 18035 16987
17647 17184 16706 15734
15771 17404 17244 16768
18315 16793 16682 15424
15504 16679 17081 17984
15236 16931 17191 17856
15194 17503 17383 17115
14730 17249 17710 17471
14670 17284 17646 17531
17447 16958 16555 16246
17272 16886 15554 17076
18509 16709 16722 15385
15258 16840 17466 17445
17925 16336 16794 16064
15250 16687 17187 17958
17844 16444 16975 16052
15619 16783 16643 17868
16787 16018 16676 17291
15756 16746 16780 17727
16333 18064 16437 16596
14922 17108 17717 17503
15837 17992 16896 16386
16735 17664 15625 16955
16997 15546 17178 17526
16670 18047 16002 16454
16575 15946 17193 17445
16401 17875 16133 16722
16397 17481 16242 16815
16267 18390 16452 16176
16138 18348 16571 16293
16380 18045 16576 16331
16929 15955 17501 16751
17062 15514 17365 17119
16933 15607 17050 17253
16619 18168 16449 16188
16332 18339 16494 16255
16289 16195 17972 16771
15926 18413 16500 16266
16426 15742 16902 17863
17331 15948 17530 16588
16886 15891 16739 17386
16512 15481 17441 17581
16511 15590 17428 17578
16288 18004 16367 16604
16096 18503 16246 16312
15973 16182 16790 18221
14883 17581 17311 17127
16651 17894 16054 16790
16110 18286 16664 16520
16570 17995 16245 16543
16118 15866 17189 17598
15715 17602 16705 17145
16357 17728 16833 16511
16084 16319 18184 16846
17312 17508 16892 15586
16820 15783 16393 17428
16732 16280 16375 17520
16652 15738 17068 17575
16362 17981 16867 16006
16233 15889 18079 16905
15885 17584 17112 16512
15866 17821 16804 16741
16668 17711 15879 16787
16579 16097 16692 17368
16537 15324 17272 17580
16431 18003 16623 16184
15932 18025 16966 16382
16903 17930 16571 16074
15692 16574 18383 16720
17203 16964 17976 14957
17021 16075 17370 16600
16914 17654 17304 15268
16758 18072 16157 16185
16497 17932 15940 16728
16373 17844 15975 16848
16282 18439 16466 16063
16261 17954 16171 16922
15443 17456 17589 16474
16553 16481 17997 16500
16845 15816 17416 17007
16700 18143 16560 15878
16476 17210 17751 15852
16342 15852 16808 17983
16320 15773 16981 18001
15989 17813 16906 16381
17203 17363 16738 15776
16524 17376 17111 16270
16009 17854 16504 16866
15904 15943 17567 17713
15488 17655 17003 17031
17035 16961 17995 15687
16677 17460 15467 17309
16313 16184 18020 16913
16120 16799 16017 17964
15849 16978 16928 17280
15791 17098 17883 16502
16804 17529 16345 16426
16737 15697 17669 16915
16505 17856 17404 15730
16336 17736 17000 15947
16325 16353 17007 17098
16304 18383 16582 16142
16098 18504 16490 16027
15987 17658 16564 16628
15674 16174 17513 17640
16527 17103 15500 17596
16067 16613 18665 16440
17226 16767 18006 14976
16809 16522 18139 15804
16375 15997 16539 17806
16348 16420 16076 18054
16280 17176 16039 17236
16239 16091 16735 17693
15986 16766 18581 16375
15308 16585 17600 17573
16961 17916 16919 15351
16599 15606 17199 17593
16402 17701 17064 15906
15475 16396 17195 17948
17139 16529 15368 17399
15880 17824 16274 16916
17191 17459 17288 15256
16501 16383 16721 17228
16256 15840 16977 17850
16096 16642 17474 17057
15979 18143 16528 16560
15930 17699 17000 16574
15900 17203 17880 16453
15469 17647 16753 17047
15360 17575 17188 17035
14848 17699 17119 17153
16746 16667 15691 17631
17628 16902 16328 16187
17411 16054 16176 16785
17132 16414 15819 17116
17072 16841 17745 15627
16319 17794 16226 16728
16107 17410 16012 17410
16076 17085 16081 17672
15968 16748 16510 17553
15684 17415 16724 16939
15444 16712 17841 17310
16288 16148 16360 17975
16957 16064 16951 17039
15962 17144 17936 16151
16951 17327 15375 17147
16695 16925 18171 15856
16470 17209 15216 17604
16470 16918 16056 17435
16055 17224 15476 17666
15556 16789 18326 16760
17839 17056 17357 14944
17087 15801 17068 16974
16918 17400 16354 16610
16779 16400 17365 16831
15820 16033 17729 17522
15466 17399 17040 17114
17306 17412 17650 14935
17572 16987 16139 16273
16436 17357 16175 17056
16421 17474 15838 17388
16199 16492 18353 16486
16152 16367 17768 16851
17860 16839 17438 15077
17699 16990 17033 15654
16980 17812 16011 16537
16963 17361 17392 15442
16785 15482 17238 17516
16428 15842 17669 17173
16058 16496 16473 17775
16053 15844 17106 17842
15993 16049 17429 17568
15698 17861 16975 16871
14985 16654 17313 17921
15434 17147 17195 17210
16670 17094 15480 17663
16266 16896 18166 16149
16218 16855 15637 17776
18521 16655 16683 15351
17034 17552 15660 16498
16941 17090 15362 17382
16868 17342 16564 16508
16589 17587 16066 16812
15650 17401 17175 16824
15668 16163 16755 18366
16858 16310 18127 15958
16786 17625 16219 16618
16585 16445 16222 17437
16494 17949 15888 16600
16444 16131 18153 16745
16359 16659 18318 16278
16327 17759 15978 17034
15974 16536 16178 18010
15847 16932 17946 16578
15477 16602 17757 17384
16219 18004 16589 16371
16038 17116 15384 17751
18178 16761 16616 15867
18126 16691 17060 15561
18074 16752 16997 15719
17795 16500 17315 15553
17386 17540 16834 15451
17275 17447 17421 14957
16818 15791 17749 16872
16645 15695 16687 17695
16543 18250 16621 16096
16505 15840 17242 17528
16415 16800 16490 16991
15583 16436 17116 17979
15549 17368 17566 17033
15203 16814 17661 17485
15078 16797 17656 17709
16910 17262 15194 17420
16279 16570 18489 16382
17267 16918 17363 15908
17146 17048 15886 16906
17115 17026 16611 16085
16792 16208 16675 17069
16752 17948 15977 16537
16425 15773 17399 17369
16302 16218 16508 17809
16083 16296 17973 17031
15513 16417 17084 18105
15443 16570 17435 17553
15392 16879 17297 17572
14794 17082 17580 17733
17485 16651 16409 16223
16978 17657 16376 16078
18195 16484 16982 15640
16592 16897 18167 15876
16536 18166 16070 16478
17738 16747 16906 15781
17411 16750 17533 15556
17110 17208 16898 15682
17057 16843 17921 15446
16636 16643 18303 15978
16224 16035 17115 17792
15999 16147 16404 18176
15849 17029 17855 16467
15717 16558 17526 17639
15205 17005 18161 17042
17707 15971 17087 16206
17558 16884 17579 15452
17270 17502 16893 15630
17160 17408 16370 16261
16895 17144 15402 17609
16801 16609 18043 15830
17721 16617 16216 16131
17108 16820 15674 17288
18155 16721 17093 15241
17786 17251 16465 15404
17292 17506 17278 14982
16803 17688 17048 15645
16051 16359 16651 17787
15534 16893 16605 17738
18159 16720 17029 15352
16097 17288 17967 15896
18341 16840 16788 15402
18253 16867 16874 15165
18228 16627 16765 15773
18124 16542 16913 15801
17861 16953 16570 15833
17857 16838 15940 16257
17460 16718 17495 15799
17424 15762 17360 16087
17383 17264 17643 14944
16800 17406 17513 15293
16633 17055 16092 17171
16476 16542 18437 16128
15739 16605 17154 17519
15655 16385 17261 17942
15510 16722 16824 17933
15391 16492 17555 17498
18242 16804 16810 15394
17120 16616 15735 17166
16187 16659 18670 16162
16111 16605 18403 16621
18281 16855 16550 15656
18232 16296 16932 15860
18207 16710 17153 15142
18147 16774 17070 15311
18099 16820 17094 15181
17834 16927 16081 16220
17457 17256 17615 14861
15829 16982 18155 16639
15497 17460 16915 17137
15490 17044 17693 17248
15393 16856 17381 17424
15194 16721 17361 17813
15399 17753 17112 16832
16575 16939 15594 17884
18256 16631 17081 15451
17908 17084 16990 15257
16520 16443 18365 15853
15410 17001 18267 16916
16092 15999 17004 18106
16135 16770 18279 16442
17235 16192 16928 16683
16855 17397 17176 15834
16618 15800 16701 17422
16038 16370 16795 17816
15706 16456 17820 17123
15461 17949 16950 16760
15436 16778 16886 17871
15066 17051 17344 17674
14884 17252 17331 17582
14811 17362 17405 17470
17839 16667 17335 15312
18234 16437 16914 15694
17397 16134 17111 16181
17324 17125 17541 15321
17005 17293 15734 16995
16223 17189 15363 17724
15919 16860 17896 16766
15915 16475 16489 18104
18039 16295 16909 15930
17882 16860 17058 15585
17757 16495 16827 16013
15553 17296 16940 17145
15514 16851 16839 17924
14980 17207 17481 17568
14978 17503 17300 17283
14942 17260 17631 17258
14812 17232 17539 17603
14712 17558 17454 17081
16431 17752 16492 16782
17623 16797 17484 15266
18169 16375 16755 15876
17360 17150 17206 15446
15887 16382 18056 16932
15862 16307 16471 18323
15417 17524 16755 17357
17389 17026 17405 15330
14899 17178 17918 17464
18245 16670 16886 15592
18257 16733 17142 15150
17827 17084 16833 15460
17615 16832 17287 15957
17077 17270 16535 16193
16651 15409 17565 17382
16524 15617 17188 17478
16592 15585 17478 17368
16487 18266 16462 15692
16454 18197 16331 16178
16155 18441 16328 16313
16517 17499 16027 17122
17407 15779 16982 16912
17226 15760 16583 17153
16612 15584 17367 17390
16577 18042 16795 16006
16170 18434 16501 16205
16094 15907 17263 17641
15859 17984 17083 16349
16466 18248 16957 15912
16501 16038 17998 16587
16302 17652 16248 16829
17031 15486 17356 17234
16767 15483 17465 17336
17230 17628 16650 15561
16517 15876 17894 17087
16155 18283 16411 16349
16887 15964 17270 16950
16832 17950 16420 15641
16709 15710 17544 17281
16326 16150 17715 17090
16280 15785 16436 18054
16093 16080 17116 17694
16065 17735 17195 16209
15930 16406 16633 17882
16454 15994 17385 17145
17086 15644 17293 17200
16772 17980 16576 15802
16244 16934 18220 16201
16566 17016 15943 17196
17419 17487 16394 15886
17211 15670 17023 16962
16924 16015 17659 16444
16453 18130 16244 16356
15148 17694 17483 16804
16770 17850 16305 16339
15371 17510 17821 16853
16431 17343 16677 16985
15934 16490 16571 17939
16832 16067 17238 17016
16751 15642 17408 17332
16583 15975 16951 17443
16252 17680 16940 16371
18298 16901 16534 15552
17170 17404 15868 16316
16337 17610 17274 15901
15859 16653 16462 17867
16444 16536 18449 15836
16545 16468 18147 16049
17572 17265 16402 15502
16283 16836 17474 16967
15969 16032 17059 17993
15890 17132 17278 16973
