12208 177.319
9725 7905 7393
9720 8065 7272
7823 9785 7754
7770 7216 9544
7040 7511 9681
9698 8236 7360
8272 7272 9332
7061 8094 9570
7133 8019 9592
7965 7324 9486
9527 8631 7423
9718 8051 7519
7562 8678 9239
9106 9106 7628
9674 8261 7457
9608 8500 7585
9550 8541 7707
9623 8448 7468
8767 9344 8002
9690 8069 7492
8583 7471 9147
9670 8313 7556
7397 7405 9648
7433 8639 9348
7466 7630 9592
7151 7595 9656
7236 7973 9574
7522 7485 9614
9361 8827 7582
9141 8130 8601
9314 8880 7675
7973 7464 9447
7528 9084 8957
7485 8087 9503
9466 8615 7924
7587 8623 9313
9016 8736 8508
8344 7523 9294
8330 7561 9316
9606 8515 7771
7209 8011 9586
8487 7993 9166
8560 9136 8499
9268 8898 7871
8476 7953 9199
9640 8157 7957
7743 8948 9010
9060 8434 8621
7944 9691 8108
7799 7918 9462
8455 8304 9065
7866 9470 8546
7754 7759 9495
7644 7361 9566
8159 8106 9282
8843 9041 8370
8293 7427 9328
8960 8038 8795
8098 7388 9442
7853 7765 9431
9127 9097 7865
8075 9720 7995
8133 9610 8210
7876 7444 9520
8829 8981 8474
8046 9753 7880
9354 8817 7726
7504 8453 9350
8066 8909 8880
9420 8596 7980
7134 7579 9669
8695 8758 8749
7450 7434 9627
8371 9648 8039
8031 8461 9190
7251 7935 9600
9434 8823 7540
8103 7612 9434
9377 8648 8202
8979 8267 8733
7623 7879 9532
9120 8062 8671
7900 9738 8063
9082 9063 7941
8305 8724 9004
7665 9430 8585
9578 8534 7808
7731 9069 8943
9068 8768 8490
8916 9259 7717
7702 8833 9179
7355 7811 9633
7279 7551 9648
8895 8505 8689
8171 8478 9055
9525 8624 7487
8096 8660 9127
8080 9531 8375
7196 7573 9662
8442 9209 8449
9568 8489 7908
8653 9447 7903
9257 8406 8358
8662 9395 7825
8836 9001 8400
8215 7984 9353
9516 8555 7815
9153 8706 8443
7893 9766 7785
7929 9699 8112
8505 9539 8054
8803 9162 8345
9046 9180 7952
9103 9126 7885
8849 7684 8976
7327 8745 9202
8621 9031 8557
7317 8527 9362
8993 7835 8787
9681 8140 7673
7175 8654 9308
8067 9728 8093
7943 7337 9516
9322 8667 8121
8019 7836 9410
8598 9354 8195
8527 9513 8097
8723 9367 7757
8291 7875 9274
7188 8295 9425
9051 7817 8760
9651 8365 7743
9615 8273 7793
7848 7717 9474
9230 8671 8338
8780 7721 9021
9191 9046 7929
9206 8974 8031
8701 8344 8889
7161 7981 9598
9395 8746 8099
8979 8033 8824
7671 9239 8850
7712 8515 9248
7941 9276 8680
7695 7729 9521
7341 8689 9232
9346 8852 7893
9411 8814 7867
8003 9747 7939
7724 9120 8902
7414 9018 9019
8117 7785 9370
8222 9217 8666
7842 9672 8171
8975 9199 7736
8008 8920 8914
9658 8076 7743
8041 9599 8342
8187 9155 8802
7766 7740 9503
8283 8863 8808
8085 9439 8581
7682 9101 8949
9484 8470 7973
8566 8398 8970
8297 8116 9118
9243 8979 7663
7654 8201 9455
9549 8308 7986
8929 9151 8140
8537 7902 9175
7262 8404 9421
9164 8578 8462
7296 7999 9572
7721 7540 9560
8661 8172 9014
7276 8125 9550
8316 7798 9214
8885 8685 8539
7509 9391 8610
7957 9416 8607
9242 8839 8242
7810 7895 9479
8274 9572 8231
9004 8620 8636
7218 7778 9649
9497 8352 8082
8686 9232 8308
7270 7684 9644
8291 7654 9300
7935 7397 9493
7301 8236 9490
9217 8255 8438
9197 9052 7652
7906 7993 9325
9064 8150 8737
8381 9552 8176
8176 7475 9403
9149 8324 8575
7601 7617 9602
7456 8507 9375
9089 8957 8187
9329 8245 8429
8407 9543 8178
9251 8227 8493
9097 8844 8289
7687 8083 9452
7383 7693 9596
8383 9458 8290
9279 8939 7847
8801 8196 8922
9440 8282 8161
7218 8252 9527
8937 8519 8656
9087 9087 7917
9348 8749 8046
8631 8210 9082
8734 9015 8420
8730 9287 8267
9506 8056 8115
8610 7943 9133
8646 9268 8412
7170 8277 9441
7836 8893 9043
8788 8990 8459
7313 7927 9608
7375 8026 9554
7360 7641 9628
9612 8268 7853
8232 9175 8647
8576 9376 8218
8673 7914 9041
9478 8567 7985
8709 9402 7784
9595 8217 7910
9054 8878 8391
9503 8321 7964
7647 9248 8845
9533 8206 8075
8416 9330 8414
7917 8889 8960
9530 8603 7804
7193 7674 9652
8283 9635 8149
7898 7353 9516
7137 8273 9511
7783 8925 9002
9132 8875 8273
9567 8346 7915
9387 8374 8198
8340 9592 8075
7411 7792 9576
8833 8931 8465
8201 8778 8868
9223 8049 8569
8257 9400 8384
8509 8695 8836
7718 8915 9058
8297 9523 8261
7989 8777 9048
8352 7498 9288
8289 8347 9099
8865 8573 8837
8795 7572 8990
8880 8881 8525
7461 8643 9252
9113 8350 8632
8319 9142 8583
8193 9484 8408
8713 7747 9021
9428 8692 7961
8723 8960 8484
8240 8330 9212
8265 9617 8158
7637 7660 9537
8448 7735 9239
9179 8469 8435
9452 8222 8227
7774 8290 9397
8191 9654 8045
8664 9009 8532
7444 7668 9584
8616 8714 8804
7449 7886 9546
8400 8241 9078
7441 8653 9256
8032 9254 8701
8471 8548 8936
7820 7545 9502
8874 8994 8320
7664 9081 8996
8367 8146 9111
8909 8391 8711
8367 9488 8281
8475 7722 9223
8465 8425 8956
8490 9579 8103
8202 9644 8206
9038 9068 8083
9586 8421 7803
8432 9434 8238
8151 9670 7734
8482 9123 8614
8697 9362 8127
8590 8774 8789
8366 7357 9277
8358 7500 9261
8228 9521 8403
8347 8337 8988
8854 9007 8316
7917 9711 8123
8928 9112 8168
8122 8385 9218
7794 9187 8867
8953 8280 8644
8052 8416 9137
8410 9193 8529
7871 9774 7785
7774 8409 9386
9312 8420 8233
8169 7391 9406
8759 7792 8969
7880 9026 8909
8747 8550 8864
9456 8587 8090
8592 9273 8301
8247 9661 7900
8679 7939 9029
7873 8191 9394
8821 9237 8247
8272 9496 8328
8179 8825 8984
8046 8805 9034
8696 9376 7814
9624 8419 7638
9008 8229 8648
8824 7895 8888
8292 7860 9220
7987 7909 9365
7967 9666 8191
9335 8866 7843
8247 7710 9381
9027 9019 8133
8884 7843 8907
8014 9476 8440
8211 8179 9243
8324 9492 8336
8126 9586 8216
7607 7608 9578
7813 8542 9208
8606 8944 8640
7828 9012 8939
8143 9565 8271
7927 9506 8455
8944 7701 8904
8816 7850 8929
9489 8317 8153
8495 9289 8407
8000 8928 8911
7238 8055 9558
8428 7548 9242
7966 7825 9415
7612 7999 9518
7889 8741 9138
8972 8784 8517
8616 8627 8829
9298 8776 8062
8744 7925 8965
9633 8374 7784
8625 8849 8695
9010 8912 8354
8535 7941 9139
7721 7588 9555
8518 8865 8766
8554 8936 8698
8595 9324 8224
8205 9564 8306
8742 8044 8995
7924 7713 9430
7949 7607 9459
7515 9123 8931
9285 8465 8331
8249 7694 9370
9624 8395 7639
9529 8496 7838
7389 8864 9113
8522 9461 8155
7982 8042 9284
7341 8031 9568
9516 8636 7541
8818 9116 8253
7777 7646 9541
9657 8191 7710
9295 8761 8183
9045 9063 7991
8398 9299 8433
7598 7605 9608
8003 9626 8256
8551 9317 8258
8510 9371 8276
9366 8858 7551
7356 8183 9513
8637 7703 9074
8039 9223 8769
7371 7880 9564
8627 9076 8528
8357 7514 9285
8138 9712 8088
7791 7671 9527
9138 8721 8462
8063 9621 8227
7961 9227 8721
9022 9058 8155
8152 7492 9420
9205 8567 8347
8178 8962 8858
7758 7661 9536
8313 9224 8563
7350 8003 9569
7895 8574 9183
8328 9293 8553
8311 9019 8744
7777 8862 9088
8543 9423 8223
8208 9023 8785
7868 8966 8928
8934 8943 8323
9156 8428 8541
8644 9442 8136
9225 8971 7849
8384 8005 9205
8712 8788 8710
8396 8070 9130
9186 8947 8076
8288 9410 8374
7909 9275 8777
9520 8532 7840
9367 7938 8349
9265 8842 8084
7597 8272 9478
7366 7617 9630
9160 8797 8331
8859 9307 8162
7237 7819 9641
9333 8926 7656
8014 8220 9264
9027 8215 8772
8260 9392 8515
8899 9281 8165
8492 9336 8386
8914 8976 8313
7237 8166 9535
8707 8629 8714
9291 8808 8055
9289 8112 8456
8902 9227 7925
8718 8198 8953
8544 9311 8302
9483 8360 8126
8435 9583 8126
9413 8591 8089
9340 8656 8159
8811 7858 8951
9105 8991 8072
8390 9413 8348
8258 8370 9092
9197 8333 8425
8141 9371 8659
8638 8218 9072
7961 9243 8719
7844 9247 8779
8224 9211 8626
8681 9105 8520
9181 8327 8454
8870 8584 8705
7507 8381 9406
7639 7506 9567
8381 9445 8371
8418 8826 8848
8056 9588 8347
9670 8370 7550
9435 8427 8148
7638 7830 9525
8899 7857 8862
7314 8523 9379
7775 8140 9420
8793 8782 8707
8550 9055 8628
8543 9338 8304
7841 8297 9264
8761 9305 8196
9587 8553 7652
8920 8316 8705
7449 8764 9196
8871 9293 8059
7825 7783 9445
8223 8496 9038
9194 8078 8518
9013 9186 8073
