26501 327.672
8589 9577
8672 9550
8723 9537
8649 9569
8693 9547
8790 9531
8811 9504
8848 9500
9170 9397
9347 9232
9248 9340
9226 9356
9168 9405
9255 9323
9279 9307
9123 9441
9084 9460
9141 9426
8998 9484
9033 9473
9281 9301
9187 9390
9231 9351
9005 9477
8987 9492
9209 9361
9264 9318
9447 9106
9478 9068
9086 9443
9307 9266
9485 9055
9166 9407
9494 9044
9428 9127
9392 9172
9419 9138
9298 9288
9357 9209
9197 9376
9385 9197
9309 9265
9427 9131
9374 9198
9408 9162
9402 9169
9367 9204
9348 9219
9333 9250
9353 9218
9313 9262
9323 9251
9342 9239
9304 9273
9433 9121
9525 8991
9467 9076
9643 8757
9619 8813
9576 8906
9609 8837
9558 8937
9587 8865
9584 8895
9597 8859
9421 9136
9555 8947
9497 9028
9495 9032
9547 8952
9414 9149
9544 8957
9545 8953
9466 9082
9568 8913
9560 8922
9512 9007
9610 8835
9522 8993
9498 9026
9577 8902
9586 8868
9449 9099
9514 9002
9591 8861
9540 8959
9436 9115
9511 9014
9502 9025
9533 8980
9489 9047
9521 8996
9439 9111
9457 9093
9534 8975
9473 9072
9561 8914
9388 9173
9548 8948
9517 9001
9559 8926
9585 8884
9618 8815
9538 8966
9510 9020
9620 8804
9604 8842
9599 8848
9684 8615
9650 8734
9528 8983
9693 8609
9669 8677
9681 8633
9676 8657
9625 8797
9670 8675
9655 8722
9651 8730
9640 8767
9663 8703
9674 8660
9652 8724
9637 8778
9691 8612
9711 8547
9668 8692
9645 8744
9667 8694
9718 8497
9701 8570
9678 8649
9683 8624
9696 8587
9611 8817
9689 8614
9714 8503
