46178 1440.39
3611 3224 2743 2904
3456 3480 2987 2745
3257 3590 2596 3138
3172 2849 3408 3169
2981 3886 2889 2978
2923 3142 3583 3047
2875 3162 3194 3572
2665 3411 3258 3353
3289 2893 3283 3041
3335 3583 3049 2768
3303 3505 2620 3190
3355 3514 2607 3132
3417 3545 2814 2778
3143 3433 2658 3334
3174 2954 3434 3131
2711 3610 3133 3316
3310 2920 2972 3262
3517 3320 2891 2754
3451 3405 2635 3052
2726 3252 3373 3378
2693 3576 3183 3214
3413 3518 3040 2755
2707 3415 3319 3276
2963 2941 3408 3311
2813 2978 3441 3389
2666 3291 3316 3418
2981 3134 3540 3089
3200 3598 2645 3162
2681 3402 3344 3331
2677 3311 3342 3414
3559 3355 2776 2786
2932 3116 3366 3345
2811 3202 3276 3499
2778 3432 3162 3416
3168 2901 3374 3182
2850 3302 3289 3471
2877 3149 3514 3130
2945 3028 3561 3075
2902 3110 3577 3100
3426 3429 2983 2880
3033 3020 3550 3005
2864 3103 3236 3551
2975 2929 3358 3357
3578 3300 2682 2895
2900 3193 3229 3441
3307 3700 2908 2823
3382 3613 2865 2817
3606 3206 2720 2915
2690 3556 3253 3159
3301 3469 2668 3111
3082 3039 3492 3141
2975 3003 3378 3340
3286 3661 2680 3010
3464 3526 2687 2953
3160 2997 3401 3139
3276 2935 3251 3116
2952 3147 3120 3544
3490 3400 2825 3015
3442 3478 2709 3030
2729 3187 3480 3299
2853 3014 3435 3381
2744 3030 3348 3461
3203 2972 3317 3272
2986 3851 2914 3022
3535 3185 2935 2819
2847 3026 3502 3275
2996 3172 3503 3212
2849 3084 3445 3327
2818 3271 3372 3431
3000 3877 2882 2992
2953 3873 2911 3013
3531 3407 2849 2831
2741 3581 3152 3325
3093 3856 2933 2920
3601 3243 2736 2932
3094 3019 3263 3361
3005 3052 3453 3258
2918 3220 3104 3555
2798 3678 3145 3205
2771 3466 3090 3414
3227 3740 2884 2923
2880 3150 3214 3528
2822 3178 3203 3537
3503 3233 2906 2781
3135 3541 3094 2985
3581 3254 2716 2908
2990 3248 3079 3519
3408 3529 2699 3032
3389 3520 2637 3076
3054 2960 3460 3204
2972 2989 3526 3153
2859 3242 3182 3512
3194 3060 3101 3295
3267 3543 2948 2981
3022 3828 2738 3071
3387 3285 3011 3162
3047 3834 2923 3033
2820 3105 3362 3437
2893 3837 3025 3045
3473 3459 2768 2871
3001 3042 3321 3384
3061 3156 3256 3289
2992 3866 2904 2974
3484 3308 2764 3020
2843 3385 3217 3412
3339 3620 2950 2933
2963 3245 3118 3532
2784 3601 3023 3453
2908 3158 3483 3274
2787 3112 3518 3250
3448 3524 2885 2810
2932 3082 3570 3090
2957 3133 3496 3224
3374 3573 2819 2970
3488 3217 2926 2993
3310 3647 2651 3055
3411 3571 2793 2827
3457 3515 2847 2798
2916 3745 2979 3166
2737 3512 3153 3375
3074 3089 3399 3128
2946 2911 3344 3359
2948 3510 3281 3195
2897 3323 3200 3387
3013 3045 3533 3037
2869 3296 3307 3368
3010 3465 3137 3264
2937 3061 3470 3303
3115 3800 2852 2927
3554 3408 2747 2838
3575 3256 2755 2837
2936 3164 3185 3524
2840 3119 3438 3392
2761 3416 3245 3423
3119 3666 2865 3094
3552 3228 2691 3009
3478 3389 2676 3040
3571 3228 2797 2921
3063 3498 3007 3322
2757 3561 3236 3253
3046 3780 2826 3120
3556 3371 2831 2897
3467 3500 2765 2994
3563 3281 2843 2921
2929 3213 3329 3348
3189 3255 3298 2858
2933 3174 3147 3494
3277 2990 3207 3102
3045 3063 3527 3068
2987 3071 3570 3026
2895 3112 3534 3165
2889 3074 3427 3308
2926 3159 3250 3510
3246 3347 3199 2983
3195 3638 2994 2940
3154 3049 3362 3215
3284 3644 2802 2921
2940 3001 3323 3423
3000 3007 3475 3163
3139 3274 3205 3141
3126 3346 3028 3350
3275 3488 3034 3071
2909 3204 3239 3371
3021 3790 2945 3055
3424 3412 2917 2903
3462 3549 2740 2878
3052 3861 2896 2953
2854 3358 3386 3151
3029 3097 3449 3176
3059 3108 3220 3407
2870 3595 3021 3307
2845 3196 3270 3480
2754 3388 3177 3455
3584 3227 2805 2925
2873 3239 3123 3566
2837 3604 3048 3249
2747 3280 3360 3359
3361 3493 2718 3087
2974 3252 3488 3229
3132 3624 3081 3198
3156 2909 3382 3199
3541 3154 2923 2886
3537 3312 2729 3008
3400 3496 2767 3007
3068 3826 2900 2958
2896 3143 3555 3082
2996 3011 3557 3069
3207 3680 2851 2948
3558 3309 2670 2947
3368 3537 2708 3047
3253 3463 3106 2998
3184 3669 2973 2853
3189 3399 3165 3156
3141 3727 2808 3044
3392 3633 2770 2799
3062 3297 3189 3365
2935 3735 2967 3109
3222 3569 3105 2806
2979 3080 3175 3516
2912 3269 3143 3563
2829 3695 3028 3302
2783 3344 3124 3467
3393 3570 2841 2899
3396 3167 2941 3099
3152 3411 2863 3313
3292 2975 3178 3027
2957 3846 2965 3053
3348 3523 3024 2846
3347 3264 2837 3164
2985 3058 3521 3113
3256 3554 2845 3062
3384 3564 2843 2998
3006 3771 2952 3114
3086 3737 3072 2962
3041 3151 3423 3176
3250 3301 3041 3222
2911 3279 3171 3427
3515 3176 2882 2873
2708 3268 3477 3270
3100 2962 3416 3213
3033 3588 2875 3254
3514 3443 2722 2832
2827 3270 3431 3247
2794 3165 3345 3444
3089 3267 3301 3189
3003 3798 2861 3135
3056 2965 3430 3242
3497 3349 2902 2978
3322 3684 2717 2893
3545 3389 2859 2860
2734 3467 3057 3448
3596 3239 2777 2995
3112 3685 3060 2963
3149 3518 2787 3176
3091 3314 3111 3281
2793 3761 2887 3228
3480 3383 2991 2897
3241 3037 3261 3049
3592 3251 2751 2909
2766 3423 3259 3285
3236 3641 2894 2973
2997 3688 3018 3174
3259 3763 2905 2864
3134 3707 2957 3057
3085 3056 3459 3216
3050 3391 3246 3084
3005 3034 3403 3261
3016 3277 3368 2945
3324 3659 2816 2861
3130 3550 2703 3243
3097 2965 3206 3337
3158 3548 3002 2954
3066 3730 2949 3038
3424 3482 2761 3074
3080 3579 3112 3148
2890 3229 3184 3540
2885 3253 3178 3485
3038 2983 3266 3353
3376 3608 2877 2888
2824 3260 3177 3503
3181 3753 2855 2961
3065 3843 2955 2955
3107 3621 3085 2928
3180 3749 2887 2919
2991 3310 3168 3319
2825 3266 3187 3482
3203 3643 3102 2835
3187 3313 3089 3279
2790 3199 3293 3446
3588 3226 2787 2930
2890 3269 3305 3399
3330 3484 3099 2913
3326 3630 2856 2841
2937 3440 3088 3268
2926 3822 2955 3062
3440 3477 2872 2956
2944 3161 3472 3234
3039 3234 3115 3394
3125 3657 3061 2868
2918 3075 3340 3403
3170 3267 3271 3192
2994 3224 3350 3104
2984 3222 3356 3277
2970 3164 3155 3492
2833 3519 3139 3376
3209 3128 3236 3207
2901 3054 3253 3430
3211 3403 3222 3067
3234 3667 2862 2943
2928 3178 3124 3560
3411 3503 2744 2884
3410 3512 2811 2936
3352 3504 3037 3060
2806 3458 3353 3245
3543 3250 2829 2996
3312 3392 2920 3135
3201 3211 3097 3134
2965 3366 3233 3301
2905 3775 2937 3079
3431 3382 2695 3065
3085 3088 3337 3297
2862 3690 3077 3211
3213 3282 2912 3235
3124 3120 3312 3077
2925 3145 3267 3380
3072 3711 3068 3098
2780 3093 3282 3505
3145 3583 2749 3146
3079 3067 3408 3193
2973 3757 3115 2891
3176 3535 3130 2935
3238 3180 3175 3158
3494 3322 2779 2995
2943 3092 3390 3331
3376 3617 2703 2946
3278 3653 2795 3012
3165 3816 2897 2888
3313 3629 2758 3027
3118 3101 3395 3053
3166 3371 2841 3290
3123 3673 3066 3025
3087 3815 2938 2935
3161 3471 3075 3130
2930 3257 3109 3450
3019 3446 3126 3072
2964 3787 2924 3073
2862 3374 3226 3464
3492 3518 2753 2803
2950 3035 3411 3337
2871 3218 3205 3488
3206 3724 2928 3034
3113 3783 2954 2911
3499 3421 2952 2809
3043 3704 2999 3183
3073 3363 2958 3396
3449 3519 2732 2965
3025 3404 3132 3327
3002 2990 3393 3285
3471 3280 2946 3036
3197 3453 3149 3002
3390 3522 2881 2999
3251 3410 2818 3209
2962 3169 3139 3476
3088 3331 3226 3266
3528 3417 2839 2971
3183 3262 3127 3239
2952 3170 3231 3458
2915 3179 3202 3457
2752 3301 3309 3450
2879 3261 3212 3451
3329 3576 2749 2952
3319 3298 2770 3226
2887 3337 3293 3322
3512 3228 2874 2847
3157 3342 3064 3238
3209 3586 2790 3058
2877 3078 3375 3332
3101 3293 3172 3282
3103 3119 3406 3088
2883 3352 3266 3299
2991 3273 3414 3186
3173 3615 2939 3092
3272 3573 2962 2890
2808 3534 3158 3181
2769 3435 3188 3417
3066 3340 3181 3167
3077 3767 2987 3028
3017 3318 3286 3251
3572 3351 2809 2911
3270 3631 2915 3034
3433 3484 2805 2944
3035 3656 3077 3065
3548 3334 2733 2929
2807 3378 3242 3310
2867 3051 3336 3448
3460 3457 2871 2967
3367 3353 2861 3138
3344 3669 2804 2910
3305 3627 2855 2862
2921 3646 2970 3225
3000 3139 3465 3110
2972 3373 3326 3176
3163 3437 3068 3011
2803 3305 3358 3356
3031 3160 3462 3050
2966 3226 3215 3435
3077 3127 3333 3309
3236 3568 2960 3122
3503 3210 2784 3054
3259 3721 2880 2906
3297 3190 3160 2960
3295 3650 2727 2967
3428 3538 2701 2884
3014 3473 3141 3037
2998 3124 3279 3380
2955 3243 3134 3410
2989 3174 3218 3475
3224 3518 2868 3171
3156 3809 2898 2909
3172 3137 3219 3231
3145 3226 3275 3097
3215 3560 3046 2851
3131 3808 2797 2976
3012 3223 3056 3478
3231 3495 3046 2989
3405 3451 2968 2929
3544 3360 2695 2938
3359 3307 2774 3183
3455 3476 2879 2849
3354 3222 3031 3149
3521 3219 2869 2969
3300 3342 3122 3124
3183 3169 3210 3180
3397 3369 2919 2988
2892 3231 3278 3442
2802 3252 3226 3491
3279 3610 2773 2986
2968 3742 2886 3173
3404 3268 2867 3085
3262 3646 2910 2885
3454 3287 2998 2941
2934 3676 3014 3186
2910 3394 3115 3461
2940 3710 2949 3154
3281 3196 3140 3160
3107 3136 3385 3218
3445 3395 2977 2824
3271 3454 2796 3118
3239 3427 3047 3063
3095 3702 3119 2876
3520 3348 2854 2950
3123 3204 3310 3061
3507 3288 2818 2983
3219 3139 3218 3157
3110 3845 2797 2960
2866 3226 3388 3377
2782 3492 3044 3400
3420 3444 2839 2975
3357 3419 2959 3086
3352 3381 3124 2918
3217 3361 2993 3217
3146 3246 3131 3259
3436 3327 2907 3049
2906 3592 2977 3244
3493 3441 2782 3004
3105 3768 2996 2950
3119 3338 3191 3107
3477 3367 2870 2962
3343 3508 2789 3054
3295 3604 2974 2876
3051 2982 3416 3296
3317 3675 2772 2929
3326 3418 2649 3113
3098 3071 3450 3148
3231 3328 2985 3164
3027 3022 3331 3401
3412 3292 3081 2792
3196 3010 3290 3213
3371 3461 3053 2888
3446 3477 2897 2842
3019 3131 3437 3077
3079 3718 2931 3125
3167 3715 3004 2862
2956 3236 3144 3505
3479 3271 3019 2801
2873 3081 3320 3405
3094 3290 3222 3178
3116 3189 3381 3042
3069 3421 2904 3317
2932 3377 2950 3425
3205 3231 3121 3125
3076 3369 3295 3080
3057 3208 3341 3201
2805 3198 3309 3490
3524 3310 2752 2976
3059 3335 3135 3202
2976 3790 2985 3024
2829 3238 3331 3337
3381 3533 3015 3006
3458 3508 2734 2922
2956 3185 3245 3355
3428 3468 2726 3112
3289 3593 2848 3050
3198 3439 3052 3252
2967 3090 3284 3390
2977 3533 3173 3101
3332 3586 2956 2824
3027 3424 3261 2864
3004 3318 3159 3348
2979 3775 2907 3093
3453 3428 2697 3005
3379 3201 3078 2927
3315 3333 3020 3099
3163 3188 3195 3225
3422 3364 2930 2906
2735 3379 3293 3401
3321 3122 3386 3003
3412 3422 2993 2792
2992 3559 2989 3199
3141 3694 3004 2928
