19609 1320.8
26805 28673
26869 28644
26866 28648
26822 28668
26857 28655
26962 28598
27011 28568
26999 28580
27992 27705
27916 27786
27805 27905
27607 28103
27754 27965
27903 27803
27860 27855
27698 28017
27125 28499
28294 27341
27700 28014
27487 28216
27686 28029
28049 27641
27733 27985
28275 27361
27840 27873
27802 27909
28440 27124
27252 28412
27997 27700
28253 27395
27898 27805
27820 27889
27862 27851
27897 27809
28111 27572
27986 27712
28097 27584
28044 27643
27830 27878
27910 27793
27827 27881
27929 27771
28330 27289
27117 28500
27296 28378
27540 28171
27955 27743
28159 27507
27638 28078
28032 27662
26802 28676
28123 27554
27211 28441
27934 27767
28038 27650
27427 28267
27448 28251
27824 27887
27158 28473
27893 27814
27547 28160
27797 27914
27884 27827
28002 27691
27908 27799
28208 27445
27888 27817
27603 28109
27630 28082
27309 28373
27818 27901
27461 28242
28206 27455
27843 27869
27826 27883
28224 27439
28158 27512
28079 27601
28094 27588
27975 27725
28018 27678
28494 27051
28420 27174
28468 27093
28242 27410
28471 27079
28460 27099
28252 27405
28129 27547
28615 26832
27944 27758
27602 28111
28050 27635
28380 27232
28184 27487
27887 27820
27424 28269
28197 27464
28514 27021
27794 27924
28271 27366
28361 27254
26900 28631
28282 27356
28306 27327
28249 27408
28399 27206
28229 27432
28037 27657
27851 27857
28065 27625
28120 27555
28261 27392
28601 26883
28084 27598
28584 26905
28145 27532
27072 28544
28456 27108
28565 26949
28345 27282
28172 27492
27927 27782
27752 27967
28655 26737
28439 27129
28576 26910
27813 27903
28557 26954
28372 27237
27886 27823
28369 27244
28313 27313
28469 27085
27389 28301
27644 28072
27140 28489
27943 27761
28673 26706
28626 26811
28517 27010
28656 26730
28634 26806
28434 27142
28327 27295
28136 27543
28525 27005
28385 27214
28167 27499
28191 27472
28738 26561
28618 26818
28076 27617
28287 27353
28207 27448
27231 28426
28580 26906
28757 26517
28715 26591
28042 27646
28652 26738
28677 26696
27994 27702
28190 27476
28534 26985
28640 26766
28099 27583
28721 26583
28470 27080
27437 28262
27606 28104
28025 27667
28556 26958
28086 27591
27196 28459
27581 28133
27115 28511
28646 26752
28641 26763
28170 27498
28078 27603
27179 28462
28102 27575
28639 26788
28483 27072
27465 28241
26815 28669
27845 27864
27950 27754
27335 28350
27953 27748
28711 26612
28390 27209
27556 28151
27479 28228
27410 28289
28269 27376
27956 27740
27969 27739
28495 27046
28502 27044
28566 26937
27359 28334
27351 28339
28148 27524
28119 27565
28164 27503
28570 26918
28408 27180
28411 27179
27538 28173
28465 27094
28362 27247
28679 26684
28706 26630
27495 28210
27883 27829
28057 27627
28761 26507
28383 27219
27867 27850
28516 27018
27803 27907
28307 27319
28451 27123
27281 28389
27784 27936
28406 27194
28280 27359
27420 28273
27674 28052
28274 27362
28616 26830
28511 27027
28647 26746
28016 27684
27292 28380
28187 27479
28602 26860
28543 26971
28725 26582
28332 27286
28021 27669
27941 27765
28320 27312
27534 28179
27642 28073
28754 26531
27634 28079
27041 28547
27555 28155
28371 27241
27116 28501
28774 26427
27639 28074
28702 26644
28216 27444
28650 26744
28617 26828
27010 28569
27656 28057
27197 28449
27383 28305
28428 27151
28611 26848
27178 28464
27390 28300
28386 27211
27600 28112
27629 28086
27088 28526
27264 28405
27269 28395
28104 27574
27273 28394
27703 28010
27514 28199
28503 27036
28355 27262
27689 28028
28538 26978
27889 27816
27682 28043
28237 27412
27161 28472
28547 26966
27579 28134
28767 26447
28535 26983
27847 27863
27852 27856
27709 28005
28263 27377
27491 28214
27646 28070
28324 27305
27750 27969
27877 27833
27267 28400
26876 28641
27215 28440
28233 27424
28055 27633
28298 27337
27207 28445
27914 27790
28781 26411
28326 27301
27563 28149
28231 27428
27414 28279
28139 27535
28526 26996
27153 28483
28716 26585
27385 28303
27894 27811
27875 27837
26954 28607
28230 27429
26839 28666
27445 28261
28609 26851
28475 27077
28143 27533
27546 28168
27143 28486
28733 26576
27597 28125
27524 28186
27139 28498
27418 28277
27188 28460
27044 28545
28745 26534
27404 28296
26927 28619
28128 27548
27991 27711
27554 28156
27100 28513
28701 26658
28219 27443
27664 28054
28163 27504
27492 28212
28678 26688
26975 28595
26907 28629
27984 27716
27623 28095
27759 27958
27529 28183
28644 26754
27173 28471
27508 28209
27730 27995
28151 27519
27872 27843
27221 28435
27718 28000
27225 28429
28433 27148
27093 28521
28192 27470
26930 28615
27793 27931
27494 28211
27157 28476
27430 28263
27548 28157
28669 26717
27522 28198
27286 28387
27255 28409
28770 26432
27740 27982
27998 27695
27683 28033
27572 28146
26888 28637
27028 28563
28592 26892
28463 27098
27486 28221
28205 27460
27342 28346
27405 28291
28688 26673
27412 28283
27771 27953
27086 28530
27295 28379
27040 28549
27798 27913
28438 27130
27777 27944
27378 28318
27459 28248
27839 27875
27003 28575
26883 28639
27610 28096
28726 26578
27371 28323
27382 28313
27249 28424
27473 28234
28013 27689
28193 27467
27970 27726
27924 27784
27030 28552
27653 28066
27695 28025
27742 27977
27605 28106
28125 27550
27449 28249
27609 28099
27330 28360
27577 28135
28485 27054
26991 28586
27313 28363
