197294 1920.18
3442 3305 2889 3099
3272 3012 3176 3249
3197 3563 2708 3258
3197 3548 3161 2882
2951 3297 3477 3080
2824 3325 2800 3598
2791 3852 2882 3017
2697 3536 3142 3380
3301 3073 3169 3200
2893 3039 3317 3367
3178 3535 3107 2926
3171 3104 2940 3426
2732 3399 3327 3311
3384 3475 2744 3009
2755 3743 2918 3322
3142 3583 2725 3336
2912 3801 3071 3208
2721 3754 2908 3340
2904 3818 3058 3145
2862 3432 2951 3582
3233 3374 3286 2937
3348 3185 2804 3334
2702 3361 3215 3443
3123 3717 2815 3139
2761 3502 2863 3563
2714 3598 3027 3460
2944 3847 2904 3151
2914 3833 3001 3170
2910 3324 2986 3585
2698 3610 2977 3469
3113 3290 3434 2945
3125 3155 3414 3062
2953 3140 3323 3314
2963 3344 3442 2966
3155 3149 3326 3238
3191 3457 2795 3366
3421 3327 2708 3151
2769 3779 2891 3314
2883 3217 3010 3570
3432 3246 2758 3119
3413 3433 3071 2972
3427 3398 2953 3048
2984 3131 3445 3125
3335 3122 3104 3108
3302 3466 2762 3239
3231 3572 2714 3186
3030 3321 3454 3053
3047 3201 3133 3405
3436 3190 2907 3086
3418 3315 2826 3149
3257 3397 3217 2930
3153 3130 3430 3021
3082 3393 2996 3483
2793 3190 3407 3329
3094 3166 3338 3226
3395 3343 2789 3189
3367 3226 2837 3287
2717 3684 2890 3423
2962 3673 2752 3384
3016 3313 3459 3107
2778 3619 2885 3537
2801 3730 2875 3339
3239 3164 3086 3209
3437 3276 3045 3006
3023 3571 2721 3444
2859 3384 3469 3134
3181 3682 2784 3134
3378 3295 3037 3183
3388 3484 3057 2995
2970 3113 3327 3271
3029 3283 2879 3528
2807 3377 3301 3325
3340 3628 2966 2985
3050 3254 3449 3013
2930 3596 3054 3386
2785 3668 3178 3158
3297 3600 2824 3067
2822 3416 3431 3056
3172 3310 2866 3388
2927 3281 3319 3327
2849 3430 3154 3440
2852 3580 3243 3243
3360 3419 3043 3128
3042 3270 3312 3262
3144 3700 2982 3041
3194 3208 2955 3396
3282 3260 3282 2963
3035 3223 3158 3409
3308 3211 3165 3175
2832 3255 3317 3463
2875 3761 2896 3322
3011 3196 3384 3186
3185 3251 3203 3193
2857 3508 2886 3523
2810 3796 2961 3211
2803 3274 3144 3520
3126 3110 3234 3336
3013 3243 2948 3541
3355 3449 2757 3076
3383 3415 2773 3072
3284 3381 2781 3289
2921 3532 2862 3507
3310 3311 3022 3206
2865 3378 3280 3310
2885 3704 3063 3316
3090 3351 3401 3044
2813 3723 2911 3355
3117 3220 3424 3152
3203 3265 3241 3177
3060 3152 3360 3244
3173 3118 3074 3407
3371 3414 2830 3169
3201 3452 3387 3001
3068 3382 3427 2955
3399 3240 3047 3108
2815 3647 3076 3349
2988 3278 2933 3566
3375 3443 3079 3019
3364 3421 3015 3069
2933 3333 2942 3557
3074 3299 3374 3127
2992 3302 3264 3296
2790 3664 3115 3310
3324 3494 2874 3130
3199 3355 3257 3037
2819 3729 3140 3183
3166 3497 3208 3065
3055 3749 2902 3213
3088 3561 3267 2958
2916 3335 3463 3002
3315 3524 2752 3035
2935 3706 3151 3025
3225 3217 3253 3145
3048 3654 2893 3291
3086 3331 3350 3257
3168 3235 3254 3241
2772 3732 3121 3227
3103 3603 2820 3233
3220 3481 2873 3253
3028 3783 2942 3038
3406 3226 2941 3227
3432 3261 2920 3097
2949 3687 3269 3075
3035 3287 3438 3100
2840 3737 3095 3177
3023 3690 3065 3170
2998 3709 3065 3162
2915 3757 2929 3247
2868 3497 2965 3549
3161 3347 3415 2978
2964 3829 3067 3097
3347 3399 3145 2946
3262 3406 3193 2993
3357 3465 3113 3064
3306 3567 3091 2991
2810 3362 2979 3561
3135 3448 3248 3105
3419 3320 2819 3058
3293 3377 2923 3292
2887 3375 3097 3556
3131 3303 3099 3342
2939 3360 3394 3231
2960 3509 2933 3473
3212 3291 3244 3146
3254 3240 2936 3308
2846 3626 2933 3434
3179 3386 2871 3333
3225 3528 3304 3028
3043 3434 3273 3277
2870 3520 3156 3394
3157 3600 2769 3251
3295 3468 2853 3166
3018 3570 2788 3407
2842 3665 3117 3205
2896 3744 3130 2983
3133 3718 2775 3153
2965 3455 3062 3531
3128 3364 3306 3196
3343 3517 2984 3052
3029 3634 3214 3138
2956 3273 3020 3544
2856 3279 3405 3362
2853 3337 3403 3230
3328 3371 3088 3156
2831 3715 3143 3179
3009 3254 3212 3347
3027 3388 3412 3158
3313 3189 3094 3114
3051 3339 3152 3354
3178 3197 3348 3158
3174 3545 2798 3348
2869 3726 3067 3315
3049 3741 3049 3105
2996 3777 2978 3190
3179 3180 3254 3160
2871 3530 3015 3513
3007 3491 3014 3498
2820 3621 2937 3495
3237 3386 3179 3046
3286 3445 3129 3070
3058 3425 3010 3475
2946 3437 2993 3545
3002 3620 2772 3430
3218 3347 3239 3060
2937 3474 2969 3516
2828 3452 3085 3489
2775 3600 3238 3233
2873 3618 3004 3413
2904 3380 3181 3505
3351 3470 2849 3095
3255 3573 3050 2953
2991 3641 2889 3360
3250 3646 2850 3012
2960 3396 3367 3172
2979 3174 3205 3411
3122 3549 3220 2980
2825 3599 3141 3400
2979 3495 3222 3365
2887 3400 3247 3421
3076 3592 2796 3358
3032 3574 3290 3121
2876 3500 3105 3454
2907 3348 3467 3101
2925 3489 2844 3509
3373 3387 2864 3223
3368 3461 2850 3073
3362 3502 3012 3026
3279 3533 2994 3178
2882 3785 3100 3078
3091 3358 3045 3428
3089 3648 3117 2962
3070 3790 3026 2981
3078 3450 3124 3276
3403 3410 3041 3033
2941 3763 3008 3188
3249 3241 3060 3273
3214 3658 2949 3144
2858 3487 2999 3518
3009 3385 3398 3173
3000 3513 3333 3197
3332 3215 3218 3051
3206 3594 2914 3222
3080 3640 3185 3050
3275 3390 3134 3129
3017 3346 3417 3088
2821 3423 3289 3304
3387 3323 2939 3153
2997 3614 2932 3439
2808 3636 2998 3411
3216 3203 3274 3102
3107 3329 3167 3357
3289 3292 3028 3225
2876 3850 2981 3042
3048 3231 3199 3376
2958 3205 3120 3488
2889 3342 3330 3319
2984 3823 2921 3078
3153 3176 3204 3249
3085 3768 2840 3126
3231 3386 3343 2974
3007 3414 3128 3451
3037 3772 3015 3157
2897 3495 3008 3502
3318 3446 3084 3141
3108 3391 3362 3089
3207 3492 3038 3215
3100 3517 2843 3345
2958 3566 2987 3486
3321 3370 2979 3266
3064 3563 2833 3437
2924 3396 2877 3551
3273 3307 3311 2950
2942 3392 3079 3553
3408 3452 3070 3027
3337 3436 3059 3132
3204 3632 3042 2959
2966 3376 3024 3510
2984 3427 3420 3123
2781 3539 3042 3501
3316 3360 2802 3285
3299 3302 3258 3098
3021 3467 3322 3079
2716 3488 3292 3301
3085 3368 3197 3298
3063 3539 3102 3330
2878 3435 3040 3536
2974 3460 2900 3501
3269 3304 2964 3294
3170 3274 3358 3031
2989 3568 2968 3401
2957 3534 3172 3323
3403 3357 2918 3091
3266 3325 3200 3049
3222 3492 3092 3034
3025 3537 3314 3164
2993 3459 3203 3382
2951 3268 3381 3234
2901 3597 3226 3120
3147 3588 3110 3155
2906 3367 3428 3163
3246 3352 2928 3320
3144 3571 2778 3293
3177 3401 3276 3117
2928 3591 3230 3204
3139 3645 3034 3199
2926 3478 3198 3378
2923 3553 3084 3344
2988 3402 3370 3109
3142 3446 3261 3199
2903 3447 3391 3217
3267 3593 2857 3074
3094 3308 3314 3260
2837 3656 2880 3435
3305 3353 2988 3161
3271 3442 2937 3261
3175 3552 3163 3003
3198 3464 3187 3111
3118 3299 3328 3154
3001 3720 2944 3198
3234 3284 3189 3237
3158 3231 3332 3093
3092 3412 3137 3309
2980 3366 3298 3408
2899 3679 2898 3313
3281 3440 2839 3199
2981 3662 3207 3114
2916 3695 3138 3184
3057 3586 2960 3306
3013 3652 2997 3335
3331 3214 2987 3228
3209 3547 2828 3253
2974 3638 3030 3221
2910 3660 2992 3391
3129 3616 3090 3193
3157 3747 2883 2951
3229 3183 3238 3125
3079 3675 3025 3230
2950 3792 2949 3203
2951 3824 3003 3191
3228 3623 2887 3080
3284 3460 3177 2988
3275 3536 3026 3084
3068 3409 3001 3464
3119 3471 2891 3448
2962 3370 3436 2965
2968 3438 3082 3457
2837 3542 3109 3398
3303 3424 2947 3275
2989 3403 3131 3479
3227 3448 3339 2997
3235 3319 3344 3030
2969 3588 2832 3462
3327 3297 2962 3249
3290 3576 2945 3091
2918 3525 3266 3224
3073 3642 3119 3023
2954 3606 3053 3403
3188 3391 3168 3196
3005 3335 3355 3195
3111 3438 3112 3370
2982 3336 3006 3534
3411 3439 3004 3001
3072 3449 3018 3332
2943 3370 3149 3412
2911 3664 3127 3202
3284 3612 2972 3054
3236 3472 3077 3010
3390 3369 3057 3094
2995 3667 3006 3351
2861 3569 3297 3272
3028 3530 2973 3353
3393 3407 2847 3133
3149 3298 3220 3256
2888 3436 3353 3245
3240 3364 3160 3174
3036 3705 3123 3165
3033 3644 2936 3245
2835 3575 3162 3321
3061 3470 3346 3016
2980 3730 3032 3160
3211 3268 3285 3118
2944 3289 3046 3532
3162 3624 2911 3219
2891 3681 2833 3318
2838 3670 2966 3362
3196 3306 3270 3157
3195 3462 2931 3252
3164 3244 3416 2999
3010 3550 2926 3373
3277 3507 2940 3191
3000 3722 2925 3251
2908 3267 3082 3490
2903 3578 3196 3218
2847 3512 3233 3338
3064 3678 3176 3103
3169 3558 2912 3255
3110 3427 3194 3217
3109 3565 2956 3312
2952 3541 3171 3312
2975 3650 3142 3176
2987 3765 2975 3192
2933 3522 2952 3491
2950 3319 3378 3226
2982 3789 3076 3106
3003 3630 2916 3338
3165 3237 3186 3247
3057 3694 3106 3074
2956 3713 3077 3150
2983 3438 3036 3432
2890 3542 3089 3478
3151 3449 3011 3391
3005 3588 2859 3370
3241 3374 3029 3279
3138 3370 3294 3263
2902 3427 2961 3569
3159 3405 3294 3201
3049 3448 3182 3281
3033 3467 2921 3492
2981 3526 2980 3445
2968 3558 3119 3283
3312 3405 3186 3004
3258 3623 3004 3059
3227 3402 2999 3302
2908 3538 3102 3419
2900 3391 3206 3372
2841 3569 2975 3500
3353 3406 2951 3180
3342 3471 2860 3109
3244 3491 2960 3228
3038 3704 3175 3088
3087 3427 3310 3143
3216 3320 3190 3124
3208 3408 3175 3111
3104 3557 3205 3167
3075 3529 2986 3416
2964 3512 3147 3395
2894 3439 3228 3341
2987 3729 3072 3208
3239 3520 2840 3235
3125 3643 3061 3015
3072 3605 2989 3269
3004 3556 2954 3389
2901 3405 3155 3416
2807 3657 2930 3449
3097 3445 3332 3125
3146 3356 2882 3419
3020 3719 2993 3265
2944 3468 3365 3143
3093 3424 2958 3411
2934 3444 3342 3238
2929 3403 3424 3213
2922 3380 3378 3229
3029 3527 2842 3442
3269 3515 2891 3212
3232 3451 2883 3267
3221 3627 2915 3085
2999 3607 3019 3347
3053 3496 3168 3337
3174 3421 2847 3377
3334 3395 2971 3221
2899 3394 3392 3293
2836 3632 3232 3319
3225 3348 3069 3363
2994 3608 3086 3278
3263 3476 2918 3229
3065 3426 3395 3035
3037 3604 2855 3321
3164 3504 2990 3299
3150 3505 3002 3255
2948 3671 2860 3304
2937 3453 3357 3225
2883 3735 3093 3273
3345 3479 2946 3095
2912 3383 3408 3227
2942 3698 3192 3135
2917 3750 2965 3306
2894 3785 2962 3219
3015 3753 2990 3170
3066 3542 3074 3270
3101 3525 3235 3116
2924 3623 3201 3148
3392 3374 2978 3140
3095 3598 2946 3356
3296 3587 3006 3018
3101 3597 2927 3305
2978 3538 3189 3264
2879 3324 3183 3464
2976 3516 3084 3456
3156 3409 3052 3332
2977 3587 3283 3100
3115 3501 2918 3338
3177 3612 3087 3131
3092 3473 3131 3248
3090 3622 3068 2999
2953 3577 3217 3300
3171 3542 3026 3135
3298 3514 3035 3134
3061 3735 2970 3181
3150 3500 3121 3285
3106 3576 3202 3211
