115544 1770.44
9580 7832 7913 6540
8944 8789 7612 5700
7720 8496 6616 7619
7717 9775 7555 6414
7551 6151 8270 8436
7468 7085 9883 7224
7133 7097 7916 8926
6642 8159 7319 8208
8925 8863 7523 5764
6730 8092 7054 8225
7831 6222 7993 8254
7206 6403 8708 8411
7423 6319 8681 8334
7583 6466 8189 8562
7848 6443 8408 8180
8257 9408 7382 6212
7514 6755 8391 8706
7406 6272 8403 8603
7259 6596 8204 8762
7404 6610 8673 8393
6884 8148 7163 8221
7011 6352 8566 8587
7797 9750 7527 6328
8149 6520 8004 7900
8440 9207 7368 5906
9187 8144 8148 6236
9540 7796 8129 6644
7353 7130 8133 8751
8019 6681 8645 7988
8315 6941 9254 7179
8823 8855 7661 5809
7516 8364 6678 7991
8081 6263 7578 8065
8132 7641 9078 7367
7202 7294 7737 8864
7835 7146 9123 8017
8395 8187 6814 7150
7534 6816 8804 8270
6796 8343 6781 8121
8772 8921 7047 5922
8194 6998 9388 7038
8693 8988 7776 6161
9121 7845 8249 6526
7488 7154 9852 7237
7639 7352 9804 7274
7778 7183 9622 7421
8074 9644 7445 6140
9239 8400 7784 6081
6966 7890 7041 8359
7626 7350 9827 7323
9553 7956 7811 6386
7014 6918 7945 8841
9336 8276 7679 6150
6856 7601 7185 8528
7335 7991 9114 7158
8834 7162 8441 7082
7698 7628 8979 7765
7421 6637 8110 8824
7013 8745 6732 7775
8572 7589 8823 7266
8284 9374 7300 6452
8806 8812 7199 6185
7574 7762 9351 7587
8412 6889 8333 7571
7211 6785 8286 8792
6790 8270 6869 8154
7552 8560 6645 7827
6831 8091 7118 8244
7061 7731 7480 8462
7340 7696 9582 7166
6945 8130 6820 8283
6764 8170 7212 8092
7288 7155 7893 8896
9400 7785 8081 6727
6811 8053 6952 8311
6902 8541 6845 7903
9497 8000 7905 6438
7560 6556 7906 8626
7445 6770 8318 8446
8875 7899 8463 6916
7325 7544 9058 7816
7828 6860 8627 8352
7478 7070 8777 8198
8932 8671 7586 5952
7261 6538 8771 8380
8333 9353 7816 6569
6862 8410 7138 7854
8475 9256 7352 6335
7589 9334 7614 7070
7861 7048 9512 7700
8576 8100 7147 6966
8992 8014 8290 6187
7599 7468 9599 7611
7271 9027 6639 7329
9415 7946 7883 6509
6821 8472 6695 7978
9326 7602 8141 6286
6933 7175 8021 8701
9351 7870 7897 6636
7596 7302 9783 7336
7927 8037 9015 7518
8359 8757 8207 5969
7108 7726 8721 7654
8451 7363 9053 7002
8344 7420 8983 7391
7265 9070 7026 7368
7562 7523 9686 7602
7762 7210 9668 7695
8101 9176 7963 6273
9516 7949 7796 6486
8141 8782 8165 5854
7436 9378 7565 7019
8430 7871 8348 7213
9172 8325 7561 6776
8691 8971 7207 6373
7808 9664 7465 6675
7401 8349 7115 8053
7233 8239 8512 7536
8648 9007 7252 5819
6997 8539 6754 7882
6961 8912 6922 7660
9312 7677 8177 6631
7963 9583 7309 6416
9375 8184 7763 6542
8799 7407 8603 6768
7713 7336 9192 7748
7646 7539 9633 7495
8119 7099 9441 7389
8220 7673 9175 7258
7247 6804 9030 8156
7082 7272 7766 8911
8898 8517 7631 6060
9033 8501 7735 5838
8702 8869 7602 6009
6993 7574 8389 8036
7608 8553 6979 7461
8848 7672 8668 6623
9438 8255 7979 6460
7033 8505 7243 7846
9021 7493 8300 6865
7938 7532 9153 7550
7291 6782 8254 8676
9364 7973 7695 6602
8417 8060 8653 7052
7416 7234 9403 7810
8760 8791 7784 5887
9469 8248 7854 6377
7587 6732 8942 8198
7881 7170 9649 7112
9043 8689 7474 6134
8978 8226 8237 6831
8031 9477 7654 6028
7911 7692 9278 6855
7629 8356 8636 6827
7672 7133 9740 7294
7051 7267 8032 8569
8589 7339 8053 7301
8139 7189 9325 7455
7740 9446 7263 6713
8299 9230 7419 6990
8109 7382 9264 7500
9161 8422 7771 6265
7585 6718 7954 8477
7959 7474 9464 7250
7658 7041 8762 8231
7907 9727 7537 6487
9014 8483 7739 5902
8103 9622 7599 6396
9279 8272 7738 6093
8639 9034 7471 5940
8379 7115 9292 7123
7250 6528 8598 8496
6950 7498 7514 8657
7162 8086 7100 8149
6867 8415 6929 8007
7989 7437 9426 6709
7499 7109 9874 7160
6843 8833 7012 7557
9479 8078 7900 6507
7452 6765 7875 8611
8149 7367 9562 7065
9289 8361 7515 6068
8154 9314 7531 6694
8790 8840 7333 6120
6782 8208 7971 7878
9429 8075 8001 6297
8563 7104 8835 6615
9011 8417 8039 6020
7734 7055 8727 8296
6741 7835 7924 8087
9064 7199 8492 6583
7330 9102 7083 7200
8160 7749 8997 6996
7767 9706 7644 6607
8251 9513 7520 6310
8459 8760 7874 6355
7529 8585 8600 6973
7072 7192 8220 8641
7663 8614 6892 7646
7510 8957 6941 7375
9254 8278 7721 6289
8025 9704 7373 6105
8142 8122 8066 7722
8535 7305 9046 6787
7146 7455 8906 7934
6914 8536 6912 7865
7300 6907 8516 8507
7179 7774 7275 8350
8189 7665 9198 6740
7559 8596 6768 7731
9104 7215 8187 6948
8263 7257 8694 7841
8003 7056 8952 7707
7307 8535 6884 7715
8721 7335 8756 6653
7471 7559 9242 7626
7872 9113 7232 7055
7804 8271 8619 6223
8309 6385 8096 7753
7998 8442 8328 7462
7395 8283 7221 7661
8124 9275 7927 6363
8823 8727 7662 6348
8864 8568 7481 6929
9110 8456 7848 6431
8501 8650 8032 6043
7978 7171 9540 7349
7115 8739 7159 7771
7676 7278 9767 7052
7377 8824 7063 7381
9062 7720 8291 6753
6894 7562 7255 8544
8060 9677 7438 6175
7376 6710 8885 8307
7379 6947 7939 8817
9078 7668 8457 6316
8613 9117 7394 6288
7899 7438 8846 7874
9134 7645 8445 6662
8365 8940 7839 6045
7683 8662 6697 7605
8033 6378 8178 7998
8966 7739 7403 6960
7469 8718 8216 6737
7816 9685 7588 6320
8681 7133 8588 6983
8203 8412 8578 6793
9210 8341 7967 6481
7524 6829 7808 8787
8377 7480 8483 7674
8604 9140 7622 6112
7422 8702 6733 7957
8917 8388 8052 6077
7361 8462 6628 8003
9150 7508 8102 6911
8485 9192 7510 6520
8247 8051 8744 6147
7822 6969 9496 7839
7492 7934 7404 8327
8885 7415 7837 7135
7937 7986 8562 7284
8326 9453 7281 5925
8643 7761 8479 6125
8547 7911 8903 7104
8866 8635 7772 5875
9089 8076 8161 6425
8182 7859 6837 7480
8786 8642 7805 5989
7369 6990 8266 8633
6942 8022 7728 8046
7532 8106 8554 7489
7804 7801 9476 7250
7238 7008 8279 8536
6979 7462 7588 8550
7760 7557 8925 7759
7655 9299 7005 7190
7923 7503 9613 7546
8064 6921 8876 7872
7723 7580 9366 7342
7744 8753 6963 7537
8632 7309 8549 7553
7640 7892 8117 7680
8555 7614 8089 7414
7853 7079 9167 8044
8703 8883 7428 5824
8747 7476 8735 6615
8176 7141 9347 7126
7467 7429 8381 8279
8008 6643 8242 8078
7961 9528 7441 6558
8516 9014 7885 5985
8895 8619 7873 6470
6750 7940 7648 8119
8470 9081 7527 6485
8242 9546 7570 6491
7987 9476 7289 6571
7043 7285 7796 8810
6922 7974 7994 7802
8619 7022 9005 6686
9454 7960 7917 6258
9223 8125 7875 6498
7982 6699 8864 8112
8047 9128 8013 6399
7772 7552 8920 7886
7225 9186 6919 7253
7315 7033 8162 8773
7542 8678 7379 7512
8212 8171 8193 7150
8389 9013 7905 5868
7970 6833 6999 8091
7673 7316 9753 6941
7959 7494 9305 7022
7684 9457 7688 6659
8033 7385 9554 6902
7622 7206 9796 7420
8303 7503 9211 7025
8068 7236 9455 7446
9052 8329 7976 6245
7721 9429 7865 6409
8482 7398 8967 7089
8892 7247 8529 6386
7882 9302 7413 6931
8428 7609 8893 7134
8051 7325 9332 7106
8112 6652 8048 8003
8277 7268 9231 7067
8657 6995 8782 6415
7855 7276 9698 7243
9265 7998 8167 6573
7190 7701 7554 8309
8058 8494 8322 6811
8184 7007 9417 7100
7994 7015 7498 7910
9200 7690 8241 6246
9391 8176 8103 6497
7569 7204 9712 7438
8491 8116 8513 6879
7720 7230 9370 7878
8270 8264 7893 7353
8712 6961 7649 7313
8383 7925 8795 7112
7278 8842 7018 7432
8519 6822 9000 6888
7855 8472 8470 6803
7094 7388 7788 8645
8541 7815 8072 7541
8810 8163 8416 6437
7264 9124 7337 7406
9300 7553 8192 6885
6982 8625 6815 7789
7692 7438 9721 7266
7343 8867 6908 7438
7649 7156 9674 7360
7420 9244 7080 7118
8129 9092 7929 6683
8909 7031 8629 6402
8974 8523 7537 5843
8942 8244 7620 6593
7601 8316 8606 7010
7075 7453 7574 8755
8290 9503 7427 5938
8113 6895 8393 7944
8103 9415 7598 6699
7440 7457 8308 8170
8729 8216 8360 6681
9136 8500 7493 6332
8958 8286 8006 6445
8592 8849 7646 6664
8156 7316 9222 7045
8287 8429 7705 6877
8365 7372 8856 7402
6899 8526 6933 7795
7019 8321 8539 7320
7868 9600 7443 6577
8677 7824 8379 7195
7937 9053 8106 7234
7218 6985 7928 8809
7196 7214 8423 8143
7448 7860 8088 7965
8234 8027 9142 6786
8854 8730 7435 5971
7163 8427 6741 7930
7384 7916 7987 7953
8233 8592 8428 6428
8181 9149 7712 6722
7721 7427 9494 7633
6859 6986 8341 8621
8759 7093 8696 6729
7368 8383 7237 7742
8522 8827 7838 5976
7141 8601 6895 7538
8709 8796 7577 6323
9220 7719 7985 6747
8902 8067 8309 6580
8670 8598 8270 6597
7381 7741 7542 8125
7864 7655 7773 8102
8238 7681 8967 6180
7917 9570 7581 6406
7719 7321 8937 8131
8508 9165 7535 6342
9072 8475 7504 6079
7508 7611 7095 8173
7557 9610 7570 6781
7930 7510 8796 7973
7334 7516 7713 8520
7591 8664 7354 7467
7502 9565 7684 6347
7615 6806 7804 8490
7427 7333 8002 8583
8310 7093 8914 7582
7975 7394 7910 7922
7297 8194 7626 7642
7750 8832 8169 7028
8622 8074 8355 6861
7726 9161 7817 6948
8131 7714 8504 7263
8734 8088 7760 7099
7770 8203 8736 6840
7682 6647 8392 8364
7140 7930 7361 8338
8731 8295 8041 6249
7164 7990 7268 8137
6806 8532 7074 7835
7607 9553 7609 6646
7316 7274 7745 8688
7099 8668 8275 6620
8651 8332 8373 6355
7670 8309 7074 7821
7295 8031 7454 8075
8997 8043 8168 6399
7971 7638 8433 7575
7277 6892 8463 8670
8030 9427 7846 6845
7694 7569 9131 7788
8089 8937 7264 7049
7432 6874 9023 8151
8097 8303 7308 7443
7984 7250 9339 7851
8826 8253 8028 6459
7023 8662 7582 7319
8034 8651 8356 6658
6845 7980 7423 8089
8299 7530 7509 7786
7010 7819 7462 8180
8554 8895 7757 6569
8481 8547 7636 6833
7413 9285 7621 6850
8602 7700 8155 7218
7749 7123 7825 8256
7468 7669 7718 8427
7653 8080 8868 6552
7284 6978 8232 8753
8164 7710 8583 7511
7697 9057 7823 6905
7601 7936 9032 7172
7971 7096 9524 7402
7641 7345 8134 8344
6804 7578 7512 8597
9453 7934 7997 6365
7413 6548 8394 8473
7866 8894 8363 6565
7609 9519 7366 6690
7548 6712 8386 8469
7565 8950 7928 7309
7483 8464 7607 7449
8509 8287 8412 6674
7298 6871 8519 8487
7554 7607 9480 7160
8784 7961 7833 6986
7747 6688 8872 8226
6829 8013 8187 7619
7886 7740 8486 7677
8636 8687 7750 6816
8700 8965 7483 6102
7392 6880 8157 8530
8778 7700 7855 6940
7309 8166 8523 7398
7848 7488 9159 7771
8325 6544 7791 7743
7388 6963 8072 8690
7255 8886 7267 7504
7904 7971 7720 7914
7281 7779 7827 8067
8538 6908 8845 7392
8568 7410 8016 7480
8088 7293 8099 7738
8958 8370 7814 6497
8654 8563 8183 6817
8696 7240 8046 7011
7656 8545 6999 7443
7876 8459 8584 7204
7176 7273 8945 7846
7980 9249 7943 6874
8215 6976 7450 7869
7263 7852 7485 8105
7088 7819 7432 8524
7122 7639 7797 8109
8201 7834 8957 7255
8170 8338 7799 6962
