10761 180.072
22694 23227 22827 22151
23298 22773 22669 22284
22398 22940 22288 23197
22968 22410 23956 22707
23085 23029 22661 22611
23695 21566 22856 22580
22808 22473 23601 23007
22579 22849 23143 23176
23213 21886 23516 22672
23052 22824 23592 22749
23092 23019 23292 23074
23344 21966 22867 23384
23669 21904 22648 22289
22781 22403 23786 23309
22830 23110 23397 22522
22728 22522 23827 22352
22873 22678 23537 22938
23151 22075 23491 22590
23291 22541 23183 22785
22984 22621 23376 23032
22251 22520 23107 23596
23397 22290 23480 22661
23118 22737 23299 22703
22197 22875 23325 23367
22762 22773 23690 23274
22395 22358 22875 23592
22911 22945 23657 22912
22993 23071 23043 22665
22749 22793 23646 23178
22998 22598 22718 23211
23072 21936 23040 23474
23166 22270 22805 23363
23423 22276 23227 23224
22856 22742 23231 23343
23241 22876 22569 22725
22729 23110 23369 22630
22902 22989 23675 22635
22502 22985 22917 23115
23401 22254 23358 22890
23434 22553 23243 22686
23584 22211 23103 22733
23078 22311 24015 23091
23195 21801 23373 23360
23238 21616 23231 23566
23108 21806 23085 23718
23559 22767 22770 22678
22785 22382 22677 23488
22969 22666 23276 23100
22856 23063 23301 22317
23657 22296 23088 23007
23460 21921 23185 22960
21865 22123 22851 23658
23111 22386 23853 22374
23239 22262 23034 23611
22958 22239 23472 23302
23326 22499 23454 22871
22650 22931 23323 22942
23212 22768 22829 23186
23345 23012 23274 22134
22931 21758 24086 22186
23356 22768 23052 23139
23388 22886 22863 22120
23135 22476 23228 23041
22994 22487 23415 23370
23071 22474 23811 22780
23555 22515 23050 23201
22883 22337 23477 22921
22896 21779 23348 23371
21981 21879 23275 23861
23429 22364 22771 23218
23131 22087 23377 23333
22962 22614 22992 23393
23360 21868 23424 23283
22716 22607 22788 23780
23084 22585 23408 23369
22665 22489 22801 23513
23343 21703 23547 23090
22767 23224 23223 22814
22726 22052 23474 23548
23392 22722 22819 22757
22747 22495 23146 23417
22862 23021 23526 22403
23413 21894 23465 22534
23255 22425 23041 23347
22533 23220 23569 22364
23232 22927 23470 22636
22331 22376 23752 23459
