20573 1741.47
16769 16277 16177 14935
16495 16430 15684 16001
16438 15893 15942 16034
15964 16224 16845 15534
15845 16308 16057 16377
15527 17277 16009 15293
15452 16952 16094 16215
16428 16102 16591 15936
16751 16259 16142 15039
16553 16711 16305 14998
16453 17026 15731 15166
16716 16355 16202 14968
16338 16119 15757 16121
16442 16997 15824 15090
16754 16389 16133 14944
16069 16362 16765 15061
15951 16340 16808 15529
16384 16481 15706 16081
15890 16396 16828 14959
15459 17244 16064 15259
15582 17266 16079 15251
16020 16274 16789 15546
16374 16429 15773 15991
16412 16470 15702 16017
16533 16872 15860 14969
16238 17039 15791 15312
15794 16309 16012 16346
16228 17194 15891 15321
16691 16516 16091 15478
15606 17207 16143 15386
16273 16728 16541 15127
16657 16611 16088 15565
16316 17073 16043 15110
15643 17224 16074 15573
16354 17063 15949 15199
16698 16281 16067 15491
16037 17200 15800 15208
16696 16410 16086 15473
15985 17113 16047 15104
16673 16430 16207 15452
16134 17071 15844 15443
15478 16393 16467 16134
15484 17227 16129 15408
16626 16127 16032 15901
16153 17058 15856 15406
16538 16708 16517 15052
16117 16404 16737 15366
16158 17182 15917 15338
16233 16346 15768 16212
15548 16907 16043 16235
16479 16555 16565 15134
15530 17243 16136 15380
15572 16782 16473 16131
15864 16338 16180 16270
16025 16304 16833 15545
16034 16623 16063 16180
15659 17140 16252 15586
15957 16909 16492 15835
16103 17122 15932 15298
16663 16283 16126 15708
16010 16575 16680 15627
16279 17120 15807 15307
16543 16854 15837 15232
16496 16763 15971 15664
15671 16772 16304 16322
16432 16795 16350 15184
15625 17154 16290 15458
15804 16857 16272 16227
16192 17163 15830 15374
16293 17026 15937 15392
16270 16829 15956 15711
16379 16214 16819 15382
16624 16418 16258 15682
16371 16670 16471 15620
15901 16892 16643 15524
15789 16770 16500 16024
16015 16523 16000 16277
15973 16210 16783 15595
16658 16501 16235 15427
16640 16789 16176 15158
16275 16376 16594 15760
15719 17173 16198 15414
15739 16437 16496 16059
16600 16666 16226 15228
16380 16109 16525 15899
16173 16901 16479 15409
16601 16146 16113 15951
15508 16971 16104 16116
16123 16546 15980 16292
16149 16756 16111 15818
16064 16323 16734 15603
15635 16737 16435 16236
16232 16650 16640 15315
16090 16608 16427 15847
15664 17161 15959 15654
16610 16565 16214 15606
16631 16304 16145 15774
15953 16774 16100 16086
15469 16901 16084 16220
15853 16304 16081 16341
15833 16743 16291 16199
15669 17069 16432 15591
16303 16993 16155 15220
15736 17133 16349 15433
16560 16706 16050 15396
16273 17059 16024 15156
16145 16520 16026 16157
16003 16261 16716 15666
16049 16537 15961 16332
15520 16226 16505 16198
16023 16461 16815 15246
16504 16140 16741 15270
16255 16886 16311 15294
16108 17098 15816 15487
16336 16937 16123 15462
16188 17128 15885 15400
16405 16372 16726 15633
16542 16112 16352 15953
16235 17077 15916 15360
15511 16986 15986 16127
16587 16173 16667 15354
15827 16492 16691 15827
15862 16295 16694 15722
15495 16453 16605 15942
15866 16497 16239 16198
15700 17151 16217 15410
16095 16967 16326 15698
15794 16301 16155 16310
16194 16769 16309 15690
16388 16241 15927 16067
16419 17005 16049 15176
15766 16869 16685 15478
15958 16687 15994 16260
15914 16923 16562 15785
15808 16628 16539 15899
16458 16195 15905 16062
16070 16557 16757 15304
16177 16657 16702 15263
16120 16593 15984 16208
15846 17064 16464 15625
16186 16461 16652 15510
16615 16463 16342 15807
16317 16136 15863 16151
16468 16171 16677 15841
16054 16708 16208 16048
15542 16380 16620 16052
15648 17150 16055 15752
16552 16644 16128 15386
15876 16489 16671 15905
16065 16405 16768 15364
16043 16704 16697 15211
15825 16860 16279 16212
15624 17146 16117 15703
15745 16874 16545 16008
15559 16881 16393 15991
15567 16348 16600 16107
15483 17056 15900 15983
16515 16270 16711 15318
15707 16843 16294 16190
15731 16841 16314 16251
16211 16977 16168 15505
16555 16605 16204 15614
16077 16572 15998 16132
16092 17151 15879 15402
16672 16468 16166 15613
15840 17017 16587 15635
16463 16956 15953 15400
16291 16691 16508 15255
16044 16653 16747 15253
16225 16425 16116 16001
15946 16949 16439 15793
16139 16639 16670 15453
15841 16344 16669 15915
15875 16510 16199 16217
15918 16441 16259 16176
16570 16356 16561 15422
16517 16582 16390 15725
16307 17062 16069 15044
15816 17112 16260 15792
16402 16454 16576 15571
15646 16759 16389 16300
16350 16401 16533 15716
16199 17105 15961 15283
16508 16537 16625 15501
15868 16840 16679 15798
15837 16801 16431 16110
15794 16833 16373 16128
16518 16180 16656 15785
16499 16599 16461 15517
15716 17166 16239 15405
15562 16404 16628 15974
16415 16460 15835 15975
15635 17148 16337 15342
16580 16780 16124 15340
16607 16476 16152 15760
16299 16199 16578 15943
15780 16324 16185 16286
15467 16276 16490 16171
16204 16779 16158 15787
16131 17078 16014 15183
16441 16262 15822 16066
16098 16918 16146 15805
15730 17180 16066 15649
16162 16820 16547 15249
16546 16615 16402 15643
15761 17092 16155 15910
15770 16826 16452 16038
15922 17011 16534 15577
15896 16570 16185 16155
16223 16637 16698 15319
16165 17125 15912 15250
16084 16702 16634 15280
16262 16620 16230 15990
15675 16973 16210 15996
16210 16209 16404 16045
15970 16710 16251 16095
16359 16131 16573 15925
16409 17047 15983 15148
16134 17080 15921 15399
16591 16284 16631 15284
16260 16748 16333 15810
15611 16864 16041 16275
16475 16279 16060 15971
15592 17118 16444 15317
16455 16222 16648 15829
15963 16391 16663 15815
16042 16263 16775 15523
15497 16419 16580 16109
16001 16739 16163 16116
16284 16792 16098 15746
16349 16538 15897 15984
16599 16360 16601 15384
15910 17086 16363 15418
16434 17040 16006 15171
15988 16633 16182 16125
16525 16245 16376 15890
16487 16661 16395 15441
15796 17102 16421 15624
16369 16545 16162 15949
16023 17024 16356 15514
16070 16543 16016 16239
16067 16932 16410 15639
15756 16449 16724 15800
16243 16319 16344 15985
15813 16931 16358 16035
16145 16454 16035 16318
16122 16595 15875 16165
16079 16738 16645 15331
15522 17031 16049 16084
16441 16420 16637 15536
15753 17170 16122 15610
16605 16164 15946 15912
15778 16882 16612 15551
16219 17132 15871 15334
16390 16521 15869 15928
16446 16155 16597 15870
15724 16856 16402 16160
16216 16716 16661 15241
15858 16866 16522 15994
16483 16215 16369 15941
15650 16484 16597 15977
15709 16531 16673 15859
16537 16588 16071 15658
16409 16190 16751 15526
16016 16604 15966 16212
16637 16317 16080 15849
16529 16256 16614 15437
16370 16153 16501 16044
16041 16548 16034 16222
15823 16965 16666 15274
16310 16851 16271 15538
16274 17041 15873 15205
16616 16507 16340 15489
16549 16299 16720 15239
16309 16287 16675 15662
15784 16986 16366 15788
16092 16798 16172 15928
16335 17086 15995 15138
16002 16385 16773 15302
15977 16810 16184 16077
16177 17085 15828 15438
15908 16748 16454 15867
16320 16383 16511 15873
15932 16514 16778 15157
15782 16290 16681 15907
16495 16117 16362 15961
16295 16388 16329 15896
16436 16194 16487 15855
16520 16239 16414 15872
15818 16368 16616 15908
15487 17078 15989 15982
16574 16248 16037 15923
15540 17168 16142 15565
16398 16944 16286 15314
16543 16185 16383 15852
16285 17050 16043 15146
16263 16830 16159 15741
15687 16871 16228 16247
16395 16214 16659 15802
15533 16995 16110 16058
16620 16215 16323 15875
16332 16247 16308 16074
16469 16139 16324 15989
16382 16158 15996 16039
15529 17196 16161 15377
15691 16352 16679 15932
16251 16976 15947 15345
16438 16417 16568 15676
15942 17008 16404 15734
16449 16912 16056 15334
15773 16956 16687 15330
15746 17051 16190 15922
15738 16764 16380 16232
16213 16885 16387 15307
16155 16848 16093 15645
16314 16221 16608 15897
16237 17020 16004 15258
15882 16504 16157 16244
16473 16249 15986 15985
15944 16565 16183 16137
15801 16960 16301 16057
16103 16832 16265 15920
16289 16414 16050 16042
15860 17045 16251 15944
16566 16585 16296 15738
15969 16992 16545 15673
16285 16266 16571 15879
16397 16730 16321 15497
15612 16701 16458 16164
16521 16686 16269 15385
16454 16241 16711 15432
16435 16665 15921 15822
16085 16948 16408 15713
15577 16841 16382 16300
16352 16808 16052 15517
16536 16584 16156 15765
16061 16831 16139 15927
16302 16230 15814 16139
15695 16408 16247 16275
16329 16679 16100 16029
16276 16630 16220 15956
15904 17097 16002 15853
15540 17178 16288 15491
16429 16223 16556 15778
16362 16231 16249 16016
16143 16478 16585 15735
16356 16186 16583 15937
15679 16807 16459 16147
15571 16407 16582 15981
16529 16598 16284 15750
15705 16846 16544 16055
15856 16723 16175 16168
16511 16765 16222 15429
15995 16848 16246 16012
16127 16311 16532 16056
15728 16752 16444 16149
16248 16812 16109 15809
16143 16370 16629 15840
15983 16988 16488 15744
15933 16724 16082 16141
15980 16918 16555 15594
16590 16728 16166 15278
16326 16133 16513 15998
15998 16978 16331 15600
15755 16382 16150 16289
15617 16336 16580 16011
16531 16532 16507 15438
16332 16694 16137 15961
15845 16679 16761 15608
16118 17141 15812 15407
16341 16253 16490 15964
15656 16328 16579 16038
16359 16310 16602 15688
16202 16822 16414 15498
16036 16684 16275 16053
16293 16852 16377 15139
16536 16165 16705 15330
15749 16990 16105 16098
15683 16966 16309 15919
16492 16358 16658 15555
15892 17042 15981 15876
15943 16968 16559 15731
16567 16389 16553 15480
16489 16635 16389 15483
16348 16805 16107 15618
15777 17105 16186 15856
16049 16515 16743 15325
15929 16235 16780 15612
15813 16963 16340 15866
15585 17170 16076 15776
15692 17142 16114 15860
15653 17182 16233 15553
15922 16795 16754 15398
15928 16542 16193 16175
15935 16398 16622 15895
16030 16970 16503 15596
16169 16483 16749 15265
15922 17100 16097 15657
16184 16592 15990 16167
16535 16701 15798 15486
16627 16446 16222 15747
16406 16802 16067 15583
16347 16435 16514 15777
15886 16863 16662 15810
15617 16898 16107 16152
16167 16334 16422 15888
16502 16674 16354 15739
16421 16169 15903 16114
16245 17097 15902 15309
15959 17006 16521 15598
16218 16683 16154 16025
16250 16196 16437 16027
15723 16897 16011 16162
16426 16699 16441 15593
16181 16789 16145 15764
16553 16658 16266 15177
16449 16678 16465 15701
15890 16747 16119 16172
15711 16676 16590 15891
15586 16451 16602 15968
15680 17116 16410 15444
16031 16586 16073 16256
15834 16612 16105 16249
16347 16222 16531 15965
16425 16940 16004 15286
15826 17108 16194 15785
15707 16718 16449 16175
15899 16956 16613 15542
16058 16629 15988 16194
16364 16161 16339 16070
16363 16559 16560 15328
15792 16954 16016 16106
15795 17051 16119 16030
16604 16472 16559 15430
15823 16315 16658 15933
16638 16531 16117 15558
16578 16232 16590 15456
16201 17095 16079 15167
15687 17153 16282 15486
15604 16979 16049 16162
15693 16878 16419 16152
16307 16241 16299 16107
15526 17147 16424 15401
16014 16521 15985 16299
16516 16224 15888 16012
16433 16161 15983 16102
15660 17075 15992 15975
15938 16284 16746 15655
16381 16331 16729 15485
16341 16760 16398 15378
15642 16827 16441 16152
16087 16547 16412 15882
15819 17011 16327 15894
15523 16298 16571 16167
16307 16362 16519 15815
16505 16549 16536 15613
15991 16907 16576 15822
16027 16936 16506 15792
16578 16816 16207 15251
16058 16957 16480 15764
15937 16659 16729 15353
15532 16332 16543 16114
16344 16207 16619 15893
16033 16664 16094 16143
15670 16413 16568 16081
15595 16947 16177 16067
16587 16521 16335 15782
15985 16218 16756 15636
16533 16600 16397 15679
16479 16844 16146 15301
16035 16578 16138 16149
15870 17059 15985 15886
15959 16930 16589 15669
16248 17036 15824 15243
15992 16446 16185 16152
15601 17165 16094 15858
15602 17158 16111 15738
16328 16968 16203 15239
15859 16259 16081 16333
16506 16246 15968 15978
16323 16293 16316 16054
16378 16205 16537 15961
15879 16957 16318 15908
15765 17160 16212 15446
15883 16302 16148 16257
16516 16341 15911 15966
16426 16601 16038 15883
15925 16939 16294 15936
15829 17061 16234 15920
16107 16642 16201 16107
16413 16503 15908 15962
15656 16751 16392 16258
16342 16371 16291 15940
16534 16188 16379 15931
16547 16176 16042 15941
15780 17105 16449 15563
16162 16734 15981 15991
16180 16538 16001 16241
15764 16960 16674 15336
16506 16942 15982 15289
