4929 239.265
26671 24882 26378
27204 24773 25741
27004 24818 26241
26800 24803 26398
26756 24720 26436
26788 24683 26459
26838 24812 26397
26931 24946 26261
26823 24736 26409
26908 24890 26299
26972 24845 26259
26846 24838 26344
26945 24733 26347
26898 24778 26351
26932 24886 26328
26926 24789 26348
27199 24649 26098
26939 24861 26324
27227 24487 25966
26395 25680 26060
26297 25679 26097
26750 24818 26425
27095 24789 26114
27203 24574 26006
27193 24737 26080
26967 24800 26303
26871 24700 26409
27028 24819 26185
26962 24899 26252
26670 24941 26361
26465 25467 26266
27036 25243 26090
26740 24880 26420
26952 24849 26263
26946 24809 26283
27009 24827 26224
26987 24814 26263
27135 25345 25710
26889 24748 26389
26923 24721 26390
27100 24805 26113
26983 24680 26364
26322 25753 25995
27029 25480 25937
26984 25591 25735
27037 25234 26169
26358 25719 26012
26946 24715 26379
26902 24683 26397
26979 25284 26188
26871 24836 26373
26820 24672 26450
26325 25745 26053
26882 25359 26230
26988 24796 26275
27012 24625 26347
26942 25346 26202
26958 25228 26258
26951 24754 26321
26723 25373 26286
26982 25260 26187
26919 25309 26224
26879 25093 26294
26758 25433 26227
26877 25424 26190
26938 25585 25880
26234 25675 26237
26992 24743 26338
26819 25387 26259
26883 25087 26292
26845 25433 26215
26868 25347 26259
26943 25300 26217
27091 24809 26119
26968 24671 26382
27002 24836 26256
26817 24768 26423
26959 24672 26365
27142 25264 25961
27003 24650 26316
26680 24854 26427
26802 24835 26382
27068 25362 25968
26707 24721 26447
26676 24616 26484
26850 24770 26398
26661 24626 26524
26913 24794 26348
27010 25132 26196
27011 25116 26181
27057 25227 26142
27128 25226 26066
26968 25149 26231
27110 25277 25975
26729 24543 26542
27097 25250 26083
26021 24397 26695
27021 25282 26158
25732 24859 26746
25944 24779 26664
25582 24877 26726
26227 25711 26189
26287 25679 26190
27059 25514 25793
26946 24644 26385
26848 24622 26444
26165 24307 26657
25775 24733 26755
26775 25442 26221
26258 25706 26215
27147 25279 25838
27087 25389 25864
25495 24592 26780
26993 25257 26168
26158 24336 26663
26699 24576 26534
25800 24503 26751
27057 25449 25839
26653 24585 26574
27133 24685 26170
27058 25502 25822
26707 24546 26565
25846 24577 26733
26657 24632 26481
27048 24581 26340
26368 25727 26005
26201 24260 26644
27154 24685 26165
26607 24665 26533
26934 24675 26392
26461 25235 26423
26972 25368 26191
26755 25721 25890
26647 25245 26420
26873 24611 26442
26511 25271 26378
25905 24673 26712
26580 24692 26507
26407 25181 26498
26508 25190 26437
27197 25210 25677
26675 24622 26572
26922 25333 26222
27183 25278 25707
27189 25237 25761
27154 25279 25826
26966 25479 26059
25960 24832 26649
26442 25498 26318
26988 24679 26346
26482 25111 26531
27160 24637 26199
26654 25632 26004
26466 25164 26440
26587 24683 26576
26894 25524 26148
26650 25147 26362
25556 24887 26713
26588 24657 26581
26952 25500 26080
26558 24695 26571
27197 25117 25761
26353 25448 26471
26419 25400 26447
27089 25223 26112
27132 25352 25922
26598 25329 26354
26840 25546 26124
26324 24200 26651
26291 25521 26423
26854 25478 26203
25999 24638 26659
26946 25492 26095
25902 24226 26757
26520 25455 26301
26540 24646 26605
26811 25323 26319
27020 25411 26079
26826 25510 26194
26844 25689 25886
27153 24623 26276
26875 25417 26247
26743 25511 26176
27031 25443 26049
26982 25445 26147
26401 25510 26382
26911 25395 26197
26237 25510 26446
27130 24694 26258
26647 25277 26374
26292 25499 26455
26863 25643 25963
26397 25649 26274
26728 25456 26225
27110 24594 26300
26401 25556 26365
26174 24151 26733
27183 25127 25770
27123 24778 26259
27051 25531 25723
27066 24786 26248
26672 24805 26449
27050 25530 25844
25982 25021 26633
25940 25079 26673
26920 25534 26025
26862 25465 26213
26242 24209 26702
26998 25400 26159
26136 25691 26301
27193 24688 26150
26331 25634 26422
27023 24566 26359
27044 25411 25977
25885 25131 26692
27041 24557 26424
26381 25598 26290
27065 25537 25672
27087 25241 26131
27083 25208 26178
27103 25255 26049
26092 24334 26739
27071 25410 25868
26377 25648 26300
27005 25508 25926
27082 25372 25891
27174 25179 25822
26081 24336 26744
26789 25701 25864
25927 25079 26685
26787 24867 26394
27067 25532 25675
25902 24992 26710
26786 24514 26513
27039 25540 25652
26965 25601 25806
26763 24601 26512
26722 24546 26547
27118 24723 26297
27066 25571 25615
26374 25023 26564
26879 25602 26074
26486 25666 26173
26511 25142 26474
26904 25566 26040
26544 25649 26169
26144 25291 26618
26692 25566 26130
26765 25709 25961
25801 25034 26712
26916 25424 26183
27090 25452 25778
26931 25604 25931
26482 25465 26413
26844 25453 26214
27071 25523 25674
27160 24680 26197
27058 25597 25634
26914 24620 26415
27093 25502 25751
26926 25554 26016
26124 25644 26477
26710 25396 26327
26666 24739 26464
27134 25424 25842
26747 25443 26249
26817 25698 25934
27082 25509 25667
26877 24602 26446
27132 25466 25624
27007 25104 26223
26160 25373 26611
27081 25560 25577
26251 25683 26232
26499 25547 26190
26074 25330 26612
27108 25337 26027
26218 25597 26489
26878 25686 25861
27105 25435 25860
26132 25529 26545
26570 25408 26354
26310 25473 26554
26061 25511 26609
27155 25445 25541
26933 25654 25870
26071 25617 26526
26248 25419 26606
26228 25592 26511
26082 25562 26551
26343 25509 26409
26375 25360 26486
26979 24530 26444
26175 25658 26375
27116 25495 25648
26988 24522 26454
26221 25522 26592
26520 25136 26524
27156 25337 25767
26554 24614 26625
27127 24543 26298
26904 25679 25809
26723 25564 26142
25907 25188 26668
27131 25478 25688
25891 25201 26648
25727 24329 26787
26107 25582 26537
26250 25665 26334
26726 24741 26441
26817 24395 26508
26640 24562 26596
26699 24504 26571
26482 25634 26206
26604 25290 26371
26603 25457 26263
27102 25341 26029
26252 25313 26614
26799 24394 26523
26892 24429 26480
26680 25672 26002
26342 25462 26552
26199 25711 26220
26762 25418 26268
26723 24498 26554
27188 25285 25692
26783 24826 26416
26123 25324 26628
26896 25350 26226
26242 25325 26613
27156 24614 26271
25974 25410 26635
26626 24797 26489
26576 24659 26603
26771 24388 26542
27033 25261 26089
26835 25322 26266
27124 24706 26208
26220 25696 26256
27000 25290 26163
26046 25467 26620
26935 24561 26454
27003 25266 26162
26443 25064 26563
27152 24683 26170
26903 24487 26475
27032 25305 26151
26810 25710 25678
26853 24476 26486
26883 25336 26247
26682 24502 26584
26973 25312 26168
26792 24377 26529
26755 25646 25979
26200 25701 26267
26156 25670 26455
27159 25210 26108
27184 25324 25641
26975 25256 26207
26226 25676 26319
26835 25432 26248
26772 24412 26536
27167 25180 26057
26273 25435 26593
26204 25680 26346
26932 25409 26173
26939 25631 25871
26653 24474 26628
26775 24385 26535
26890 24365 26501
26739 24346 26557
27004 25488 26026
26987 25532 26021
26955 24479 26461
26943 24462 26472
27309 24429 25884
26893 25403 26192
26732 25627 26048
26652 24632 26588
26793 24333 26551
27153 25420 25650
26671 24688 26469
26882 25694 25744
27260 24491 25957
27167 25335 25714
27063 24788 26195
27041 25399 26027
26764 24538 26548
26694 24441 26578
26917 24341 26504
26809 24324 26557
26566 24913 26438
26467 25159 26452
27079 25361 26079
26912 25443 26176
26755 24342 26573
27004 25574 25996
26586 24687 26523
26704 24743 26458
27215 25294 25646
27044 24809 26197
26879 24351 26525
26874 25444 26183
26831 25247 26355
26498 25594 26226
26869 25709 25817
27198 25402 25606
26905 25320 26287
26823 25320 26334
26628 25604 26117
26451 25512 26310
26906 25304 26272
27002 24613 26414
26836 24572 26494
27192 24590 26245
26985 25263 26169
26834 24439 26505
26932 25345 26216
26869 25296 26335
26829 25311 26336
26381 25339 26487
26825 25240 26360
26588 25263 26421
26934 24563 26462
