117393 2280.38
3437 3177 3000 3085
3313 3375 2733 3246
3279 3314 3326 2893
3192 3608 3010 3093
3145 2901 3475 3067
3082 3108 3525 3132
2981 2943 3076 3450
2804 3147 3480 3208
2845 3299 3201 3373
2811 3239 3333 3305
3058 3284 2995 3429
3348 3293 3218 2916
2856 3594 2931 3199
3363 3444 2762 3032
3375 3290 3156 2895
3278 3408 2736 3284
2877 3223 3426 3232
3427 3229 3024 2982
3161 3161 2984 3408
3415 3362 3018 2958
2888 3249 3366 3285
3166 3468 2811 3302
3408 3322 3084 2952
2919 3285 3439 3157
3080 3403 2890 3412
3125 3262 3032 3401
3349 3429 2833 3095
2878 3218 3275 3358
3357 3446 2946 2932
2854 3188 3357 3356
3224 3563 3000 3055
3021 3588 2816 3232
3422 3347 3066 3059
3334 3444 2796 3072
2927 3136 3415 3313
3366 3283 2776 3238
3371 3344 3095 2944
3199 3234 2829 3368
3335 3131 2896 3257
3294 3517 2926 3023
3265 3312 2821 3292
3377 3262 3107 2946
2906 3157 3426 3256
2977 3067 3027 3422
3374 3403 2801 3017
3016 3583 3070 3113
3306 3441 2971 3048
3239 3574 2939 3016
3047 3600 3137 3041
3386 3366 3054 2953
2912 3339 3265 3300
3079 2975 3407 3277
3341 3450 2769 3081
3159 2907 3466 3091
2959 3399 3173 3331
3412 3355 2911 2984
3229 3536 2989 2919
3344 3413 3056 2925
3279 2954 3331 3129
3332 3057 2786 3265
2939 3165 3357 3318
3117 2961 3418 3202
3155 3557 3039 3110
2964 3324 3096 3386
3211 3491 2905 3220
3241 3473 2883 3203
3079 2932 3502 3163
3229 3264 3432 2937
3145 3406 2954 3391
3036 3437 3012 3323
3159 3529 2958 3197
3095 3591 3104 3026
3019 3153 3278 3289
3270 2927 3308 3195
3423 3272 2869 2989
3000 3194 3496 3105
3403 3427 2932 3011
3317 3465 2864 3127
3042 3328 3025 3416
3210 2914 3361 3211
3183 3463 3175 3075
3129 3073 3338 3297
3011 3042 3312 3389
3318 3264 2857 3266
3392 3431 3068 2920
3342 3487 3002 2946
3370 3507 2872 3020
2976 3085 3293 3363
3186 2987 3405 3119
2891 3327 3347 3252
3388 3245 3087 3003
3028 2966 3507 3180
3030 3305 2916 3421
3162 3546 3114 3151
3397 3393 3100 2940
3280 3414 3194 2930
2944 3306 3442 3102
3252 3021 3102 3275
2950 3317 3298 3345
3398 3338 2838 3093
2955 3494 3247 3091
2983 3334 3437 3108
3359 3227 2785 3195
3068 3258 3079 3397
3212 3580 2845 3169
3214 3576 2977 3121
2942 3252 3381 3198
3054 3314 3123 3418
3313 3503 3035 3009
3291 3520 2918 3065
3051 3032 3355 3334
3037 3184 3516 3109
2975 3092 3492 3224
2997 3011 3382 3287
3219 3420 2965 3352
2931 3204 3339 3330
3173 2980 3373 3201
3025 3110 3239 3329
3189 3059 3473 2974
3213 2935 3214 3260
3352 3311 2941 3146
3093 3596 3045 3048
3199 3514 2937 3204
3228 3187 2960 3321
3135 3282 3456 3013
2946 3316 3370 3163
3303 3452 3105 2921
3208 3063 3368 3070
3182 2921 3254 3301
3124 3428 2920 3314
3174 3570 2887 3219
2967 3207 3169 3377
3236 3220 2914 3346
3198 3454 3111 3074
2972 3289 3143 3379
3391 3101 3050 3158
3221 3028 3182 3273
3178 3525 3127 3030
3333 3443 2875 3164
3053 3065 3494 3182
3062 3069 3294 3337
3339 3123 2928 3260
3221 2941 3310 3254
3364 3391 3055 3006
3327 3378 3126 2986
3164 3077 3186 3327
3242 3510 2879 3194
2933 3095 3369 3332
2985 3036 3321 3375
3070 3570 3019 3179
3397 3388 3028 3078
2896 3261 3401 3248
3193 3113 3463 3080
2915 3185 3393 3272
3056 3266 3511 3069
3110 3295 3453 3027
3027 3423 3098 3360
3006 3376 3379 3061
3092 3543 3195 3038
3316 3300 3138 3024
2991 3104 3417 3210
3375 3312 3115 2923
3125 3149 3504 3053
3275 3427 2851 3181
3227 3281 3422 3018
2979 3203 3219 3371
3235 3505 3006 3155
3010 3481 3134 3279
2954 3599 3031 3060
3134 3551 3148 3098
3400 3217 3029 3134
3206 2947 3305 3234
3094 2913 3377 3219
3356 3258 3225 2962
3329 3332 3164 2995
3127 3025 3090 3335
3280 3479 3040 3043
3009 3552 3185 3017
2935 3303 3394 3166
3160 3426 2865 3325
3101 3296 3459 2993
3272 3542 2953 3141
2938 3191 3487 3184
3305 3389 2856 3223
3005 3248 3388 3179
3373 2978 3008 3188
3326 3014 3250 3157
3319 2997 3191 3212
3194 3007 3336 3226
3229 3172 3447 2996
2945 3297 3450 3121
3366 3433 2853 3027
3274 3017 3130 3272
3077 3010 3468 3171
3315 3001 3322 3076
3112 3310 3059 3382
3139 3101 3499 3086
3291 3417 2909 3154
3312 3448 3161 2976
3414 3227 2982 3069
3153 3226 3443 3112
3159 2950 3371 3205
2894 3195 3377 3278
3287 3338 2764 3303
3309 3314 3313 2978
3345 3098 3149 3161
3331 3451 2935 3063
3109 3413 3262 3151
2962 3051 3424 3336
2988 3254 3428 3156
2969 3292 3344 3188
3105 3323 3412 3020
3017 3387 3170 3227
3311 3439 3088 3111
3271 3343 3350 2970
3071 3535 3071 3214
3165 3081 3218 3283
3284 3286 3036 3124
3008 3071 3411 3187
3385 3145 2966 3149
3381 3259 2890 3115
3302 3192 3162 3206
3140 3476 3215 3093
3223 3094 2950 3387
3053 3209 3224 3342
3286 3160 3077 3235
3181 3056 3396 3155
3175 3052 3311 3228
3114 3383 3320 3144
3090 3210 3514 3004
3103 3118 3177 3270
3149 3539 3042 3178
2902 3237 3323 3339
3201 2984 3339 3215
3361 3235 3153 2964
3057 3088 3136 3355
3067 3027 3340 3316
3225 3321 3132 3172
3111 3151 3258 3237
3317 3500 2843 3121
3179 3331 3300 2998
3296 3231 3308 3009
3102 3498 3142 3208
3357 3239 2922 3186
3379 3112 3093 3127
3238 2999 3434 3079
3382 3219 3101 3050
3014 3190 3297 3308
3259 3149 3066 3271
3131 3370 3339 3001
3174 3212 2987 3384
2899 3189 3394 3254
3046 3023 3489 3205
3061 3314 3414 3035
2994 3076 3386 3361
3253 3394 3179 3039
3089 2922 3428 3184
3028 3560 3023 3215
2903 3201 3375 3304
3409 3241 2893 3143
3312 3142 3014 3220
3074 3522 3021 3236
3368 3102 3160 3051
3283 3089 3202 3244
2995 3356 3358 3125
3325 3062 3289 3099
3234 3222 3059 3235
3041 3125 3281 3312
3251 3352 3268 3045
2986 3360 3125 3368
2952 3199 3399 3247
3188 3139 3415 3094
3148 3410 3226 3159
3059 3340 3360 3058
3002 3266 3147 3365
3233 3093 3363 3183
3034 3238 3256 3264
3237 3079 3159 3258
3067 3150 3207 3294
3069 3336 3431 3002
3240 3012 3334 3221
3157 3404 3172 3133
3116 3087 3470 3107
3169 3140 3243 3244
3003 3143 3353 3199
2961 3265 3458 3110
3380 3434 3009 2993
3040 2991 3470 3222
3036 3018 3362 3212
3373 3363 2906 3106
3308 3210 2881 3286
3259 3121 3140 3240
3242 3170 3086 3263
3410 3326 3073 3078
3384 3287 2878 3145
3085 3102 3237 3259
3299 3168 3227 3194
3096 3493 3246 3103
3134 2972 3303 3250
3112 3397 3308 3088
3246 3176 2842 3325
3200 3386 3319 2959
3089 3098 3266 3310
3043 3309 3420 3051
3243 3049 3151 3284
3091 3488 3204 3146
3240 3126 3405 2980
3378 3244 2963 3089
3376 3280 2978 3160
3365 3443 2797 3079
3340 3336 2997 3169
3022 3180 3520 3185
3337 3144 3266 3021
3237 3484 2987 3207
3187 3532 2934 3209
3122 3291 3289 3216
3173 3280 2993 3349
3279 3449 2819 3229
3074 3167 3521 3043
3354 3289 3221 2988
3144 3261 3395 3057
3107 3326 3348 3126
3217 3147 3200 3242
3251 3357 3273 3035
3138 3068 3230 3299
3091 3364 3068 3395
3088 3024 3345 3350
3218 3423 2968 3262
2972 3189 3385 3262
3115 3425 3331 3029
3367 3365 3069 2990
3353 3135 3205 3000
3330 3358 3072 2994
3268 3317 3222 3068
3220 3236 3152 3255
3157 3360 3248 3130
3135 3288 3424 2966
3126 3392 3349 3005
3075 3297 3341 3147
3117 3047 3484 3135
3347 3120 3242 3112
3078 3380 3333 3097
2953 3126 3315 3374
3215 3213 3390 3031
3193 3350 3157 3104
3084 3176 3337 3225
2992 3579 3010 3131
3243 3240 3284 3153
3200 3106 3189 3274
3293 3088 3154 3239
3323 3003 3128 3213
3163 3354 3282 3136
3082 3385 3330 3128
3002 3096 3355 3215
3117 3470 3175 3190
3246 3276 3082 3148
3044 3188 3187 3394
3320 3130 3042 3198
3291 3133 3197 3197
3168 3202 3306 3122
3155 3124 3352 3167
2978 3206 3466 3122
3297 2967 3271 3185
3139 3457 3295 3051
3358 3286 2948 3184
3297 3203 3120 3209
3153 3137 3404 3181
3281 3283 3342 2969
3039 3191 3243 3307
3142 2963 3266 3340
3338 2994 3290 3075
3332 3111 3052 3222
2993 3121 3288 3366
3280 3233 3343 2971
3272 3104 3119 3262
3232 3277 3254 3100
2940 3282 3386 3170
3066 3314 3295 3176
3251 3218 3397 2967
3088 3161 3220 3282
3324 3134 3187 3123
3226 3255 3295 3090
3190 3174 3333 3117
3104 3132 3477 3122
3361 3201 3123 3082
3255 3195 3277 3138
3296 3267 3262 3046
3133 3349 3411 2999
3277 3178 3215 3151
3258 2999 3310 3232
3147 3212 3234 3236
3023 3257 3332 3217
3249 3290 3240 3066
3273 3141 3328 3115
3216 3274 3135 3177
3098 3368 3355 3064
3042 3337 3392 3092
3402 3375 2933 2966
3185 3105 3390 3137
3087 3090 3305 3233
3032 3158 3325 3249
3013 3057 3359 3236
3308 3059 3142 3224
3197 2993 3224 3269
3171 3075 3255 3256
3119 3418 3197 3136
3242 2970 3340 3175
3321 3114 3158 3174
3264 3046 3303 3144
3245 3196 3184 3230
3202 3335 3216 3140
3177 3313 3299 3134
3145 3445 3208 3087
3118 3243 3166 3260
3099 3256 3249 3238
3073 2991 3384 3220
3072 3059 3438 3168
3034 3182 3398 3160
3267 3319 3294 3038
3355 3149 3111 3139
3261 3186 3080 3211
3250 3206 3180 3135
3287 3127 3274 3201
3234 3456 3193 3029
3104 3374 3271 3167
3137 3442 3178 3175
3049 3129 3267 3236
3409 3377 2870 3075
3310 3107 3234 3155
3041 3276 3316 3173
3150 3278 3279 3208
3310 3182 2992 3200
3212 3199 3260 3200
3204 3303 3291 3075
3254 3039 3263 3224
3216 3116 3089 3262
3313 3330 3275 2991
3178 3269 3229 3188
3328 3271 3219 3042
3247 3254 3269 3083
3203 3272 3207 3152
3256 3197 3197 3225
3263 3284 3047 3169
3253 3179 3169 3243
3046 3326 3350 3097
3133 3099 3231 3253
3215 3183 3328 3192
3231 3330 3206 3087
3301 3002 3201 3230
3263 3085 3360 3089
3244 3228 3255 3156
3223 3045 3401 3149
3196 3270 3202 3173
3143 3368 3254 3143
3113 3279 3194 3228
3100 3172 3231 3266
3076 3070 3345 3239
3211 3047 3375 3047
3343 3129 3099 3189
3299 3150 3308 3067
3191 3244 3210 3208
3152 3188 3296 3209
3130 3186 3301 3196
3031 3271 3383 3171
3029 3283 3378 3145
3301 3154 3273 3131
3275 2963 3330 3142
3228 3040 3200 3253
3158 3308 3322 3084
3097 3176 3318 3223
3294 3172 3217 3190
3207 3242 3324 3103
3204 3148 3196 3249
3187 3359 3233 3132
3152 3200 3283 3233
3149 3090 3264 3240
3254 3227 3168 3168
3241 3194 3211 3196
3165 3105 3286 3229
3112 3198 3365 3178
3279 3035 3232 3204
3216 3224 3174 3237
3273 3005 3226 3244
3141 3215 3332 3156
3192 3207 3194 3269
3116 3198 3128 3280
3288 3183 3144 3212
3045 3182 3301 3246
3267 3208 3166 3191
3120 3280 3295 3175
3261 3114 3246 3251
3236 3190 3319 3118
3219 3094 3300 3231
3289 3182 3192 3128
3266 3180 3219 3207
3336 3237 3134 3172
3248 3147 3340 3139
3195 3278 3192 3217
3171 3287 3276 3142
3167 3235 3342 3088
