47 2.08395
23986 22757 23134
23509 22645 23531
24283 22338 23233
24147 22514 23130
22734 22349 23998
22653 21961 24007
24319 22506 22798
24317 22283 23488
24242 22388 23096
24164 22488 23055
24156 22782 23120
24100 22282 23518
23756 22558 23428
23754 22510 23605
24284 22686 22826
24200 22558 23011
24134 22439 23168
24123 22645 23414
24035 22466 23510
23849 22751 23417
23808 22036 23791
23516 22704 23527
23419 22806 23437
23344 22411 23814
23191 22421 23862
24283 22430 22928
24270 22162 23502
24234 22444 22835
24209 22530 23009
23883 22813 23361
23616 22255 23784
23519 22359 23763
23175 22361 23980
23093 22395 23900
23081 22488 23817
22856 21955 24073
24444 22215 23220
24337 22128 23261
24318 22408 22871
24269 22276 23680
24201 22426 23385
24138 22421 23451
23987 22329 23709
23844 22903 23185
23734 22365 23721
23705 22616 23432
23606 22642 23587
23383 22284 23800
23039 22471 23889
23036 22507 23787
22650 21862 24169
22541 22031 24058
22370 21975 24121
