70834 1920.42
18055 19501
18041 19502
18095 19483
18028 19533
19278 17614
18103 19482
17981 19545
17964 19554
18022 19536
18382 19279
18083 19500
17948 19579
17816 19650
18113 19466
18140 19445
18215 19421
18146 19440
17641 19726
17670 19722
17664 19723
18262 19369
17846 19642
17494 19778
17575 19735
17726 19690
18225 19415
18309 19338
18304 19352
19221 18310
19201 18366
18322 19333
18284 19360
17911 19619
17673 19718
17510 19770
17570 19751
17881 19627
17463 19786
17942 19581
17970 19549
18600 19117
18520 19174
18541 19164
17939 19591
18610 19113
18584 19136
18611 19106
18628 19092
18638 19088
19250 18239
17574 19740
19258 18207
17445 19800
17411 19801
17557 19754
18553 19156
18596 19124
19183 18418
17623 19733
18623 19098
18037 19528
18960 18760
17540 19766
18254 19376
19212 18339
18008 19541
17783 19674
18672 19051
19196 18409
19053 18627
18243 19393
18294 19358
18180 19435
19050 18631
19135 18542
19122 18551
19110 18554
18415 19257
18192 19428
18327 19327
18165 19437
17675 19713
18421 19253
17746 19688
19241 18245
19080 18606
18111 19470
19181 18427
19274 18118
18256 19375
19151 18469
19067 18619
19233 18265
19005 18699
18659 19063
17708 19711
18464 19220
18451 19231
18441 19233
17766 19686
17364 19816
19046 18647
17712 19699
19023 18662
18465 19219
19044 18655
19086 18582
18643 19069
19074 18608
19083 18591
18139 19446
19100 18577
18965 18754
18428 19251
17800 19660
18887 18851
18899 18832
18597 19120
18548 19162
18507 19189
18943 18785
18854 18884
18878 18870
18852 18889
18838 18931
18984 18739
18931 18791
18757 18994
18843 18891
18724 19023
18855 18883
18950 18775
18565 19151
19290 17576
18267 19366
19022 18687
18912 18827
19273 18124
19056 18625
19223 18297
18772 18976
18805 18936
19294 17564
19277 17639
18915 18813
18926 18797
18954 18763
19226 18266
19300 17563
19159 18468
18900 18830
18120 19464
18133 19450
18527 19168
18038 19512
18370 19286
18997 18704
18697 19030
19150 18496
18367 19311
19172 18442
19301 17486
18412 19273
18524 19172
19170 18456
17962 19573
18337 19319
19261 18132
18799 18937
18786 18970
18728 19009
18368 19298
18731 19008
19105 18561
18686 19046
18488 19199
18271 19364
18498 19198
18345 19312
18381 19283
18228 19396
18487 19208
19161 18464
18537 19165
19285 17608
18719 19029
18480 19216
18692 19036
18794 18943
18991 18722
18860 18877
18841 18911
18883 18858
17619 19734
18671 19058
