122 3.88674
8527 9095 8248
9021 8862 7883
8990 8851 8212
8195 8767 8722
8239 8744 8733
8320 8707 8803
8968 8831 8305
8375 9012 8449
8299 8562 8858
8426 8517 8880
8352 8545 8844
8859 8980 8150
8770 9067 8138
8403 8808 8690
8254 8606 8848
8238 8771 8721
8593 8430 8826
9073 8709 8233
8996 8789 8256
8677 9093 8213
8857 8909 8387
8575 8402 8848
9007 8762 8284
8609 8818 8634
8421 8673 8778
8404 8380 8898
8291 8293 8935
8964 8762 8443
8389 8531 8852
8735 8406 8784
8499 8741 8742
8486 8607 8829
9025 8770 8124
8968 8675 8469
8897 8955 8129
8824 8962 8347
8582 8623 8751
9020 8821 8193
9018 8249 8562
8980 8821 8215
9229 8320 8404
9136 8343 8491
9130 8695 8319
9075 8329 8538
9196 8364 8416
9174 8303 8442
9024 8718 8309
9013 8708 8357
8617 8578 8821
8979 8818 8253
8909 8440 8659
8870 8936 8334
8929 8898 8333
8714 8580 8746
8663 8600 8738
8480 8488 8833
8963 8630 8551
8891 8674 8556
8884 8543 8637
8802 8858 8501
8624 8447 8789
8589 8623 8750
8476 8750 8715
8420 8558 8831
8973 8864 8250
8913 8774 8467
9128 8745 8137
9114 8424 8473
9044 8786 8100
8896 8727 8548
8875 8610 8635
9085 8655 8385
8978 8775 8421
8957 8779 8449
8874 8810 8546
8589 8879 8685
8982 8781 8346
8923 8942 8144
8894 8944 8331
8887 8855 8378
8596 8717 8715
9048 8798 8055
8965 8799 8361
8909 8848 8380
8841 8902 8497
8797 9018 8319
8741 8750 8687
9020 8677 8423
9013 8876 8171
8810 8710 8612
8749 8900 8520
8803 8569 8732
8736 8544 8736
8994 8368 8583
8965 8485 8591
8956 8894 8229
8722 8865 8576
8941 8924 8138
8933 8894 8251
8743 8855 8612
8250 8566 8859
9021 8659 8376
8880 8522 8706
8845 8951 8349
8829 8784 8548
8377 8380 8914
9186 8531 8335
8990 8494 8568
8811 8967 8314
8779 8978 8378
8817 9009 8300
8964 8878 8359
8883 8884 8368
8847 8965 8340
9027 8567 8496
9018 8547 8529
8848 8751 8594
8660 8797 8639
9063 8393 8554
8906 8649 8596
8378 8414 8902
9119 8360 8502
8781 8779 8626
8764 8705 8638
8738 9039 8315
8457 8964 8557
9173 8350 8442
8745 8839 8564
8524 8694 8763
8323 8541 8875
8683 9002 8421
8643 8618 8735
9029 8680 8359
8681 9074 8419
8739 8976 8506
8727 8977 8468
8968 8459 8610
8889 8783 8495
8854 8685 8619
8849 8938 8405
8830 8945 8355
8676 8688 8703
8663 8794 8636
8542 9009 8508
8990 8550 8502
8905 8853 8372
8880 8806 8506
8811 9028 8303
9019 8682 8372
8893 8976 8251
8688 8954 8616
8686 9014 8402
8652 8990 8456
9110 8499 8406
9058 8706 8322
8893 8607 8606
8693 8987 8461
8688 9032 8335
8604 8750 8698
8596 8867 8640
9135 8352 8495
8801 8752 8631
8771 8597 8712
8639 8754 8676
8548 8747 8730
8877 8548 8610
8753 8881 8535
8620 9000 8536
8422 8803 8691
9017 8687 8465
8736 8928 8518
8610 8581 8755
8339 8482 8894
9184 8489 8391
8994 8689 8389
8989 8544 8587
8895 8803 8413
8809 8825 8618
8709 8983 8552
9209 8554 8280
8765 8981 8400
9298 8205 8298
9180 8462 8395
8852 8613 8655
8816 8557 8715
8777 8856 8534
8766 8834 8589
8750 8690 8648
8651 8646 8734
9277 8274 8349
9245 8484 8332
9060 8515 8546
8937 8665 8574
8884 8777 8539
8774 8962 8411
8762 8622 8718
9168 8494 8436
8982 8583 8558
8782 8943 8454
8738 8785 8653
8384 8616 8836
9232 8421 8374
9189 8385 8413
9123 8510 8393
9117 8472 8446
9107 8519 8427
8867 8937 8343
8746 8716 8634
8712 8898 8562
9187 8313 8420
8970 8694 8441
8730 8993 8381
8690 8770 8658
8634 8870 8628
9145 8548 8357
8955 8733 8467
9236 8437 8360
9104 8511 8477
8982 8645 8533
8910 8448 8618
8883 8708 8601
9235 8394 8385
9167 8511 8345
8948 8837 8401
8881 8974 8293
8875 8739 8569
8797 8946 8383
8788 8845 8509
8776 8606 8694
8770 8864 8535
8670 9076 8293
8555 8658 8793
9103 8674 8363
8881 8904 8451
8726 8892 8551
9107 8483 8500
8880 8641 8608
8829 8681 8633
8759 8960 8492
8716 8928 8524
8454 8661 8802
8905 8467 8631
8831 8922 8413
8808 8828 8597
8755 8613 8725
8691 8991 8419
8674 8886 8626
8531 8693 8737
8477 8615 8795
8459 8732 8763
9092 8640 8494
8894 8836 8486
9025 8524 8519
8993 8757 8434
8987 8550 8556
8952 8628 8583
8840 8595 8690
8825 8295 8719
8811 8917 8429
8766 9008 8374
8701 9003 8397
8611 8931 8625
9001 8442 8557
8963 8413 8613
8929 8301 8629
8840 9001 8206
8829 8604 8671
8795 9012 8326
8915 8668 8592
8819 8689 8644
8728 8865 8552
8726 8675 8720
8682 9001 8452
8673 8525 8781
8645 8555 8777
8982 8764 8406
8957 8626 8560
8827 8836 8513
8799 8677 8688
8746 8628 8701
9332 8198 8244
9291 8428 8338
9259 8383 8355
9045 8516 8512
9016 8752 8297
8943 8768 8527
8940 8543 8589
8876 8905 8391
8868 8664 8606
8808 8522 8782
8773 8683 8655
8709 8761 8673
8567 8784 8704
9298 8281 8265
9133 8583 8380
9126 8446 8462
8986 8598 8521
8908 8683 8539
8845 8546 8665
8804 8600 8676
8782 8932 8503
8602 8834 8663
