58461 840.185
9795 8020 7458
8873 9436 7258
8083 7022 9459
7749 9927 7548
7234 7499 9732
6994 8322 9523
8264 7089 9344
9564 8635 7297
8713 9514 7340
9744 8237 7415
9204 9142 7377
7926 7142 9496
8175 7106 9435
7951 9902 7721
7051 7579 9722
7041 8228 9537
8999 9302 7444
8719 9502 7264
7350 7827 9629
7184 8447 9366
9016 9214 7933
8059 7355 9428
7574 7808 9615
7171 8363 9473
7069 8108 9588
9505 8388 8023
8691 9521 7487
7013 7721 9689
7138 8067 9566
9789 8135 7523
9593 8298 8059
8702 8756 8610
7982 9879 7628
8040 9782 8032
7410 7647 9675
9179 8923 8202
7704 9429 8522
7206 8663 9246
7258 7471 9715
8520 9616 7464
9307 8752 8051
9039 9250 7605
9692 8355 7692
8733 8504 8801
7886 9926 7672
7086 8519 9376
8018 9872 7533
8630 8721 8668
8373 9714 7355
8882 9386 7508
7265 7430 9708
8240 7411 9321
7331 8007 9598
7857 9833 7887
9525 8637 7844
8315 7517 9276
9492 8418 8064
7223 8359 9419
9351 8828 8007
8585 9417 8190
8140 7393 9405
9373 8656 8265
7128 8161 9585
9022 7708 8780
8006 9443 8425
9171 7754 8675
8126 9812 7734
8472 7238 9219
7856 7304 9550
9752 8056 7658
8110 8647 8984
9672 8460 7747
7455 8244 9460
9680 8406 7802
8092 9766 7904
9159 7958 8631
7974 9821 7697
9098 8305 8575
9784 8024 7572
9238 8399 8479
8778 8262 8790
7361 8377 9400
7488 8274 9445
7767 8527 9263
7239 7562 9702
7111 8219 9518
8680 8764 8591
9085 9223 7851
9711 8170 7811
8613 9234 8213
7663 7842 9489
7495 9175 8781
9032 8685 8434
8210 9721 7897
9342 8204 8393
8423 9674 7714
8115 9751 7988
8976 8796 8438
8472 9467 8195
7547 7444 9620
7866 9568 8322
8488 9553 7962
8459 7290 9224
8496 8970 8684
7689 9362 8555
7937 7677 9393
7284 7643 9697
7272 8031 9602
8983 9014 8137
9725 8352 7592
9537 8338 8294
9739 8251 7644
9131 8652 8377
7605 7770 9557
8662 9533 7566
8743 9491 7622
8984 9291 7478
8258 9788 7363
9358 7768 8445
8599 8803 8578
8875 8468 8711
8573 7524 9085
7646 7616 9576
8416 9625 8075
8051 9602 8218
9575 8152 8210
8932 9283 7857
7556 8121 9545
8838 8572 8600
7741 9156 8822
7438 7673 9643
8994 7915 8736
8607 9595 7825
8328 9277 8487
7625 7200 9590
8697 9506 7582
8241 7156 9387
7918 7862 9452
8968 9270 7769
8368 9334 8256
7616 9031 8857
9433 8530 8247
7565 8084 9494
7641 7907 9555
8747 9416 7783
7319 8472 9339
7536 7896 9611
8796 7598 9027
7838 8176 9330
8024 9861 7594
8391 7316 9296
7540 9106 8863
8193 9456 8336
7508 7461 9663
7227 7927 9667
7520 7600 9652
8175 7214 9432
9601 8627 7652
7698 8666 9230
8294 7341 9284
8565 8606 8897
8748 8912 8405
8772 7666 9019
8847 8372 8755
7827 9118 8697
9074 8164 8691
7770 7583 9528
8088 9111 8706
8707 9475 7978
8198 9795 7762
8827 7851 8882
8832 9190 8159
7623 7186 9625
8784 8101 8854
7964 7378 9447
8546 7698 9088
8322 9459 8287
8957 9069 7967
8536 9266 8419
8079 9131 8649
9172 8853 8306
7179 9163 8787
8379 7593 9205
8956 9322 7429
9445 8475 8151
7986 9740 8078
7307 7408 9691
8613 7797 9059
9221 8960 7809
8249 9690 7870
8861 9343 7653
9701 8378 7636
8503 8836 8664
7390 7628 9687
8015 9656 8116
9462 8694 7508
9290 8647 8327
7828 7887 9412
9277 8729 8283
7527 8810 9217
9558 8661 7728
7195 8246 9504
9325 8938 7555
7902 9367 8534
8273 7167 9340
8409 7547 9257
9410 8609 8107
9470 8577 8090
7371 7386 9695
7847 9842 7780
8360 8183 9072
8152 9732 7924
9070 8862 8317
8066 9219 8645
7507 7633 9617
7995 8481 9106
9362 8933 7610
8028 9788 7794
8864 8039 8846
7726 7952 9477
8600 7437 9102
8122 8609 8992
9660 8194 7822
9193 8683 8362
9401 8562 8121
8010 9610 8174
9637 8046 7944
8427 8116 9064
7879 8514 9238
8842 8541 8637
9064 9237 7862
9476 8767 7424
8947 9040 8099
9144 8097 8731
9424 8739 8017
7670 8813 9112
9250 8282 8564
8261 9096 8583
7401 8957 9118
8101 9814 7707
8187 8678 8903
8482 9397 8229
9606 8128 7972
7955 9700 8145
8677 7256 9096
8281 8780 8889
7762 8596 9164
8416 7508 9193
7234 7760 9687
9389 8841 7957
7989 9849 7696
7472 7936 9567
7650 8454 9328
7716 8045 9415
8407 9631 7875
8035 7535 9439
8800 7721 8928
7733 7538 9581
9116 9053 7840
8219 8948 8806
9301 8078 8467
8896 7996 8773
8143 7937 9280
8434 9452 8219
9050 8847 8409
7890 8066 9290
7683 7788 9497
7731 8537 9212
8516 9666 7663
8525 9565 7831
9165 9002 7763
8072 9204 8664
7801 9078 8762
8438 7268 9301
8099 9379 8343
7375 7729 9688
8247 7180 9341
9459 8603 8037
7755 9713 8128
7964 7252 9481
7297 7777 9639
8559 9101 8527
8353 9017 8542
7781 8718 9036
9058 8999 7948
8687 9168 8294
7676 8750 9079
9050 8983 8236
9626 8215 7911
8301 7283 9307
8711 8073 9040
9612 7841 7980
9135 7828 8733
9732 8261 7598
7263 7898 9655
8241 7334 9313
8096 8669 9006
9218 8881 8187
9660 8011 7920
8909 8612 8518
8790 9305 7915
9170 8973 8083
8772 8774 8513
9762 8216 7544
7422 7672 9663
9108 8547 8508
8305 9577 8142
8542 7782 9155
9340 8050 8483
9648 8433 7776
8415 8558 8969
8884 8193 8745
9391 8744 7901
8890 9357 7614
8349 7967 9182
7967 9485 8396
9771 7972 7675
8399 9648 8060
8853 7606 8957
7432 9061 8914
7963 7399 9457
7807 9323 8648
8180 8326 9056
7942 7564 9454
7465 8417 9383
8817 7324 8961
9233 8289 8498
9261 8893 7995
9625 8442 7755
9488 8148 8351
8652 9321 8088
8413 9124 8506
8056 9544 8347
7091 8691 9310
8347 7977 9149
9149 9028 7799
8451 8427 9018
8228 9755 7666
9777 8156 7627
7787 7716 9502
7194 7557 9706
8339 9528 8276
9379 8874 7639
8165 9585 8117
8337 7689 9238
8035 9642 8105
8667 8501 8808
7628 9061 8838
8121 9186 8568
7483 9073 8908
7909 7277 9518
8455 8291 8950
8723 7781 9067
7598 7610 9604
8000 9310 8538
9511 8343 8210
8761 9400 7664
7750 7737 9464
8199 9223 8547
9476 8455 8042
9546 8617 7773
8699 9143 8368
7875 7336 9515
8913 9261 8094
8147 8788 8830
9150 8930 8186
7589 8944 8954
8811 7681 8924
8636 8347 8860
8674 9222 8180
9331 8717 8033
8165 9727 7883
8450 7490 9255
8553 7500 9141
8225 9809 7709
8666 9050 8386
8278 9698 7816
7831 7655 9470
9123 8730 8356
8084 9242 8491
9617 8322 7951
8818 8621 8626
8284 8486 9011
8288 9199 8530
7540 7489 9634
8921 9263 7998
9735 8168 7680
8153 7265 9428
8897 8711 8562
7817 8704 9090
7756 9240 8721
7470 8550 9243
9647 8314 7909
9200 8787 8252
8901 9149 8235
7972 9351 8499
8383 9681 7753
9451 8738 7903
9257 8856 8003
8026 9334 8457
9271 8955 7616
9264 8142 8473
9552 8517 7983
8575 7967 9048
9567 8475 7881
8919 8988 8400
7686 7624 9530
7675 9181 8742
8313 8037 9133
8235 9287 8389
9207 8993 8019
9728 8167 7745
7795 8668 9123
8763 7846 8944
8078 8314 9173
8019 8907 8817
7910 7992 9378
7970 9381 8453
7585 8044 9475
8461 8635 8725
8763 8414 8820
7405 8817 9130
9142 8868 8284
7761 7980 9430
8077 8018 9180
7814 8546 9142
9515 8691 7805
8900 9296 7836
7595 7731 9593
7430 7380 9667
8356 9576 8164
7822 9843 7849
8691 8334 8877
8869 8333 8759
9288 8906 7767
9094 8681 8363
9126 8899 8277
9419 8587 8098
7911 8063 9295
7874 9588 8249
7549 9044 9008
7289 8564 9300
9245 8739 8225
7633 8953 8926
7836 7228 9551
8986 8585 8530
8839 9089 8310
8944 8701 8463
8495 7873 9167
8109 8887 8883
7901 9651 8242
8181 9693 7941
7948 8634 9048
7944 8436 9198
7784 8824 8964
8513 8621 8737
7649 7478 9589
7303 8140 9468
8915 9088 8124
8719 8001 8885
8642 9393 8163
9046 8902 8271
9324 8719 8105
9303 8819 8171
8812 7952 8920
9120 9153 7634
8294 8697 8835
8230 8288 9137
8530 9395 8202
8772 8490 8659
8406 9508 8147
7102 7976 9623
8819 9313 7677
8941 7865 8877
7481 8126 9464
8270 8818 8766
8255 8590 8934
9762 8187 7638
7424 7626 9647
8383 7226 9304
7293 8496 9303
7325 7686 9689
7564 8010 9539
7103 7558 9715
8645 9541 7941
8388 7871 9203
8936 8858 8470
9382 8590 8244
8757 8490 8763
9483 8446 8127
9046 8368 8627
9263 8993 7562
7792 7491 9478
8540 8184 8937
8415 7877 9195
8385 9651 7895
8738 9318 7942
9541 8673 7781
8225 9559 8189
7597 7652 9565
