2898 44.4545
4002 3371 3333
3648 3985 2959
3646 3151 3730
3268 3354 3872
3178 4106 3102
3112 4067 3324
3301 4098 2993
3548 4057 3014
3160 4008 3426
3129 3994 3455
3690 3173 3696
3991 3257 3371
3407 4086 3027
3143 4026 3422
3131 4004 3435
3618 3190 3744
3345 3691 3693
3798 3195 3609
3850 3179 3563
3841 3646 3364
3558 3266 3788
3143 3887 3604
3846 3517 3479
3912 3282 3474
3753 3862 3171
3667 3679 3517
3630 3207 3738
3165 3719 3708
3193 4070 3253
3321 4092 3066
3688 3950 3079
3221 3746 3688
3599 4012 3039
3266 4102 3153
3603 3229 3762
3665 3213 3710
3505 3222 3822
3494 3841 3488
3412 4077 3033
3402 4083 3165
3718 3936 3048
3957 3443 3406
3745 3275 3668
3216 4085 3243
3198 3915 3572
3297 3856 3566
3182 3987 3447
3585 4002 3133
3868 3585 3354
3710 3927 3129
3728 3822 3353
3294 3562 3769
3184 4105 3098
3488 3262 3827
3329 3482 3806
3695 3931 3183
3905 3614 3293
3553 4023 3125
3566 3238 3766
3545 3231 3792
3412 3426 3811
3255 3741 3658
3924 3416 3461
3170 3811 3659
3260 3825 3601
3917 3668 3252
3936 3568 3248
3393 3734 3652
3953 3472 3372
3767 3854 3222
3491 4047 3145
3514 4064 3044
3462 4062 3121
3612 3892 3317
3570 3385 3734
3432 3559 3737
3231 3676 3749
3907 3511 3387
3391 3352 3844
3760 3900 3069
3607 4001 3088
3427 3304 3829
3207 3738 3699
3802 3629 3439
3653 3388 3685
3574 3780 3503
3715 3297 3692
3302 3447 3862
3982 3329 3407
3789 3245 3617
3712 3925 3136
3350 3470 3798
3824 3794 3142
3740 3880 3218
3594 3906 3416
3668 3279 3701
3421 3598 3739
3724 3581 3580
3874 3492 3458
3450 3954 3390
3331 3340 3864
3938 3502 3371
3696 3830 3343
3190 3751 3696
3371 3311 3859
3772 3573 3504
3559 4025 3056
3243 3611 3759
3534 3505 3741
3446 4050 3205
3734 3242 3681
3670 3191 3713
3484 3462 3752
3461 3382 3813
3455 3942 3432
3442 3261 3834
3584 3519 3720
3373 3397 3837
3326 3874 3516
3289 4098 3075
3799 3748 3336
3719 3819 3362
3676 3175 3716
3640 3976 3137
3408 4044 3256
3342 3702 3672
3978 3466 3271
3894 3320 3514
3679 3335 3660
3889 3364 3512
3804 3658 3383
3528 3672 3640
3525 3879 3465
3407 3285 3840
3305 4052 3332
3971 3368 3409
3496 4031 3217
3820 3792 3180
3872 3732 3251
3235 4062 3263
3987 3464 3267
3284 3968 3445
3280 4034 3334
3951 3500 3320
3833 3696 3345
3436 3718 3635
3317 3890 3527
3699 3311 3684
3948 3554 3266
3929 3412 3434
3439 4066 3038
3396 3827 3581
3273 3551 3801
3214 3422 3870
3751 3765 3403
3691 3970 3052
3960 3476 3309
3857 3636 3360
3791 3609 3454
3756 3273 3632
3405 3424 3832
3211 3638 3755
3377 3341 3857
3958 3543 3226
3764 3695 3420
3663 3971 3106
3499 4048 3140
3449 3288 3815
3386 3435 3807
3308 3325 3867
3981 3431 3276
3831 3489 3506
3702 3661 3532
3365 3860 3526
3674 3952 3093
3535 3999 3161
3234 3947 3483
3910 3362 3462
3807 3776 3194
3713 3873 3315
3829 3566 3472
3703 3495 3657
3597 3727 3502
3908 3693 3233
3496 4009 3287
3529 3990 3210
3490 3728 3602
3479 3589 3702
3425 3348 3820
3312 4089 3190
3523 3376 3794
3909 3547 3356
3826 3602 3451
3606 3980 3235
3543 4028 3155
3351 4061 3229
3681 3593 3614
3557 3437 3759
3339 3802 3615
3525 4040 3084
3683 3921 3213
3564 3885 3449
3932 3441 3412
3689 3235 3699
3975 3531 3238
3201 3947 3538
3227 3811 3631
3430 4064 3065
3415 3679 3665
3277 3832 3593
3706 3344 3641
3650 3973 3060
3257 3851 3569
3636 4008 3074
3575 3955 3237
3265 3900 3518
3693 3842 3339
3465 3642 3650
3382 3759 3623
3380 3763 3591
3360 4076 3174
3836 3386 3552
3774 3715 3395
3608 3895 3413
3580 3705 3628
3334 3408 3834
3324 3769 3644
3716 3828 3383
3569 4035 3036
3343 3370 3847
3401 3315 3852
3786 3571 3461
3554 3766 3562
3467 3553 3743
3410 4074 3148
3247 4072 3203
3228 3919 3555
3210 3997 3429
3944 3507 3312
3859 3305 3544
3891 3643 3283
3864 3549 3468
3817 3491 3493
3605 3487 3688
3589 3865 3437
3508 3477 3746
3307 3814 3607
3971 3457 3296
3855 3314 3530
3644 3834 3375
3443 3849 3545
3384 3732 3656
3632 3714 3542
3418 3541 3782
3769 3664 3466
3661 3928 3244
3660 3377 3695
3613 3430 3716
3473 3400 3799
3348 3670 3733
3240 4079 3210
3749 3315 3624
3318 3961 3415
3741 3605 3524
3678 3350 3662
3655 3979 3054
3642 3945 3224
3580 4005 3099
3519 3984 3230
3447 3434 3784
3310 4081 3191
3292 4020 3358
3654 3836 3368
3823 3655 3397
3815 3248 3575
3812 3498 3557
3809 3358 3567
3656 3870 3350
3286 3868 3556
3879 3455 3491
3401 3338 3849
3293 3755 3645
3736 3723 3427
3547 3787 3558
3259 3903 3544
3677 3218 3705
3548 3300 3775
3743 3798 3278
3458 3850 3537
3917 3580 3295
3240 3786 3676
3942 3532 3299
3250 4038 3397
3186 3853 3615
3933 3511 3308
3794 3806 3202
3625 3984 3075
3621 3486 3674
3806 3850 3148
3759 3406 3598
3557 4008 3113
3965 3339 3431
3946 3537 3278
3761 3604 3510
3709 3733 3500
3486 3736 3619
3482 3635 3647
3615 3649 3604
3531 3917 3354
3270 3865 3559
3176 3964 3501
3827 3407 3539
3403 4075 3060
3967 3531 3281
3865 3493 3485
3853 3418 3522
3747 3704 3414
3550 3710 3583
3538 3288 3783
3246 3888 3587
3752 3890 3207
3649 3946 3188
3903 3450 3485
3902 3250 3496
3888 3662 3257
3880 3403 3519
3821 3717 3273
3819 3721 3304
3634 3634 3605
3512 3587 3648
3474 4037 3157
3463 3757 3613
3369 4017 3281
3352 3406 3842
3253 3709 3729
3882 3575 3415
3877 3533 3423
3783 3419 3559
3658 3707 3501
3591 3666 3626
3561 3957 3299
3962 3360 3441
3944 3540 3285
3813 3760 3213
3739 3512 3588
3546 3933 3305
3400 4045 3246
3893 3523 3393
3851 3219 3546
3847 3617 3377
3838 3354 3533
3797 3508 3534
3628 3838 3376
3627 3771 3472
3522 3241 3802
3480 3624 3671
3417 3415 3814
3970 3474 3291
3890 3563 3351
3641 3785 3399
3593 3345 3757
3540 3536 3683
3523 3556 3705
3511 4015 3177
3431 3804 3551
3884 3291 3518
3389 3897 3461
3738 3712 3470
3593 3618 3620
3520 3392 3772
3900 3595 3298
3685 3782 3444
3684 3909 3270
3637 3479 3675
3540 3373 3777
3520 3773 3577
3420 3514 3776
3804 3380 3560
3789 3395 3572
3743 3626 3521
3769 3308 3628
3527 3253 3798
3286 3698 3713
3222 4084 3239
3173 4016 3421
3985 3430 3297
3504 4034 3158
3376 3752 3655
3275 3550 3804
3500 3588 3673
3357 4039 3300
3336 3806 3624
3313 3720 3693
3978 3422 3328
3304 4092 3105
3733 3807 3374
3471 3973 3324
3777 3371 3596
3552 3997 3195
3544 3321 3778
3454 3824 3544
3969 3423 3326
3849 3758 3199
3779 3603 3495
3582 3764 3548
3542 3844 3477
3497 3502 3750
3423 3829 3549
3373 3451 3830
3355 3843 3553
3623 3678 3546
3469 3815 3522
3361 3651 3702
3790 3676 3400
3646 3174 3727
3514 3967 3302
3507 3411 3764
3253 4071 3199
3927 3399 3450
3862 3577 3394
3782 3323 3611
3755 3251 3643
3588 3648 3636
3477 3966 3347
3476 3934 3449
3364 3578 3758
3654 3452 3678
3447 3295 3819
3437 3322 3824
3862 3631 3338
3803 3403 3564
3664 3272 3724
3638 3914 3264
3595 3989 3159
3518 3538 3712
3424 3527 3753
3419 3894 3460
3398 3812 3575
3780 3817 3269
3347 3525 3784
3764 3768 3290
3631 3410 3722
3595 3912 3331
3588 3776 3509
3563 4019 3110
3896 3621 3327
3886 3582 3334
3825 3608 3396
3742 3846 3316
3736 3528 3625
3672 3270 3709
3633 3959 3178
3506 3544 3745
3399 3391 3841
3388 3938 3515
3267 3808 3611
3759 3762 3378
3879 3485 3443
3654 3940 3259
3642 3326 3731
3962 3459 3300
3886 3332 3516
3567 3208 3775
3205 3811 3637
3730 3639 3506
3932 3370 3423
3839 3642 3392
3810 3321 3584
3510 4016 3182
3339 3550 3773
3291 3341 3869
3898 3521 3374
3900 3412 3498
3878 3643 3321
3722 3851 3260
3963 3448 3347
3777 3270 3642
3721 3359 3626
3686 3918 3188
3536 3964 3269
3233 3845 3592
3677 3969 3092
3398 4084 3083
3738 3295 3629
3682 3852 3349
3601 3998 3110
3601 3580 3637
3563 3506 3725
3437 3652 3670
3795 3569 3534
3765 3453 3583
3354 3974 3378
3759 3837 3239
3896 3653 3274
3885 3752 3179
3816 3640 3428
3517 3343 3803
3638 3632 3586
3364 4091 3113
3259 3911 3530
