6926 751.408
18375 16863 16809 15307
17568 17361 17217 14696
16895 15705 17519 17061
16474 17869 15238 16850
16318 16466 18592 16106
15980 18636 16034 15984
15531 16733 16390 18217
14671 17385 16410 17814
14792 17254 16576 17791
14981 17118 16554 17919
16436 17800 15354 16876
16011 18395 15966 16261
14936 17527 16213 17494
16763 15819 17956 16621
16470 17789 15321 16896
14705 17471 16306 17776
18148 16868 16883 15227
16217 17764 15386 16959
16357 16268 18547 16173
15071 17001 16688 17777
14750 17260 16437 17916
14840 17400 16432 17797
17831 17050 17262 14815
17643 17244 17227 14772
16109 17780 15415 17066
16066 17854 15524 16942
16489 16398 18466 16137
16226 18560 16096 16057
16338 18432 16267 15944
17658 17398 17034 14713
16925 15723 17723 16812
18125 16945 16976 15312
16803 15759 17812 16779
16039 18606 16130 16030
17912 16755 17203 15270
16558 16048 17538 16965
15598 16793 16395 18190
16827 15713 17771 16832
17613 17036 17012 15470
16681 15846 17347 17035
16144 17847 15547 16926
14873 17375 16605 17564
15494 16830 16454 18120
16989 16347 17869 16159
16942 16663 18040 15592
16456 16493 18430 16101
18301 16900 16812 15376
17503 17330 17332 14754
17391 17005 17384 14741
17003 15950 17942 16473
15746 16730 16897 17746
16898 15779 17736 16711
16300 18188 15707 16347
16488 17849 15300 16884
15867 17324 15683 17426
16078 18277 15887 16318
17006 17574 15662 16369
17674 17209 17243 14839
16793 15795 17743 16788
14889 17100 16838 17516
14733 17338 16523 17794
15561 17465 16007 17548
16416 18271 15865 16093
17571 17099 17380 14793
15022 17073 16609 17866
16765 15865 17756 16784
16096 17634 15408 17146
16622 16462 18382 15731
18234 16898 16837 15292
17245 17345 17075 15061
17216 15983 17545 16578
17927 16851 17162 15365
15550 16816 16477 18162
18323 16882 16789 15245
17224 17436 16955 15140
16047 17923 15566 16893
16418 18239 16288 15903
16639 16064 17691 16612
16295 16537 18308 16242
17566 17271 17305 14891
16034 16705 17967 16537
17783 17212 17149 14931
17520 16982 17629 14914
15172 17349 16463 17702
16541 17702 15280 16824
17484 16714 17255 15715
17335 16958 17115 15954
16094 18631 16091 16041
16432 17881 15510 16821
16644 15796 17782 16826
16620 16746 18099 15966
16359 18341 15896 16226
16301 18068 15624 16484
16708 15828 17889 16662
15462 17712 15973 17156
15848 18167 16341 16245
16284 16588 18061 16285
17105 15997 17558 16356
16171 16547 18251 16471
15034 17224 16675 17637
18281 16903 16772 15284
16636 17821 15375 16747
16244 18479 16003 16139
16766 16595 18163 15776
18073 17076 16870 15308
16336 17909 15763 16673
15889 17302 15699 17459
18188 17044 16841 15121
17277 17062 17633 15038
15415 17023 16547 17998
16718 16651 18030 15895
15703 18011 16051 16760
18218 16921 16988 15172
16517 17834 15432 16803
16155 18461 16126 16016
17341 17315 16584 15490
15062 17253 16369 17933
15389 17428 15917 17562
15324 16680 17065 17466
15267 16879 16418 18095
16019 16408 16750 17733
16654 18003 16120 15699
16504 17492 15855 16638
15946 17706 15646 17089
16716 15935 17462 16912
18031 16364 16828 15513
17196 17280 17441 15117
16638 16144 17922 16216
18347 16703 16850 15505
15942 18450 16128 16299
16933 16008 17614 16563
17126 17547 16987 14975
16754 17965 16233 15840
16448 17623 15450 16894
15771 18143 16178 16463
15707 17310 16559 17271
17904 16691 17095 15500
15451 17055 16373 18049
17991 16781 17103 15227
15617 17543 15799 17368
15527 16723 16426 18178
18201 16922 16965 15077
16403 18295 15928 16280
18171 16822 16971 15219
16743 16323 17446 16699
17325 17174 16533 15622
15574 17161 16496 17309
17048 16589 17843 15546
16350 17503 16708 16234
17512 16277 17147 16195
15990 16525 16348 17404
17359 16193 17394 16047
17889 17001 16593 15519
16526 16601 18142 15883
15479 18054 16239 16745
16446 16378 18525 16190
16689 18022 16392 15620
15347 16889 16749 17569
15681 17593 16184 17176
15539 16626 16485 18070
16497 18134 16326 15800
15091 17205 16538 17906
16223 17841 15790 16795
17097 16567 17359 16026
17583 17109 16823 15445
17164 17660 16762 15212
15642 17902 16306 16727
16311 16587 17985 16585
15836 18357 15910 16446
17730 17181 17379 14872
17120 15882 17500 16707
15732 16860 16252 18044
15857 17483 15694 17360
16846 16674 18011 15639
15011 17247 16622 17664
16637 16558 18157 16068
17000 17697 16488 15671
18052 16849 16909 15361
14824 17289 16460 17911
15715 18102 16205 16739
15788 17444 15959 17446
16482 17847 15260 16928
15054 17082 16858 17624
17312 16154 17467 16232
16418 17681 15491 17064
17307 16937 17452 15204
17085 15962 17623 16571
16340 17927 15587 16342
16961 15891 17702 16500
16949 16698 17820 15629
16936 17555 15965 16403
15818 16385 18087 16530
17700 16922 17408 14853
17772 17007 17288 14915
15158 17199 16247 17959
15562 17373 16157 17655
16081 18586 16172 16090
16531 16450 18021 16219
18266 16815 16851 15333
17950 17007 17080 15184
15615 17825 16195 16906
15922 17532 15982 17237
16579 16237 17651 16590
15812 18049 16281 16606
16525 15924 17992 16548
15665 18226 16141 16582
15940 18254 16328 16386
17790 16751 17318 15191
17848 16511 16986 15526
15424 17046 16384 18035
16914 16123 17588 16360
16610 16268 18229 16332
16840 15993 17800 16685
15093 17471 16403 17719
16461 16310 18133 16432
17940 17054 17190 15347
17751 17222 16999 14945
17138 16077 17333 16530
15307 17112 16055 17849
16780 16785 17919 16048
15419 16783 16732 17579
17038 16335 17328 16196
17637 16622 16853 15874
17406 16912 17659 15238
15808 18501 16173 16201
17079 17268 17043 15563
15368 16993 16717 17606
16821 16090 17829 16337
16398 17568 15751 16665
16048 18535 16095 16128
18368 16687 16683 15602
15802 17603 16139 17344
16704 16111 17885 16395
16006 17649 15807 17117
16085 18375 16164 16092
16952 16036 17567 16594
17879 17204 17123 14857
15316 17053 16522 18015
17759 17187 17177 14898
16438 17799 15400 16942
17208 16888 17479 15548
16368 18370 15901 16209
16266 17438 15512 17163
16434 16106 18355 16322
16184 17991 16361 16075
16662 16519 18194 15993
14920 17375 16427 17749
18109 16931 17007 15316
16253 17742 15472 17110
17319 16725 17677 15024
18005 16758 16941 15415
16901 16962 17528 15571
17297 16286 17270 16176
16839 16773 18201 15648
16278 16502 18578 16158
16031 17749 15654 17045
15361 17144 16956 17386
14991 17108 16360 17950
17068 16015 17591 16461
17540 16385 17265 15666
15228 17399 16579 17481
16820 16397 18231 15926
15148 17328 16252 17770
15996 17286 16676 16951
16974 17102 16545 16000
17709 17197 17273 15156
16262 18083 15609 16524
15729 18212 16210 16463
18091 17013 16786 15262
16713 17952 16269 15741
18083 17017 16998 15196
16373 16544 18478 16042
16113 18517 16124 16049
15401 17382 16273 17504
18179 16884 17000 15083
16236 18494 16109 15933
16072 16172 17290 17102
16349 17407 15774 17012
16257 17717 15785 17002
16475 16186 17495 16807
17489 17449 17049 15026
15753 16669 16651 17593
14999 17511 16191 17450
16960 16514 17609 15985
17478 16972 17031 15427
15138 17449 16389 17824
16333 17725 15677 17052
17528 16694 16889 15921
15902 17581 16154 17135
16539 16638 18077 16130
15269 16932 16634 17627
16884 16204 17505 16391
15958 16650 16856 17188
16249 18001 15996 16506
16364 17664 15628 16746
16730 16433 17340 16512
16846 16412 18107 16077
16748 15732 17726 16821
15508 17046 16345 18104
16324 18318 16035 16113
18249 16971 16778 15246
15777 17377 16632 17129
15682 16827 17086 17283
17862 17064 17226 14952
16476 16490 18499 15839
16129 18571 16091 16108
16159 18114 16260 16156
17185 17517 16970 15555
15252 17234 16021 17833
15039 16915 16558 17967
15102 16914 16662 17885
16394 18104 16027 16245
16550 17829 16610 15790
16065 18597 16124 15981
17468 17238 17218 14990
14926 17587 16217 17431
17686 17179 17295 14953
15654 16563 17828 16662
16297 17760 16357 16085
15124 17080 16375 17971
17530 17358 17180 14966
17466 17203 17063 15339
16677 17983 16063 15751
17012 15751 17592 16680
18016 17032 16975 15240
16537 16502 18293 16187
18038 17060 16965 15094
16577 16104 17231 16862
15595 17203 15944 17687
16176 17649 15696 17098
15940 16767 17697 16416
15287 17512 16297 17422
15666 16820 17373 16915
16722 16550 18177 15759
16631 16369 18075 16307
17384 17537 16757 15073
16407 17979 15476 16697
16089 17394 16203 17216
16788 17905 16231 15686
15968 17936 16344 16150
16290 18348 16017 16155
17375 17140 16440 15764
16039 17834 15720 17018
16616 16360 18426 16149
16464 16499 18322 16164
16187 18486 16077 16256
17434 16644 17316 15711
15439 16906 16409 18082
16853 15954 18000 16512
16376 18090 16473 15756
16153 17421 15774 17103
15373 17181 16422 17538
17971 16779 17135 15161
15291 17124 16156 17979
17160 15896 17572 16316
16860 16069 17734 16223
16891 16028 17855 16395
15984 17892 16149 16715
16648 16422 18285 15825
15516 16612 17427 17054
16187 17611 15738 17184
17347 16740 17169 16125
17946 16762 16942 15603
16678 16340 18390 15981
16595 16212 18181 16488
16352 16497 18340 16076
16553 17900 15843 16253
16917 16428 17400 16121
16476 17707 15596 16878
15885 18156 15892 16692
17610 17167 17307 15008
15112 17230 16240 17978
17259 16813 17584 15532
15834 16532 17196 17319
17020 16847 17673 15857
18249 16808 16934 15360
17814 16839 17023 15386
15538 17674 16070 16984
17605 16615 17162 15775
15759 17372 16041 17415
15593 17645 16174 17390
16104 17094 16499 16751
17418 17163 16608 15431
17425 17414 17035 15315
17150 17531 16681 15694
15637 17689 15906 17300
16397 16230 18402 16264
16514 16739 17759 16426
16271 18198 16081 16257
16810 15741 17697 16861
16043 17945 15576 16894
16520 17718 15461 16768
17057 16904 17592 15561
16139 18530 16202 15956
16591 18205 15477 16328
15217 17114 16466 17588
17800 16703 17259 15656
16227 18034 15850 16602
16483 16418 16803 16843
15484 17030 16507 17607
16426 16091 17419 17050
17734 16988 17295 15318
15389 17725 16288 16929
15827 17476 16061 17326
17052 16137 17624 16272
15622 16792 17233 17438
15408 17562 16269 17206
16527 16289 18117 16518
16569 16304 17785 16649
16698 16394 17214 16578
15284 17188 16177 17855
16237 16021 16956 17123
15704 16766 16746 17290
15485 17264 16642 17355
18290 16905 16801 15251
16518 16605 18329 16098
16523 16260 18267 16282
16510 17570 16621 15909
17817 17124 17017 15068
16829 16296 17846 16272
16095 17530 15616 17198
18034 16950 17014 14989
17346 17134 17387 15170
16649 17831 15989 16456
16033 18176 16049 16439
16388 16091 18369 16389
16383 17812 15959 16542
17441 16610 17437 15420
16501 17352 16921 15977
16962 16580 17383 16497
16458 16162 17337 16974
15199 17153 16481 17677
17291 16866 17327 15838
16206 18522 16103 15809
17960 16793 16797 15504
17660 16965 17089 15683
16406 17794 15484 16889
16050 17638 15732 17249
16586 16441 18413 15984
17165 17151 17219 15586
17160 17065 17682 15143
15720 17063 16596 17412
15329 17455 16379 17176
16812 15912 17904 16597
17598 16371 17376 15814
16872 16596 17250 16265
16574 16251 17901 16770
15428 16834 16518 18011
16122 17734 15650 16924
16929 16373 17512 16208
16074 17887 15820 16766
16383 16210 18509 16197
17835 17206 16787 15104
15799 17292 16317 17251
16977 16162 17501 16445
17841 17013 17280 15067
15587 16829 16330 18139
16617 15974 17521 16743
15538 16474 16659 17760
15060 17608 15974 17476
17118 17340 17137 15410
17983 17020 17007 15298
16604 16393 17238 16756
16549 17113 17484 15833
15242 17189 16754 17106
16235 18114 15918 16414
16324 16479 18581 16108
16878 17616 16793 15818
17401 16509 17421 15797
16514 17308 16447 16291
16812 16499 18211 15906
16863 16403 18020 15936
17431 17142 17186 15358
16351 18302 15925 16184
16902 17041 17310 15582
17087 16574 17481 15808
15662 16835 16313 17893
16876 17562 16862 15448
15418 16844 16417 18141
16325 17583 15723 16996
16542 16817 18258 15824
17279 17210 17093 15613
17251 17336 17015 15600
17312 17541 17090 15008
16469 16219 17861 16772
16130 18311 15863 16322
16528 18153 16332 15591
15334 17366 16390 17536
16135 16255 16991 17334
16229 16548 17798 16634
15582 17159 16565 17280
16026 16695 17455 16966
15796 17190 16146 17524
15300 17501 16331 17215
15917 18037 16218 16652
16470 18073 15935 16157
16802 17639 15520 16554
17556 16908 16929 15816
17447 17051 17366 15297
15179 16824 16863 17666
