28332 1260.44
8913 8487 8736 7555
8560 8056 9115 7870
8460 8178 9300 7635
8409 8738 8557 7676
8391 8783 8704 7743
8369 8516 9131 7372
8224 8122 8754 8031
8484 8617 9039 7431
8259 8636 8843 7836
8428 8708 8576 7756
8661 8562 8632 7856
8391 8621 9079 7450
8297 8391 9107 7863
8526 8545 9049 7482
8469 8093 9283 7698
8307 8230 8880 8004
8350 8213 8936 8015
8332 8333 9197 7784
8416 8749 8886 7518
8498 8768 8911 7499
8569 8697 8663 7801
8318 8492 9094 7780
8895 8391 8764 7598
8628 8667 8647 7781
8802 8492 8676 7752
8666 8649 8655 7739
8548 8778 8744 7635
8344 8644 8766 7882
8747 8608 8696 7778
8547 8699 8637 7819
8739 8070 9039 7691
8501 8102 9254 7733
8609 8729 8755 7588
8805 8407 8953 7483
8593 8108 9165 7815
8477 8287 9259 7661
8553 8115 9083 7919
8486 8300 8942 8000
8455 8353 8925 7991
8472 8217 9271 7701
8648 8302 9160 7530
8890 8448 8750 7614
8523 8174 9249 7616
8496 8207 8790 8007
8567 8060 9188 7779
8470 8086 9246 7777
8880 8523 8744 7670
8784 8522 8690 7782
8659 8444 9040 7522
8770 8653 8769 7679
8576 8662 8904 7500
8419 8246 9084 7972
8536 8310 9006 7984
8887 8327 8703 7653
8776 8132 9001 7584
8833 8584 8814 7578
8512 8554 8788 7886
8355 8437 9182 7698
8495 8160 9229 7772
8471 8144 9267 7740
8447 8296 9024 7988
8511 8208 9102 7940
8535 8681 8938 7536
8425 8735 8913 7497
8452 8081 9095 7978
8395 8155 9171 7895
8861 8551 8684 7708
8866 8587 8718 7643
8645 8438 9093 7492
8464 8148 9233 7802
8670 8136 9078 7804
8431 8348 8955 7945
8641 8434 9054 7552
8562 8248 9040 7969
8587 8694 8942 7495
8853 8490 8823 7561
8543 8405 8893 7967
8384 8177 9155 7916
8540 8672 8924 7534
8404 8351 9057 7921
8580 8657 8919 7563
8449 8328 9112 7880
8475 8256 9124 7908
8450 8734 8766 7640
8668 8611 8722 7822
8828 8614 8737 7690
8623 8744 8717 7665
8547 8156 9200 7753
8516 8236 9192 7752
8666 8346 9093 7508
8468 8313 9019 7953
8797 8357 8941 7543
8694 8665 8784 7580
8421 8568 9096 7624
8467 8185 9121 7957
8876 8400 8829 7711
8792 8531 8866 7615
8408 8438 9224 7512
8688 8393 8875 7841
8820 8557 8819 7544
8550 8305 9063 7847
8539 8399 9136 7648
8729 8600 8848 7594
8473 8130 9173 7903
8582 8091 9093 7826
8499 8153 9244 7686
8613 8312 9144 7571
8482 8186 9221 7688
8537 8250 9169 7804
8482 8663 8713 7823
8596 8679 8682 7780
8674 8076 9055 7782
8797 8460 8913 7540
8400 8243 9102 7960
8614 8724 8781 7557
8412 8335 9109 7930
8347 8670 8954 7601
8813 8500 8784 7733
8826 8493 8817 7646
8399 8344 9207 7602
8872 8415 8748 7659
8373 8535 9069 7685
8726 8739 8757 7574
8626 8744 8888 7516
8485 8165 9015 7977
8774 8547 8776 7700
8564 8630 8956 7631
8437 8306 9090 7894
8515 8167 9061 7964
8400 8503 9064 7757
8371 8359 9235 7709
8373 8431 9196 7582
8723 8718 8758 7697
8684 8582 8795 7771
8678 8639 8816 7604
8656 8577 8894 7722
8600 8618 8945 7623
8518 8169 9115 7929
8444 8214 9210 7793
8765 8597 8840 7637
8552 8171 9212 7718
8538 8704 8874 7650
8498 8162 9202 7848
8690 8604 8746 7716
8572 8269 9157 7761
8479 8298 9217 7680
8674 8703 8868 7605
8509 8200 9208 7789
8430 8263 9252 7726
8619 8676 8809 7726
8575 8211 9126 7840
8767 8556 8703 7756
8606 8143 9151 7724
8521 8427 8908 7924
8478 8326 8997 7981
8809 8509 8879 7576
8870 8444 8821 7566
8746 8339 9007 7569
8359 8390 9120 7874
8372 8259 9187 7883
8843 8347 8906 7608
8673 8525 8996 7519
8378 8537 8981 7750
8362 8476 9052 7851
8406 8525 9048 7749
8396 8266 9241 7835
8712 8203 9065 7738
8599 8238 8927 7958
8456 8628 9023 7597
8441 8273 9089 7904
8352 8452 9167 7663
8839 8464 8785 7693
8846 8497 8783 7666
8831 8428 8841 7684
8589 8395 8824 7901
8478 8294 9051 7867
8630 8683 8871 7669
8874 8454 8781 7645
8822 8495 8839 7655
8651 8512 9009 7591
8627 8253 9103 7703
8493 8190 9151 7853
8429 8338 9218 7774
8762 8592 8735 7725
8758 8134 9003 7767
8435 8242 9240 7803
8815 8504 8832 7617
8579 8712 8781 7724
8488 8197 9205 7822
8722 8376 8958 7637
8726 8655 8793 7713
8686 8549 8778 7788
8506 8233 9105 7840
8484 8262 9128 7873
8474 8188 9242 7712
8513 8276 9176 7687
8561 8716 8826 7670
8659 8590 8733 7765
8458 8202 9255 7871
8556 8725 8786 7685
8538 8194 9141 7808
8616 8632 8730 7748
8605 8290 9238 7652
8621 8283 9074 7786
8615 8182 9149 7793
8767 8599 8708 7752
8607 8120 9179 7660
8515 8382 8949 7950
8492 8508 8981 7906
8759 8382 8995 7532
8817 8440 8884 7632
8414 8546 8952 7746
8553 8533 9110 7547
8454 8450 9003 7861
8859 8392 8862 7658
8783 8370 8932 7567
8637 8621 8852 7621
8804 8348 8954 7706
8724 8544 8911 7714
8850 8364 8884 7517
8754 8563 8898 7613
8497 8337 9099 7814
8598 8385 9072 7619
8349 8448 9205 7622
8731 8341 8978 7643
8665 8329 9042 7607
8467 8272 9092 7923
8643 8564 8998 7599
8824 8195 8891 7644
8763 8542 8804 7671
8558 8410 9060 7799
8491 8510 9107 7673
8457 8205 9202 7787
8438 8603 8984 7665
8772 8617 8779 7641
8838 8268 8878 7663
8683 8222 9025 7820
8545 8422 8964 7845
8389 8310 9162 7864
8530 8128 9120 7894
8681 8686 8813 7560
8527 8484 8990 7828
8633 8258 8999 7854
8458 8058 9173 7915
8800 8498 8797 7816
8611 8679 8811 7682
8651 8635 8799 7668
8519 8223 9189 7760
8679 8079 9095 7750
8612 8151 9104 7797
8434 8317 9185 7812
8636 8699 8802 7713
8570 8688 8863 7660
8381 8239 9179 7874
8672 8573 8858 7769
8706 8528 8772 7757
8760 8660 8763 7650
8665 8560 8910 7699
8606 8646 8899 7679
8582 8594 8929 7689
8788 8567 8837 7641
8741 8670 8685 7670
8749 8589 8728 7728
8659 8641 8760 7715
8604 8625 8726 7830
8452 8321 9213 7719
8428 8304 9225 7758
8511 8720 8765 7726
8647 8587 8741 7795
8595 8352 9036 7780
8583 8678 8688 7776
8453 8400 8979 7928
8568 8418 8950 7948
8503 8342 9066 7860
8502 8406 8974 7934
8466 8380 9032 7937
8476 8291 9083 7975
8497 8334 8905 7964
8463 8226 9101 7932
8769 8635 8774 7510
8760 8406 8986 7514
8585 8365 8922 7892
8857 8362 8865 7638
8848 8494 8845 7610
8786 8414 8903 7633
8522 8402 8997 7877
8510 8354 9008 7936
8591 8587 8909 7626
8387 8451 9077 7777
8713 8556 8901 7573
8820 8472 8845 7617
8799 8216 8907 7865
8733 8541 8856 7654
8442 8497 9098 7678
8476 8245 9122 7914
8632 8433 8972 7792
8618 8363 9011 7811
8608 8124 9057 7912
8584 8606 8995 7589
8841 8513 8806 7660
8748 8402 8942 7651
8727 8520 8916 7609
8710 8285 9057 7639
8494 8378 9079 7766
8389 8572 9103 7498
8835 8290 8826 7727
8778 8515 8773 7715
8365 8739 8756 7662
8740 8419 8943 7583
8557 8372 9021 7830
8525 8623 8992 7600
8392 8390 9153 7776
8824 8441 8800 7729
8500 8441 9087 7676
8381 8447 9077 7798
8581 8308 9002 7889
8864 8569 8705 7689
8837 8379 8796 7748
8780 8421 8869 7758
8717 8489 8931 7666
8700 8358 8948 7779
8693 8324 8870 7785
8680 8225 9066 7694
8646 8466 8928 7812
8645 8616 8844 7866
8379 8400 9139 7816
8365 8371 9183 7790
8863 8570 8762 7627
8681 8442 8969 7628
8639 8478 8851 7791
8588 8359 9044 7800
8828 8365 8819 7723
8751 8470 8812 7743
8711 8601 8803 7691
8590 8642 8805 7805
8752 8420 8882 7735
8705 8331 8861 7802
8514 8275 9142 7797
8505 8355 9138 7717
8420 8319 9232 7748
8622 8472 8987 7716
8459 8392 9147 7764
8715 8281 8980 7655
8640 8126 9049 7844
8627 8218 9071 7730
8575 8711 8855 7630
8541 8227 9129 7785
8762 8278 8876 7742
8673 8265 9068 7629
8667 8519 8890 7755
8620 8232 9018 7863
8592 8533 9047 7674
8468 8215 9270 7723
8667 8347 8711 7889
8743 8267 8961 7752
8542 8221 9177 7748
8738 8626 8724 7743
8743 8386 8985 7548
8655 8363 8937 7831
8472 8415 8992 7909
8586 8345 8979 7897
8686 8371 9070 7565
8578 8356 9008 7857
8528 8396 8975 7890
8624 8416 8971 7843
8504 8391 9020 7912
8432 8206 9120 7921
8736 8570 8846 7683
8532 8416 9024 7809
8693 8556 8937 7595
8649 8299 9122 7559
8625 8314 8888 7898
8480 8274 9101 7879
8758 8351 8939 7592
8534 8432 9013 7817
8743 8445 8843 7751
8810 8475 8813 7732
8863 8374 8846 7695
8857 8499 8828 7508
8559 8483 8995 7732
8696 8530 8892 7753
8698 8427 8951 7744
8644 8357 8915 7854
8440 8523 8918 7810
8769 8438 8872 7667
8851 8417 8802 7674
8703 8375 8981 7768
8663 8435 8900 7794
8565 8575 8998 7687
8707 8468 8950 7720
8640 8579 8879 7634
8619 8580 8979 7735
8615 8480 8991 7754
8607 8611 8881 7642
8463 8397 9029 7872
8446 8456 9104 7775
8757 8505 8884 7657
8745 8484 8926 7678
8676 8425 8853 7796
8574 8368 9123 7788
8427 8353 9130 7875
8657 8318 8790 7852
8653 8491 8828 7825
8626 8373 8921 7849
8568 8325 9059 7824
8493 8332 9086 7837
8604 8317 9119 7704
8577 8494 8976 7763
8642 8384 8993 7777
8782 8389 8920 7698
8721 8474 8821 7784
8715 8295 8965 7719
8698 8430 8978 7640
8658 8532 8944 7646
8652 8286 9116 7672
8594 8388 8973 7815
8533 8485 9028 7727
8508 8323 9150 7773
8461 8315 9097 7845
8775 8495 8859 7703
8630 8380 8967 7823
8545 8443 9027 7769
8519 8344 9159 7718
8462 8360 9191 7739
8806 8513 8835 7600
8705 8539 8912 7692
8529 8506 9013 7728
8677 8530 8792 7789
8661 8462 8947 7745
8605 8279 9080 7755
8583 8429 9082 7682
8728 8632 8847 7646
8682 8690 8775 7660
8718 8629 8706 7730
8555 8467 9033 7712
8585 8691 8807 7650
8435 8316 9132 7805
8602 8441 9055 7612
8592 8369 8992 7887
8620 8475 9029 7736
8588 8304 8881 7917
8601 8362 9039 7759
8814 8474 8896 7603
8791 8413 8843 7705
8720 8486 8952 7681
8719 8432 8897 7730
8714 8363 8871 7741
8709 8396 9030 7571
8708 8530 8905 7747
8690 8410 9052 7605
8410 8461 9030 7828
8670 8342 8984 7833
8607 8335 8993 7900
8653 8497 8930 7656
8830 8426 8736 7740
8807 8541 8806 7675
8707 8360 8971 7696
8517 8488 8865 7821
8485 8425 9058 7839
8490 8348 9100 7844
8684 8451 8968 7721
8671 8505 8914 7707
8542 8316 9117 7838
8410 8435 9167 7619
8750 8478 8923 7662
8664 8322 9076 7692
8660 8471 8974 7724
8790 8438 8864 7699
8788 8443 8831 7710
8761 8387 8830 7851
8738 8301 8887 7717
8734 8413 8856 7798
8649 8418 8962 7790
8635 8411 9011 7786
8507 8486 8917 7779
8486 8467 9031 7768
8446 8423 9085 7781
8439 8386 9155 7733
8435 8457 9053 7807
8752 8292 8975 7712
8639 8517 8991 7675
8593 8528 8992 7661
8589 8259 9098 7764
8480 8637 8897 7761
8755 8538 8808 7670
8749 8515 8836 7672
8603 8575 8982 7652
8496 8536 8903 7742
8625 8390 8934 7808
8479 8433 9163 7614
8458 8426 9038 7857
8702 8453 8933 7743
8701 8387 9016 7757
8576 8144 9212 7753
8722 8586 8822 7717
8556 8458 8994 7761
8517 8121 9230 7786
8476 8279 9117 7869
8554 8481 9015 7762
8677 8356 8916 7834
