961 969.637
9556 8138 7963 6980
8841 9059 8353 6371
8671 9181 7371 7484
8411 7074 9282 8088
8246 9659 8039 6998
8094 7733 8675 8650
7657 7681 9835 7615
7358 8324 9349 7815
9527 8195 8019 6979
8486 7114 9094 8215
7409 8439 9136 7973
7386 8347 9298 7881
8348 7090 9310 8154
7387 8433 9198 7815
8271 7128 9266 8284
8782 9191 8263 6455
8626 9318 8256 6441
7725 7674 9820 7574
8829 9109 8387 6411
7418 8422 9224 7936
8701 9189 8350 6381
8801 9055 8435 6388
8767 9168 8344 6402
8789 9217 8262 6432
8824 9021 7437 7559
8842 9075 7399 7454
8728 9080 7392 7605
8653 9139 7463 7537
8654 9294 8224 6418
9484 8143 8034 7146
8607 9171 7380 7563
7712 7794 9815 7580
9514 8176 7971 7143
8774 8924 7417 7675
8886 8870 8578 6425
7709 7750 9792 7663
8175 9631 8211 6947
8668 9298 8214 6491
9505 8144 8058 7030
8828 8975 7833 7439
9518 8168 7980 6988
9463 8222 7937 7151
8408 7081 9173 8253
8287 9652 7999 6991
7451 8084 9171 8218
7423 8254 9444 7754
7427 8337 9332 7872
8675 9163 7448 7570
7432 8431 9256 7825
8589 9101 8549 6396
9503 8083 7994 7168
8798 9117 8356 6518
8274 7136 9170 8330
8330 9622 7934 6989
8643 9194 7482 7483
7607 7978 9642 7707
7837 7615 9733 7770
8782 8979 7384 7568
8344 7274 9309 8153
7686 7697 9807 7677
9471 8219 8003 7195
7815 7774 9799 7644
8779 9010 7428 7571
8213 7085 9299 8278
8413 9537 8078 6847
8051 7770 8936 8511
8895 8944 8476 6582
8287 9647 8056 6975
8891 8947 8475 6398
8665 9127 7416 7593
8951 9076 7591 7334
8225 7206 9365 8267
8796 8967 7408 7636
8321 9641 8008 6912
7479 8336 9312 7786
8111 7181 9431 8190
8749 9061 7471 7480
7472 8454 9196 7845
7436 8428 9238 7841
7443 8343 9274 7867
9116 8760 8354 6592
8927 9102 8169 6474
8942 8901 8454 6458
8963 8953 8409 6487
9249 8683 8007 6652
7486 8577 9083 7795
8736 9200 8344 6482
8707 9171 7586 7385
8021 7363 9250 8377
7711 8070 9653 7619
9170 8638 8231 7060
8726 9066 7517 7559
9082 8894 7724 7122
8820 8741 8497 6866
8217 7533 9009 8527
9039 8927 7628 7206
9051 8839 7681 7475
8759 9201 7505 7267
8223 9613 8210 7098
7754 7760 9696 7846
8698 8958 7560 7765
9147 8220 8293 7587
8335 7198 9277 8279
8270 7191 9285 8228
7468 8400 9188 7948
7464 8382 9046 8108
7480 8169 9418 7918
8165 9544 8319 6928
8120 7203 9433 8149
9230 8494 8441 6689
7879 7830 8987 8508
8771 9162 8351 6523
9131 8373 8137 7588
7693 7903 9169 8366
8812 9123 8271 6528
8893 9123 8198 6546
8004 7736 8763 8637
9479 8127 8158 7178
9459 8216 8042 7075
7983 7745 9004 8545
9017 8920 8158 6703
8632 9166 8467 6708
8715 9262 8254 6509
8527 9555 7769 6872
8550 9302 7883 7510
9497 8136 8108 6980
8637 9095 7792 7427
8885 8913 8512 6531
7891 7586 9071 8573
8760 9143 7524 7379
8694 9242 8402 6608
8315 7415 9093 8291
7614 8213 9515 7799
8490 9337 7662 7375
8860 9019 7495 7501
8956 9015 7634 7378
8755 9057 7736 7536
8654 9038 8574 6571
9118 8871 7820 6999
8693 9212 7632 7361
8903 9013 7806 7190
8420 7862 8661 8425
8624 9145 7530 7659
9077 8899 7676 7192
8722 9269 7650 7153
7769 7796 9765 7653
7695 7832 9692 7826
8037 7502 9643 7817
7825 8982 8702 7324
8664 9375 7763 7096
8674 9162 7500 7430
8658 9063 7410 7695
9028 8573 7712 7651
8158 7440 9145 8433
8260 7307 9400 8125
8743 9074 7457 7491
8074 7263 9380 8237
8410 9034 7510 7886
9490 8189 7968 7157
8247 7259 9166 8342
8169 7279 9424 8101
8555 9192 7570 7582
8239 9604 8173 6937
8171 9615 8155 7083
8270 7179 9413 8103
8108 7188 9379 8277
8829 8682 8705 6468
9425 8156 8205 7040
7485 8120 9241 8160
7457 8159 9014 8310
9103 8617 8363 7089
7863 7939 8792 8578
8847 9014 8492 6498
8786 9129 8365 6437
7937 7678 8871 8642
7494 8473 9259 7765
9239 8674 7927 6974
9498 8185 7967 7143
8127 7857 9111 8295
7471 8187 8961 8342
8123 7459 9164 8422
9007 8616 8651 6512
8140 7549 9045 8557
7996 7846 8758 8563
9305 8251 8328 7412
9219 8652 7840 7424
8969 9037 8068 6553
8727 9331 8144 6659
9226 8490 8370 6696
7584 8035 9410 8003
8011 7606 8860 8626
8986 8884 7566 7389
7741 7721 9713 7783
9041 8832 7689 7396
8294 7522 9326 8048
7818 7743 9690 7796
7742 7740 9221 8308
9036 8585 8294 7350
8937 8992 8284 6597
8650 9339 8248 6500
8269 7456 9186 8281
8039 7758 9038 8468
8418 9085 8286 7394
9106 8749 8400 6641
7848 7732 8738 8645
7700 7776 9783 7610
7525 8147 9385 7991
8172 7543 8974 8567
8121 7688 8957 8553
7882 7679 9781 7535
8030 7692 8808 8633
8196 7325 9244 8356
8930 9113 7581 7347
8200 7156 9239 8358
8838 9107 8278 6615
8229 7237 9223 8361
8732 8859 8658 6732
8595 9271 8307 7154
8504 9417 7608 7330
7840 7926 9688 7716
7781 7782 9758 7660
8639 9386 7969 6777
8578 9202 8441 6604
8451 7287 9237 8199
8465 9309 7901 7383
8724 9081 7545 7586
7789 7837 9761 7644
7729 7987 9683 7613
7661 8038 9531 7885
8811 8807 8501 6842
7630 7946 9627 7820
9065 8910 7975 7364
8625 8878 8019 7624
8356 8995 7953 7693
8207 7256 9449 8082
8133 7210 9363 8240
7582 8437 9119 8036
7503 8078 9397 8067
8518 9479 7949 6918
8082 7433 9490 8006
8005 7394 9587 7926
7964 7569 9592 7940
7858 7848 9567 7802
8309 7338 9156 8408
8199 7288 9172 8412
8025 7504 9200 8436
7989 7564 9235 8334
8633 9008 7536 7711
8607 9306 7514 7353
8902 8979 7646 7298
8690 8843 7773 7943
7809 7779 9742 7678
7570 7652 9478 8085
8655 9221 8246 6904
8394 7240 9146 8375
8393 7139 9149 8261
8686 9224 7435 7406
7733 7813 9786 7592
8800 9024 7430 7501
8199 9392 8439 6888
8631 9118 8064 7225
9160 8731 8368 6847
8283 7270 9354 8206
8279 9600 7911 7143
8171 9578 8266 6994
8457 7173 9212 8168
8202 7150 9391 8161
8472 9407 8309 6830
8186 7396 9286 8332
8689 9214 7732 7301
8364 9607 7933 7021
8327 7168 9323 8121
8180 7231 9353 8264
8077 7401 9346 8279
8532 9083 7596 7812
8809 9130 8347 6464
9474 8118 8102 7194
9338 8249 8218 7245
7547 8214 9351 7993
7440 8389 9237 7938
9228 8594 8331 6833
9111 8612 7810 7452
8817 9047 8316 6745
9066 8926 8234 6596
7935 7730 8827 8646
9142 8795 7992 7320
7490 7594 9500 8084
8090 7714 8831 8614
8087 7907 8684 8531
9451 8191 8026 7141
9366 8210 8322 7261
9479 8174 8123 7031
9429 8272 8172 6992
8862 9126 7727 7170
8547 8965 8632 6763
9039 8588 8589 6550
8669 9336 8146 6524
9462 8147 8151 7200
9407 8283 8190 6969
9326 8472 8212 7204
9183 8708 8274 6822
9173 8518 8428 6756
9152 8623 8471 6889
7671 8338 9077 7979
7617 8210 9432 7767
7454 8602 9141 7658
8080 7857 8741 8550
7722 7680 9576 8020
7876 7922 9540 7932
9389 8388 8189 6929
9377 8150 8049 7432
7766 8771 8911 7545
8930 8939 8411 6485
9085 8915 7867 6900
9016 8815 7563 7497
8926 8933 7813 7321
7800 7658 9774 7684
7771 8453 9031 7893
7621 8129 9398 7957
9091 8648 8462 6836
8901 9051 8346 6466
8188 7651 8988 8481
9369 8240 8335 7106
9307 8653 7878 7008
9296 7965 8541 7274
9288 8255 8336 7363
7980 7506 9590 7977
7647 8740 8749 7757
7507 8191 9097 8238
9061 8961 7956 7056
9087 8099 8510 7499
8515 8785 7609 8044
8396 8015 8612 8112
7774 7719 9704 7839
7500 8396 9043 8107
8739 8633 8714 6839
8728 9292 8219 6503
9415 8258 8010 7264
9341 8156 8184 7293
9004 8330 8595 7410
8917 8522 8795 7002
8611 9316 8268 6710
8144 7685 8944 8533
8033 8506 8939 7547
7750 8072 9082 8299
7716 7824 9488 8040
8823 9072 8378 6693
7526 8359 9248 7882
7447 8504 9184 7917
8851 9170 8150 6661
8071 7891 9535 7843
9292 8281 8391 6727
8495 9438 8135 7172
8342 7490 8934 8450
8305 9528 8065 7145
8211 8032 8721 8231
8105 7853 8723 8623
8009 7542 9275 8372
7870 7698 8874 8630
7856 8037 9104 8233
7737 7989 9660 7544
7635 8755 8958 7444
9300 8446 8013 7368
9285 8492 8164 7137
7922 7826 8868 8543
7615 8509 9111 7792
8980 8930 7809 7505
7802 7940 9662 7573
7637 7814 9789 7652
9096 8889 8291 6656
8886 8779 8688 6475
8805 8765 8645 6643
8794 9045 8459 6540
8751 9330 7828 6729
8317 7425 9080 8445
7719 7811 9728 7773
7523 8533 9101 7962
8676 9205 8382 6751
8534 9404 8128 6907
8293 9510 7990 7310
8872 9110 7686 7130
8073 7761 8809 8608
9124 8696 8183 7239
9064 8618 8507 6735
9010 7930 8397 7692
8581 9247 7453 7515
8375 9362 8478 6805
8222 8825 8514 7598
8066 7467 9402 8061
7785 7664 9681 7864
7660 8252 9090 8137
7579 8409 8950 8182
8424 9564 7872 6911
8229 7486 9071 8461
9391 8360 7987 7112
9312 8615 7783 6983
8998 8351 8299 7622
8984 9010 7926 7089
8447 8411 7961 8072
8092 9349 8389 7194
8533 9423 8239 6908
9028 8999 7716 7231
7745 7677 9804 7720
8126 8365 8726 8189
8043 7689 8769 8620
9327 8275 7974 7392
8814 9131 7958 7136
8803 8006 8570 7753
8724 8881 8505 6921
8073 7304 9520 8076
7790 7871 9658 7807
7604 7878 9667 7781
8810 9177 8240 6556
7690 8404 8998 7978
8834 8982 7622 7538
8360 8617 7683 8183
7988 7376 9511 8055
8658 8922 8576 6585
8047 7534 8856 8612
8844 8959 7478 7603
8780 9222 7771 7243
8316 7553 9028 8386
7930 7527 9605 7944
7923 7789 9564 7760
7779 8174 9556 7510
9097 8689 8430 6574
8600 7579 9002 7834
8374 9559 7915 7057
8372 8425 8032 7891
8298 7924 8933 8110
7947 7454 9676 7821
8991 8875 8168 6960
8740 8328 8684 7373
8432 7417 9195 8245
8430 9511 8120 6868
8427 7267 9254 8167
8363 7600 9066 8013
8829 9002 7606 7503
9309 8620 8116 7244
8785 9017 7541 7516
8748 9097 7453 7451
8602 9433 7849 7067
8455 8139 8569 8070
8108 8045 9217 7527
8943 8803 7616 7571
8784 8812 7855 7764
8621 8356 8415 7737
9050 8891 8382 6675
8618 7531 8938 8094
8567 9181 8548 6743
8473 9524 8013 6865
8213 9527 8130 7215
7933 7413 9341 8316
8296 7165 9262 8301
8568 8678 7669 8102
8729 9194 7796 7365
8502 9482 8106 6812
8096 7540 9328 8139
8335 7255 9226 8258
8537 9364 8165 7009
8523 9460 7902 7052
8346 9450 7891 7323
7519 8349 9023 8129
8656 9314 7527 7260
7959 7773 9639 7830
7955 8051 9442 7608
8811 8954 8496 6951
8776 8856 7704 7646
8477 9484 8178 6766
8352 7371 8964 8368
8302 9451 8372 6962
8129 7281 9374 8252
8678 9360 8080 7006
8204 7171 9254 8340
8706 8925 7642 7909
8773 8963 7480 7731
8635 7631 8801 8000
7696 7964 9672 7627
7680 7970 9637 7711
8914 9104 7875 6990
8652 8055 8776 7548
8561 9357 7939 7253
8292 7252 9274 8229
8280 9636 7766 7015
8820 9087 7554 7401
8709 9134 7598 7486
7987 7545 9533 8026
8633 7426 8894 8163
8608 9355 7906 7077
8210 7319 9481 8017
8197 7213 9293 8310
8151 9069 8649 7135
8742 9197 8058 6744
7709 7808 9772 7686
8708 7353 8722 7839
8440 7154 9152 8210
8401 9514 8021 7060
8422 9469 8264 6895
8658 9047 7487 7610
8112 7346 9190 8439
8514 9465 8000 7112
8374 7358 9201 8177
8301 9597 8121 6987
8276 9593 8207 6908
8230 7157 9351 8226
7915 7753 9710 7715
8276 7146 9196 8311
9493 8263 8037 7088
9100 8563 7881 7550
7496 8298 9219 8055
8125 7756 8992 8389
7623 8397 8991 8212
9354 8471 8055 7023
9323 8317 8308 7041
9273 8576 8227 7115
9233 8470 8345 7065
9058 8581 7615 7551
7461 8499 9076 7992
7447 8401 9284 7802
7491 8630 9083 7780
9134 8682 8398 6723
9072 8907 8146 6687
8329 7432 9276 8224
7995 7768 8895 8590
7965 7686 9135 8344
7917 7825 8924 8537
9439 8270 8152 7009
9204 7900 8581 7252
7861 9070 8448 7458
7669 8236 9495 7574
7529 8551 9213 7669
7438 8311 9387 7805
9105 8934 8167 6677
8049 7815 8930 8523
7873 8026 8938 8393
9432 8279 8159 7109
9322 8153 8192 7419
9181 7890 8332 7514
9114 8822 7851 7242
8944 8455 8606 6787
8905 9088 7786 7265
8613 7767 8791 7883
8438 7593 9149 7787
7738 8325 9016 8077
7575 8040 9446 7953
7567 8230 9483 7631
7518 8241 9429 7843
8147 7800 8934 8556
9374 8506 8041 6940
9334 8484 8147 6944
8488 7236 9115 8166
8462 8722 8515 7459
7499 8448 9159 7956
8063 7793 8810 8570
9213 8394 8410 7341
9076 8793 8261 6945
9023 8752 8440 6760
8936 8957 8340 6711
8916 8869 8401 6855
8865 9205 7994 6841
8854 9056 8326 6559
8710 8886 8615 6647
8041 7518 9047 8564
7978 7822 8712 8625
7969 7718 8919 8595
8069 7483 8890 8605
9435 8238 8117 7025
9416 8183 8275 7099
9348 8370 7886 7421
9283 8345 8378 7048
9054 8805 8469 6633
9021 7849 8317 7655
8480 9111 7719 7614
8267 7537 8879 8478
8109 7535 9179 8442
7849 7665 9497 7982
8779 9233 8238 6684
8630 9370 8143 6611
8569 8157 9081 6614
8514 7520 8842 8255
8503 7445 9219 7921
7929 7892 9067 8420
9423 8181 8148 7135
9260 8767 7869 7128
8994 8292 8359 7548
8765 9088 7700 7467
7880 8497 9167 7654
7599 8220 9508 7635
7508 8462 9069 8053
9352 8228 8373 7256
9275 8586 8156 6845
9216 8568 8136 7149
8610 8864 8614 6701
8258 7747 8929 8404
8035 7982 8979 8387
7918 8384 9073 7889
7635 8451 9127 8009
7556 8393 9214 8046
9299 8656 7794 7113
9122 8602 8526 6807
9472 8188 8113 6986
9410 8343 8017 7125
9075 8926 7719 7188
8962 8762 7626 7697
8606 9054 8536 6642
8510 7474 9204 7829
8441 8943 8597 7151
8383 9332 7656 7639
8224 7957 8635 8417
8142 7301 9337 8247
8097 7757 8821 8594
7951 7566 9550 8042
7895 9126 8644 7388
7812 7520 9702 7824
7708 8884 8755 7558
7534 7920 9409 8138
8907 9098 8209 6601
8796 9164 8269 6479
8706 8916 8601 6699
8603 9290 8345 6780
8233 7741 8799 8587
8232 7769 8936 8506
8167 7463 8976 8576
9515 8163 8005 7060
9430 8110 8277 7072
9418 8293 8088 7029
9290 8363 7970 7485
9185 8571 8236 6976
9174 8545 7983 7304
9030 8124 8745 7280
8992 8715 7728 7563
8687 8346 8562 7521
8645 9424 7734 6931
8019 9175 8534 7274
7993 8223 8838 8208
7905 7296 9485 8108
7820 8964 8813 7479
7685 7880 9501 7962
7594 8265 9319 8053
7545 8315 9281 7958
8622 9229 7785 7494
8892 9055 7579 7441
8979 9017 7611 7288
8922 9112 7904 6956
8750 9160 8141 6920
8749 8852 8603 6863
8465 9553 7985 6941
8103 7742 9012 8580
8000 7449 9407 8214
7847 8798 8521 7785
8167 7806 8798 8617
9401 8326 8156 7184
9372 8417 8095 7085
9353 8129 8258 7360
9217 8555 8083 7246
9196 8519 8337 6858
9094 8777 8443 6717
9049 8879 8242 6755
8990 8534 8571 6982
8977 8699 8309 7066
8975 9092 7784 6927
8968 8347 8587 7355
8955 8851 8540 6796
8947 8483 8486 7197
8791 8789 7748 7695
8699 8424 8816 6734
8657 9048 8555 6740
8628 9288 7782 7346
8586 9391 8110 7047
8560 8983 7755 7630
8498 9379 7932 7155
8382 7309 9013 8340
8345 7215 9315 8192
8289 9396 8282 6993
8215 7644 9110 8309
8157 7217 9331 8288
8150 7722 8949 8485
8107 7859 8862 8543
8060 8010 8788 8338
7998 8657 9036 7513
7990 7702 8859 8603
7963 8704 8900 7586
7875 7461 9318 8331
7782 7650 9748 7720
7747 8021 9289 8015
7683 8818 8828 7650
7676 7840 9729 7719
7659 8607 8954 7853
7650 8419 8763 8162
7637 8758 8750 7810
7608 8249 9450 7742
7581 8469 9348 7618
8751 9250 8228 6440
8365 9581 8130 6792
8089 7495 9146 8448
9303 8367 8316 6878
9044 7777 8450 7667
8085 7404 9417 8127
7835 7872 9476 7998
7461 8580 9190 7622
7455 8308 9135 8143
9330 8529 7853 7185
8874 8967 7521 7451
8121 8373 8915 7674
7926 7764 9665 7775
7807 7945 9270 8025
7631 7981 9492 7968
9201 8596 8297 6897
9073 8599 8556 6544
8793 9185 8091 6738
8759 9245 7775 7091
8474 9347 7823 7344
8246 7565 8897 8504
8166 7514 9283 8242
7831 8020 9072 8336
9068 8811 7824 7283
9014 8996 7602 7259
7762 7860 9650 7851
7751 7884 9686 7764
9135 8785 7767 7326
8971 8898 8386 6622
8767 8047 8647 7583
8559 7583 8901 7901
8385 9532 8176 6776
8370 9573 8079 6931
8263 9463 8179 7165
8231 8957 8435 7597
8161 7349 9451 8098
7687 8104 9426 7942
7588 8788 9037 7472
9385 8319 7916 7189
8596 7391 8945 8128
8450 9161 7696 7575
8052 8841 8656 7362
7970 7877 8921 8541
7808 7715 9736 7728
7695 7891 9699 7700
9206 8253 8437 7098
8997 8707 7692 7669
8988 8679 7889 7550
8965 8793 7748 7627
8878 9052 7872 7301
8731 8211 8784 7167
8349 7657 9050 8090
8216 7313 9138 8451
7894 7927 9669 7713
7859 8068 8880 8398
7823 7795 9594 7907
7706 7828 9739 7756
8950 9066 8304 6551
8935 9078 8074 6680
8660 9252 8201 6870
8655 8831 8281 7436
8391 7991 8387 8369
8338 9210 8312 7227
8177 7369 9164 8418
7865 7843 9088 8371
8579 9402 8013 7095
8531 9420 8331 6775
9456 8280 7940 7027
9234 8651 8245 6754
9138 7961 8503 7565
9123 8819 7779 7289
9097 7861 8592 7434
8939 8245 8599 7003
8867 9030 7898 7161
8841 8564 8670 7219
8809 8860 8395 6981
8750 8761 8728 6774
8658 7851 8849 7673
8482 8842 7943 7863
8471 9486 7942 7124
8458 9435 7964 7175
8391 8918 8357 7498
8330 9170 7753 7747
8285 9155 7930 7517
8195 7249 9316 8248
7906 8621 8736 7735
7841 7901 9600 7827
7831 7754 9542 7994
7809 8212 9376 7581
7804 7708 9735 7779
7748 7709 9723 7772
7730 7896 9589 7880
7677 8214 9475 7626
7663 8747 8731 7741
8026 7493 9146 8498
9491 8063 7990 7192
9251 8172 8542 7152
8873 8719 8572 6987
8782 7950 8434 7872
8698 8937 8420 7083
8685 7659 8761 7791
8590 9429 7694 7156
8522 9412 7893 7232
8500 7590 8865 8081
8282 9494 8075 7268
8275 7464 9180 8246
8176 7402 9361 8122
8163 8641 8797 7571
8076 7666 9527 7873
7724 8604 8889 7976
7627 7855 9549 7966
7558 8075 9132 8191
8893 9055 7846 7191
8634 9076 7672 7553
8569 8951 7746 7690
7867 7517 9617 7974
8833 8759 8631 6559
9024 7886 8580 7506
8779 8990 7756 7584
8661 9227 7553 7309
8573 8874 8583 6901
8446 7894 8971 8068
8445 9043 8484 6965
8439 9516 8025 7020
8427 8756 8783 7053
8411 7471 9202 8004
8399 9570 8096 6790
8297 7937 9260 7532
8285 7360 9139 8383
8268 7333 9422 7961
8257 9607 8140 6970
8238 7630 8924 8551
8183 7577 9102 8415
8168 8072 8751 8241
8080 7341 9234 8355
8077 9351 8523 7106
8064 8154 9287 7578
7977 7784 8908 8598
7872 7640 9357 8186
7841 8541 9151 7697
9162 8434 8167 7331
8889 8745 8487 6966
8402 9277 8375 7094
8291 7272 9330 8220
8024 9122 8625 7038
7943 8728 8959 7475
7640 8672 9038 7667
7609 7934 9291 8190
8871 8890 7751 7519
9364 8392 7802 7268
8711 9074 7620 7477
8518 7713 8653 8290
8318 7895 8948 8090
7936 7687 9462 8031
7889 7823 9559 7861
7853 7905 9570 7776
7844 7611 9267 8394
7791 7853 9730 7650
7725 8085 9528 7775
8022 7406 9271 8319
9305 8304 8311 7009
9117 8669 8452 7035
8756 9253 7870 6765
8653 9239 7726 7308
8532 9389 8181 7018
8484 9457 8229 6681
8385 7151 9306 8105
8359 9567 8104 6877
8358 9557 8216 6964
8315 9395 7726 7463
8048 7482 9184 8416
8028 7300 9127 8484
8389 9471 8066 7031
7773 8036 9645 7512
9188 8853 7885 7030
8787 8401 8060 7600
8764 9234 7919 7240
8430 7529 9055 8088
8241 7141 9395 8129
8232 9639 7875 7113
7949 7589 9629 7903
7830 7865 9726 7685
7667 7912 9461 7956
9197 8644 8169 6971
8525 9345 7583 7324
7845 7948 9635 7802
8863 8950 7648 7346
8635 9274 7541 7324
8634 7291 8943 7966
8491 7561 9004 7960
8337 8989 8288 7251
8040 7478 9472 7999
7902 7598 9506 8030
7821 7931 9292 8147
8695 9040 7450 7603
8700 9275 7740 7112
7884 7625 9598 7928
8910 7975 8449 7677
8701 9324 7898 7044
8382 9550 8090 7107
8297 9586 8240 7015
8226 7437 9301 8159
8185 9534 8304 7016
8116 7162 9405 8190
7842 7508 9438 8147
8203 7247 9289 8330
8623 9284 7791 7454
8543 9496 7843 6977
8262 7242 9377 8202
8458 9311 7666 7522
9380 8326 8127 7208
9262 8649 8084 7081
9141 8467 8480 6818
8615 9367 8228 6568
7778 7841 9706 7757
7605 8464 8967 7989
9437 8151 8111 7226
9278 7923 8219 7441
9241 8222 8368 7414
9211 8712 7969 6876
7550 8189 9263 8155
7516 8282 9140 8172
7510 8531 9197 7683
7504 8313 9334 7940
8505 9270 8446 6618
8145 7432 9125 8495
9357 8116 8185 7282
9346 8323 8269 7108
9343 8476 7986 7016
9315 8517 8052 6967
9192 8580 8235 6918
9090 8711 8432 6905
9070 8406 8011 7628
9008 8799 7822 7404
9003 8864 7850 7372
8762 8381 8625 7509
8566 8908 7888 7815
8007 7803 8905 8583
7628 8192 9280 8124
7625 8244 9314 7809
7512 8410 9344 7718
8987 8767 8381 6795
8307 7697 8973 8350
7954 7680 8955 8610
9310 8476 8009 7079
9246 8427 8300 7285
9190 8482 8561 6650
9078 8835 8343 6562
8924 9110 8130 6539
8921 9046 8383 6672
8848 8941 8424 6758
8778 9129 8424 6564
8671 8490 8850 6576
8336 8016 8817 8157
8164 7721 8850 8597
8002 7772 9040 8488
7976 7940 9015 8374
7971 7923 9125 8363
7892 7528 8937 8631
7709 8026 9350 8078
9119 8635 7844 7416
8284 9589 8037 7059
7784 8551 8786 7925
7758 8079 9162 8170
8747 9150 8329 6646
8667 9332 8212 6632
8647 9294 8274 6505
8364 8438 8941 7524
8155 7876 8715 8559
8138 7673 9053 8528
8030 7608 8794 8649
7987 7693 8815 8628
7961 7966 8876 8516
7859 7715 9032 8522
9454 8194 8097 7038
9280 8254 8551 7046
9247 8444 7768 7469
9168 8703 8023 7340
9088 7845 8403 7722
9063 8850 8222 6924
8897 8375 8585 7273
8876 8040 8839 7111
8704 8002 8485 7791
8593 8551 7978 7894
8361 8060 8678 8104
7828 7838 9747 7661
7649 7841 9719 7714
7612 8025 9305 8118
7602 8262 9091 8151
7600 7951 9673 7729
7569 8429 9178 7969
7531 8395 9222 7671
7514 8400 9187 8024
7973 7592 9190 8403
7932 7744 9073 8486
9449 8268 7962 7088
8205 7697 8883 8591
8013 8010 8981 8465
7931 7686 8917 8639
9446 8278 7992 7102
9333 8415 8217 7223
9311 8059 8053 7446
9245 8624 8264 6709
9206 8668 7864 7325
9120 8527 8362 7186
9067 8798 8302 6741
9012 8619 8564 6763
8995 8410 8458 7302
8900 7518 8711 7595
8827 8705 8573 6674
8692 8299 8475 7689
8594 7801 8457 8219
8449 7525 9065 8221
8182 8162 9208 7489
8093 8108 8877 8037
8027 7525 9575 7749
8006 7699 9062 8518
7975 7472 9504 8095
7966 8407 9279 7440
7907 7845 9258 8176
7888 7727 9722 7769
7883 7683 9247 8313
7764 7774 9708 7750
7728 7693 9572 7975
7707 8138 9302 8065
7697 8734 8826 7766
7643 8204 9063 8251
7566 8116 8887 8367
7564 8200 9019 8269
7552 8086 9412 8005
7501 8520 9107 7900
8787 9286 8181 6653
8277 7788 8827 8458
8261 7638 8895 8491
9517 8189 8101 6990
9447 8319 7939 7052
9409 8335 8119 7055
9383 8377 8123 7180
9379 8380 8062 7211
9362 8352 8228 7241
9345 8423 8040 7318
9339 8145 8044 7448
9317 8386 7826 7408
9314 8486 8001 7113
9282 8694 7912 7061
9243 8595 7927 7323
9194 8452 8240 7277
9167 8429 8203 7335
9155 8378 8641 6867
9149 8772 8318 6892
9139 8243 8260 7617
9129 8259 8419 7623
9092 8701 8322 6875
9079 8750 8008 7431
8469 9062 8505 6851
8414 7223 9075 8311
8243 7387 9112 8425
7957 7524 9290 8277
7590 8203 9118 8204
9073 8204 8230 7640
9052 8795 8266 6844
9019 8627 8255 7286
8912 8692 8553 6737
8887 8332 8472 7437
8881 8733 8129 7356
8871 7859 8696 7561
8618 9053 8538 6697
8588 8918 7781 7759
8570 9186 8089 7391
8251 9371 8069 7449
8067 7764 8803 8574
8065 7681 9182 8396
7967 7794 9059 8476
7787 7876 9510 7987
7734 7829 9666 7797
7578 8287 9325 7871
9264 8710 7800 7115
9443 8180 8179 7103
9412 8300 7945 7138
9387 8414 8005 7129
9328 8590 7986 7236
9269 8496 8229 7238
9222 8266 8073 7442
9164 7906 8538 7601
9161 8515 8372 6811
9156 8495 8246 7466
8878 8463 8456 7218
8744 9044 8313 6805
8730 9247 8162 6731
8681 9299 7797 7272
8649 8767 8594 7133
8646 9300 8263 6577
8558 9399 8218 6535
8554 7766 8973 8028
8506 7491 9128 8027
8491 9519 7958 6773
8482 7248 9242 8038
8443 9475 8223 6829
8376 7376 9196 8289
8350 9508 8101 7051
8310 9435 8163 7299
8253 7410 9083 8414
8249 7700 9008 8397
8181 9362 8482 7082
8172 7856 8931 8329
8079 7373 9548 7934
8030 8838 8748 7607
8029 8650 8961 7422
7991 8171 9306 7541
7890 7798 9689 7727
7866 7820 9369 8050
7864 7581 9333 8266
7768 7790 9745 7710
7761 7574 9745 7762
7744 7670 9650 7897
7714 8828 8808 7600
7655 7914 9568 7913
7652 8309 8971 8226
7595 8344 9226 7946
7557 8682 9027 7642
8777 9207 8285 6537
9364 8356 7966 7281
9237 8619 8305 6765
9048 8069 8517 7458
9026 8609 8460 7084
8929 8334 8417 7490
8846 7821 8729 7670
8638 9143 7659 7417
8630 8487 8846 7254
8604 7825 8707 8021
8436 9376 7722 7332
8369 8034 8704 8168
8162 8069 8665 8304
8099 8758 8743 7278
7997 7935 9457 7881
7942 8125 9465 7733
7916 8144 9434 7623
7838 8250 9546 7376
7799 7755 9679 7844
7717 8000 9544 7932
7682 7710 9649 7908
7673 8141 9552 7572
7664 7768 9790 7676
7642 7897 9585 7828
7513 8306 9372 7731
9400 8357 7952 6972
9179 8690 8015 7132
8786 9165 8213 6634
8686 7460 8872 7914
8640 9308 8250 6533
8503 7841 8683 8259
8494 9447 8214 6825
8390 7446 9333 8092
8335 8554 8929 7050
8326 9490 8329 6943
8322 9125 8373 7343
8227 7329 9131 8426
8138 7385 9185 8428
8038 7547 9106 8496
8013 7942 8753 8501
8012 8106 9473 7470
7977 7737 8761 8643
7962 8706 8610 7699
7962 7423 9179 8463
7889 8208 9181 7858
7872 7723 8955 8601
7814 8514 8940 7878
7804 7763 9659 7819
9006 8383 8361 7469
7798 8200 9157 8084
9349 8500 8104 7001
9037 8935 8299 6499
8115 7322 9306 8285
8884 9163 7925 6996
8815 9035 7878 7034
8796 8409 8626 7254
8747 7559 8910 7476
8745 9031 7551 7577
8668 8841 7960 7531
8663 9161 7637 7482
8555 8066 8466 8001
8547 8597 7989 7850
8278 7781 8747 8385
8124 8773 8739 7478
7954 7996 9622 7529
7886 7673 9757 7691
7857 8017 9601 7488
7813 7733 9744 7705
7787 7757 9721 7723
7775 7581 9725 7793
7735 8494 8823 8034
8534 8547 8895 6781
9405 8271 7860 7270
9402 8455 7776 6925
9397 8186 8321 6928
9377 8305 7866 7252
9342 8331 8270 7071
9198 8655 8327 6810
9137 8246 8589 7232
8952 9041 7841 7008
8769 7649 8686 7803
8746 8552 7997 7666
8713 9260 7538 7271
8642 7973 8543 8062
8508 7669 8777 8326
8464 7474 9133 8135
8409 7731 9203 7790
8351 9144 8616 6718
8288 9614 7830 7032
8264 7662 9403 7782
8254 8087 8525 8403
8233 8538 8875 7198
7984 8915 8539 7522
7979 8031 8607 8539
7955 8117 9024 7862
7945 7547 9428 8136
7898 8194 9117 8144
7855 7746 9655 7859
7834 8808 8687 7709
7746 7810 9719 7705
7690 8257 9265 8064
7667 8218 9388 7851
7633 8161 9543 7740
7586 8227 9057 8194
7573 8445 9105 8059
7562 8297 9273 7937
9107 8866 8214 6625
8652 8663 8876 6639
8837 9054 7639 7352
9234 8306 8374 7235
9142 8206 8418 7278
9033 8626 8550 6573
9025 8805 7690 7480
8948 8685 8622 6785
8907 8974 8243 6932
8851 9141 8257 6718
8849 9226 8100 6696
8842 8942 7701 7590
8795 8768 8646 6853
8769 9151 7811 7127
8752 8945 8511 6786
8739 9285 8208 6716
8737 7994 8640 7701
8680 8823 8710 6609
8672 8810 7914 7648
8615 8861 8495 6954
8546 8058 8725 8058
8513 9462 7702 7140
8507 9546 8054 6760
8485 8427 8968 6948
8451 8966 7718 7851
8444 9500 8057 6938
8442 7802 9022 7888
8405 9545 8086 6753
8403 9486 8221 6887
8331 8273 8805 7941
8299 9569 8070 7005
8252 9377 8365 7024
8219 7389 9147 8394
8193 7717 9007 8066
8170 7626 9078 8514
8168 7216 9225 8384
8165 8242 8624 8273
8137 7676 9183 8337
8125 7447 9447 8071
8096 7309 9468 8146
8090 7492 9121 8491
8068 7819 8863 8547
8054 7506 9486 7981
8046 7637 9430 8035
7914 8107 9229 8130
7913 8479 8976 7933
7912 8865 8617 7661
7906 7478 9553 8023
7824 7635 9504 8043
7805 7656 9657 7884
7793 7951 9386 8047
7793 7793 9686 7788
7573 8202 9335 7965
9434 8341 7912 7070
9433 8289 8063 7087
9359 8321 8241 7134
9320 8575 8099 6731
9252 8646 8107 6769
9150 8680 8394 6665
8864 8149 8613 7734
8816 8600 8293 7459
8776 7576 8794 7831
8551 9321 7975 7257
8539 7609 9052 7882
8486 8459 8868 7446
8454 7301 9209 8204
8388 9217 8386 7220
8333 7408 9242 8115
8323 8826 8094 7694
8313 9584 8056 7125
8189 9581 8252 6983
7822 7874 9487 7990
7587 7999 9631 7773
7580 8513 9164 7860
8555 9092 7838 7579
9019 8522 7909 7610
8964 9025 7665 7196
8957 9061 7761 7033
8888 9096 7618 7201
8839 9008 7576 7504
8815 9102 7625 7352
8807 9071 7729 7465
8683 8850 7759 7656
8609 8849 7804 7740
8601 8773 8663 7068
8536 8945 7818 7823
8324 9176 8406 7181
8289 8591 8718 7714
8064 8250 8774 8149
7824 7729 9632 7927
7578 8205 9459 7877
8154 7405 9573 7916
8859 8769 8134 7552
8797 9174 7687 7278
7874 7956 9439 7931
9329 8466 8025 7333
9208 8093 8186 7434
9200 8544 8276 6952
9179 8022 8421 7381
8924 8986 8196 6827
8836 9026 8432 6578
8794 9147 8253 6563
8784 9231 8145 6663
8749 9249 8318 6726
8568 8736 8623 7120
8493 9523 8058 6772
8373 7704 8983 8173
8357 7234 9162 8314
8341 7918 9001 7947
8322 9133 8450 7295
8286 7916 8941 8109
8250 7420 9209 8328
8214 7349 9385 8203
8195 8906 8471 7576
8117 7602 9476 7997
8116 9437 8215 7222
8113 9552 8313 6954
7953 7628 9311 8142
7905 7816 8834 8580
7884 8131 8934 8307
8160 7335 9333 8273
8132 7262 9424 8158
9189 8167 8225 7630
9122 8847 7894 6638
8940 8457 7947 7668
8935 8098 8760 7233
8844 9128 7490 7251
8774 8868 7830 7634
8684 8710 7880 7643
8674 9343 7789 7040
8580 7196 9099 7968
8516 7330 9113 8031
8366 9001 8629 6895
8272 7180 9393 8119
8212 7967 8970 8085
8197 7233 9322 8236
7900 8088 9517 7237
7780 7720 9751 7670
7775 7643 9142 8409
7764 7836 9749 7675
7712 8034 9580 7848
8940 8723 8600 6600
8442 9519 8094 6666
8571 9295 8241 6859
7974 7443 9079 8552
8853 9082 7573 7368
8805 9058 7743 7401
8470 9140 7473 7713
7899 7636 9614 7897
8193 7512 9048 8454
7872 7642 9596 7939
7817 7724 9770 7508
9237 8526 7929 7358
9134 8782 8195 6734
9122 8535 8122 7332
8982 8969 8124 7273
8960 8291 8516 7594
8875 8862 8577 6512
8835 9243 7769 7249
8804 9187 7910 7093
8602 7888 8768 7877
8585 7571 8912 7920
8526 7411 8906 8119
8478 8007 8807 8132
8449 9400 7920 7241
8424 8814 8355 7508
8421 9576 7938 6899
8353 8971 7826 7712
8338 7327 9313 8202
8319 8075 9336 7484
8296 7188 9352 8118
8291 7311 9303 8210
8286 8791 8633 7388
8283 9599 8014 7035
8272 9589 7951 7114
8261 7283 9233 8333
8244 7381 9088 8381
8198 9575 8033 7134
8194 7549 9373 8062
8177 7457 9228 8235
8158 7265 9343 8272
8139 9531 8303 7026
7988 7706 9595 7701
7901 9265 8436 7266
7887 8102 9262 7902
7744 8558 8734 7869
7658 8817 8932 7637
7651 8369 8811 8166
7644 8629 8891 7959
7626 8687 8886 7752
8377 9474 8254 7038
8015 7435 9448 8032
8700 9138 8046 7211
7652 8018 9624 7717
8745 9158 8287 6769
8573 7297 9241 7860
8545 7384 9186 7849
8520 9499 7973 6860
8458 7143 9224 8097
8412 9411 7766 7329
8401 7220 9144 8254
8379 7227 9236 8235
8334 9454 8278 7118
8326 7224 9298 8208
8308 9353 8241 7231
8301 7284 9169 8323
8251 9304 8300 7056
8237 7378 9252 8352
8100 7596 9318 8121
7970 7352 9425 8220
7829 7890 9647 7846
8591 8698 8642 7143
8271 7293 9370 8132
8082 8095 9041 7860
8624 9115 8492 6691
8829 9086 7654 7277
8784 8977 7519 7557
7920 7791 9612 7828
8465 7611 9136 7636
8359 9279 8380 7162
8865 8809 7588 7563
8524 9372 7725 7190
8502 8511 8077 7746
7996 7500 9604 7866
7974 7655 9502 7984
8474 7196 9262 8081
8287 9620 8102 7006
8032 7658 9124 8479
8934 8992 8380 6543
9413 8181 8079 7234
9215 8633 8214 7037
8062 8040 9360 7751
8933 8612 8713 6882
8265 7580 8988 8483
9271 8141 8346 7296
8954 9082 8078 6657
8919 9125 7797 6935
8820 9139 8113 6816
7985 8162 9452 7368
8845 9033 8097 6810
8831 9040 8124 6890
9395 8286 8169 7135
8948 8871 7648 7542
7589 8312 9098 8140
8966 8868 8453 6605
9441 8330 8062 7037
9398 8382 8120 7007
9286 8471 8117 7303
9275 8658 8061 7117
9267 8598 8178 6722
9224 8647 7785 7337
9176 8528 8350 7259
9165 8164 8623 7068
9098 8376 8038 7552
8717 7730 8715 8029
8459 9506 8215 6879
7902 8387 8866 8024
7755 8449 8913 8006
7675 8353 9112 7935
7654 8232 9518 7492
7645 8589 8931 7944
7639 8387 9174 8083
7610 8202 9185 8145
7553 8583 9123 7725
7533 8183 9285 8120
7522 8296 9297 7970
7520 8397 9211 7748
8436 7572 8913 8440
8198 7449 9092 8474
7919 7761 8962 8593
9390 8333 8163 7119
9365 8449 7955 7160
9360 8312 8066 7247
9319 8480 8052 7045
9318 8461 8216 7042
9254 8028 8369 7269
9199 8205 8620 7179
9195 8499 8425 6724
9180 8677 8188 6898
9158 8745 7781 7414
9114 8833 8009 6862
9108 8015 8453 7420
9096 8716 7851 7495
9056 8802 7952 7402
9047 8395 8268 7523
9031 8676 8609 6532
9013 8461 8402 7214
9000 8781 8504 6566
8950 8835 8463 7019
8946 8546 7810 7646
8909 8887 8483 6817
8868 9002 8561 6715
8735 8199 8199 7898
8712 9145 8243 6821
8577 9099 7767 7591
8557 8092 8767 7854
8529 7780 8904 7817
8521 8952 7603 7800
8493 7314 9176 8150
8453 9337 7863 7377
8300 9034 8720 7117
8257 9287 8464 6886
8255 8634 8639 7761
8191 7424 9397 8075
8078 8406 9000 7539
7958 8879 8705 7354
7928 8326 9212 7681
7920 8114 9052 8325
7885 8790 8899 7358
7871 8261 9246 7682
7740 7716 9739 7738
7736 8636 9002 7634
7731 7959 9590 7789
7718 7954 9198 8263
7619 7901 9445 7995
7596 8199 9040 8272
7560 8287 9020 8196
7551 8312 9232 8014
7541 8418 9152 8080
7502 8322 9297 7983
9382 8480 8108 6988
9081 8834 8061 6854
8794 9092 8379 6507
9057 8760 8131 7337
8259 8205 8591 8029
8098 8191 9356 7381
7806 7844 9804 7574
9403 8241 8151 7217
9201 8673 8030 6902
9020 8821 8470 6620
8986 8895 8314 6823
8863 8516 8338 7386
8773 8939 8546 6749
8671 9385 7998 6713
8539 9368 8287 6649
8511 7513 9006 8286
8387 8546 8869 7370
8302 7162 9289 8244
8281 7537 9258 8184
8230 7714 9124 8017
8189 7957 8878 8346
8160 7712 8940 8534
8156 7694 9263 8202
8076 7801 8869 8547
8069 7941 8824 8503
8047 8336 9015 7856
7952 7584 9216 8360
7940 7812 8806 8583
7853 7973 9021 8379
7770 7785 9032 8489
7753 8178 9303 7924
7633 8153 9108 8180
7538 8177 9128 8187
9302 8262 8375 7069
8018 7554 9026 8580
7939 8024 9148 7989
7757 7755 9707 7764
9213 8587 8190 7187
9125 8751 8127 7076
8931 8885 8386 6725
8719 9136 8099 6939
8240 7173 9219 8354
8146 8053 8806 8175
8130 7682 9087 8500
8813 8979 7815 7469
8812 8979 7816 7319
8200 8415 8530 7952
7726 7828 9740 7732
9025 8594 8601 6589
7889 7907 8968 8519
9442 8282 8104 7182
9421 8169 8153 7156
9403 8283 8171 6989
9400 8181 8176 7166
9270 7903 8341 7408
9236 8448 8315 7159
9235 8567 8320 6826
9126 8530 8118 7521
9105 8677 8429 6832
9045 8776 8444 6671
9039 8929 7675 7203
8970 8796 8050 7621
8966 9071 8181 6688
8908 9025 7632 7430
8883 7803 8582 7736
8869 7389 8680 7637
8832 8871 7865 7540
8808 8740 8559 6854
8792 9046 7520 7547
8666 9287 8109 6926
8587 7776 8778 7866
8575 9385 8174 6878
8564 7236 8989 7990
8499 9411 8198 6976
8479 9367 7906 7248
8423 8882 8099 7666
8416 7840 8732 8215
8320 7972 8724 8312
8241 8609 8390 7804
8088 8649 8757 7653
8016 8028 9345 7812
7968 7484 9654 7875
7911 7797 9705 7477
7910 7898 9547 7880
7908 8299 8830 8148
7851 7763 9714 7656
7843 7922 9717 7671
7783 8394 9243 7485
7773 7785 9471 8113
7753 7844 9717 7724
7704 8086 9103 8265
7662 8324 9199 7737
7572 8278 9406 7768
7565 8025 9496 7903
7544 8079 8965 8326
7530 8333 9122 8159
8708 9184 8207 6802
8627 8537 7975 7836
8106 7305 9374 8270
7991 7771 8734 8622
9453 8179 8121 7146
8880 8883 8276 6985
8966 8912 8366 6581
8941 8941 7612 7482
9387 8399 8170 7158
9197 8582 7972 7290
9188 8748 7881 7328
9046 8788 8016 7292
8987 8833 7797 7393
8942 8874 8488 6671
8932 8667 8193 7501
8870 8528 8426 7176
8858 9050 7709 7399
8849 7986 8545 7865
8833 7519 8690 7805
8813 9265 8206 6624
8807 8778 8200 7428
8800 9099 7503 7366
8791 8972 7735 7644
8753 9184 7822 7250
8636 8332 8679 7556
8636 8057 8870 7638
8578 9271 8392 6629
8475 8631 8628 7367
8405 7829 8596 8429
8281 8700 8695 7315
8268 8003 8682 8276
8238 9260 8532 7212
8237 8822 8548 7474
8220 8259 8843 7949
8201 7756 8966 8377
8186 8930 8462 7487
8184 7424 9193 8400
8154 7636 9033 8434
8153 7608 9115 8283
8145 7618 9109 8438
8095 7832 8959 8462
8057 8470 8756 7951
8042 8188 9295 7596
8026 7572 9207 8406
8001 7566 9519 7912
7899 8754 8673 7911
7844 8097 9367 7954
7838 8198 9560 7461
7754 8774 8676 7745
7714 7756 9773 7679
7705 7972 8994 8437
7632 8802 8814 7887
7555 8581 9058 7813
8770 9146 8166 6784
9457 8256 7999 7152
9420 8229 8134 7127
9405 8231 8263 7088
9393 8442 7971 7033
9332 8520 7932 7221
9294 8385 8356 6915
9291 8407 8220 7327
9265 8548 8290 6860
9253 8625 8004 7202
9223 8485 8063 7379
9221 8565 8252 7061
9191 8488 8248 7266
9121 8780 8044 6851
9033 8012 8558 7457
9001 8562 8312 7201
8958 8432 8495 7069
8938 8566 7870 7799
8913 8693 8280 7086
8857 8631 8452 7305
8763 8570 8180 7557
8738 8763 8709 6852
8677 8888 8544 6828
8619 8800 7860 7680
8614 9316 7967 7295
8597 9007 8127 7410
8576 8849 8578 7318
8572 9306 8314 6753
8564 9189 8015 7202
8553 9036 7733 7617
8541 7995 8831 7665
8497 9380 8042 7233
8467 9493 8001 6963
8466 9342 8173 7139
8463 8004 9001 7725
8456 9478 8239 6791
8452 9089 8185 7320
8392 9223 8317 7111
8380 7738 8674 8452
8371 7214 9308 8175
8312 8464 8473 7730
8245 9344 8344 7148
8235 7368 9195 8380
8218 7672 9125 8051
8209 7627 9141 8275
8208 9279 8201 7271
8148 7641 9033 8469
8134 8720 8199 7800
8119 7451 9518 7948
8070 7453 9555 7849
8059 8121 9230 7598
7854 7851 9124 8380
7816 8261 9079 7967
7788 8364 9260 7542
7726 8295 9264 7930
7723 8489 8993 7836
7681 8158 8905 8264
7678 7955 9631 7770
7597 8288 9284 8041
7576 8375 9216 7928
7571 8523 8977 8049
7555 8041 9227 8177
7537 8608 9074 7774
7535 8235 9314 8072
7847 7697 9755 7665
8878 9035 8408 6555
7987 7662 8841 8619
9010 8870 7490 7458
8733 9096 7566 7521
8045 7517 9441 8118
7893 7921 9581 7736
7810 7812 9525 7976
9445 8140 8210 7104
9218 8313 8394 7300
9202 8532 8090 7534
9177 8239 8180 7467
9056 8900 8049 7209
9035 8774 8347 6934
9035 8090 8578 7339
9020 8012 8693 7407
8989 8232 8628 7313
8946 8960 8290 6702
8912 7865 8524 7722
8906 8152 8411 7648
8884 7786 8787 7530
8824 8493 8383 7359
8810 8840 8544 6771
8777 9238 8038 6813
8772 9009 8393 6799
8772 8999 7777 7518
8709 8984 8040 7280
8698 9262 8250 6621
8683 9190 8136 6884
8679 9206 8292 6916
8663 7516 8858 8100
8639 9347 8147 6949
8598 8100 8447 8007
8552 9425 7927 7054
8544 7452 9037 7986
8513 7367 9151 8133
8509 8837 8004 7672
8496 9492 8145 6933
8450 7990 8819 7996
8445 9508 8131 6893
8440 9416 8349 6767
8439 8166 8930 7448
8410 7703 8697 8327
8400 7887 9056 7874
8398 9440 8073 7074
8378 9554 8066 6892
8378 7968 8524 8222
8373 9414 8074 7199
8355 8366 8952 7549
8328 7515 9264 8195
8303 7695 9140 8032
8292 9620 8087 7004
8260 9591 8186 7063
8252 7485 9056 8353
8217 8727 8742 7312
8179 8182 8697 8197
8178 8684 8803 7405
8166 7295 9093 8457
8134 7242 9414 8165
8128 9340 8353 7225
8103 7444 9073 8539
8102 7607 9108 8470
8101 7616 9106 8456
8094 7765 8890 8559
8056 8610 8855 7464
8040 8560 8890 7589
8026 7466 9526 8002
8023 7935 9280 7945
8023 7621 9374 8117
7948 7560 9498 8087
7931 8207 9118 8010
7931 7409 9227 8411
7927 7726 9223 8275
7901 9233 8467 7230
7868 7668 9603 7919
7821 8043 8906 8365
7817 8692 8989 7620
7815 8137 8620 8382
7794 8572 8554 8123
7732 8105 9347 8016
7658 7910 9689 7704
7559 8318 9064 8114
7543 8339 9155 8099
9151 8542 8031 7371
8056 7557 9330 8102
9138 8396 8324 7298
9082 8517 7705 7554
9052 8912 7707 7198
9031 7966 8844 7418
9001 7981 8605 7566
8989 8934 7575 7304
8957 9028 7547 7257
8826 8399 8699 7055
8804 8986 7603 7535
8737 9150 7660 7335
8684 9367 7996 6708
8664 8951 7615 7814
8650 8516 7862 7937
8603 8673 8566 7429
8561 8530 8030 7855
8507 8059 8660 7970
8357 7680 9159 7905
8317 7677 8985 8145
8306 8968 8528 7094
8219 8634 8233 7859
8187 7431 9419 8025
8178 7897 8847 8518
8139 7431 9154 8453
8112 8712 8672 7636
8102 9186 8413 7237
8086 7984 8892 8262
8058 7498 9522 7998
7994 8099 9206 7899
7953 8753 8781 7674
7949 8279 9096 7920
7887 8020 9523 7540
7867 8703 8779 7786
7846 7748 9715 7734
7842 8270 9456 7490
7817 7544 9620 7972
7814 7833 9625 7892
7770 7710 9779 7748
7696 7920 9776 7616
7666 8046 9470 7875
7652 7835 9753 7683
8855 8664 8498 7174
8151 7541 9176 8317
8101 7928 8657 8471
9258 8659 7788 7156
9178 8794 7982 7151
9110 8815 8045 7128
8915 9005 7871 7266
8802 9000 7764 7363
8583 8340 8698 7739
8540 9506 7859 6791
8407 8029 8745 8081
8142 9456 7794 7401
7868 8030 9554 7902
7826 7869 9509 7940
7622 8478 8982 7948
8584 9314 8375 6623
8360 9560 8121 6850
8255 7476 9031 8455
7920 7555 9334 8211
8672 9142 7476 7448
9025 8762 8519 6572
8142 7664 9129 8431
9259 8734 7923 7012
9251 8553 8081 7275
9177 8714 8175 6562
9084 8801 7787 7327
8959 7971 8520 7754
8902 9028 7922 6876
8840 7617 8864 7592
8743 9029 7827 7607
8711 8416 7765 7825
8696 9100 7698 7512
8682 7328 8908 7844
8679 9444 7839 6861
8675 9414 7717 6926
8623 8115 8563 7924
8605 9370 8191 6978
8605 8390 8836 7340
8601 9477 7891 6857
8496 7775 8790 8182
8483 9461 8021 7087
8476 7913 8668 8148
8442 9529 7954 7064
8432 8053 8942 7528
8404 7498 8984 8303
8398 8440 8464 7611
8358 7728 8753 8306
8346 9381 8330 6798
8308 9622 8012 6952
8287 7881 8860 8173
8265 7319 9359 8207
8250 9333 8343 7270
8239 7266 9300 8250
8236 7838 8902 8161
8226 7332 9473 8022
8206 8904 8677 7146
8170 9136 8557 7283
8131 7875 8923 8451
8120 7929 8752 8469
8104 9167 8586 6880
8068 7386 9466 8134
8047 7292 9339 8323
8003 8050 9363 7643
7961 7419 9468 8131
7943 8277 9272 7604
7941 7645 9577 7835
7919 8524 8855 7845
7873 8009 9539 7664
7857 7496 9661 7892
7852 8583 8917 7708
7830 7867 9680 7733
7813 8676 8820 7782
7805 7984 9583 7777
7705 8142 9189 8081
7666 7958 9477 7974
7657 8109 9506 7826
7641 8725 8796 7965
7597 8024 9424 7980
7561 8122 9365 7972
7543 7988 9116 8254
7538 8123 9427 7963
9370 8508 7973 7037
8648 9327 7709 7107
8520 7623 9074 7746
8193 7250 9295 8314
8668 9054 7431 7632
8857 9130 7644 7231
8718 9189 8027 6922
8673 9259 7600 7296
9020 8062 8652 7564
8940 8931 7698 7423
8709 9018 8423 6797
8309 8080 8818 7821
8252 8559 8858 7322
8230 7584 9126 8179
8128 9092 8594 7454
8128 8096 8535 8339
7619 8113 8953 8406
9419 8353 8047 6968
9160 8539 8299 6899
9087 8857 8041 6879
9007 8829 7897 7482
8847 9090 8334 6674
8770 9182 7733 7312
8709 9173 8084 6875
8640 9405 7838 6867
8620 7538 9064 7862
8574 8641 8584 7316
8574 8049 8504 8012
8570 7163 9084 7984
8524 9447 8119 6798
8484 8285 8882 7409
8475 9258 8224 7164
8406 7469 9231 7685
8390 9488 8273 6803
8359 9094 8488 7120
8343 9565 8172 7029
8341 9501 8080 7163
8318 9505 8220 7044
8306 7422 9232 8249
8280 8247 9079 7605
8277 9638 8137 7071
8194 9366 8247 7249
8156 7337 9342 8209
8154 7324 9422 8143
8106 8784 8693 7401
8053 7488 9412 8160
8042 9329 8558 7048
8003 7735 9291 7976
7915 7804 9572 7960
7852 7380 9520 8073
7808 8556 8977 7804
7728 7835 9767 7654
8871 8973 7529 7542
8780 8908 7503 7688
8777 9032 7657 7475
8624 8550 8126 7666
8584 8845 8490 7171
7826 7834 9674 7770
7794 7675 9677 7882
7732 7806 9760 7740
8543 9430 8235 6637
8494 9441 8061 6958
8467 9445 8097 6961
8187 7818 9214 8169
8054 7552 9417 8052
7817 7953 9583 7823
7726 7993 9181 8239
8384 9562 8008 7007
8884 8468 8508 7213
8626 9301 7757 7306
8179 8067 9035 7894
8151 7684 9494 7977
7884 7701 9769 7554
7728 8061 9619 7676
8833 9208 7921 6922
8552 8997 8333 7196
8205 9156 8260 7510
8179 7962 8782 8178
8124 7604 9561 7768
8052 7908 9068 8148
7699 8613 8898 7799
8603 9153 7546 7506
8532 8606 7903 7897
8507 9432 7857 7262
8385 7210 9210 8303
8015 7648 9394 8096
8428 9547 7978 7209
8112 7344 9360 8265
8022 7366 9426 8151
7994 7511 9278 8304
8491 9503 7956 6996
8317 7429 9060 8386
8304 9633 8056 6987
8083 7315 9214 8409
7952 7633 9578 7967
8502 9256 8078 7351
8444 8133 8799 7760
7896 7876 9572 7743
9209 8548 8354 6828
8702 9207 8213 6740
8562 8952 8682 6922
7592 8042 9118 8204
8972 8999 8203 6618
8961 8752 8453 6750
8911 9025 8447 6757
8852 8712 8498 7013
8720 9151 7777 7398
8591 9326 8113 7028
8387 7966 9194 7876
8174 8009 9125 7885
8979 8712 8523 6789
8826 8394 8449 7456
8806 9101 8419 6478
8743 9150 8425 6694
8691 9125 8482 6669
8046 8010 8614 8347
7936 8032 8899 8424
9350 8356 8187 7038
9444 8301 8108 6984
9361 8460 8041 7022
8898 8907 7740 7555
8152 7554 8991 8538
9373 8174 8283 7243
8996 8682 7722 7594
7765 8191 8867 8290
7688 8382 8853 8032
8940 9087 8239 6668
8906 9031 8189 6800
8690 9284 8300 6849
8396 8965 8523 7229
9257 8379 8352 7029
9255 8635 7886 7318
8425 9130 8253 7278
9071 8836 7754 7395
8968 8853 8377 6917
8660 9194 7537 7374
8626 8581 8414 7560
8544 9433 8067 6857
7959 8097 9144 7963
8737 9070 8538 6627
9492 8301 8011 7010
9473 8296 8092 7021
9456 8177 8084 7114
9422 8379 7962 6937
9393 8294 8166 7069
9386 8170 8292 7139
9385 8230 7957 7334
9371 8310 8207 7220
9358 8311 8262 6861
9331 8444 8279 7316
9309 8334 8082 7375
9266 8082 8480 7213
9244 8633 8204 6950
9220 8666 7893 7303
9208 7996 8349 7462
9202 8666 8108 6985
9187 8678 8002 7240
9186 8682 8031 6950
9128 8039 8239 7730
9127 8702 8082 7191
9094 8591 8039 7465
9053 8537 8638 6691
9041 8778 8463 6680
8974 8081 8377 7694
8923 8017 8422 7625
8867 7781 8810 7712
8758 7814 8618 7746
8689 8561 8680 7018
8662 8001 8694 7830
8659 8972 8554 6732
8617 9416 7987 6832
8616 7711 8766 7980
8556 9384 8211 6693
8512 9014 8613 6940
8435 8695 8348 7504
8429 9108 7863 7582
8367 7938 8619 8414
8340 7314 9018 8352
8221 7381 9290 8298
8191 7375 9415 8120
8149 7938 9025 8059
8083 8882 8772 7353
8074 8065 9197 7745
8054 8264 9123 7777
8049 8046 9451 7479
7999 7877 9060 8381
7987 7419 9465 8083
7933 8763 8600 7688
7897 7535 9659 7853
7776 8597 8609 7999
7760 8032 9086 8304
7748 8323 9246 7611
7713 8376 9025 8049
7656 8273 9484 7613
7619 8267 9021 8104
7613 8159 8829 8333
7577 8428 8981 8115
7542 8286 9354 7873
7540 8114 9454 7931
8979 8778 8560 6636
8056 7890 8978 8446
9293 8497 8143 6914
9279 8561 8202 6803
9279 8438 8346 7283
9200 8421 8531 6885
9189 8294 8443 6922
9163 8084 8408 7403
9117 8667 7732 7454
9071 8836 8003 6880
9024 8968 8294 6682
9023 8890 8341 6835
8976 8695 8552 7062
8964 8748 8273 7110
8959 9054 8103 6714
8890 9149 8111 6586
8888 8118 8694 7336
8883 8895 8456 6814
8875 9122 8189 6587
8836 9053 8087 6747
8806 8799 8564 6959
8770 7482 8876 7811
8753 8593 7968 7771
8734 9004 8258 6869
8720 8919 8512 6768
8705 9142 8454 6588
8641 8661 8741 7080
8609 9259 8360 7073
8580 9319 8308 6610
8543 7694 8748 8039
8516 7449 9086 7808
8511 9112 8481 6895
8501 9310 8103 7147
8476 7828 8647 8322
8444 7699 9084 7840
8434 8700 7998 7832
8421 8658 8838 7043
8403 7780 8787 8155
8393 7552 9155 8063
8372 8042 8766 8126
8365 9529 7981 7193
8327 8760 8824 6957
8309 8397 9012 7520
8307 9207 8470 6894
8279 7716 8851 8541
8262 7707 8979 8398
8220 7638 8999 8432
8184 8737 8633 7567
8129 8796 8639 7602
8128 7218 9436 8141
8126 7719 8999 8364
8108 9075 8699 6720
8104 7304 9403 8230
8095 7968 9201 7726
8053 8752 8487 7755
8038 7391 9539 7971
8028 8178 9361 7445
8001 8702 8732 7794
7960 7445 8983 8603
7940 7519 8996 8586
7925 8738 8919 7492
7913 7767 9087 8430
7833 7696 9194 8302
7802 8221 9008 8234
7733 8716 8996 7703
7730 8310 9174 7847
7702 7674 9287 8193
7680 7900 9488 8069
7651 8593 8901 7985
7563 8529 9266 7460
9411 8315 8092 7226
9109 8904 7999 7064
8973 8820 8292 6978
8855 8923 8487 6925
8757 8503 7893 7778
8599 9350 8252 6703
8248 7904 8794 8246
8009 7892 9498 7908
7972 7869 9318 8012
7673 7884 9291 8236
9334 8279 8139 7291
9025 8313 8493 7123
8834 8968 7741 7329
8714 9139 7539 7417
8331 7776 9320 7584
8857 9086 8272 6511
8397 8887 8714 6874
8301 7466 9066 8400
8189 9396 8284 7101
8102 7749 8872 8566
7919 7797 8888 8585
9034 8952 7799 7293
8978 8143 8610 7506
8920 9058 8051 6763
8881 8926 8227 6944
8799 8726 7708 7754
8754 8979 8455 6940
8542 9481 7887 7084
8416 8622 8194 7805
8394 7711 9163 7886
8136 7484 9307 8177
8114 7749 9378 7637
7945 7844 9537 7860
7792 7815 9701 7776
7786 7712 9778 7654
7703 7997 9611 7731
7701 8726 8691 7729
7698 8014 9630 7768
9000 9019 7615 7000
8855 8569 8613 7039
8850 9049 8331 6535
8567 9390 8254 6663
8526 9237 8207 7276
8501 7960 8761 7910
8298 9591 7999 7011
8113 7321 9473 8057
8012 7448 9219 8410
7734 8845 8993 7338
7644 8474 9075 7930
8053 7506 8926 8600
9457 8108 8196 7123
9419 8264 8161 7167
9329 8460 8160 7153
9320 8381 8289 7171
9107 8325 8404 7409
9044 8753 8339 6791
8983 8836 8249 6968
8939 8589 7703 7760
8932 9004 7856 7180
8922 8267 8093 7628
8872 8563 8427 7104
8865 8195 8669 7181
8858 7580 8451 7774
8835 9056 7581 7371
8798 9007 7549 7552
8789 9108 8296 6615
8788 8370 8384 7533
8748 9005 7691 7715
8700 8391 8076 7752
8695 9151 7858 7306
8695 8668 8500 7275
8673 7622 8793 7931
8669 8737 8473 7107
8628 7341 8997 7951
8600 8421 8896 7026
8596 8576 7945 7917
8588 7697 8825 7739
8545 8582 8689 7141
8532 7898 8608 8171
8530 7619 8851 8178
8509 8853 8533 7195
8494 8362 8764 7635
8478 8276 8995 7092
8477 8721 7778 7935
8467 7593 8840 8283
8459 8292 8812 7548
8446 8567 8666 7305
8413 8696 7806 7967
8408 7295 9296 8227
8399 8097 8388 8198
8352 8236 8479 8054
8337 8120 8706 7959
8319 9140 8527 7315
8187 8919 8648 7429
8167 8213 8873 7899
8136 8869 8832 7223
8086 7387 9498 8003
8065 7915 8835 8534
8063 8943 8709 7128
8044 8475 9175 7394
8044 7559 9255 8324
8022 7668 9562 7861
7989 8467 8882 7807
7955 7833 9608 7690
7948 7392 9416 8171
7941 7982 9061 8296
7929 7580 9709 7763
7927 7915 9253 8022
7900 7619 9454 8084
7851 7959 9039 8347
7846 8111 9603 7570
7829 8391 9165 7927
7796 7772 9389 8101
7791 8113 9574 7612
7773 8624 8692 7902
7688 8168 9245 8136
7679 8016 9623 7664
7632 8157 9358 7955
7626 8208 9329 8088
7603 8464 9006 8030
7586 8244 9453 7820
7559 7941 9340 8163
7539 8092 9537 7764
7536 8221 9218 8132
8708 7846 8589 7895
8664 9291 8312 6579
9295 8627 7928 7180
8981 8636 8279 7070
8825 9149 8112 6763
8722 8912 7923 7301
8696 9293 7913 6918
8118 7375 9368 8208
7832 8457 9239 7600
8784 9033 8469 6720
8742 9176 7552 7380
8647 9290 7977 7077
8620 8828 8651 6913
8555 8548 8927 6665
8104 8527 8853 7928
8101 7683 9215 8205
7949 7727 9668 7687
9357 8498 7977 7099
9259 8269 8422 6977
9155 8661 8380 6688
9136 8738 8047 7351
9136 8713 8072 6966
8952 8928 8251 6683
8929 8902 7850 7406
8795 8226 7981 7713
8793 8477 8806 7013
8786 7830 8515 7868
8785 8420 8281 7688
8764 8398 8188 7724
8756 8441 8549 7491
8742 8746 8352 7376
8691 7587 8742 7790
8675 9103 8124 6963
8667 9368 8168 6741
8656 7489 8879 7978
8641 9383 7957 6979
8627 9307 7888 7259
8620 9334 8085 7159
8598 9382 8251 6683
8585 8443 8836 7291
8546 8824 7946 7729
8534 8237 8817 7553
8530 9321 8085 7221
8525 7526 8819 8238
8524 7472 8987 8064
8502 7948 8734 8057
8485 9378 8223 7084
8472 9439 8107 6995
8470 7468 9027 8134
8455 9481 7785 7171
8434 9398 8164 6998
8433 9489 8209 6905
8433 9230 8146 7331
8428 7725 8862 8288
8410 9426 8231 6990
8404 7899 8815 8074
8400 7359 9236 8113
8397 9326 7946 7313
8397 7567 9077 7904
8384 7218 9305 8186
8380 7392 9017 8305
8379 8733 8621 7296
8368 9584 8000 6915
8366 9516 8112 6985
8363 8654 8531 7572
8355 7594 8827 8478
8325 7497 9311 7969
8324 7910 9334 7668
8313 7142 9342 8191
8303 9589 8202 6944
8236 9341 8393 7204
8217 7430 9276 8306
8210 8132 8834 8089
8201 9268 8347 7277
8183 8125 8866 8131
8155 9160 8348 7363
8153 7373 9367 8172
8151 7395 9432 8073
8137 9419 8128 7307
8089 8192 8804 8178
8057 7390 9466 8091
8036 8224 9278 7431
8025 7312 9483 8089
8016 7568 9415 8074
8015 8611 8928 7604
7914 7450 9445 8135
7912 7634 9548 8007
7908 8119 8767 8351
7870 8938 8641 7462
7795 8765 8618 7736
7776 8065 9414 7904
7679 8225 9369 7756
7603 8014 9075 8314
7582 8405 9192 7855
7563 8057 9448 7907
7539 8234 9017 8227
7536 8317 9368 7848
9397 8389 7896 7099
8728 8550 8771 7442
7829 7622 9421 8115
9028 8776 8334 6883
8878 8940 8404 6924
8671 9319 8190 6747
8580 9211 8092 7183
8561 9225 8480 6770
8524 8770 8584 7263
8493 8450 8034 7869
8473 8932 8166 7415
8178 8197 8621 8151
8052 8196 8716 8297
9218 8502 8143 7248
9046 8413 8220 7522
8752 8372 8713 7166
8571 7943 8742 7768
8406 9427 8278 7072
8353 7363 9224 8298
8334 9572 8130 6992
8273 7342 9323 8158
8206 7227 9305 8284
8929 8821 7711 7528
7796 8079 9610 7778
7714 7921 9608 7821
7652 8198 9480 7739
8661 7997 8716 7830
8529 8660 8685 7093
8304 9003 8636 7035
8299 7980 8566 8254
8063 7462 9437 8113
7974 7919 9584 7611
7840 8362 9120 7778
7768 7945 9568 7885
7663 8603 8903 7848
7561 8482 9192 7786
8805 9047 7493 7473
8912 8592 8491 7086
8609 9245 8431 6657
8605 9154 8385 6735
8570 8847 8637 6826
8507 9455 8048 6852
8273 7523 9158 8265
8250 7620 9134 8105
8239 7867 9248 7955
7970 7739 9051 8471
7725 7882 9746 7709
8537 7222 9085 7980
8354 7646 9076 7931
8782 9063 7775 7472
8561 8717 7897 7820
8273 9266 8360 7164
8236 8302 8579 8000
