24 1.37448
22236 21315 22036 21972
22363 21268 22058 21971
22178 21819 21811 21980
22023 21374 21643 22326
21772 21193 22328 22419
22644 21226 21999 21708
22587 21342 21508 21597
22505 21613 21991 21783
22442 21475 21716 22079
22324 21823 21870 21947
22293 21465 21896 22142
22285 21585 21917 22008
22155 21852 21872 21920
22108 21611 21903 22299
22042 22060 21912 21622
22028 21376 22233 22151
21977 21839 22116 21930
21974 21664 22217 21966
21813 21526 22138 22105
21560 21755 22205 22174
21528 21288 21893 22316
21437 21376 22671 21811
22179 21729 22132 22048
22046 21581 22129 22263
21877 21106 22320 22454
21755 21137 22353 22366
21232 21676 22443 21663
21369 21206 22832 21685
21220 20954 22845 21711
21168 21523 22594 21472
22045 21806 22075 21037
22473 21674 21978 21851
22416 21750 22028 21859
22332 21258 22032 21979
22302 21222 21954 22125
22278 21758 22409 21956
22179 21846 21739 21756
22113 21782 22097 21908
21157 20911 22883 21245
22440 21587 22140 21944
22412 21167 22121 22025
22333 21661 21881 22070
22200 21607 22545 22054
22153 21970 22008 22138
21999 21315 22479 22312
22557 21114 22146 21823
22519 20685 22837 21672
22444 21251 22697 21838
22423 21268 22245 21615
22321 21464 22230 21900
22313 20945 22376 22005
22304 21351 22593 21777
22275 21171 22597 22116
22261 21263 22719 21413
22256 21294 22655 21386
22245 21429 22554 21797
22225 21306 22655 21929
22174 21288 22287 22077
22168 21477 22558 22058
22126 21471 22566 21794
22099 21352 22587 21517
22044 21263 22279 22264
22018 21401 22482 22063
22493 20761 22407 21775
22492 21163 22671 21697
22376 21778 22006 21932
22373 21442 22220 21364
22328 21132 22373 22075
22308 21459 22498 21661
22220 21556 21880 22118
22196 21567 22024 22120
22145 21478 22069 22197
22135 20893 22754 21378
22082 22034 21984 21816
22002 21952 22018 21655
21966 21320 21955 22299
21898 21636 21844 22200
21863 21684 22054 22285
21845 21506 22556 22045
22365 21433 22545 21892
22323 21847 21696 21849
21915 21164 22069 22387
21936 21437 22613 21774
21576 21829 22199 21625
21415 21494 22170 22209
22428 21257 22213 21787
22409 21278 22531 21670
22095 21474 22176 22073
22018 21973 22243 21622
21637 21526 21669 22435
21566 21433 22255 22122
22538 21349 22183 21541
22342 21488 21857 21953
22165 21377 21946 22268
21956 21762 21778 22184
21884 21815 22081 22170
21507 21407 22261 22188
