95201 3180.92
3276 3525 2894 3030
3244 3359 2819 3083
2995 3648 3207 3071
2940 3345 3501 2839
2892 3036 3593 2959
2887 3300 3142 3422
2756 3221 3617 3012
2627 3233 3541 3145
2915 3059 3588 2951
3163 3356 2937 3196
2920 3084 3471 3171
3268 3121 3181 2930
3139 3321 3368 2887
3090 3394 3363 2904
2928 3270 3596 2860
3260 3291 3202 3108
2918 3638 2997 3156
3196 3353 2979 3148
2639 3216 3405 3335
3227 3506 2969 2997
2831 3621 3077 3101
3078 3592 2943 3069
3055 3607 3079 3198
3212 3234 2958 3205
3204 3473 3072 3145
2650 3236 3554 3129
2925 3365 3485 2876
3074 3472 3038 3202
2822 3168 3604 2958
2785 3297 3196 3414
2913 3096 3479 3179
2630 3363 3510 3121
3017 3267 3505 2882
2879 3524 2988 3304
3227 3336 3204 3030
3214 3360 3141 3040
2855 3628 3009 3130
2952 3396 3460 2939
2834 3166 3599 2867
2863 3622 3021 3203
2776 3103 3436 3317
2718 3318 3100 3405
3030 3404 3484 2933
2981 3553 3035 3284
2896 3627 3033 3189
3235 3358 3278 2951
3235 3107 3005 3239
2941 3634 2969 3145
3044 3625 3015 3095
2966 3648 3092 3095
2688 3324 3254 3420
2854 3601 3101 3128
3112 3470 3261 2926
2960 3543 3048 3257
2977 3268 3543 2862
2774 3442 3231 3402
3023 3479 3326 2909
2778 3159 3508 3220
2713 3316 3342 3394
3162 3296 3106 3271
2991 3091 3536 3046
3050 3172 3521 2913
3145 3579 3059 3012
2694 3337 3343 3359
2818 3112 3549 3145
3149 3564 3093 3016
3036 3584 3256 2963
2963 3503 3049 3350
3057 3489 3149 3175
2896 3286 3130 3388
2670 3125 3586 3051
2935 3535 3056 3290
3022 3228 3503 2869
3105 3500 3237 2966
2897 3128 3564 3083
2659 3206 3400 3357
3042 3589 3099 3066
2921 3262 3580 2968
2937 3230 3533 2999
2853 3107 3583 2985
3207 3416 3113 3133
2678 3539 3277 3223
3006 3605 3162 3099
2850 3162 3603 2923
2970 3362 3492 2956
2722 3573 3332 3004
2823 3133 3456 3267
2948 3558 3190 3147
3089 3137 3395 3057
2934 3145 3516 3083
3051 3283 3454 2918
2971 3154 3304 3200
2879 3219 3571 3017
3107 3451 3241 3021
2663 3288 3485 3204
2654 3290 3522 3123
2683 3344 3432 3233
3080 3533 3224 3102
2973 3143 3496 3116
3068 3437 3271 3061
2832 3215 3591 3027
3158 3295 3341 2990
2669 3254 3362 3391
3024 3187 2981 3342
2759 3481 3119 3376
2823 3547 3081 3285
3032 3273 3455 2970
2921 3110 3528 3117
3048 3440 3126 3192
2865 3347 3253 3332
3168 3207 3321 3038
3111 3276 3287 3164
3155 3474 2942 3088
3012 3523 3089 3195
3063 3581 3137 3098
2748 3228 3525 3129
3127 3266 3387 2944
3017 3516 3110 3165
3113 3598 3098 3000
2697 3232 3486 3200
2689 3339 3419 3262
2779 3596 3157 3328
3084 3138 3489 3014
2918 3391 3155 3343
2807 3452 3192 3367
2916 3571 3209 3206
3073 3420 3068 3225
3134 3496 3132 3087
2762 3127 3562 3101
3188 3281 3248 3107
2962 3204 3576 3012
3066 3368 3372 3055
3002 3224 3466 3123
3133 3352 3349 2973
3115 3421 3256 3019
3049 3223 3477 2961
3208 3326 3019 3118
2768 3194 3553 3095
2715 3320 3293 3397
3064 3118 3351 3193
3010 3325 3445 2982
2997 3549 3180 3028
3138 3433 3117 3142
2870 3310 3557 2987
2893 3529 3174 3219
2821 3278 3595 2915
2668 3331 3437 3239
2922 3089 3469 3196
3185 3187 3320 3125
3005 3140 3438 3109
2826 3586 3179 3156
3116 3190 3286 3149
3158 3420 3161 3152
2744 3449 3458 2976
2911 3302 3459 3094
2705 3403 3434 3176
3012 3203 3522 3008
2994 3279 3468 3033
2897 3446 3160 3313
3003 3115 3499 3087
2742 3123 3487 3265
3130 3254 3440 2860
2876 3540 3139 3264
2842 3315 3400 3254
2733 3299 3406 3266
2660 3308 3545 3100
3191 3339 3190 3046
2709 3178 3535 3178
3103 3310 3437 2946
2834 3326 3329 3380
2699 3382 3385 3245
3153 3333 3275 3125
3091 3313 3404 3023
2811 3211 3493 3236
3189 3462 3215 3076
3156 3418 3165 3078
2731 3247 3274 3384
2832 3357 3302 3374
3098 3436 3017 3206
3083 3197 3315 3139
3099 3337 3358 2949
2720 3377 3301 3354
2962 3148 3480 3105
2980 3514 3153 3216
2828 3200 3560 3063
2765 3633 3196 3185
2988 3150 3344 3247
2819 3531 3287 3263
2684 3319 3404 3293
2816 3476 3238 3308
2709 3218 3268 3400
3051 3180 3502 2980
2938 3169 3446 3154
2913 3519 3175 3251
3124 3331 3327 2993
2717 3292 3358 3371
2686 3171 3469 3280
3165 3389 3274 3140
2702 3358 3371 3309
2925 3105 3500 3136
2946 3414 3452 2921
2924 3249 3382 3240
2734 3309 3355 3334
2897 3409 3229 3351
2899 3209 3417 3233
2869 3192 3336 3280
2851 3498 3236 3175
2789 3575 3239 3141
3119 3307 3305 3070
2757 3244 3463 3301
2736 3354 3393 3221
2937 3304 3462 3006
2821 3379 3198 3384
2983 3566 3187 3171
2944 3287 3428 3096
3040 3441 3002 3335
3171 3397 3135 3165
3069 3415 3199 3132
3046 3517 3096 3159
2970 3435 3194 3286
3178 3296 3125 3155
2961 3568 3221 3124
2731 3165 3512 3184
3126 3520 3095 3036
3101 3453 3226 3106
2715 3235 3569 3081
3060 3264 3317 3177
3084 3482 3158 3101
2847 3417 3273 3265
2862 3245 3513 3113
2903 3393 3278 3231
2741 3551 3268 3149
3043 3414 3084 3259
3122 3229 3437 2994
3114 3275 3435 2978
2949 3353 3206 3316
2852 3282 3282 3319
2790 3396 3140 3377
2750 3347 3341 3362
2922 3567 3063 3268
2860 3220 3540 3114
2765 3250 3390 3291
2720 3314 3451 3269
2822 3599 3086 3149
3140 3493 3064 3180
2856 3509 3290 3151
3144 3294 3307 3035
3025 3400 3373 3032
2781 3390 3294 3338
2730 3360 3321 3339
2767 3528 3308 3182
3182 3355 3308 2944
3147 3479 3240 3079
3131 3407 3311 3049
3092 3428 3186 3158
3038 3305 3291 3160
3020 3351 3290 3127
2845 3335 3353 3197
2993 3561 3205 3133
2806 3238 3464 3189
3212 3218 3264 3046
3174 3325 3240 3010
2772 3368 3362 3274
2863 3364 3282 3279
2860 3261 3481 3093
3180 3285 3315 3103
3000 3505 3314 3039
2673 3349 3480 3207
3006 3181 3477 3064
2920 3511 3234 3224
2791 3456 3235 3364
3125 3309 3312 3044
2777 3400 3255 3368
2946 3537 3177 3184
3141 3419 3252 3042
2967 3312 3352 3172
3033 3184 3365 3168
3019 3512 3171 3142
2986 3183 3456 3124
2959 3541 3196 3174
2906 3252 3378 3253
2904 3186 3484 3125
3121 3410 3257 3037
2737 3361 3389 3289
3128 3461 3178 3177
2882 3275 3370 3223
2770 3327 3364 3324
2837 3224 3281 3326
3136 3267 3377 3010
2871 3384 3413 3120
2977 3521 3228 3114
3182 3228 3134 3163
3056 3486 3184 3134
2889 3287 3264 3296
2820 3281 3399 3287
2784 3234 3497 3144
2755 3201 3584 3065
2726 3259 3415 3295
2724 3391 3383 3253
2914 3152 3491 3129
3102 3486 3217 3068
2827 3304 3403 3201
2716 3217 3528 3131
2947 3161 3482 3137
3170 3473 3124 3039
3081 3406 3213 3166
2896 3273 3448 3109
2792 3350 3410 3222
2979 3545 3295 3043
2901 3199 3397 3239
2766 3328 3430 3243
3028 3490 3150 3145
3089 3423 3296 3002
2957 3379 3426 3052
2699 3449 3238 3346
2795 3370 3342 3311
2868 3341 3313 3305
2855 3406 3261 3329
2833 3430 3225 3347
2804 3329 3314 3349
2821 3266 3568 3090
2727 3260 3518 3168
2871 3175 3313 3311
3100 3256 3388 2987
2972 3260 3289 3217
2910 3371 3328 3237
2813 3395 3207 3360
2793 3385 3297 3370
2745 3420 3279 3341
3106 3535 3122 3155
3065 3577 3135 3137
2914 3595 3307 3103
3087 3425 3295 3077
3022 3212 3390 3115
2769 3447 3259 3271
2800 3420 3210 3356
2879 3280 3360 3277
3088 3563 3140 3141
3047 3454 3284 3155
2989 3491 3206 3169
3118 3340 3299 3097
3086 3278 3434 3009
3072 3387 3325 3084
2956 3294 3409 3111
2838 3282 3319 3324
2760 3386 3337 3288
2727 3443 3285 3310
2705 3238 3373 3322
3043 3462 3245 3059
3076 3237 3251 3190
2858 3306 3324 3294
2962 3342 3309 3241
2935 3334 3439 3085
2998 3162 3324 3190
2739 3462 3320 3205
2676 3411 3344 3275
2901 3241 3464 3091
3034 3507 3137 3303
3024 3284 3338 3138
2951 3289 3478 3087
2909 3495 3203 3255
2931 3195 3391 3249
3123 3399 3244 3244
3046 3251 3420 3071
3004 3286 3418 3075
2938 3361 3413 3068
2905 3367 3392 3157
2814 3297 3367 3327
2759 3352 3333 3321
2750 3290 3444 3215
3035 3493 3219 3108
2987 3258 3250 3234
2984 3448 3188 3230
2923 3423 3284 3161
2901 3514 3212 3208
2885 3426 3310 3170
2872 3450 3243 3236
2743 3429 3339 3216
2927 3350 3300 3275
3096 3488 3207 3050
2799 3484 3298 3178
3094 3336 3330 3062
3027 3377 3303 3110
2881 3298 3348 3258
2975 3494 3210 3137
3096 3270 3423 3013
3015 3410 3200 3209
2793 3345 3379 3297
2840 3412 3306 3236
3065 3443 3222 3117
2754 3372 3426 3146
2989 3174 3421 3125
3154 3334 3004 3181
3015 3432 3167 3258
2894 3457 3233 3262
2859 3451 3246 3299
2836 3359 3374 3203
2798 3259 3381 3299
2979 3390 3169 3246
2932 3291 3376 3114
2746 3326 3442 3200
2909 3245 3322 3260
2763 3172 3546 3137
2992 3477 3290 3062
3008 3401 3296 3135
2942 3485 3219 3129
2946 3445 3212 3235
2812 3375 3278 3364
2791 3372 3302 3336
2730 3380 3251 3399
2954 3374 3324 3201
3091 3508 3184 3074
3040 3463 3205 3104
3034 3459 3171 3187
3003 3460 3296 3089
2960 3243 3443 3046
2940 3467 3334 3048
2915 3383 3366 3122
2965 3271 3342 3194
2951 3288 3331 3211
2946 3257 3328 3228
2782 3399 3317 3300
2748 3372 3350 3283
2731 3424 3295 3313
2718 3457 3256 3302
3138 3323 3225 3151
3077 3213 3337 3161
3067 3381 3405 3050
3039 3332 3408 3094
3029 3366 3277 3186
2997 3311 3289 3181
2936 3464 3299 3118
2919 3466 3285 3220
2809 3402 3269 3267
2804 3398 3372 3170
2787 3179 3331 3329
2938 3313 3242 3272
3142 3352 3293 3050
2884 3298 3443 3147
2874 3280 3403 3196
2752 3265 3435 3294
2700 3418 3368 3268
2674 3293 3455 3257
2997 3468 3323 3041
3052 3431 3259 3145
2979 3292 3288 3226
2968 3452 3172 3213
2895 3371 3354 3162
2895 3338 3260 3298
3175 3293 3186 3133
3023 3501 3185 3203
3014 3469 3189 3131
2957 3504 3173 3250
2890 3330 3369 3192
3009 3291 3416 3112
2907 3451 3176 3256
2723 3377 3347 3282
3214 3189 3269 3069
3212 3388 3166 3099
3148 3236 3291 3123
3014 3413 3218 3214
3011 3316 3340 3173
2969 3449 3195 3249
2908 3257 3408 3174
2867 3265 3475 3148
2835 3432 3265 3304
2824 3213 3472 3180
2815 3387 3319 3199
2808 3441 3266 3281
2797 3408 3359 3177
2788 3267 3427 3193
2783 3424 3316 3195
2725 3343 3432 3227
2930 3317 3258 3258
2900 3201 3423 3175
2829 3242 3475 3156
2786 3215 3450 3275
2879 3263 3473 3133
3055 3271 3356 3088
2803 3388 3345 3280
2928 3256 3353 3210
2833 3458 3225 3323
2968 3177 3325 3185
3041 3350 3320 3119
2929 3395 3409 3073
2985 3427 3299 3132
2877 3378 3347 3207
2861 3189 3469 3206
3062 3380 3321 3090
3054 3408 3350 3063
2843 3229 3455 3190
2802 3376 3297 3321
2763 3346 3394 3243
2785 3377 3315 3307
3072 3412 3250 3091
2973 3343 3347 3082
2899 3411 3294 3191
2856 3251 3451 3248
2849 3340 3428 3080
2812 3389 3394 3143
