57057 2161.1
17894 17873 17710
17791 18147 17456
17679 17619 18187
17457 18365 17667
17414 17739 18342
16990 18080 18093
17126 18217 17972
17250 18038 18165
17847 18069 17509
17474 17707 18319
17553 17673 18295
17820 17640 17953
17276 17962 18172
17796 17774 17994
17631 17696 18286
17839 18063 17538
17566 17731 18224
17296 18195 18001
17560 18313 17551
17780 17682 18053
17804 17627 17999
17309 17887 18264
17487 18356 17624
17880 17897 17674
17519 17823 18204
17333 17841 18268
17782 17801 18036
17390 17917 18216
17527 17778 18276
17782 18138 17582
17350 18342 17722
17467 17882 18238
17736 17813 18060
17546 17781 18252
17432 17912 18240
17425 18349 17671
17607 17704 18197
17380 17832 18272
17400 18333 17840
17661 18266 17566
17545 17785 18225
17322 18019 18170
17725 17795 18086
17437 17896 18191
17342 18258 17892
17304 18188 17983
17531 17786 18219
17531 18323 17671
17528 18327 17688
17733 18192 17608
17312 18262 17917
17529 17815 18246
17876 17816 17759
17417 18316 17781
17695 18218 17593
17571 18011 18100
17375 18024 18152
17328 18223 17930
17500 18346 17618
17856 17966 17666
17572 17884 18149
17818 17791 17953
17418 18348 17689
17358 18185 17982
17554 17994 18133
17644 17915 18122
17622 18290 17567
17552 17868 18174
17522 17851 18200
17686 17877 18096
17769 18134 17628
17716 17735 18166
17865 17944 17717
17716 18209 17577
17802 18117 17601
17477 18198 17933
17693 18228 17573
17611 17919 18114
17864 17875 17746
17482 18304 17769
17689 17857 18180
17323 18248 17913
17746 18187 17613
17844 17969 17649
17869 17852 17799
17356 18277 17879
17366 18182 17982
17516 17889 18178
17823 18068 17662
17710 17907 18031
17872 17957 17657
17541 17893 18167
17414 18339 17744
17367 18288 17871
17757 17865 18014
17850 17982 17639
17465 18306 17800
17396 18274 17864
17384 18214 17976
17643 18282 17621
17576 18120 17963
17533 18042 18074
17485 18086 18069
17605 18065 17978
17450 17978 18146
17761 18043 17804
17386 18133 18090
17700 17906 18078
17445 18284 17844
17833 17825 17950
17545 18311 17686
17798 17951 17886
17718 17830 18068
17811 18106 17632
17544 17996 18140
17785 18081 17720
17717 18001 17937
17630 17989 18042
17609 17906 18145
17778 18100 17696
17632 17903 18133
17508 18072 18038
17430 18180 17977
17513 17872 18185
17462 18250 17901
17455 18176 17976
17608 18122 17880
17592 17782 18195
17838 18073 17595
17659 18246 17598
17595 17953 18117
17459 18167 17959
17820 17936 17783
17311 18031 18160
17738 18130 17699
17574 17968 18110
17808 17854 17910
17471 18251 17893
17377 18222 17946
17346 18295 17846
17861 17863 17849
17405 18207 17958
17392 18158 18036
17613 18284 17573
17400 18068 18105
17557 18027 18066
17806 18063 17678
17720 17828 18059
17745 17837 18047
17505 18051 18064
17714 17860 18108
17653 17899 18090
17616 18235 17703
17545 17915 18142
17706 17942 18027
17663 18014 17965
17645 17975 18084
17619 18280 17643
17618 18170 17837
17594 18295 17616
17549 17870 18162
17744 17858 18035
17729 18099 17728
17684 18152 17765
17672 18156 17803
17666 18033 17940
17648 17941 18106
17555 18161 17858
17494 18336 17714
17862 18020 17638
17849 17930 17752
17598 18136 17894
17443 18292 17821
17428 18338 17693
17508 18088 18020
17414 17842 18249
17751 17923 17968
17749 18028 17885
17727 17783 18073
17676 18226 17652
17702 18206 17641
17673 18186 17729
17587 17997 18051
17543 18243 17806
17524 18307 17764
17519 18191 17898
17816 18078 17600
17724 18002 17914
17650 17954 18061
17559 18239 17780
17489 18166 17948
17469 18004 18136
17413 18283 17862
17767 18058 17786
17398 18148 18032
17345 18040 18122
17720 18032 17917
17712 18008 17923
17801 18053 17683
17789 18039 17732
17439 18155 17998
17876 17927 17705
17835 18024 17654
17639 18256 17655
17764 18064 17790
17411 18141 18009
17370 18256 17894
17499 18302 17768
17803 18089 17635
17697 17847 18111
17695 17924 18082
17629 18143 17826
17624 18022 18009
17825 17840 17885
17776 17844 17993
17670 17971 18029
17837 17928 17829
17600 18278 17690
17586 18259 17707
17578 18276 17749
17843 17960 17670
17831 17855 17852
17756 17990 17870
17722 18108 17773
17703 17881 18057
17701 18102 17811
17680 17974 17986
17648 18237 17702
17441 18335 17772
17772 17879 17972
17447 18293 17801
17745 17843 18024
17720 17878 18045
17698 18145 17761
17616 17916 18137
17561 17889 18158
17548 18205 17860
17538 17903 18156
17513 17957 18184
17499 18193 17904
17817 17883 17906
17753 18037 17841
17658 18231 17661
17584 17833 18199
17567 18154 17916
17562 18203 17834
17550 18093 18004
17524 18219 17873
17442 18204 17970
17795 17835 17941
17793 17779 18007
17762 18124 17694
17755 18054 17797
17657 18159 17776
17642 18003 18030
17636 18210 17742
17540 18247 17813
17537 18184 17890
17514 18224 17848
17495 18265 17854
17483 18175 17945
17733 17779 18120
17792 18013 17832
17707 17964 17995
17681 18012 17981
17564 18217 17818
17538 18314 17631
17427 17980 18154
17785 17977 17901
17705 18069 17855
17596 18266 17701
17521 18064 18063
17369 18268 17888
17828 18055 17636
17407 18226 17905
17452 18127 18020
17736 18147 17681
17714 17901 18019
17803 17922 17908
17745 17933 17983
17700 18092 17853
17591 18178 17827
17578 18308 17632
17528 17848 18184
17435 18298 17841
17427 18299 17827
17551 18035 18040
17531 18261 17751
17825 18048 17673
17663 18201 17704
17623 18271 17645
17619 18114 17908
17599 18111 17985
17589 18216 17798
17553 18172 17851
17800 17948 17940
17797 18006 17822
17743 17935 17958
17625 17992 18048
17406 18270 17864
17731 17891 18014
17655 17999 18020
17526 18231 17846
17652 18181 17756
17648 17984 18082
17837 17963 17726
17768 18164 17634
17722 17977 17934
17699 17947 18016
17670 18233 17659
17642 18010 17987
17631 18189 17788
17627 18252 17692
17605 18241 17716
17593 18242 17767
17592 18121 17911
17554 18253 17778
17551 18018 18115
17549 17869 18164
17535 18126 17955
17503 18267 17785
17837 17853 17875
17819 17958 17774
17814 18056 17669
17799 17985 17809
17779 17864 17975
17774 18047 17781
17753 17834 18058
17740 17970 17928
17735 18030 17878
17728 17892 18022
17696 18119 17795
17688 18162 17754
17685 18063 17900
17661 18139 17812
17626 18150 17828
17622 18041 18006
17606 18254 17695
17582 18286 17637
17577 18147 17924
17546 18151 17952
17535 18221 17857
17504 18140 17973
17497 18094 18022
17486 18281 17793
17448 18273 17823
17811 18026 17737
17787 18059 17754
17675 18067 17927
17580 18060 18014
17569 18220 17787
17518 18066 18048
17460 18118 18029
17781 18129 17626
17588 17986 18088
17832 17983 17724
17719 17937 18011
17712 18203 17614
17709 18164 17734
17615 18044 17991
17584 18112 17925
17568 17958 18112
17503 18264 17792
17490 18113 18033
17435 18314 17808
17432 18028 18093
17853 18025 17593
17830 17974 17725
17748 18166 17658
17741 18055 17801
17668 18175 17742
17501 18173 17944
17493 18273 17790
17491 18208 17874
17434 18125 18037
17601 18149 17891
17774 17927 17943
17768 17986 17889
17750 18061 17796
17750 17931 18013
17749 18131 17698
17743 18083 17796
17659 17939 18054
17588 18173 17836
17781 17836 17956
17772 18077 17760
17740 18096 17749
17725 18123 17739
17714 17994 17957
17706 18163 17736
17703 17862 18108
17687 18225 17647
17687 17952 18049
17673 18137 17850
17665 18079 17868
17664 18084 17876
17662 17961 18041
17615 18046 17989
17601 18057 18004
17594 18127 17896
17589 17784 18185
17588 18285 17686
17579 18245 17735
17561 18017 18053
17551 18129 17927
17498 18315 17755
17497 18257 17794
17407 18052 18092
17842 17823 17879
17841 17938 17737
17806 17946 17825
17788 17955 17891
17773 18036 17853
17692 17965 17982
17548 18183 17943
17542 18255 17768
17534 18200 17863
17530 18211 17869
17468 18268 17833
17440 18264 17866
17390 18244 17929
17726 18112 17759
17676 18168 17740
17652 18194 17712
17645 18149 17814
17591 18012 18018
17579 18005 18056
17448 18194 17936
17840 17989 17668
17833 18030 17647
17790 18116 17672
17776 18025 17777
17751 18155 17645
17734 18111 17721
17732 18125 17713
17715 18076 17847
17711 17862 18054
17694 17955 18020
17677 18198 17698
17667 18013 17964
17651 18199 17738
17646 18168 17810
17635 18005 18015
17628 18027 17992
17618 18032 18012
17610 18084 17951
17590 18158 17867
17582 18048 18028
17563 18240 17770
17457 18199 17909
17853 17915 17787
17826 18019 17769
17814 17937 17869
17638 18103 17889
17505 18240 17820
17697 18111 17816
17620 18226 17771
17664 18016 17947
17544 18196 17863
17665 18074 17896
17652 18169 17775
17618 18108 17932
17727 18045 17900
17699 18104 17824
17698 18009 17947
17683 18116 17833
17683 17979 17984
17679 18097 17866
17665 17993 18006
17664 18008 17984
17662 18086 17929
17654 18141 17822
17629 17888 18136
17627 18145 17857
17608 17945 18092
17600 17998 18049
17599 18233 17752
17555 18075 18013
17498 18238 17824
17708 18095 17849
17613 18190 17787
17751 18113 17708
17729 17948 17974
17726 17964 17931
17654 18072 17971
17652 18097 17942
17646 18133 17877
17624 18208 17745
17623 18039 17989
17593 18154 17865
17560 18076 18008
17459 18286 17820
17721 18053 17825
17691 18044 17913
17690 18103 17849
17682 17966 17993
17671 17983 17999
17586 18159 17846
17634 18104 17913
17750 17967 17923
