1544 37.9394
18066 15278 14546 14276
17980 14486 14512 14406
17589 15505 14182 15158
17406 15732 15419 13303
15507 17335 16108 14698
14931 16558 17800 14587
14826 14684 15596 17243
13829 16249 17307 15429
17983 14591 14508 14563
14158 16072 17529 14999
13991 16225 17083 15727
17500 15410 15532 13585
15949 17275 15243 14097
17984 14681 14528 14309
16112 15828 17108 13433
15759 15829 17173 13520
15062 14768 15996 16992
15407 17220 16428 14353
16428 16389 16594 13446
17927 14858 14585 14161
15624 16318 17213 13686
17988 15380 14854 14002
15275 14891 15017 17165
17964 15037 14278 14711
14890 14804 15601 17132
17859 15365 14383 14918
14350 15907 17598 14775
17879 15156 14314 14790
14664 15902 17551 14894
14723 15981 17717 14680
16758 15630 16798 13783
15075 16080 17659 14122
14653 14890 15487 17118
14823 15059 15394 17135
15123 17326 16171 14611
13898 16445 17223 15107
13879 16210 17122 15348
16583 16515 16040 13719
14295 15375 16014 16864
16657 15019 14288 16307
17506 14727 15474 14764
15608 17205 15536 13914
13951 15289 17212 16144
14673 15743 17738 14784
14686 14941 16556 16653
16490 15638 16447 16362
14469 17007 16649 14752
17691 15179 14685 14948
14201 15977 16197 16422
15512 14994 16979 15363
14398 17180 16287 14992
16646 16100 16512 13822
17965 15483 14447 14696
17832 14712 15104 13955
15588 17096 16575 14283
14544 16971 16386 15102
14370 15801 16017 16849
14319 16993 16935 14440
16923 15807 15027 15907
17725 14822 14295 15317
16622 14828 14930 16508
17509 15908 14493 14631
17450 15215 14707 15558
14249 15702 17738 15255
17232 14924 15097 15742
15086 15121 16284 16770
16323 15417 16529 15791
16106 16505 16927 13934
14716 16440 17298 15137
15126 14744 15800 16881
16223 15660 15381 16687
14948 16718 16976 15245
17797 15267 15040 14478
15966 15567 15014 16703
15269 16469 17386 14242
17178 15601 14872 15717
17159 15829 14246 15773
14523 15251 16292 16835
14502 15890 17242 15777
14337 16282 17621 14780
17538 15905 14424 14371
14678 14975 16207 16892
15535 17128 16346 14806
16800 16346 14967 15590
15330 17024 16648 14460
14329 15875 16507 16659
14260 15797 16790 16157
16471 16672 16329 13833
16691 15281 16259 14822
15037 16550 17312 13865
15362 16950 16818 14969
15528 15842 17477 14731
14608 15386 15740 17048
15209 17122 16435 14121
17279 15167 14543 15664
16446 16910 15049 14835
15674 16606 16419 15166
17687 15203 14650 15034
15991 17153 15856 14444
14844 16159 17453 15108
17607 15502 14302 15379
15435 14930 15098 16966
17101 16533 15566 14779
16012 16790 16991 14357
15177 15392 14811 17067
15855 16677 16000 15481
15229 15707 17100 16533
17088 15359 14403 15896
17795 15350 14640 15291
17820 14950 14782 14347
15435 16358 17645 14138
15627 16219 15687 16748
16677 16670 15907 14185
16487 16092 14586 15964
16350 16690 15253 15345
17854 14897 14192 15245
15692 16383 16484 15090
15933 16782 16715 14638
14937 16063 16831 15890
17006 15596 15300 16085
15168 15003 15333 17092
17661 15074 14838 15010
16062 17180 15431 14104
15534 16120 17369 13704
16367 16824 16476 14273
15021 16770 17235 14859
16004 15823 15338 16564
14576 16454 17063 15212
15878 16079 17075 13786
14188 16288 17497 14600
15389 16111 17051 15491
17879 14951 14724 14601
17378 15443 14991 15657
17673 15027 15411 15054
16729 16752 15899 14295
17023 15238 15000 16071
15070 16637 17207 14517
16065 17046 15672 14656
17756 15586 14751 14636
14865 15102 15878 17095
16988 15706 15168 15756
17569 16034 14819 13990
16774 15583 15144 16163
16857 15400 14763 16230
15574 16159 17288 13939
17238 16341 15636 14077
16272 16810 15594 14566
17779 15448 14773 14625
15685 15952 16379 16127
15803 15652 15586 16456
16848 16496 15914 14415
15768 16271 17020 14153
17063 15577 15368 15982
15993 15710 16469 16319
15045 14960 15948 17033
14978 16959 15863 15783
15978 16873 16073 15098
17636 14856 15448 14517
17606 15520 14408 15082
15656 15383 16132 16547
15492 16645 16400 15399
15098 16594 16869 15391
17833 14839 14193 15101
15255 16475 16686 15617
15046 17029 16302 15196
14196 15898 17319 15700
15918 16257 15546 16200
15001 15301 16153 17004
15299 16316 15484 16520
16385 15516 16785 14872
16745 16010 14986 15876
15173 15987 16229 16415
14722 15728 16438 16616
15560 14703 15254 16873
15099 15536 15737 16816
16935 15202 15707 15259
17262 15692 14735 15859
15349 15757 17347 14813
17898 15474 14864 14193
17747 15882 15286 13890
17644 15784 14534 15074
17227 15713 14622 15638
17322 15972 14231 15289
16145 16086 15129 16237
16194 15529 16275 16502
16290 16028 16044 16271
17368 15696 15793 14233
17305 15479 14386 15674
14767 15874 16977 15808
17145 15771 14789 15681
14773 17034 16519 14977
15763 15721 15393 16780
17511 15917 14633 14519
17426 16145 15091 15217
17163 14962 14960 15917
15467 15718 16208 16478
17586 15151 15021 15354
16291 16177 16599 15180
17658 15572 14207 15125
16024 16191 15713 16386
16313 16886 15197 15324
15827 16521 15887 16060
16162 16741 16680 14913
16080 16471 15615 16043
15947 15687 15515 16596
15295 16445 16363 15835
14418 16863 17038 15465
17847 15509 14671 14200
15704 15849 17167 13979
15035 15270 15627 17102
15977 16835 16230 14053
15607 15960 17339 14745
17115 15597 14308 16100
16247 16958 15183 14858
15891 16916 15218 15330
14922 16271 16852 15729
16412 16287 16705 14177
15427 15082 15499 16954
16961 15329 15558 16036
16029 16881 15852 15232
14484 16286 17342 15133
16712 16485 16333 14092
16400 16437 15401 15761
15616 16405 15933 16290
14450 15930 17272 16140
16955 15670 15233 15930
15282 15877 16411 16713
17838 14884 14447 15012
17328 16183 14911 14597
15444 16150 16481 15999
15104 16724 17039 14928
16844 16478 15545 15407
17786 15461 14906 13935
16504 15793 15266 16445
17420 15844 15226 14508
14344 17067 16566 14794
14910 15656 15826 16914
14668 15915 17417 15435
17706 15471 14432 15281
17559 15818 14973 14046
14749 15924 16559 16510
15012 16786 16675 15630
17739 15746 14560 14918
17350 15795 15067 15225
16823 15644 15725 15226
15782 16137 16092 16093
15549 17074 16472 14955
16041 15532 15240 16799
17072 16613 15318 14107
15309 15164 15659 17085
15748 15470 16770 15061
17041 15318 14665 15983
16175 15434 15456 16587
15885 16199 16544 15510
17454 15803 14943 14716
16796 16241 15755 15486
17898 15341 14297 14858
15789 15425 14629 17001
15777 16056 16081 16678
15836 16653 16900 14469
15223 16461 16697 15039
14562 16361 17401 14720
16348 16308 16570 14556
16848 15361 15359 16261
15258 16985 16746 14206
15451 16057 17445 14114
16334 16266 14573 15942
16898 16523 15806 14545
16039 15767 16613 15417
16003 16112 16618 15306
17655 15493 14999 15525
16277 16710 15830 15147
16091 16130 15819 16147
15194 16887 16274 15396
15902 16189 15781 16088
16510 16923 15759 14381
14917 16511 16634 15690
14993 16254 16767 15991
14409 16260 17465 14705
15136 16578 17277 14422
16560 16079 15795 16373
16315 16796 15635 15539
15141 16279 17262 14350
16164 16570 16664 14143
16529 16647 15324 15770
17145 15647 16180 14254
16975 15820 15281 15837
15152 16560 17191 13873
17667 15159 14799 14970
17858 15282 14221 14984
15429 16426 16732 16179
17189 15328 15017 15565
17473 15367 14447 15671
16760 15561 15352 16032
17017 16562 15345 14341
15124 16413 17150 14605
17134 15664 15076 15812
16201 15783 16756 14939
15029 16491 16365 16015
15739 16002 15981 16735
15345 16580 17057 14887
14597 16485 16113 16233
15801 15926 15443 16469
16235 16584 15938 14644
17210 15891 15221 15164
15455 16075 16864 15192
14867 16304 16911 15458
17542 15720 15460 14361
14915 15714 15644 16930
14250 16194 17516 15053
16743 16400 16062 14183
17438 15764 14567 15446
15759 16329 15446 16113
17564 15827 14893 15248
15389 15762 16777 16210
17179 15140 15858 15029
15862 15643 15540 16629
15274 16171 17429 14455
16302 16182 16054 15254
15972 16848 15772 15967
16142 15933 16842 14009
15718 16062 17375 13955
16807 16700 15897 14020
14794 16252 17494 15258
15915 16405 15139 16054
15504 17150 15874 14847
17338 15637 15901 14223
16628 16918 15164 14391
15592 17144 16193 15045
16260 16763 16244 14527
15611 16008 16951 14411
16208 16833 16320 14452
16208 16947 16037 14500
14805 15974 16607 16314
15767 16901 16444 14690
14782 16943 16410 15205
15079 15037 15961 16908
14723 16988 16248 15205
15413 15579 16940 15816
16446 15740 16988 14132
14813 15439 15602 16950
14434 16793 16173 15637
15176 16018 15751 16726
15311 16432 16622 16033
16509 15192 15853 16151
15419 16262 16964 15247
14602 16164 17141 15915
17041 16616 15296 15211
15874 15306 15640 16640
17598 15614 15190 14991
16136 16319 16726 14483
17640 15703 15312 14028
16906 16049 16166 14478
14739 16514 16149 15894
14453 16732 17112 15047
15371 15563 15435 17053
16767 16865 15364 14665
17296 15864 15448 14880
17356 15679 14691 15576
15086 15457 17405 14847
14523 16214 17096 15648
16607 16391 15804 15453
17158 15291 15812 14684
17026 16000 14515 15870
13970 16703 16153 15773
14850 16653 17252 14905
16457 16784 16152 13717
16417 16926 15272 14266
14557 15614 17496 15707
16046 17052 15510 14735
14561 15940 16278 16763
15382 16909 16663 14043
16567 15910 16459 14745
17170 15977 16063 13700
16539 16418 14996 15866
15599 16457 16022 15640
17176 16048 15679 15528
15604 16841 16204 14902
16184 16326 15959 15647
17486 15994 14505 14459
16360 16714 15987 14394
15183 16588 16675 15548
17016 16543 15854 13992
15704 16354 16628 15958
17769 15370 14775 14366
16754 16349 16162 14494
16130 16175 15670 15974
15620 16804 16326 15573
15816 16240 16807 14935
16807 15676 15101 16241
16640 16705 15555 14750
15253 15430 17254 15257
15561 17057 15691 15282
15698 16235 15617 16226
16120 16830 15744 15252
15118 15967 17069 15442
16523 15937 16562 13829
16868 15488 16270 14593
15377 16074 17215 14329
17035 16256 15903 13964
15865 15815 16212 15950
16544 16532 16172 14000
15368 16734 17132 14587
15758 15825 14953 16827
16481 16660 15741 14501
14410 16426 16893 15551
16110 16132 16139 16122
16952 16042 16086 14613
16729 15550 15662 15635
15591 16625 17026 14383
15852 16293 16742 15220
16941 15792 16455 14100
15806 16074 16283 16397
16199 15225 15295 16857
17371 15325 15603 14198
15876 16023 16297 15842
15617 15371 15079 17022
16650 16292 15840 15855
17292 16281 15505 14577
15163 16977 16746 14917
15667 14886 15080 16881
16150 16375 16262 15044
15723 15858 16754 15554
15451 16369 17312 14303
15218 15662 15699 16824
15732 16992 16375 14814
14883 15897 16184 16439
17464 15144 15533 14643
14872 16938 16339 15016
16867 16362 15837 15005
16386 16625 15720 14803
16052 16714 16720 14084
16196 17087 15972 14575
15811 16039 15986 16174
15818 16557 17021 13976
17355 15249 15519 14412
15736 16769 16580 14979
15639 15084 16874 15443
15647 15928 16737 15333
15870 16482 16218 15017
14811 16960 16104 15983
15480 16033 15517 16919
16611 16763 15254 15320
17239 16172 15288 14768
16440 16166 16127 15968
17303 15622 15153 15287
15495 16126 16550 16240
16254 16234 15953 15192
14861 15405 15622 17004
16881 16515 15236 15274
15113 16194 15774 16295
17093 15895 14701 15660
16042 15652 16645 16009
15579 16287 17191 13901
15129 15228 15975 16862
16241 16628 16479 14148
17497 15094 15421 14537
14675 15755 16916 15939
15219 17081 15651 15247
16719 16700 15659 14534
16282 16933 15454 14591
17489 15385 15306 14672
16331 16202 15846 15895
15526 15549 15597 16899
16881 15309 16081 15469
16176 16458 16722 14319
17255 16087 15811 15047
17711 15763 14743 14929
16593 16135 16467 14193
15554 16657 16300 15746
16228 16376 16838 14145
17302 16198 14626 14427
17563 15715 15151 15501
16948 16609 15729 14790
17590 15752 14694 15027
15277 16473 17188 14529
15662 16260 16882 14997
15899 15995 15404 16591
15114 15236 16526 16729
17220 15708 15969 14263
14982 17056 16576 14845
15476 15431 16652 15825
17122 15882 14740 15826
15545 16906 16876 14660
15712 15784 17122 15122
15713 16096 16240 15683
15714 16407 16124 15051
15693 15855 16781 15022
15472 15093 16685 15946
15831 15881 16184 16021
16892 15547 16436 14391
15580 16856 15518 15286
15997 15683 16160 16440
15533 16307 17094 13907
14872 16928 16467 15375
17495 15909 14834 15029
15205 16904 16188 15456
15644 15946 16771 15376
15844 16416 16044 15510
17221 15311 14811 15706
