56928 1500.29
19738 17658
17549 19968
17568 19962
17614 19958
19730 17706
17804 19895
18039 19782
19679 17896
17727 19921
19715 17766
17890 19852
19681 17865
17954 19824
17702 19922
19694 17832
17781 19898
19708 17783
18023 19792
19718 17744
17933 19837
17813 19887
17626 19946
18003 19798
19638 17997
17916 19841
19705 17807
18226 19672
17700 19930
19343 18584
19412 18476
17906 19847
19507 18292
18392 19562
18017 19793
18131 19730
18061 19769
18238 19666
17965 19818
19586 18118
19504 18308
19650 17963
17658 19935
17644 19937
18117 19735
19639 17982
17666 19934
19596 18100
17881 19860
18901 19126
18764 19256
18048 19775
19711 17778
19620 18040
19583 18133
19375 18528
19415 18463
17682 19931
17938 19827
17750 19907
17822 19881
17737 19912
18251 19656
19204 18770
19345 18571
19691 17847
19623 18031
19659 17934
19656 17949
17876 19862
18263 19644
18275 19643
18185 19698
18769 19249
19669 17910
19568 18157
19530 18244
19720 17738
19695 17814
17974 19812
18489 19488
17855 19869
18082 19755
18678 19337
18499 19484
18069 19762
19603 18087
19371 18539
19627 18024
19616 18048
19449 18402
19353 18563
19647 17971
19630 18017
19565 18166
19400 18489
19307 18632
17844 19870
18105 19741
18478 19498
18072 19759
19034 18974
19008 19001
18646 19364
19291 18655
18846 19174
18843 19181
18807 19209
18457 19515
19191 18787
19358 18555
19221 18745
19597 18091
19311 18621
18979 19037
19655 17953
19545 18216
19595 18114
17862 19863
17679 19932
18298 19624
18470 19502
18143 19720
18052 19771
18148 19716
17638 19940
19233 18725
18876 19145
18291 19626
19385 18518
18952 19064
18912 19106
18836 19184
18665 19341
18190 19691
17734 19914
19498 18309
19252 18710
18975 19042
18966 19050
18883 19140
18649 19356
18399 19554
19644 17978
19391 18510
18947 19068
18559 19435
18459 19507
19666 17920
19466 18373
19495 18318
19721 17725
18155 19713
17986 19809
17764 19905
18890 19128
18723 19292
18553 19439
19332 18587
18449 19517
18425 19539
18216 19673
18116 19740
17632 19944
18756 19260
18519 19465
18363 19578
18311 19615
19284 18658
19132 18859
19015 18999
18786 19236
19571 18150
19319 18616
19271 18677
19198 18776
19028 18977
18961 19057
18730 19290
18662 19347
18594 19405
18514 19469
19126 18862
19004 19008
18712 19298
18683 19328
18561 19428
19294 18648
19195 18779
19116 18878
18982 19029
19446 18412
19422 18455
19230 18731
19018 18993
19579 18135
19548 18204
19475 18359
19139 18849
19607 18065
19605 18078
18672 19338
18334 19604
18177 19700
18092 19750
17776 19901
18618 19383
18409 19549
18384 19566
18321 19612
18305 19621
18717 19295
18372 19577
18325 19605
19241 18723
18815 19207
18707 19310
18699 19312
18361 19584
19245 18712
19110 18884
19000 19011
18995 19016
18970 19047
18866 19157
18828 19193
18789 19230
18612 19385
18277 19636
19208 18763
19154 18830
19149 18834
19069 18931
19049 18956
18833 19190
18795 19228
18776 19246
19443 18414
19298 18644
19212 18761
19141 18841
19136 18854
19087 18908
19040 18969
19025 18983
19021 18987
18944 19075
18908 19111
18797 19221
18338 19601
19633 18007
19610 18058
19485 18337
19361 18551
19323 18610
19260 18695
19182 18793
19726 17712
19455 18386
18709 19305
19685 17854
17754 19906
17768 19902
18465 19504
18587 19412
18579 19414
18437 19526
18214 19678
17912 19846
19166 18813
18957 19059
18923 19094
19351 18569
19101 18893
19053 18950
19045 18959
18853 19171
18510 19474
18433 19531
18429 19534
19494 18324
19462 18379
19276 18672
19157 18825
18609 19391
18287 19632
19613 18054
19521 18267
19439 18422
19364 18544
19281 18663
19180 18801
19065 18936
18732 19283
19662 17922
19541 18228
19528 18253
19481 18343
19476 18350
19423 18445
19542 18218
19522 18260
19514 18275
19429 18439
17992 19799
19403 18480
18401 19552
18206 19679
18085 19751
19186 18790
19171 18809
18605 19394
18243 19660
18199 19685
18195 19689
18166 19710
18135 19722
17970 19814
17836 19876
19301 18638
19146 18839
18991 19019
18824 19198
18256 19650
19675 17902
19516 18270
19488 18327
19417 18457
18533 19450
18530 19456
19431 18432
19397 18497
19377 18521
19215 18753
19092 18904
18929 19085
18928 19092
18871 19152
18748 19272
19561 18176
19554 18197
19512 18282
19509 18285
19468 18366
19267 18681
19041 18964
17936 19829
19684 17862
19243 18718
19661 17931
19393 18507
19606 18072
19578 18146
18162 19712
18638 19365
18506 19477
18284 19635
19703 17808
19073 18927
18934 19083
18573 19420
18098 19747
19696 17812
19097 18898
18859 19163
17839 19873
19471 18363
19459 18382
18918 19102
18736 19280
18689 19321
18656 19350
18624 19380
18589 19408
18525 19462
18500 19478
19672 17904
19435 18430
19261 18688
19226 18740
19218 18752
19117 18873
19078 18926
19057 18948
18854 19166
18697 19317
18598 19399
18483 19495
18445 19521
18413 19547
18341 19594
18171 19706
19534 18237
19278 18668
19161 18821
19085 18914
18885 19135
18805 19217
18750 19266
19563 18173
19558 18183
19394 18498
19328 18595
19325 18605
18903 19117
19555 18193
19254 18702
19454 18394
19592 18116
18779 19238
18744 19275
18353 19585
19314 18619
18739 19276
18443 19525
18349 19591
18862 19160
18655 19354
18259 19649
18204 19683
18101 19745
17859 19864
19687 17848
19550 18203
19537 18229
19525 18255
19266 18687
19255 18699
19105 18890
19059 18942
18686 19327
18630 19373
18625 19376
18540 19445
18484 19490
19453 18398
19162 18816
18919 19099
19227 18737
19079 18919
17990 19800
17988 19808
19725 17718
19632 18008
19557 18186
19487 18332
19327 18600
18546 19440
18417 19540
18802 19218
18693 19320
19367 18541
18600 19397
18567 19425
18537 19448
19427 18444
19306 18637
19063 18941
18753 19263
18577 19418
18374 19572
18310 19619
18172 19702
19480 18348
18987 19023
18888 19131
18872 19148
18817 19202
19437 18424
19331 18590
19124 18869
18134 19726
19402 18481
19381 18519
18344 19593
19577 18148
19122 18870
18820 19200
18636 19368
17830 19879
19082 18917
18940 19078
18938 19080
18631 19369
18568 19423
18543 19441
18380 19567
18378 19571
19176 18803
19175 18807
19107 18886
19093 18899
18986 19026
18905 19116
18526 19458
18242 19662
19723 17722
18415 19541
18323 19610
19535 18235
18777 19240
