25233 480.08
3448 3248 3040 3006
3294 2952 3197 3209
3290 3469 3143 2857
3238 3519 2811 3238
3112 3689 3020 3126
3085 3249 3456 3015
2830 3267 3060 3502
2667 3139 3429 3151
3244 2981 3264 3172
2731 3245 3261 3372
3420 3015 3178 2990
3110 3469 3281 2874
2704 3274 3305 3341
2813 3042 3357 3294
2819 3046 3449 3278
3283 3258 3321 2903
3228 3659 3008 3082
2761 3316 3359 3169
2709 3215 3247 3381
3250 2962 3259 3171
3148 3025 3365 3111
2841 3295 3053 3489
3268 3451 2817 3306
3121 3265 3422 3135
2918 3278 3043 3468
3164 3654 2951 3231
2854 3134 3380 3280
2881 3245 3067 3477
3263 3444 2829 3310
3235 3088 3391 3068
3108 3069 3284 3285
2999 3225 3058 3482
2782 3253 3177 3429
3116 3506 2855 3332
2829 3313 3406 3195
3090 3108 3382 3239
3055 3318 3413 2965
2820 3357 3046 3460
2826 3209 3260 3376
2772 3288 3336 3196
2846 3172 3344 3295
3047 3051 3412 3148
3148 3397 3400 2908
2800 3347 3123 3425
3029 3455 2958 3430
3130 3638 2995 3170
3245 3514 2861 3229
2920 3066 3138 3414
3257 3078 3162 3233
2946 3357 2881 3454
3039 3628 3057 3244
3171 3095 3271 3212
3128 3023 3351 3183
2911 3365 2946 3448
2950 3283 3031 3435
2933 3359 3117 3415
3293 3399 3207 2863
3381 3127 2989 3225
2988 3496 2919 3442
3104 3623 3009 3144
2891 3515 3086 3299
2763 3295 3323 3265
2840 3259 3234 3355
3278 3486 2966 3146
2822 3191 3240 3399
3440 3287 2921 3125
2771 3420 3203 3272
3052 3344 3372 3088
3080 3159 3332 3199
3072 3595 2964 3221
3360 3239 3239 2986
2837 3325 3280 3292
3245 3184 3340 2968
3212 3099 3339 3038
3126 3122 3389 3117
2898 3213 3215 3364
3041 3262 3360 3192
3050 3638 2883 3254
2799 3180 3245 3387
3280 3059 3091 3312
3260 3286 3296 2955
3145 3437 3266 2918
2997 3339 3042 3420
2922 3279 2991 3455
3166 3598 2942 3256
2787 3160 3267 3350
3208 3512 2888 3289
3149 3621 2903 3267
3158 3483 2885 3330
2910 3404 3002 3406
2866 3179 3397 3216
2900 3244 3194 3384
3097 3198 3317 3228
2876 3171 3255 3396
3411 3273 2969 3218
3021 3464 3134 3200
2860 3614 3016 3248
3077 3561 2981 3250
3119 3539 3093 3185
3244 3338 3306 2923
3200 3496 2845 3345
2961 3126 3342 3287
3262 3082 3120 3270
3359 3254 2836 3247
3118 3476 2850 3360
3152 3557 3119 3087
2944 3347 3239 3301
3397 3120 3019 3153
2981 3525 3118 3288
3230 3140 3348 3011
2937 3260 3304 3336
3373 3335 3188 2974
3365 3279 2868 3237
3098 3452 2897 3378
2864 3292 3139 3445
3427 3342 3090 2929
2887 3366 2933 3438
3322 3438 3130 3008
3178 3553 2907 3280
3167 3501 2945 3309
2842 3241 3171 3402
3415 3323 3071 2951
2986 3206 3184 3391
3232 3104 3315 3083
3209 3601 2996 3094
3202 3154 3329 3143
3017 3482 3018 3362
2973 3102 3387 3220
3385 3143 3232 3039
3184 3188 3342 3014
3115 3473 3062 3215
2816 3141 3278 3366
3071 3115 3355 3220
3015 3523 3022 3275
3012 3280 3185 3349
3003 3490 3147 3235
2993 3471 3006 3386
3010 3463 3276 3097
3274 3056 3253 3132
3199 3361 3310 2934
3058 3619 3170 3099
2897 3226 3353 3220
3347 3219 3279 2976
3124 3633 3079 3051
3231 3491 2912 3263
3207 3588 2867 3186
3182 3464 2877 3341
3063 3476 2931 3373
3248 3310 3289 2981
3138 3306 3375 3110
3127 3570 2894 3295
2976 3529 2909 3329
3378 3278 3259 2911
3375 3281 3131 3035
3230 3164 3337 3027
3388 3193 3211 2982
3156 3513 2837 3347
3092 3290 2911 3409
2884 3351 3378 3082
2843 3206 3190 3394
3046 3232 3291 3291
3440 3199 2971 3117
3155 3537 2922 3313
3045 3195 3248 3352
3188 3616 2949 3117
3164 3048 3322 3230
3425 3319 2955 3081
3070 3583 3054 3128
2935 3393 3122 3377
2863 3578 3035 3324
3303 3148 3231 3044
3422 3289 3065 2977
3086 3413 2911 3390
2967 3468 3104 3359
2859 3521 3140 3227
3160 3562 2874 3331
2964 3224 3350 3227
3220 3470 2917 3302
3175 3478 2901 3343
3019 3137 3118 3368
3034 3498 3112 3231
2791 3298 3211 3340
3246 3449 2953 3281
3112 3519 2889 3320
3288 3320 3282 2937
3065 3311 3369 3060
2917 3412 2976 3422
3263 3202 3299 3068
3167 3149 3384 3087
3361 3358 3163 2979
3239 3491 2898 3262
3108 3481 2939 3351
3225 3580 2875 3257
3384 3157 3227 2953
3296 3498 2935 3188
3121 3610 2998 3084
3267 3382 2904 3310
2948 3423 3196 3269
2915 3475 2968 3421
3284 3441 3092 3136
3408 3412 2924 3105
3392 3366 3047 2959
2913 3478 3069 3334
2868 3421 3030 3389
3186 3230 3326 3049
3084 3434 3017 3327
3276 3113 3281 3045
3181 3604 2983 3141
3133 3419 3040 3273
2990 3203 3235 3344
2958 3533 3100 3232
2905 3489 3110 3347
3400 3297 3069 3119
3093 3537 3028 3251
3025 3339 3314 3133
2855 3309 3305 3318
3135 3589 3068 3101
3004 3435 3130 3303
2996 3352 3262 3214
2794 3217 3247 3358
2877 3534 3243 3120
2795 3196 3278 3346
3301 3151 3198 3117
3265 3053 3181 3224
2929 3344 3331 3151
3026 3551 3159 3165
3434 3276 3089 3030
3007 3566 3051 3254
2955 3497 3121 3227
3402 3345 3146 2992
3379 3191 3274 2932
3327 3301 3266 2946
3289 3305 3241 2970
2937 3337 3167 3358
3213 3256 3269 3046
3110 3495 3000 3326
3059 3282 2986 3413
3407 3295 3136 2914
3204 3406 3209 2995
3080 3293 3393 3096
3123 3216 3396 3057
3177 3558 2947 3286
3062 3609 2994 3223
2946 3272 3111 3437
3396 3253 3221 2963
3162 3341 3058 3314
3140 3477 2925 3311
3036 3422 2984 3380
2972 3327 3150 3317
2960 3324 3366 3092
2923 3216 3141 3403
2887 3319 3168 3370
2870 3398 3084 3426
2817 3294 3156 3408
3291 3160 3286 2996
3271 3432 3099 3137
3270 3166 3301 3113
3367 3383 2892 3165
3346 3269 3245 2957
3333 3330 3158 3065
3190 3114 3368 3074
3142 3261 3328 3090
3037 3580 3169 3104
2883 3460 3176 3339
3252 3167 3250 3085
3195 3174 3229 3190
3403 3326 3161 2966
3082 3562 2992 3194
3336 3236 3254 2967
3314 3395 2985 3154
3224 3572 2987 3134
3064 3607 3073 3213
3343 3243 3253 2949
3341 3447 3052 3096
2871 3597 3089 3253
3238 3543 3051 3128
3370 3270 3213 2988
3363 3381 3059 3069
2925 3363 3272 3305
3223 3177 3202 3174
3220 3549 3002 3107
3418 3279 3210 3070
2985 3386 3164 3293
2907 3369 3307 3191
3075 3594 3036 3182
3103 3493 3103 3169
2978 3340 3191 3306
3436 3224 3034 3030
3242 3247 3347 3005
3230 3192 3354 2962
3213 3303 3320 3041
3351 3406 2842 3115
3324 3449 2851 3212
3234 3533 2840 3228
3188 3317 3308 2997
3181 3335 3095 3283
3139 3503 2933 3297
3045 3391 3362 2949
3321 3372 3151 3086
3177 3563 2937 3205
3313 3409 3159 3062
3281 3246 3294 2938
3261 3355 3143 3139
3197 3515 3004 3189
3180 3308 3212 3179
3166 3403 2951 3308
3376 3347 3142 2999
3358 3252 3256 2926
3340 3216 3293 2952
3187 3399 3098 3197
3161 3400 3050 3259
2949 3405 3056 3398
2916 3200 3257 3338
3379 3315 3143 3021
3199 3588 2974 3158
3118 3569 2961 3187
3372 3200 3274 2939
3313 3229 3154 3112
3282 3408 2961 3170
3277 3302 3285 3026
3236 3446 3026 3240
3205 3346 3153 3163
3175 3502 2978 3204
3352 3444 3107 3082
3344 3391 3191 3033
3193 3378 3126 3234
3074 3529 3013 3260
2956 3369 3037 3368
2874 3361 3324 3183
2873 3321 3253 3322
3252 3527 2938 3120
3179 3221 3312 3118
3380 3375 3086 2958
3242 3234 3246 3039
3238 3223 3291 3073
2989 3577 3213 3029
2976 3416 2979 3397
3383 3204 3243 2975
3368 3331 3044 3116
3191 3522 3079 3167
3137 3329 3250 3099
3066 3608 3045 3150
3061 3450 3258 3058
3177 3585 2995 3186
3174 3575 3023 3177
3394 3301 3113 3097
3351 3349 3139 3054
3068 3400 3120 3237
3354 3251 3123 3110
3172 3509 3032 3173
3429 3263 3118 2995
3390 3157 2986 3214
3431 3298 3075 2966
3100 3304 3268 3133
2903 3300 3216 3327
3321 3366 3213 2942
3287 3388 3252 2863
3272 3224 3301 3016
3180 3535 2929 3304
3329 3332 3219 3037
3321 3291 3263 3002
3215 3422 2927 3293
3203 3345 3078 3242
3179 3546 2891 3274
3316 3326 3236 3018
3198 3311 3166 3201
3298 3377 3218 3072
3361 3343 3101 3023
3357 3385 3082 3004
3329 3312 3137 3162
3325 3424 3114 3050
3325 3321 3048 3163
3311 3378 3223 3013
3246 3367 3186 3090
3216 3571 3015 3043
3206 3445 3025 3247
3203 3407 3135 3167
3200 3257 3272 3061
3197 3249 3202 3182
3183 3411 3038 3224
3385 3351 3117 3000
3356 3397 3069 2905
3338 3398 3189 3019
3309 3388 3173 3053
3301 3281 3225 3032
3286 3273 3199 3096
3264 3324 3105 3161
3251 3271 3096 3213
3232 3354 3248 3022
3222 3256 3237 3042
3218 3457 3195 3052
3217 3480 3006 3245
3170 3244 3268 3102
3290 3430 3148 3101
3194 3531 2977 3177
3165 3581 3007 3180
3160 3565 2980 3255
3143 3228 3252 3114
3402 3334 3091 3031
3326 3459 2999 3080
3324 3299 3172 3080
3304 3336 3072 3150
3291 3471 3088 3075
3275 3389 3127 3160
3269 3264 3221 3127
3259 3431 3087 3172
3253 3536 3021 3055
3247 3454 3034 3219
3243 3474 3125 3149
3160 3494 2955 3304
3143 3418 2980 3271
3387 3371 3043 2916
3334 3318 3075 3100
3331 3370 3124 3075
3227 3271 3220 3141
3169 3507 3024 3177
3150 3371 3061 3264
3210 3546 3019 3160
3406 3254 3029 3151
3131 3296 3216 3118
2974 3509 3162 3154
2970 3268 3287 3302
2969 3553 3136 3211
3194 3591 2988 3128
3414 3333 3118 3093
2927 3458 3210 3225
3051 3612 3043 3153
3059 3631 3006 3165
3263 3326 3179 3076
3298 3328 3274 2948
3214 3530 2973 3210
3210 3488 3060 3130
3143 3402 3011 3323
3372 3327 3217 2904
3357 3309 3277 2926
3340 3307 3108 3098
3327 3179 3327 2988
3294 3328 3231 3025
3285 3458 3099 3064
3281 3291 3230 3056
3258 3386 3205 3068
3230 3480 3091 3121
3214 3252 3312 3020
3213 3384 3224 3058
3212 3300 3207 3157
3210 3421 3175 3107
3206 3425 3115 3181
3202 3437 3064 3187
3165 3297 3251 3091
3139 3392 3019 3277
3305 3328 3226 3028
3111 3496 2982 3261
3228 3503 3003 3188
3376 3226 3238 2976
3319 3401 3157 3003
3287 3465 2958 3151
3287 3235 3244 3049
3283 3197 3202 3109
3280 3368 3131 3158
3263 3479 3012 3149
3218 3194 3241 3123
3215 3285 3215 3152
3183 3517 2988 3176
3355 3311 3214 3074
3336 3328 2993 3195
3330 3341 3074 3124
3320 3349 3150 3108
3318 3337 3193 3051
3317 3405 3128 3040
3315 3414 3129 3015
3310 3332 3077 3126
3297 3390 3155 3115
3272 3414 3066 3194
3249 3342 2979 3241
3242 3466 3014 3173
3236 3380 3141 3164
3214 3559 2987 3142
3195 3484 3083 3153
3180 3545 3059 3155
3328 3387 3011 3129
3311 3410 3027 3155
3220 3275 3247 3095
3201 3362 3158 3169
3196 3348 3229 3104
3184 3415 3036 3211
3174 3205 3277 3124
3130 3517 3047 3210
3298 3384 3008 3171
3240 3468 3050 3175
3145 3521 2983 3207
3306 3443 3050 3165
3284 3420 3192 3048
3256 3337 3085 3184
3222 3458 3145 3055
3291 3426 3190 3013
3262 3350 3228 3071
3234 3524 3084 3078
3184 3354 3031 3278
3181 3427 3108 3252
3406 3294 3183 2969
