271 8.51053
35180 34384 32781
34681 33946 32909
35227 34488 32732
34885 34855 32629
34661 33861 33085
35128 34665 32471
35058 34540 32766
34921 34787 32656
34872 34924 32490
34750 33823 32938
35145 34404 32840
34705 33921 32975
34682 33876 32977
35398 34089 32435
35329 34169 32408
35076 34734 32544
34964 34890 32404
34873 34945 32383
34713 34969 32373
34690 34994 32531
34518 34165 33000
35372 34214 32127
35357 34029 32466
35348 34050 32462
35129 34585 32701
35117 34777 32537
34991 34635 32752
34957 34956 32370
34941 34845 32527
34939 34886 32471
34930 34842 32560
34777 34861 32680
34659 34070 32979
34591 33796 33153
35419 33936 32339
35374 34092 32343
35317 33985 32553
34853 34746 32763
34315 33804 33330
35421 33930 32253
35324 33903 32475
35117 34572 32764
35018 34807 32576
34924 34843 32528
34918 34835 32657
34845 34768 32704
34806 34752 32752
34648 34039 32983
34290 34125 33063
34979 34767 32585
34893 34849 32666
34881 34698 32749
34849 34873 32567
34821 34871 32588
34809 34912 32509
35308 34127 32424
35055 34626 32751
35008 34641 32726
34991 34757 32724
34989 34867 32469
34987 34892 32335
34975 34789 32617
34946 34671 32752
34859 34567 32895
34832 34867 32632
34777 34961 32412
34677 33953 32964
34569 34129 33027
35414 33965 32257
35311 34236 32347
35303 34408 32570
35148 34611 32616
35092 34698 32563
34902 34672 32849
34870 34860 32527
34809 34849 32697
34709 33869 32923
35314 34334 32197
35232 34483 32662
35018 34737 32606
34629 34139 32984
35311 34181 32361
35306 34259 32387
35159 34663 32508
35153 34671 32453
35045 34702 32720
34922 34889 32481
34739 33858 33039
34669 34133 32913
34663 34028 32935
34572 34059 33074
34506 33779 33190
34474 34099 33291
35502 33934 32241
35373 34127 32345
35367 34107 32354
35187 34575 32734
35126 34624 32725
35085 34730 32703
35021 34759 32553
35008 34504 32887
34678 33973 32897
34588 33901 33022
34560 34112 33163
35457 33980 32237
35356 34142 32398
35295 34370 32666
35220 34714 32403
35200 34464 32734
35199 34585 32541
35115 34525 32877
35030 34817 32527
35028 34597 32849
34671 33777 33136
34586 33969 33039
34475 33978 33166
34383 34125 33058
34336 34128 33030
34277 34222 32961
35411 34032 32136
35404 34080 32148
35362 34205 32321
35340 34113 32407
35316 34113 32483
35311 34180 32389
35285 34569 32570
35284 34458 32650
35206 34634 32436
35091 34780 32390
34996 34736 32624
34847 34721 32856
34653 34136 32942
34632 33995 33017
34573 34055 33026
34296 34142 33025
