15187 360.074
9451 7507 7717 6356
8875 8478 8359 5859
7893 9574 7502 7055
7445 8448 6321 8122
7290 6847 9849 6951
7226 6106 8153 8621
7167 6560 7497 8947
6574 7540 7505 8190
6687 7721 7487 8162
8925 8376 8202 5902
7300 7683 6530 8476
6773 7423 7074 8534
7485 6947 9773 7179
8000 7361 6436 8355
8566 8895 8108 5962
6828 7601 7475 8388
6781 7407 7028 8466
9022 7603 8657 6029
7332 7060 9840 7184
7477 8363 6338 8176
6881 6538 8651 8308
7924 7367 6402 8195
8060 9490 7709 7061
7097 6210 7929 8709
7085 6354 8302 8406
7198 6318 7518 8896
7914 9514 7316 6975
6911 6387 7754 8825
8703 9019 7634 5957
6980 6299 8221 8687
7283 6297 7573 8786
7061 6125 7638 8833
8201 9342 7697 6393
6946 7435 6747 8646
7416 6785 7167 8775
7126 6803 7534 8757
7041 6161 7647 8778
9277 8251 8042 6357
8303 9385 7599 6727
6853 7570 7281 8272
7876 7115 6551 8500
8309 8969 8114 6087
8347 8685 8119 7035
7591 7374 9631 7148
7617 9450 7160 7192
7025 6507 8366 8348
7093 6164 8006 8650
8802 8944 7841 6279
8284 6876 6568 8082
9175 7959 8389 6067
9060 8594 8030 6355
7264 7784 6591 8389
7706 7271 9595 7117
7020 6225 7633 8858
8553 8001 8829 6242
8864 7453 8678 6554
8463 9116 7947 6463
7683 7390 8655 7925
7941 8357 6426 7987
8961 8668 7899 6260
8739 7555 8633 7132
7495 6989 9724 7251
8712 7333 7514 7513
9345 8034 8153 6592
7329 7754 6725 8212
9075 7912 7992 6888
6992 6523 7826 8789
8016 7777 9241 7325
8408 8294 8868 6682
7253 8022 6769 8196
7000 6467 7995 8723
6902 6692 7680 8794
8972 7836 8619 6249
7103 6260 7636 8839
8514 9167 7653 6054
8422 8236 8924 6961
7411 7119 7198 8488
7166 6259 8096 8627
8613 7501 9020 6303
8192 9410 7623 6406
7492 7236 9646 7455
7973 8139 6786 7866
7424 7358 9231 7903
9427 7603 8011 6571
8601 8770 8324 6507
7185 6458 7588 8884
8154 7853 9187 7077
7265 6623 7424 8913
7380 7944 6704 8177
7818 8434 7649 7888
8472 9132 7344 6064
7838 9574 7532 6746
7865 7257 6919 8364
7816 9441 7312 7228
7731 7090 7300 8575
7649 6837 7004 8763
8324 8093 7241 7724
7456 7896 9248 7272
8910 8103 8570 6230
8258 7657 8989 7084
7648 6983 7616 8450
9101 8267 8477 6397
8770 8652 8241 6183
8656 8993 7805 6338
8041 6897 8589 8008
8168 7019 7096 8058
8606 7626 7986 7496
7532 7133 9757 7159
8998 8309 8103 6871
9232 8380 8174 6601
8107 7714 9207 6564
7624 7250 9176 7834
7273 7053 9467 7553
9016 7970 8502 6176
7975 9539 7486 6634
8073 9295 7893 7041
7145 7701 6696 8456
8573 9071 7745 6220
9369 7829 8171 6314
7479 7223 7018 8525
7372 6767 9063 7959
7822 7267 8820 8041
8148 9023 8135 6809
9260 8171 8058 6583
6852 6394 8178 8533
8300 9088 7364 6802
7694 8827 6961 7565
7255 6435 7500 8888
7790 6850 7271 8540
8047 8422 7034 7694
7516 7125 9350 7609
9187 7744 8393 6132
7552 6712 7124 8585
7317 7366 9403 7582
7849 6662 7187 8370
7952 8980 8166 6624
8267 8919 8181 6901
7569 6569 7190 8598
7844 7192 7462 8247
7987 8084 8975 7242
8087 8966 7255 7539
7740 7909 6625 8371
7006 6728 7559 8801
9165 8026 7452 6750
7660 7736 6845 8166
7296 6904 8091 8593
8782 8443 8277 6157
9287 7592 8394 6546
7140 6680 7401 8909
7214 6935 7656 8659
7908 9216 7924 6854
8294 8559 8372 7201
9361 8051 7831 6443
9328 8052 8199 6749
8686 8275 8461 6415
7920 8572 8514 6720
7431 7153 8064 8292
8872 8727 8035 6147
8830 8882 8100 6205
8251 7344 8775 7752
8592 9044 7558 6141
7727 8265 6612 8017
9114 7826 8604 6491
7529 7798 9493 6789
7054 6921 8247 8471
7352 8598 6649 7782
8843 8761 7944 6293
7576 7063 9559 7415
6934 6607 7629 8750
7506 9104 7137 7520
7938 7482 9425 7433
8671 7989 8684 6881
7479 7161 6665 8609
9218 8005 8336 6105
7780 8699 8236 7360
8635 8409 8448 7020
8054 9247 7373 7091
8940 7681 8646 6043
7557 6748 8624 8091
7724 7292 8757 7908
7242 6642 7178 8900
7718 7061 9601 7364
7679 8304 7079 8081
7118 6580 7782 8738
7230 6760 7220 8814
7968 7862 6995 8109
9150 7867 8422 6850
7759 7822 9269 6783
9260 8014 8277 6269
7673 7761 9138 7599
8744 8529 8289 7347
8484 7904 8935 6894
7616 7307 7812 8431
7470 6932 9679 7442
8379 7090 8859 7107
8031 9309 7758 6703
7657 6883 8528 8301
7905 8399 8846 7255
7584 7673 8025 8132
7789 7386 9508 7049
7959 6635 9337 6701
8889 8200 8662 6862
7313 6769 7177 8846
9085 8138 8379 6620
8098 7139 7137 8151
8149 8639 8189 7289
7852 7099 9575 7011
7883 9316 7908 6383
8817 8223 8228 6937
8306 8837 8271 6372
8221 7480 7205 7808
7111 8080 6817 8175
8664 8473 8404 6642
7575 7076 9706 7280
7584 7163 9526 7448
8944 7614 8600 6696
8242 8337 8414 7193
7540 7582 8511 8021
7828 7426 6802 8595
9008 8070 7700 7086
9390 7685 8021 6294
9092 7678 7490 7068
7816 8229 8890 7304
8902 7464 7222 7377
7881 7317 9486 6883
7972 7511 8223 8066
8432 8382 8639 6931
9126 8480 7960 6415
7073 6846 8660 8243
9411 7674 8003 6483
7160 6719 8615 8255
7668 8116 7939 7946
8456 8511 8351 6536
7941 7334 9377 7317
7390 6945 9431 7556
7956 6715 6896 8281
8643 8739 7882 7237
8185 7706 6987 8086
8192 8122 8672 7665
7480 6550 7152 8717
9193 7279 8258 6842
8539 6997 8816 6772
7755 7891 8941 7430
7369 6695 6932 8827
8221 9331 7790 6479
8231 7543 8548 7625
7028 7602 6645 8503
7643 7373 9168 7674
7874 8185 7779 7640
6968 7546 6874 8405
7338 6822 8160 8547
9201 7810 8310 6420
8392 7553 9099 7002
7935 9283 8082 6825
8028 7768 8576 7975
7343 6616 7385 8842
7304 6515 7571 8877
8951 8715 7475 6276
7695 7521 8524 8225
8584 7481 7104 7717
8305 8858 8238 6918
8487 7418 7997 7775
7400 7561 8558 8120
7979 8147 8146 7502
7171 6542 7428 8869
8437 7791 7419 7790
7769 7029 6936 8350
8080 9535 7652 6940
8211 8206 7500 7683
7183 6645 7363 8855
7500 7311 9293 7574
7212 9003 6977 7531
7832 7728 9389 7482
7804 7096 9460 7334
7515 7225 9360 7632
6932 6632 8915 8140
8445 7300 8428 7465
8789 7787 8741 6829
8647 8542 8140 6779
8851 7643 7766 7470
8371 7503 7070 7994
8136 6760 7415 8097
7593 7860 9281 7026
7716 8319 7726 7804
7224 7002 7048 8747
7128 6409 7816 8703
8761 8872 7917 6473
9313 8060 8147 6510
7786 7132 9001 7758
7713 7447 9202 7671
7898 7881 9087 7051
8591 9051 8072 6657
7935 8504 7563 7822
7689 8530 7435 7706
8354 9314 7606 6499
7550 8345 6966 7897
8498 8954 8210 6723
7014 7805 6671 8229
7773 7101 7955 8275
8273 8161 7863 7579
7063 6440 8119 8705
7051 6676 8173 8641
7113 7048 7085 8635
8096 9252 7690 6909
8824 7696 8726 6650
8120 7024 6672 8222
8178 7619 9011 7479
7954 8127 9078 6671
8985 7527 8513 6702
7615 7560 9582 7297
7651 8286 8950 7425
7619 7492 7773 8328
7841 9271 7232 7330
8181 8140 8876 7099
8376 7282 7109 7941
7235 7768 8704 7817
9049 8403 8104 6118
8526 8330 8744 6259
8369 7863 8431 7205
7321 6402 7776 8725
9135 8190 7950 6712
7744 7007 6970 8353
7990 7995 9052 7214
8669 9040 7798 6526
8069 7732 9316 7307
7206 7533 7885 8407
8409 9019 8107 7460
8194 6963 7136 8145
9217 8418 8077 6323
8386 7216 9104 6448
7549 6897 9744 7053
7805 8111 8200 7739
9047 8131 8056 6752
7799 7816 8691 7784
8618 8464 8315 7037
8256 7577 9148 7554
8004 9395 7812 6740
8028 9177 7484 7140
7767 8259 8014 7844
7714 7161 9658 7235
8150 8008 8904 6980
9406 7642 7937 6569
7629 8632 8469 6578
9041 8155 8347 6518
8915 8215 8463 7129
8892 8763 7686 6470
9204 7931 8308 6278
7147 6734 8337 8379
9028 7716 8453 6905
8005 8613 8494 7315
8475 8372 8534 6736
9004 7443 8111 7170
7641 8457 8580 6524
8745 7995 8782 6539
7859 6861 7672 8284
7374 6828 8043 8539
8385 7247 9071 7062
8403 7714 8732 7398
7893 6958 6701 8375
8235 7969 8803 7544
7308 7724 7062 8380
8358 9196 7355 6265
7518 7045 6751 8698
7482 6973 8795 8202
7176 6924 7913 8399
8499 8696 8333 6815
7894 8708 7816 7527
8335 8501 8495 6586
7815 8896 7524 7478
8126 9262 7774 6840
8327 7464 7764 7760
8807 8487 7782 6760
7577 8815 7053 7628
8271 9137 7872 6319
8166 7735 8966 7019
8755 7292 8801 6941
8699 8902 8013 7214
8132 7207 7353 8014
9226 7875 8294 6637
8206 7281 9256 7229
8278 9232 7645 6664
7355 7066 8207 8288
7661 8804 7231 7590
6962 6862 7097 8818
8760 8756 7969 6603
7601 6687 8077 8321
8633 8610 8351 6434
8884 6865 7222 7388
8262 8744 8309 7223
7511 7269 9220 7744
9387 7869 7995 6659
8362 7384 9121 6570
7875 7287 9543 7145
8810 8571 7724 6856
8117 7015 9304 7001
8115 9032 7742 7000
7998 9153 7993 6247
7207 7322 8876 8036
8558 7036 7674 7563
7497 7979 8843 7443
8364 8441 8610 6347
7437 6899 8281 8417
7991 7606 8952 7634
8932 8333 8261 6268
8518 7652 8806 6712
7471 7025 9678 7281
7942 7181 6828 8269
8200 7639 9129 6496
7644 8059 9035 6995
7443 7171 9693 7090
7544 7552 8748 7773
7546 7850 8769 7557
7563 9146 7115 7368
7733 7939 8699 7598
8504 8794 8340 6381
8920 7985 8300 6799
7392 7285 7465 8562
7946 7779 6837 8194
7863 8930 7358 7555
7529 7082 9449 7454
7441 7024 9036 7851
7690 6924 7038 8620
8576 8088 7481 7650
7339 7000 7746 8508
7123 7140 8338 8320
8478 9075 7592 6616
7539 7089 7333 8551
8690 8608 8416 6133
7974 8521 7771 7485
7354 7027 6978 8666
7630 7428 9464 7405
6926 6611 8648 8253
8091 9140 7904 7264
7326 6751 8715 8206
8627 8102 8710 6989
7300 7168 9449 7566
9316 7886 8217 6334
7610 6465 7247 8651
9140 8038 8483 6334
7958 8841 7738 7557
8290 7789 8790 7397
8318 8108 8291 7277
8625 7571 8558 7369
9145 7959 8302 6476
9300 7757 8213 6405
8253 7692 8015 7799
8256 9225 7850 6149
8138 9239 7845 6406
7192 7634 7205 8180
8776 8479 8297 6210
8758 8551 8075 6764
7611 8878 7074 7618
7139 7039 7349 8655
8883 8539 7895 6443
7634 7548 9534 7216
7627 7652 9324 7534
7928 6585 8609 7861
8428 9190 7768 6616
7521 6924 9277 7700
7855 7442 7127 8269
8226 8851 8160 7481
7392 7332 7226 8419
7564 7329 7384 8337
8279 7364 7444 7971
9050 7939 8489 6646
7448 7342 6823 8556
8590 6592 7356 7630
7449 6892 7973 8696
9036 7615 7763 6959
8161 7753 7620 7855
9139 8102 8244 6200
8421 7300 8850 7061
7130 6622 8609 8344
8770 8790 8145 6602
8531 7215 8910 6377
8066 8792 8354 6928
8215 8156 8497 7156
9287 8215 7786 6374
7367 7611 7327 8223
6962 7816 6909 8177
8687 8043 8065 7422
8088 8624 8279 7267
7142 7648 7440 8260
7301 6550 7324 8862
6926 7405 7202 8550
9208 7825 8343 6138
6968 7832 7444 8170
8136 7649 9107 7379
8538 8030 8014 7656
8459 9193 7855 6273
8162 7322 9221 6819
8130 8450 7382 7514
7268 7292 8720 8115
8657 8497 8322 6771
7482 8812 6979 7647
7955 6892 6877 8506
8530 7972 8718 6611
8615 8648 8180 6833
8132 7173 9289 6985
7937 7062 7976 8237
