75842 1800.01
3944 3380 3441
3831 3763 3195
3385 3235 3798
3384 3977 3364
3302 3453 3788
3853 3285 3542
3631 3343 3729
3329 3963 3429
3814 3309 3592
3340 3366 3786
3939 3355 3455
3417 3970 3247
3633 3298 3721
3364 3823 3580
3368 3763 3633
3349 3958 3377
3563 3451 3780
3553 3484 3765
3865 3695 3207
3814 3759 3237
3573 3452 3753
3638 3399 3709
3907 3409 3464
3917 3607 3216
3903 3389 3469
3789 3827 3202
3856 3699 3242
3798 3784 3227
3435 3477 3773
3333 3702 3664
3390 3949 3379
3467 3937 3425
3425 3787 3616
3925 3507 3372
3705 3410 3663
3756 3419 3630
3622 3934 3273
3349 3875 3539
3551 3459 3769
3395 3699 3659
3553 3930 3359
3476 3498 3751
3735 3374 3655
3534 3947 3369
3814 3773 3219
3931 3425 3315
3873 3682 3247
3877 3482 3474
3459 3470 3771
3802 3772 3323
3687 3902 3285
3930 3494 3279
3535 3493 3747
3863 3688 3257
3399 3822 3598
3431 3653 3686
3430 3662 3711
3711 3596 3601
3920 3432 3421
3581 3831 3481
3773 3808 3310
3785 3583 3507
3480 3521 3745
3490 3941 3387
3926 3523 3327
3915 3542 3266
3850 3588 3417
3628 3491 3700
3650 3368 3712
3893 3421 3496
3810 3654 3413
3427 3960 3344
3703 3886 3223
3890 3474 3430
3556 3463 3742
3408 3788 3604
3859 3445 3528
3816 3721 3301
3671 3854 3375
3643 3577 3647
3574 3812 3523
3526 3555 3724
3885 3630 3263
3569 3920 3402
3412 3839 3560
3716 3828 3383
3911 3381 3452
3897 3460 3431
3832 3436 3535
3669 3778 3444
3640 3909 3349
3789 3775 3304
3635 3898 3377
3523 3570 3719
3511 3950 3365
3760 3440 3617
3842 3376 3532
3712 3857 3306
3867 3646 3319
3743 3835 3312
3808 3745 3294
3848 3484 3530
3766 3858 3278
3404 3668 3684
3768 3815 3261
3782 3720 3385
3402 3690 3672
3736 3811 3357
3731 3852 3310
3451 3621 3703
3718 3832 3355
3599 3548 3704
3437 3879 3509
3692 3884 3276
3882 3626 3267
3879 3642 3353
3861 3528 3477
3589 3883 3422
3478 3619 3718
3646 3916 3282
3470 3645 3690
3699 3792 3399
3659 3798 3449
3529 3647 3688
3483 3625 3698
3426 3923 3451
3913 3509 3381
3898 3640 3253
3871 3665 3269
3869 3487 3475
3852 3718 3336
3836 3553 3499
3797 3623 3476
3795 3497 3562
3780 3568 3556
3728 3600 3571
3657 3868 3384
3619 3502 3695
3577 3731 3578
3549 3656 3665
3538 3960 3291
3450 3563 3738
3388 3701 3691
3607 3708 3577
3698 3862 3335
3674 3889 3315
3668 3895 3317
3666 3393 3689
3652 3573 3658
3572 3906 3428
3531 3864 3492
3527 3511 3741
3503 3911 3459
3855 3456 3515
3828 3433 3541
3722 3427 3653
3524 3804 3531
3517 3900 3458
3460 3826 3558
3918 3430 3432
3745 3444 3634
3720 3385 3667
3830 3393 3560
3843 3635 3419
3732 3820 3332
3653 3521 3673
3496 3683 3676
3812 3734 3298
3445 3843 3526
3888 3504 3460
3845 3526 3514
3464 3762 3618
3454 3635 3692
3443 3733 3652
3441 3634 3706
3914 3425 3433
3878 3485 3471
3868 3669 3293
3822 3651 3411
3776 3672 3453
3744 3437 3635
3708 3547 3611
3700 3880 3303
3620 3926 3300
3530 3761 3599
3512 3925 3415
3826 3587 3466
3757 3690 3463
3733 3524 3620
3561 3724 3615
3491 3849 3501
3487 3549 3740
3462 3894 3483
3456 3582 3720
3764 3526 3589
3493 3893 3489
3735 3816 3333
3602 3939 3325
3601 3929 3362
3579 3907 3370
3825 3447 3540
3770 3710 3438
3742 3846 3316
3724 3747 3368
3663 3856 3354
3650 3903 3350
3629 3694 3574
3596 3913 3367
3579 3475 3739
3559 3750 3585
3550 3870 3455
3500 3723 3631
3489 3594 3714
3820 3479 3551
3515 3848 3511
3495 3837 3515
3485 3927 3399
3448 3702 3653
3769 3537 3567
3672 3500 3678
3658 3384 3709
3537 3917 3445
3504 3954 3318
3866 3677 3288
3829 3466 3533
3821 3448 3570
3713 3544 3613
3388 3794 3607
3762 3517 3605
3564 3762 3582
3540 3797 3561
3830 3740 3250
3649 3851 3408
3864 3658 3388
3853 3610 3410
3844 3632 3390
3823 3732 3281
3806 3784 3225
3779 3786 3297
3675 3634 3573
3625 3871 3406
3612 3535 3707
3594 3892 3396
3585 3858 3423
3513 3668 3649
3484 3564 3735
3908 3574 3342
3895 3566 3386
3886 3621 3270
3837 3608 3421
3786 3762 3326
3655 3758 3493
3626 3689 3590
3608 3857 3435
3521 3875 3478
3840 3579 3443
3434 3643 3693
3415 3903 3510
3801 3741 3337
3760 3836 3288
3720 3876 3255
3694 3736 3479
3667 3881 3340
3646 3455 3695
3603 3505 3716
3584 3617 3668
3583 3567 3679
3569 3486 3733
3557 3522 3726
3523 3940 3374
3520 3530 3727
3872 3421 3519
3859 3551 3467
3849 3683 3345
3841 3426 3534
3834 3532 3503
3818 3631 3426
3815 3756 3224
3805 3760 3256
3804 3564 3486
3803 3527 3521
3790 3793 3272
3777 3498 3586
3772 3616 3516
3750 3744 3404
3748 3641 3517
3738 3491 3614
3729 3738 3405
3724 3715 3446
3715 3743 3440
3704 3717 3457
3696 3712 3504
3685 3770 3435
3683 3757 3456
3679 3603 3619
3645 3874 3352
3623 3877 3398
3595 3557 3685
3547 3872 3447
3514 3780 3595
3506 3686 3654
3501 3737 3606
3498 3697 3657
3497 3785 3569
3488 3755 3627
3799 3697 3403
3788 3713 3403
3775 3611 3527
3759 3531 3587
3754 3541 3563
3739 3584 3557
3610 3609 3667
3587 3593 3677
3474 3840 3518
3452 3924 3439
3439 3850 3541
3413 3707 3656
3700 3859 3329
3856 3463 3488
3747 3660 3502
3700 3663 3546
3639 3607 3671
3632 3805 3484
3632 3649 3609
3603 3749 3553
3584 3867 3427
3542 3845 3482
3520 3602 3693
3459 3546 3746
3900 3438 3495
3794 3495 3564
3768 3471 3603
3755 3480 3624
3752 3561 3591
3746 3615 3544
3709 3604 3563
3686 3519 3677
3684 3540 3650
3661 3638 3575
3621 3753 3544
3613 3914 3346
3592 3473 3730
3580 3705 3628
3558 3598 3706
3508 3834 3548
3499 3810 3555
3473 3797 3576
3604 3801 3541
3598 3727 3588
3603 3692 3596
3637 3489 3718
3567 3818 3505
3557 3954 3257
3900 3586 3251
3778 3782 3339
3769 3739 3394
3730 3821 3348
3702 3863 3289
3667 3580 3639
3616 3784 3513
3560 3504 3731
3543 3646 3682
3537 3835 3491
3919 3550 3262
3894 3580 3393
3818 3593 3462
3801 3576 3505
3793 3540 3537
3791 3529 3554
3717 3800 3362
3714 3746 3397
3689 3841 3366
3688 3716 3520
3681 3745 3498
3662 3891 3342
3649 3583 3646
3615 3707 3579
3601 3650 3641
3591 3666 3626
3576 3627 3662
3536 3728 3597
3528 3814 3511
3482 3686 3660
3463 3740 3644
3438 3695 3666
3406 3859 3559
3910 3550 3297
3883 3586 3439
3741 3576 3588
3647 3734 3564
3617 3779 3499
3566 3685 3630
3555 3832 3510
3509 3871 3487
3472 3821 3571
3687 3768 3437
3837 3423 3536
3778 3585 3489
3752 3454 3632
3730 3520 3645
3707 3711 3494
3706 3783 3392
3706 3633 3547
3694 3882 3291
3691 3873 3329
3687 3619 3566
3680 3853 3351
3676 3658 3568
3676 3536 3651
3659 3575 3642
3658 3842 3391
3640 3878 3381
3639 3742 3538
3573 3612 3670
3570 3800 3543
3552 3675 3637
3546 3843 3468
3824 3599 3442
3807 3423 3581
3762 3579 3532
3761 3671 3498
3751 3581 3545
3749 3667 3501
3697 3503 3661
3690 3560 3634
3682 3789 3432
3674 3659 3552
3672 3636 3576
3654 3670 3604
3636 3679 3581
3624 3769 3518
3586 3735 3577
3583 3554 3698
3542 3767 3575
3533 3566 3712
3502 3782 3570
3448 3814 3591
3435 3891 3524
3547 3729 3593
3712 3559 3608
3695 3466 3670
3691 3514 3661
3680 3589 3622
3665 3766 3472
3663 3534 3656
3652 3674 3555
3591 3752 3548
3552 3887 3443
3543 3790 3552
3532 3725 3608
3482 3921 3465
3792 3627 3443
3747 3591 3533
3546 3521 3737
3726 3627 3550
3677 3613 3610
3568 3805 3524
3901 3523 3387
3576 3733 3584
3573 3529 3723
3802 3650 3414
3737 3863 3268
3737 3755 3346
3710 3867 3271
3695 3672 3549
3692 3892 3253
3661 3758 3473
3643 3610 3625
3638 3851 3448
3637 3632 3640
3616 3645 3629
3611 3680 3621
3611 3551 3699
3576 3841 3461
3570 3532 3715
3567 3651 3643
3547 3542 3713
3505 3764 3603
3505 3524 3734
3504 3675 3681
3457 3780 3623
3885 3535 3458
3834 3666 3365
3813 3574 3472
3771 3523 3598
3726 3728 3442
3721 3689 3487
3693 3679 3531
3678 3716 3545
3665 3608 3622
3644 3797 3495
3630 3739 3558
3614 3779 3527
3571 3770 3551
3544 3617 3681
3519 3732 3605
3518 3805 3533
3507 3604 3690
3457 3786 3589
3445 3613 3730
