162197 3120.53
19749 17622
17485 20019
17550 20012
17489 20013
17634 20000
17941 19880
17594 20002
17831 19926
19746 17657
17652 19994
17907 19882
19734 17711
19728 17740
19706 17808
17744 19958
17805 19930
19735 17680
19275 18716
18194 19733
17955 19865
17726 19963
17718 19968
18099 19794
19667 17926
17999 19840
19733 17721
17849 19920
19283 18698
19673 17914
17860 19907
17961 19863
18215 19729
17666 19982
19700 17828
17794 19937
19646 17976
17978 19856
19720 17750
17571 20006
19597 18114
18077 19807
18056 19809
19369 18577
19544 18238
17877 19906
19676 17901
19549 18222
17777 19947
17757 19950
18084 19795
18861 19207
18287 19686
19539 18242
19603 18100
17583 20003
17557 20007
17778 19943
18886 19183
18291 19672
19659 17957
19743 17668
19475 18377
18418 19584
18429 19579
18109 19784
19645 17994
19465 18401
19688 17864
17897 19893
17990 19848
18703 19359
18991 19072
19394 18536
19536 18258
19397 18525
19371 18565
19687 17882
18015 19839
18808 19260
18032 19822
18900 19164
18386 19610
17852 19913
19234 18771
19206 18804
19677 17888
19639 17995
19463 18416
18994 19057
19565 18194
18454 19557
18466 19555
19078 18966
18547 19489
19251 18743
19245 18751
19437 18455
19664 17940
19488 18346
19636 18009
19486 18363
18278 19687
18620 19428
17884 19895
19069 18970
18961 19102
18692 19361
18611 19431
18225 19717
18216 19723
19421 18482
19237 18759
19527 18272
18868 19198
19314 18660
18966 19096
18888 19172
19662 17944
19607 18084
19566 18180
18728 19328
18539 19494
18333 19645
18043 19818
18876 19187
18244 19703
18322 19650
18186 19737
17756 19954
19262 18729
18923 19135
18018 19835
19480 18367
19086 18955
19651 17968
19554 18208
19400 18517
19719 17762
19709 17796
19359 18583
18893 19168
18347 19637
19199 18812
18594 19449
19451 18422
18812 19252
18607 19437
19738 17676
19410 18496
19091 18948
19696 17840
19064 18974
19627 18033
19616 18064
19604 18093
18145 19759
19308 18664
18953 19105
19389 18542
18666 19385
18256 19695
19329 18633
19653 17962
19082 18960
19022 19034
18706 19350
18633 19414
19613 18075
19444 18432
18906 19157
18080 19803
19024 19026
19625 18041
19552 18217
19474 18388
19423 18472
19439 18441
19457 18417
18739 19327
18412 19588
18310 19659
18265 19689
18167 19750
18123 19771
18026 19829
17802 19936
18529 19503
18833 19233
18521 19505
19302 18667
19521 18282
19337 18616
19164 18857
18917 19142
17882 19900
19320 18640
19063 18984
19712 17782
19016 19037
18514 19515
18589 19453
18139 19762
18130 19769
18928 19132
18568 19469
18340 19640
18297 19669
19121 18911
18690 19368
19141 18883
18933 19128
18724 19333
18392 19602
18228 19713
19533 18261
19501 18324
19447 18427
19209 18798
19028 19021
18968 19087
18945 19113
18520 19512
19529 18268
19511 18302
19137 18889
19110 18923
19093 18942
19619 18051
19403 18510
19315 18649
18630 19422
19710 17791
19689 17858
19581 18149
19499 18329
18798 19262
18154 19758
18851 19209
18508 19517
18250 19699
18236 19706
18181 19741
19685 17886
18769 19291
18672 19381
18629 19427
18380 19614
18361 19620
18315 19657
19324 18635
18134 19765
18054 19814
19414 18485
19243 18758
18949 19109
18401 19596
18172 19745
19558 18202
19506 18319
19256 18732
19188 18820
19124 18906
18752 19309
18638 19411
18359 19625
19622 18047
19590 18131
19213 18794
19595 18123
19333 18625
19255 18738
19699 17833
19373 18556
19714 17777
19618 18060
19510 18310
19300 18674
18267 19688
18047 19816
18774 19287
18406 19590
19383 18544
18911 19148
18825 19234
18561 19471
18503 19520
18494 19525
18394 19601
18304 19664
18161 19752
18745 19318
18711 19348
18600 19444
18490 19529
18441 19563
18233 19708
19561 18199
19341 18611
19159 18863
19131 18898
19128 18902
19051 18997
18788 19273
18784 19278
18352 19632
19609 18076
19215 18788
19168 18848
19151 18872
19135 18894
19005 19045
18740 19322
19693 17847
19467 18394
19184 18825
19691 17850
19577 18159
19498 18338
19413 18490
19299 18680
19518 18289
18655 19395
19115 18914
18499 19523
19268 18721
19099 18934
18936 19123
18720 19337
18683 19369
18571 19464
18486 19532
18112 19781
19495 18340
19428 18466
19356 18590
19296 18685
19191 18816
19172 18843
19105 18931
18841 19222
18758 19304
18649 19402
18602 19442
18438 19568
18354 19629
18320 19653
19406 18503
19267 18722
19148 18878
19097 18937
18817 19249
18662 19390
19440 18439
19318 18647
19285 18692
18907 19152
18763 19297
18714 19343
18551 19483
18432 19572
19630 18026
19579 18155
18975 19082
19582 18141
18985 19073
17983 19849
19058 18986
18376 19616
18583 19455
18476 19541
18175 19742
19227 18773
19586 18135
19491 18345
19470 18391
19045 18998
18872 19190
18779 19286
18158 19756
19516 18299
19179 18839
19154 18869
18650 19397
18472 19542
18119 19776
18029 19828
19592 18125
19575 18166
19432 18460
19344 18608
19106 18927
18977 19076
18781 19281
19508 18315
19334 18622
19181 18834
19166 18852
18942 19119
19347 18600
18643 19404
18369 19619
19292 18687
19195 18813
18676 19379
18448 19560
19288 18689
19145 18880
18998 19055
18973 19086
18660 19393
18555 19477
18337 19644
18301 19665
18117 19778
19219 18785
19040 19004
18916 19146
18845 19214
18764 19293
18716 19339
18559 19475
18481 19538
19569 18176
19380 18548
19031 19016
18818 19244
18759 19302
18640 19405
17979 19850
17901 19887
18869 19193
18843 19217
19635 18014
19571 18173
19183 18830
18834 19225
19715 17769
19517 18295
19052 18990
18980 19074
18532 19495
19175 18841
18849 19211
18822 19242
18748 19315
18680 19377
17902 19886
19425 18467
19222 18778
19157 18865
19044 19003
19038 19009
19009 19040
19001 19052
18791 19270
18580 19457
18482 19535
18402 19593
19716 17767
19572 18167
19003 19049
18793 19267
18469 19549
19631 18023
19349 18593
19346 18603
18824 19239
18682 19374
18531 19497
19350 18592
19010 19039
18836 19224
18576 19463
18446 19561
18370 19617
19485 18366
19053 18987
18941 19122
18434 19570
18255 19698
19433 18458
19378 18551
19375 18553
19226 18776
19035 19010
18795 19263
19583 18137
19033 19014
18751 19313
18578 19461
18552 19480
19520 18283
19404 18504
19357 18585
19221 18782
19634 18022
17701 19979
19112 18921
18709 19349
