8350 279.798
16304 16978 17455
16269 16914 17498
16221 16934 17504
16188 16851 17524
16137 17473 17346
16140 16862 17573
16035 17174 17548
16010 17248 17543
16998 16653 17279
16735 16832 17351
16972 16676 17336
16272 16894 17515
16998 16715 17260
16978 16703 17285
16163 16891 17557
16758 16772 17460
16847 16763 17403
16044 17533 17324
16993 16641 17301
16173 17504 17342
16809 16772 17415
16964 16622 17338
16111 17506 17340
16866 16780 17363
16077 17197 17545
17096 17339 16724
17026 16658 17252
17026 16660 17229
16049 17521 17339
16964 16602 17347
16246 17487 17298
17096 17349 16675
17073 17400 16604
17059 16663 17192
16041 16806 17574
16126 17516 17312
16263 17486 17303
16781 16720 17446
16929 16593 17369
15980 17367 17490
16059 17508 17395
16838 16801 17332
16769 16796 17391
16703 16737 17461
17061 17579 16429
16087 17495 17396
16020 17455 17482
16071 17410 17469
16123 17365 17446
16741 16800 17389
16818 16708 17464
16810 16799 17365
17045 17600 16554
17034 17627 16440
16570 16525 17630
16031 17314 17519
16886 16698 17377
17029 17588 16654
16132 17470 17372
16009 17364 17492
16670 17496 17147
15999 16951 17608
17037 17540 16728
16085 17516 17353
16077 17497 17403
17022 16649 17294
16985 16681 17289
17095 17353 16735
16591 16575 17589
17085 16658 17218
17078 16829 17105
16903 16544 17420
16206 17552 17300
16083 17296 17536
16927 16558 17387
16113 17300 17514
16549 16591 17569
16164 17247 17543
16192 17361 17455
16619 16645 17560
16167 17334 17502
16730 16598 17528
16632 16733 17512
17055 16712 17191
16953 16713 17321
16940 17688 16400
16207 17344 17462
16557 16575 17597
16787 17811 16604
17018 17565 16655
16812 17660 16773
16993 16745 17244
16813 16736 17411
16426 17751 17072
16004 17402 17486
17072 17524 16630
16817 17644 16794
17060 17571 16569
16370 17645 17256
16468 17598 17190
16388 17736 17159
16427 17651 17224
16403 17728 17102
17023 17561 16705
16500 17690 17119
16956 16728 17283
17030 17549 16675
16999 16687 17275
16924 17686 16610
16885 16692 17401
16950 17708 16356
16582 17509 17288
16583 17576 17217
16672 16694 17516
16622 17553 17187
16660 16697 17528
17080 17571 16487
16156 17397 17433
17057 16731 17189
16346 17702 17184
16873 17711 16647
17017 16630 17331
16515 17643 17155
16926 16664 17402
16895 17735 16569
16040 17467 17479
16982 16757 17259
16700 17759 16835
16024 17481 17435
16949 17629 16629
16865 17632 16789
16653 17549 17133
16937 16750 17350
16658 17826 16750
16480 17716 17091
16658 16777 17464
16491 17477 17300
16484 17695 17100
16478 17563 17233
16781 17749 16730
17153 17201 16763
16648 17696 16997
16986 16567 17354
16958 16581 17357
16588 17536 17237
16923 16786 17285
16271 17655 17258
17020 16655 17275
16845 17744 16666
16296 17674 17221
16659 17684 17042
16905 16758 17354
17092 17556 16582
16570 17745 17046
16595 17691 17058
16853 17731 16681
17045 17423 16845
16683 16560 17552
16840 17679 16733
16425 17660 17190
16907 16542 17407
16699 17755 16853
16566 17720 17090
16935 17651 16650
16806 17706 16797
16709 17797 16758
16896 16568 17417
16680 17802 16808
16511 17678 17107
17004 16696 17225
16868 17708 16714
17144 17219 16835
16270 17235 17486
17026 17322 17083
16118 17389 17483
17016 17637 16599
16947 16517 17363
16963 16685 17314
17008 17542 16816
16617 16532 17620
16074 17518 17367
16898 16559 17443
16585 17766 17019
17113 17286 16825
16898 17697 16641
17086 16579 17269
16668 17508 17180
16445 17473 17327
16300 17222 17464
16761 17781 16767
16702 16710 17501
16841 16526 17492
16354 17587 17263
17016 17663 16549
16977 17655 16568
16845 17715 16730
16995 16725 17269
17068 17318 16989
16935 17358 17170
16917 17495 16997
16912 17558 16938
16910 17535 16974
16959 16695 17296
17068 17353 16931
17003 17573 16775
16982 17526 16950
16543 17808 16854
16778 16572 17508
17010 17317 17107
16886 17619 16913
17173 17154 16947
16914 17571 16931
17014 17541 16911
16571 17702 17070
17073 17206 17116
17027 16589 17327
16672 17317 17366
17108 17270 16953
16976 17529 16981
16021 17502 17399
16873 17562 16960
16504 17689 17138
17099 17167 17088
16941 17320 17251
16982 17595 16851
17084 17273 16913
17060 17284 17084
16984 17257 17201
15968 17548 17361
17044 17487 16938
16057 17466 17413
16920 17532 16994
16835 17704 16752
17006 16677 17240
16669 17382 17294
16077 17456 17441
15971 17527 17397
17082 17276 16938
17064 17351 16938
17044 17435 16955
16902 17633 16692
16943 17383 17149
16170 17525 17306
16932 17519 16995
16661 17778 16898
16973 16683 17289
16628 17677 17092
17109 17187 17044
17103 17233 17077
16897 17586 16951
17055 17183 17148
16873 17773 16506
16821 17791 16676
16903 17557 17005
16979 17209 17280
16877 17443 17133
16964 17628 16798
17027 17610 16529
16588 17446 17273
16769 17166 17325
16338 17629 17278
16732 17335 17361
16907 17646 16681
16093 17447 17417
15979 17482 17406
16340 17583 17288
16947 17347 17200
17002 17623 16744
16450 17558 17260
17066 17564 16614
16997 16573 17344
16996 17396 17145
16977 17585 16894
16864 17392 17158
16443 17634 17218
16930 17552 16950
16838 17427 17192
16774 17724 16834
17033 16558 17345
16854 17480 17188
16937 17223 17276
17021 17642 16369
16729 17490 17191
16753 17319 17349
16362 17455 17393
16903 17386 17242
16865 17508 17127
15954 17542 17363
16888 16651 17466
16941 17539 16973
16913 17519 17099
16768 17342 17323
16672 17826 16689
16889 17708 16620
16850 17596 17010
16700 16854 17420
16951 17548 16946
16999 17579 16860
16935 17576 16908
16871 17490 17105
17046 17200 17220
16833 17530 17141
16886 17750 16590
16832 17312 17317
16944 17608 16893
16654 17379 17415
16886 17603 16942
16813 17595 17040
16902 17611 16899
16917 17593 16912
17060 17537 16808
16933 17679 16678
16709 17425 17293
16905 17372 17266
16760 17380 17302
16747 17355 17349
16907 17344 17270
16454 17549 17292
16645 16838 17446
17043 17479 17029
16857 17588 17006
16684 17314 17415
16515 17773 16969
16644 17355 17426
16562 17443 17366
17003 17408 17086
16841 17330 17314
16894 17440 17133
16658 17384 17385
16940 17300 17275
16803 17721 16876
16885 17668 16700
16829 17435 17269
16994 17481 17000
15948 17522 17424
16861 17611 16972
17028 17517 16950
16685 17662 17088
16638 17665 17153
16834 17131 17341
16654 17611 17103
16601 17237 17437
16540 17285 17446
16976 17218 17249
17062 17361 17018
16795 17465 17263
16982 17488 17074
16536 17827 16828
16729 17604 17029
17016 17378 17066
16896 17147 17304
16720 17590 17127
16738 17742 16969
16502 17414 17430
15946 17547 17402
17037 17602 16597
16865 17365 17313
17091 17281 16880
