2066 903.796
26508 24941 26309 24942
26345 24859 26389 24797
26191 24907 25845 25766
25656 25686 26219 25181
25653 24488 26934 25690
25495 24577 26606 26109
25481 25312 26978 25524
25221 25184 26708 25819
26032 25608 26573 24936
25279 24795 26406 26079
26460 25069 26212 25099
26267 25130 25908 25505
26154 25000 25877 25968
25320 25386 26889 25653
25333 24627 26512 26088
25378 24650 26977 25813
25947 24667 26486 25977
26168 24603 26447 25697
26406 25107 26034 25007
25698 25651 26386 25246
26154 25013 25939 25931
25405 25048 26853 25587
25940 25479 26695 25076
26434 24953 26225 25324
26361 25097 26207 25039
25434 25412 26905 25512
26309 25005 25971 25575
26155 24700 26433 25857
26293 24987 25950 25626
26425 24876 26336 25088
25475 25111 26901 25534
26295 24845 26618 25056
25460 24993 26775 25908
25355 25200 26936 25553
26380 24777 26391 24967
25511 24910 26781 25780
25491 24634 26239 26087
26072 25647 26184 25399
26367 24849 26490 25047
25812 24927 26880 25373
25796 24762 26145 26097
25359 25268 26669 25881
26396 25098 26004 25102
25546 24817 26957 25991
26420 24875 26239 25160
25602 24910 26963 25557
25773 24935 26931 25297
25776 24755 26465 26060
26031 25529 26491 24945
25391 24922 26854 25728
26236 24722 26420 25723
26360 25050 26375 25106
25896 24735 26767 25689
26378 25269 26100 25136
25609 24801 26949 25553
26070 25501 26507 25282
25836 25624 26471 25398
26220 25283 26468 24999
25705 24919 26943 25469
26407 24785 26197 25424
25895 25606 26479 25485
25447 25307 26661 25791
26331 25155 26020 25490
25627 25169 26778 25595
25847 24972 26023 26031
26308 25428 26233 24968
25935 25567 26443 24985
25529 25376 26450 25729
25635 24906 26832 25728
26344 25123 26301 25405
26390 25383 26092 25152
25734 24759 26733 25825
26109 24783 26008 25919
25804 24891 26862 25547
25689 25492 26489 25522
25923 25613 26349 25319
25872 25615 26302 25143
25911 25319 26053 25911
25858 24712 26595 25903
25942 25591 26316 25309
25763 24932 26684 26048
25867 25251 26408 25891
25500 25323 26825 25355
26289 24952 26721 24983
25680 24834 26769 25938
25925 25260 26917 25162
25735 24985 26445 26044
25969 25513 26659 25369
25439 25256 26805 25595
26214 25177 26579 25224
25731 24984 26220 26051
26314 25095 26610 25127
26178 24743 26361 25813
26325 25120 26106 25520
25742 24812 26604 26066
26117 25180 25979 25776
25580 25043 26431 25974
26290 25206 26357 25231
25716 25345 26127 25875
25966 25121 26750 25333
25591 25035 26256 26071
26132 24644 26437 25738
25729 25308 26838 25516
25575 25236 26738 25771
26092 24944 26724 25287
26301 25055 26123 25488
26357 24852 26287 25136
26081 25366 26513 25311
26330 24903 26318 25227
25385 24975 26704 25929
25551 25448 26427 25737
25325 25102 26833 25743
26319 25186 26317 25157
25818 25583 26131 25497
25788 25061 26729 25806
25864 25127 26846 25639
25756 25624 26441 25439
25796 24887 26322 26008
25647 25355 26251 25818
25998 25445 26630 25119
26298 25259 26461 25147
25502 24920 26772 25858
25707 24994 26872 25513
26345 25333 26294 25193
25961 25014 26748 25413
25620 25454 26308 25763
25597 25229 26583 25965
26256 25029 26136 25614
25559 25353 26630 25713
25681 25432 26171 25768
26164 24773 26306 25810
26290 25128 26472 25169
26253 25189 26112 25472
26055 25557 26221 25349
25989 25568 26259 25366
26121 24894 26528 25684
25734 24979 26922 25682
26175 25041 26192 25717
25682 25586 26213 25605
25757 25215 26714 25633
25909 25268 26803 25133
25749 24747 26599 26067
26387 25155 26151 25209
25535 25281 26730 25748
26065 24862 26430 25787
26222 25346 26323 25203
25762 25137 26169 25943
26056 25304 26649 25290
25972 25033 26333 25985
26157 25220 26116 25635
26208 25125 26498 25303
25921 25285 26060 25815
25540 25095 26595 25994
26140 25315 26537 25266
26146 24855 26072 25844
25980 25031 26657 25848
25926 24714 26437 25991
26220 25379 26160 25582
26364 24770 26146 25504
26282 24897 26289 25564
26281 24902 26109 25590
26187 25191 26081 25676
25592 25437 26700 25342
25658 25417 26718 25505
25786 25516 26582 25387
26152 24868 26381 25687
26117 25393 26352 25256
26228 25118 26616 25188
25846 24840 26333 26018
26164 25090 26619 25240
25977 25554 26331 25248
26321 25052 26370 25215
26054 24900 26180 25953
26053 24752 26272 26001
25695 25148 26391 25940
26186 25217 26088 25647
25387 24909 26798 25798
25954 25101 26817 25649
26206 24808 26228 25800
26040 24765 26809 25555
25922 25577 26269 25461
25752 25384 26625 25565
25907 25089 26014 25936
25857 25371 26672 25563
25616 25027 26753 25904
25891 25463 26556 25509
26105 25364 26247 25438
25641 25391 26687 25614
26006 25106 26557 25752
26245 25262 26345 25346
25737 25110 26709 25673
26049 25374 26043 25658
25947 25046 26135 25869
25766 25102 26422 25960
26131 25028 25995 25809
25532 25022 26870 25599
25717 25077 26405 26021
26062 24797 26344 25852
25823 24856 26398 26028
26171 25409 26446 25124
25955 25193 26144 25797
26118 25099 26176 25719
25562 24979 26575 26014
25803 24792 26633 25930
25925 25257 26069 25790
25674 25200 26285 26006
26097 25535 26204 25508
25780 25225 26813 25247
26062 24946 26063 25925
25879 25574 26350 25548
25588 25395 26760 25561
25562 25529 26123 25645
25831 25486 26546 25505
25709 25563 26524 25486
25957 24961 26786 25552
25879 25004 26836 25711
25828 25024 26740 25735
26042 25336 26535 25527
25673 25167 26652 25922
26241 25010 26278 25641
26067 25476 26371 25354
25801 24849 26576 25946
25611 25140 26363 25982
25801 24849 26907 25378
25587 24952 26482 25976
25543 25255 26557 25820
26292 24981 26433 25198
25817 25066 26277 25958
25705 25441 26678 25629
25859 25243 26858 25164
26059 25199 26002 25754
26044 25445 26538 25275
25653 25234 26959 25517
26183 25201 26029 25669
26167 25131 25992 25781
25809 25294 26562 25659
25896 25130 25984 25934
26169 24819 26367 25773
26087 24967 26434 25631
26196 25084 26587 25551
25999 24706 26592 25966
26028 24807 26517 25860
25783 25388 26637 25533
25565 25265 26155 25977
25830 25472 26458 25598
25995 25465 26510 25377
25665 25520 26564 25467
25770 24989 26796 25771
25700 25402 26078 25761
25825 25289 26693 25672
26093 25469 26456 25363
26351 24859 26254 25456
26233 24881 26526 25351
25790 25544 26525 25394
26260 24915 26364 25629
25806 25087 26816 25653
26025 25155 26670 25451
26217 24877 26581 25375
26165 25389 26182 25417
25944 25231 26449 25679
25860 25351 26585 25571
25723 25614 26508 25407
26017 25193 26038 25796
25851 24925 26181 26083
25569 25285 26439 25840
25531 25030 26823 25734
25975 25273 26742 25533
26307 24933 26049 25557
26080 25258 25988 25683
26289 24962 26098 25556
25847 25489 26084 25736
26072 24958 26847 25470
25889 25544 26281 25528
26119 24830 26298 25826
25875 25199 26789 25465
26193 25539 26285 25351
25836 25241 26551 25658
25882 25127 26076 25938
26149 25301 26032 25637
26207 24828 26168 25733
25870 25355 26783 25537
25951 25244 26095 25802
26238 24779 26413 25664
25745 25444 26493 25532
26245 25143 26292 25491
26129 25105 26310 25701
26022 25096 26011 25914
26046 25152 26013 25798
26083 25350 26355 25558
26139 25160 26236 25574
26096 25404 26342 25382
25614 25469 26597 25664
26012 25047 26712 25476
25793 24631 26676 25977
25986 25274 26191 25730
25914 25009 26716 25775
26039 25421 26628 25500
26143 24871 26234 25796
25712 25294 26340 25866
25604 24957 26481 25966
25642 25489 26396 25646
26073 24846 26206 25881
26162 25338 26265 25569
25847 25455 26452 25544
25998 24972 26500 25887
25850 25425 26575 25524
26205 24823 26209 25803
25670 25321 26539 25720
26034 25341 26451 25662
25949 25561 26605 25308
26201 24968 26295 25746
26126 25332 26421 25327
26219 25310 26473 25278
26271 25203 26469 25257
26263 25124 26385 25303
26133 25300 26442 25339
25841 25208 26450 25741
25650 25292 26538 25783
25962 25395 26642 25453
25836 25082 26622 25835
25942 25506 26449 25398
26057 25398 26162 25612
25874 25327 26666 25486
25570 25055 26852 25535
26018 25039 26652 25577
25977 25086 26504 25862
26035 25582 26244 25242
26107 25018 26594 25459
26194 25133 26302 25548
25780 25229 26531 25890
26078 25145 26663 25517
25741 25440 26675 25514
26025 24842 26299 25865
25812 25409 26379 25627
26112 24789 26573 25888
26170 25210 26553 25264
26130 25163 26418 25463
26001 25248 26314 25767
26239 25076 26394 25431
26230 25358 26062 25580
26137 25161 26283 25511
26107 25401 26276 25431
25845 25073 26217 25922
25573 25220 26766 25539
25668 25554 26399 25507
25989 24806 26585 25831
25895 24937 26444 25979
25745 25274 26809 25261
26278 25292 26295 25242
25994 25088 26388 25846
26066 25038 26209 25792
25894 25171 26271 25835
26020 25342 26565 25540
26009 25527 26419 25623
26125 24749 26271 25848
25811 25452 26598 25420
26305 25169 26470 25164
26123 25472 26235 25413
25872 24924 26540 25998
25720 25069 26661 25864
26277 25203 26308 25321
25885 25382 26234 25704
25837 25141 26526 25915
26193 25309 26571 25219
25788 25046 26793 25690
26011 25316 26200 25725
25997 25150 26689 25578
25802 25343 26647 25681
25869 25502 26521 25454
25609 25548 26638 25514
26289 24960 25981 25602
26091 25223 26196 25667
26015 25435 26187 25536
26273 25073 26215 25563
26225 25184 26242 25515
26085 25228 26425 25458
26044 25104 26464 25731
26010 25012 26091 25925
25868 25182 26612 25744
26248 25000 26359 25451
25904 25212 26608 25734
25949 24885 26676 25701
25941 25530 26475 25359
25932 25458 26466 25504
26154 25288 26325 25370
26021 24986 26756 25617
25763 25459 26688 25466
25688 25415 26742 25481
26075 25245 26601 25529
26036 25427 26274 25456
26180 25381 26179 25360
26111 25178 26329 25495
25934 25291 26487 25692
25897 25264 26590 25560
25962 25368 26662 25474
25852 25375 26328 25669
26041 25372 26365 25407
26348 25327 26245 25452
26101 25353 26429 25454
25744 25449 26580 25567
25533 25279 26253 25983
25990 25550 26447 25358
26203 25081 26382 25494
25665 25301 26751 25670
25927 25157 26668 25628
25902 25158 26591 25907
26298 25221 26332 25216
26100 25147 26537 25434
26088 25219 26288 25621
26014 25054 26614 25619
25713 25087 26774 25796
26135 25359 26381 25167
25822 25429 26364 25739
25899 25364 26392 25808
25686 25477 26512 25531
25582 25324 26660 25694
26160 25330 26418 25210
26287 25047 26382 25421
25717 24924 26392 26078
26156 25258 26383 25445
26190 25436 26103 25398
25763 25157 26763 25624
26058 25378 26548 25391
26245 25257 26025 25501
26106 25020 26202 25774
26262 25292 26165 25462
25823 25296 26602 25586
25669 25238 26544 25939
26106 25438 26050 25426
26064 25247 26502 25402
26054 24974 26127 25908
26015 25072 26640 25518
26086 25195 26520 25465
26198 25022 26454 25533
26064 24880 26256 25968
26030 25183 26416 25712
25973 25280 26542 25579
25544 25590 26474 25508
26058 24701 26614 25706
26140 25045 26477 25606
26041 25239 26631 25396
25910 25437 26567 25390
25865 25199 26707 25828
26252 25091 26149 25755
26114 25299 26384 25423
26350 24954 26227 25341
26224 25211 26354 25402
26160 25185 26184 25615
25773 25250 26723 25547
25903 25266 26756 25482
26095 25173 26309 25610
25917 25226 26448 25833
26191 24913 26590 25498
26048 24825 26277 25912
25751 25524 26444 25493
26145 25491 26261 25379
26061 24997 26265 25765
25943 25324 26360 25699
25717 25300 26706 25586
26147 25522 26344 25202
26155 25265 26483 25412
26051 25283 26373 25642
25983 25389 26439 25568
26249 25063 26235 25659
26385 25142 26196 25481
26184 25374 26314 25386
25717 25117 26188 25948
26272 24935 26447 25186
25937 24977 26693 25759
26028 25304 26569 25529
25950 25135 26378 25791
26057 25064 26402 25637
25976 25244 26411 25759
26048 25108 26263 25723
26189 25144 26267 25453
26170 25092 26400 25600
26112 24999 26188 25725
25921 25205 26485 25756
26073 25089 26701 25200
25919 25344 26210 25670
26113 25381 26148 25441
25888 25136 26719 25666
26098 25111 26628 25611
26018 24803 26450 25905
26174 25258 26414 25442
25789 25421 26771 25435
26048 25268 26497 25479
25767 25276 26572 25706
26151 25261 26546 25381
25887 25190 26781 25361
26004 24955 26419 25828
25834 25269 26408 25753
26231 25329 26273 25329
25815 25396 26272 25761
25750 25420 26575 25609
25797 25395 26476 25695
26119 25209 26253 25593
26048 24996 26338 25740
25858 25404 26533 25601
26081 25362 26519 25187
