3086 1179.23
29658 26066 25945
29491 25798 26393
29459 26396 25815
28370 26482 27336
28275 27223 26632
28129 27103 27022
28153 26833 27198
29352 26551 25836
28404 27187 26518
28318 26534 27308
28287 26585 27335
29474 25841 26418
28243 27213 26693
29546 25814 26304
28170 26978 27081
28199 26652 27295
28211 26933 27101
29511 26351 25851
28428 26459 27282
28134 26926 27111
29517 25879 26364
29625 26055 25968
28192 27034 27071
29450 26486 25866
28358 26706 27207
29638 25958 26048
29501 25858 26382
29570 26229 25846
29519 25847 26370
29556 26239 25883
28382 26686 27219
28181 27105 26965
29429 26037 26446
29563 26027 26159
29614 25974 26146
28261 27165 26785
29589 26198 25892
29622 26058 25959
28316 27180 26665
29314 26504 25993
28213 27171 26868
28330 27003 26894
28817 26985 26212
29545 25888 26305
29189 26102 26627
29467 25936 26451
28459 27018 26760
29296 26007 26584
29377 25905 26550
28996 26719 26224
28454 26595 27227
28441 26804 27016
29586 26162 25980
28307 26618 27275
28673 26843 26614
29421 26498 25917
28402 26519 27302
29402 25866 26523
29543 25801 26337
29577 25923 26259
29300 26109 26503
28734 26555 26934
29281 26010 26598
29019 26423 26662
29629 26013 26076
29135 26703 26030
29127 26656 26077
28245 26830 27239
29515 26315 25911
28529 27113 26449
29155 25950 26794
29244 25900 26712
28303 27062 26914
29239 26166 26527
28379 27024 26870
28493 26940 26828
28485 26973 26756
29598 25963 26188
28853 26590 26740
28248 26889 27143
28897 26680 26552
28234 26913 27092
29541 26237 25903
29011 26631 26288
28473 26529 27229
28596 26542 27122
28753 26533 26929
28890 26639 26565
28298 26813 27169
29037 25893 26950
29453 26298 26038
29414 26183 26208
29433 26268 26204
29537 26087 26129
28376 26861 27083
28292 26997 27001
29638 25912 26169
28588 26755 26887
28278 26989 27061
29573 26046 26119
29560 26133 26062
28552 26891 26787
29082 26491 26420
28951 26749 26333
29521 26282 25963
28366 27071 26852
29486 26377 25878
28599 26697 26882
29055 26231 26715
28423 26562 27269
29473 26372 25897
29359 26477 26003
28523 26737 26991
29409 26335 26053
28591 27010 26432
28944 26637 26440
29024 26576 26385
29198 26455 26252
28774 26612 26845
29275 26417 26256
28232 26925 27137
28489 26518 27162
28762 26684 26790
28435 26504 27262
29456 26451 25876
28409 27090 26734
28281 27159 26748
29375 26306 26168
28505 27053 26618
29212 26514 26246
28651 27013 26426
29584 25981 26158
28467 26769 27119
28912 26745 26492
28462 26948 26791
28536 26589 27097
28226 26855 27184
28500 26776 26997
29361 26460 25999
29066 26531 26406
29264 26628 25985
28582 26565 27116
28957 26612 26633
29462 25812 26457
28505 26896 26853
28268 27118 26952
29191 26608 26183
29592 26040 26104
29070 26365 26578
28396 26928 26981
29477 25918 26391
28306 26760 27246
28421 26711 27163
29396 26128 26341
29322 26142 26427
28562 26901 26706
28447 26968 26798
29094 26321 26631
28353 27143 26727
29221 26330 26412
28373 26956 26910
29595 26073 26027
29524 26079 26164
29227 26094 26620
28417 26621 27256
29270 26427 26220
29113 26656 26140
28730 26748 26679
29347 26258 26262
29002 26525 26483
28477 26736 27066
28255 26994 27032
28323 26813 27154
29578 26077 26067
29504 26215 26101
29357 26325 26074
28540 26726 27042
29440 26191 26152
28423 27094 26673
29534 25945 26292
28412 27046 26761
29263 26275 26286
29371 25864 26575
29058 26473 26437
28324 27127 26806
28471 26918 26884
29415 25909 26497
29007 26765 26111
29530 26286 25949
28743 26420 26986
29528 26144 26135
28519 26943 26814
28230 26910 27182
29508 26016 26269
29088 26211 26704
28833 26851 26322
29143 26148 26685
29160 26400 26477
29393 26434 26023
28841 26757 26542
28438 26976 26812
28717 26614 26862
28547 26902 26840
28246 26870 27176
29399 26288 26195
28828 26339 26926
28312 27027 26939
29233 26205 26502
29134 26568 26301
28874 26641 26572
29308 26251 26329
29030 26445 26601
28785 26873 26404
28962 26558 26590
29320 26605 25936
29250 26546 26091
28413 26660 27202
28745 26408 27011
28619 26671 26890
29174 26406 26362
29042 26678 26134
28907 26528 26718
28741 26480 26931
28576 26687 26937
28791 26779 26628
29268 26432 26203
29481 26151 26231
29292 26409 26267
28881 26505 26766
29075 26464 26555
28452 27081 26725
28222 27217 26660
29245 25996 26610
29389 26138 26333
28389 27100 26729
29535 26096 26094
28720 26839 26643
29441 26159 26320
29364 26280 26228
28299 26983 26976
29424 26112 26379
29406 25967 26464
28732 26820 26495
28391 27044 26817
29498 26155 26205
29327 26272 26273
29400 26311 26084
29086 26442 26472
28343 27039 26875
29606 26062 26066
29109 26226 26652
29105 26361 26518
28264 27140 26845
28979 26468 26676
28495 26845 26905
29341 25961 26541
28468 26668 27129
29331 26452 26107
28993 26733 26282
28452 26647 27143
28975 26559 26538
28688 26848 26515
28638 26617 27008
28856 26398 26842
29305 26386 26174
28710 26354 27033
28611 26622 27000
28584 26564 27076
28515 26630 27049
29464 26308 26035
29551 26150 26084
28327 26881 27106
28922 26316 26824
28860 26669 26621
28847 26709 26498
28634 26432 27150
28385 26732 27189
29214 26414 26279
29235 26505 26177
29338 26001 26532
29205 25941 26709
28361 27150 26559
29334 26262 26312
28346 27073 26750
29600 25929 26170
29318 26342 26238
29550 26178 25956
28607 26497 27067
29425 26044 26401
28685 26865 26508
29540 26175 26010
28720 26625 26859
29496 26201 26142
29022 26600 26397
28800 26447 26917
28538 26993 26626
29241 26021 26649
28988 26781 26184
28694 26596 26906
29609 25918 26161
28925 26410 26688
28531 27038 26673
28218 27133 26915
29205 26683 25929
29590 26118 26044
28286 26867 27130
29258 26485 26126
28418 27007 26877
29006 26516 26547
28991 26724 26358
28973 26573 26589
28802 26414 26958
29367 26205 26323
28824 26827 26344
28632 26741 26833
28627 26810 26745
28555 26792 26979
28918 26784 26262
28336 27135 26746
28809 26818 26469
29283 26580 25943
29613 26173 25923
28806 26677 26638
28292 26923 27057
29470 26337 25922
28914 26500 26736
28645 26942 26534
28198 26831 27194
28947 26405 26742
28713 26478 26960
29385 26152 26413
29493 26239 26016
28845 26825 26347
28647 26791 26723
29252 26308 26310
28821 26481 26808
28559 26662 26972
28509 26643 27054
28870 26338 26802
28725 27033 26245
28198 27067 27024
29206 26437 26351
29461 25988 26326
28371 27105 26701
29604 26082 26010
29448 25970 26399
29332 26172 26337
29373 26243 26275
29246 26235 26486
29040 26292 26683
29248 26345 26373
29488 25984 26314
29350 26125 26470
28778 26691 26717
28545 26695 27032
29451 26326 26011
29038 26469 26490
28667 26548 27021
28363 26950 26946
29123 26368 26512
28798 26601 26782
28668 26922 26374
28766 26816 26566
29246 26464 26214
28617 26774 26822
29443 26387 26040
28980 26539 26479
28970 26290 26779
28608 26652 26921
28604 26797 26770
28338 26879 27086
28270 27004 26996
28831 26246 27052
28526 26808 26943
28445 26907 26955
29048 26260 26666
28566 26874 26710
28301 26664 27253
29601 26120 25933
29532 26200 26122
29207 26575 26021
28517 26763 27005
28389 26954 26902
28272 26967 27089
29150 26251 26570
28904 26627 26523
28616 26526 27036
29049 26674 26153
28641 26567 26973
28938 26390 26783
28769 26869 26459
28483 26849 26944
28929 26708 26511
28243 27102 26980
28624 26763 26855
28347 27154 26666
29441 25957 26468
28865 26508 26776
29538 25992 26276
28321 27146 26802
28381 27056 26817
29023 26381 26640
29183 26116 26659
28625 26856 26694
29336 26024 26577
29147 26348 26548
29008 26634 26417
28220 27130 26865
29371 26067 26422
28808 26877 26315
29387 26383 26060
28573 26959 26669
28936 26650 26465
28585 27033 26415
29195 26521 26230
29167 26403 26403
28653 26978 26448
28781 26722 26646
29203 26131 26592
29548 26051 26096
29405 26392 26050
28223 26963 27094
29153 26545 26221
29104 26314 26563
28393 26689 27197
29183 26450 26343
28934 26665 26509
28679 26787 26760
29437 26256 26116
28314 27055 26898
29144 26643 26194
28524 26812 26967
29157 26482 26410
28699 26731 26697
28658 26726 26775
29261 26443 26156
29171 26490 26295
28350 26829 27108
28901 26779 26299
28433 26841 27038
29284 26525 26057
29288 26152 26561
28749 26791 26604
29156 26193 26567
29446 26091 26277
28314 27079 26834
29156 26359 26532
29479 25929 26376
29548 26181 25982
28864 26772 26460
28663 26729 26764
29445 26019 26330
28779 26571 26837
28343 26906 26984
29437 26051 26326
29390 26218 26293
29036 26355 26644
28863 26538 26687
28878 26795 26296
28702 26915 26507
28340 27121 26753
28984 26488 26583
28795 26463 26923
29110 26579 26271
28635 26715 26797
29326 26122 26483
29166 26215 26540
28691 26789 26753
29529 26228 25953
28301 26785 27247
29439 26220 26148
28320 26801 27179
28284 26802 27191
29100 25982 26700
29257 26542 26162
29033 26318 26751
28705 26882 26434
28839 26457 26836
29318 26247 26443
28865 26662 26579
28513 26639 27063
29223 26121 26609
28681 26501 26963
28569 27080 26505
29061 26643 26238
28663 26885 26656
29206 26209 26525
29478 26071 26297
29386 26296 26174
28212 27028 26982
28361 27123 26703
29061 26255 26654
29096 26222 26656
28364 27137 26647
29180 26332 26527
28603 26825 26836
29210 26375 26352
29117 26430 26457
29040 26394 26606
28514 26965 26733
