96469 3300.89
29042 25845
26003 29070
29017 25938
29025 25896
26026 29056
28930 26174
29040 25881
28939 26137
28889 26259
28973 26056
27899 27703
26110 29020
26136 28999
27717 27898
28896 26221
28983 26031
28370 27126
28957 26073
28988 25999
26133 29019
28918 26185
29003 25971
29006 25958
27727 27880
28989 25988
26825 28633
28836 26357
27637 27968
28378 27105
26864 28604
26437 28856
26493 28824
28828 26373
28464 26970
26454 28847
26926 28567
28909 26200
26932 28549
28867 26300
27240 28317
27960 27638
27530 28066
27478 28109
27798 27804
27996 27588
26775 28661
27908 27678
26311 28928
28871 26278
26011 29062
28423 27043
27803 27787
27568 28027
26083 29021
28640 26693
26293 28933
27665 27929
26839 28624
28036 27545
26163 28998
28459 26985
28713 26571
26939 28540
26371 28887
27489 28097
27774 27829
28452 26994
27750 27854
27562 28040
28980 26041
28758 26481
26423 28862
28504 26909
28782 26443
28531 26867
27361 28218
28554 26834
26957 28539
28944 26117
26364 28894
28024 27557
28357 27133
28003 27572
28773 26459
28500 26930
28949 26098
28798 26414
26845 28606
28484 26941
27645 27953
28692 26596
28325 27174
27698 27900
28163 27395
28428 27023
27556 28050
28155 27400
26331 28908
27602 28003
28683 26612
26472 28825
27622 27972
27450 28137
28323 27190
28119 27441
28820 26382
28540 26854
28165 27378
28581 26779
27943 27641
26233 28958
26706 28703
26388 28883
27267 28297
26319 28922
27523 28073
28765 26474
27431 28154
28663 26656
28405 27070
28732 26531
28574 26797
28474 26959
28900 26207
27755 27838
28846 26320
28755 26499
28557 26816
27680 27927
27007 28500
27961 27621
26345 28902
27760 27835
26167 28995
26182 28989
26589 28768
27574 28015
27104 28430
28312 27191
28309 27204
28058 27503
27288 28272
28609 26724
28568 26810
27732 27867
28842 26337
26213 28972
27335 28243
27883 27707
26351 28900
26791 28655
28212 27333
28196 27336
27125 28412
28631 26703
28494 26932
27502 28090
26874 28594
27091 28431
28818 26393
28012 27571
26967 28535
27977 27604
27541 28053
28620 26723
28334 27169
28278 27240
28607 26738
27338 28238
28673 26630
28803 26398
28788 26440
28596 26758
28096 27473
26574 28775
27383 28201
27207 28347
27257 28304
28394 27076
27655 27938
26720 28698
27212 28329
26795 28641
26460 28839
28017 27559
26329 28917
27779 27819
28185 27359
28839 26341
26809 28636
26198 28974
26693 28708
26683 28715
28883 26267
27021 28489
26757 28666
27019 28495
27345 28226
27057 28466
28586 26769
28285 27234
28218 27315
27604 27988
28579 26792
28737 26520
28942 26125
26667 28725
28714 26551
27048 28471
26635 28745
27350 28225
26747 28673
26561 28781
26506 28819
27420 28162
27131 28406
26222 28962
26195 28979
27089 28442
28241 27290
28146 27409
28258 27270
28056 27515
28789 26423
28390 27081
28213 27326
27283 28285
26841 28613
28954 26086
27689 27914
27370 28203
26279 28940
26762 28663
27194 28348
28298 27205
28070 27501
26514 28808
27787 27809
27174 28372
26253 28951
27514 28083
27034 28485
28705 26578
28436 27013
26185 28985
28874 26269
28103 27460
28047 27529
28443 27004
28228 27308
27387 28194
28051 27520
27690 27902
28771 26465
28336 27158
27403 28183
28665 26642
27211 28339
28621 26709
28388 27094
28288 27225
27275 28293
26580 28774
26901 28576
28092 27481
26597 28763
28274 27250
27183 28360
26644 28741
28726 26538
28135 27417
27138 28401
27686 27922
27106 28418
28677 26620
28231 27296
28406 27059
26265 28941
26627 28748
26076 29040
27739 27857
26913 28570
26284 28937
27868 27723
27163 28377
26601 28758
26536 28800
26889 28586
28861 26308
27247 28311
28591 26764
28386 27100
28124 27433
27178 28369
26995 28506
26971 28526
28188 27349
28354 27143
28642 26677
28806 26395
26734 28678
26425 28859
27498 28094
26655 28726
26526 28803
27987 27596
27302 28259
28851 26317
28525 26873
27875 27718
27141 28394
28476 26946
28668 26638
28513 26893
28180 27367
28646 26667
28099 27461
28244 27278
28598 26744
27079 28443
26610 28755
27418 28165
27406 28167
26807 28640
28653 26659
28173 27375
28144 27413
28856 26310
26646 28734
28293 27211
27610 27986
27516 28081
26220 28969
26507 28814
28134 27425
27914 27668
28289 27215
28074 27496
26721 28692
27404 28170
28083 27482
27543 28052
26743 28676
26700 28707
28545 26838
26998 28502
26912 28574
27393 28188
28350 27147
28128 27429
26980 28519
26676 28723
28794 26422
27153 28382
26989 28514
26468 28835
28429 27017
27964 27613
27849 27734
26725 28684
26081 29035
27649 27948
28899 26219
28514 26886
27453 28130
26793 28652
26551 28787
27114 28416
26523 28807
28561 26812
28413 27045
28251 27272
27310 28258
26619 28750
28221 27309
27924 27661
27916 27663
27251 28307
27988 27595
26654 28732
27736 27861
27060 28458
28694 26591
28953 26093
27299 28267
28039 27536
27848 27741
27297 28271
27148 28391
28624 26704
28233 27291
27856 27731
26560 28785
27933 27654
27926 27656
26976 28523
26883 28592
27938 27645
27282 28290
26258 28946
28517 26879
28442 27007
27067 28454
28698 26585
28408 27051
27909 27675
27845 27747
28738 26512
27433 28146
28541 26847
26082 29028
28750 26502
26546 28788
27398 28187
27161 28380
28599 26741
28344 27151
27614 27975
26729 28682
28744 26503
28506 26898
28341 27153
28040 27532
27974 27610
28651 26663
28177 27371
26677 28717
28742 26509
28722 26543
27071 28447
27313 28253
27190 28353
26390 28877
27613 27978
28475 26952
28075 27487
27862 27726
26986 28515
26616 28754
28521 26877
28700 26581
27189 28358
26540 28791
28679 26614
27935 27649
27152 28389
28644 26676
26469 28830
27969 27611
26895 28583
28076 27483
28247 27276
28193 27346
26393 28873
26898 28582
27587 28007
27315 28248
28542 26840
26539 28795
28195 27343
28505 26900
27073 28445
28720 26547
26397 28871
26261 28943
27878 27713
27035 28480
26880 28593
27064 28456
27859 27728
28412 27049
27880 27711
27113 28417
26247 28957
27586 28014
27039 28476
27870 27720
27231 28328
27331 28247
27844 27759
27801 27799
27827 27773
27434 28142
26466 28838
26402 28870
28269 27260
27907 27683
26071 29041
27593 28006
26415 28865
28117 27454
27941 27642
27365 28204
27650 27944
27786 27813
27811 27784
27473 28123
