15608 780.335
27565 23159 22824 22047
27453 22699 22260 22757
26878 24485 24266 21048
25142 26303 24719 22648
23007 23645 27561 24683
22662 21104 24355 27735
22496 21131 24097 27798
21782 22848 26008 26785
27364 23133 22474 23105
26776 24552 24274 21224
25937 22569 22611 25863
23637 21237 24000 27580
27505 23221 22307 22336
23985 21158 24704 27070
23071 22174 24430 27697
27380 23072 22376 22911
26860 24548 24396 21404
24146 21317 24909 26628
23103 23502 27481 25302
26328 24578 24888 21273
26833 24642 24234 21597
21868 23144 26075 26716
23740 23631 27496 25137
23629 21540 24589 27559
22303 22734 26564 26249
26390 24432 24951 21679
23910 21801 24131 27526
27427 23367 22367 22803
23137 23536 27356 25448
23347 21835 24655 27620
25419 25889 25165 21953
24228 21494 23671 27365
25087 25733 25579 23119
22126 21574 25243 27462
21888 24144 25786 25715
26272 25128 24528 22947
24803 26004 25458 23309
27310 23323 22772 23132
23926 21649 24774 27144
21924 22619 26058 26819
22740 21889 24942 27600
22454 22316 25213 27750
26758 24504 24315 21525
24283 21617 24260 27013
24172 25104 26465 23760
27502 23485 23005 22582
27197 24337 23636 21894
26911 24669 24029 21272
23771 21859 25431 26751
27214 23860 23530 22227
23363 22446 25454 26811
22712 21413 24738 27604
26611 24450 22812 23890
22210 22860 25380 26934
25699 26098 24727 22721
26637 24517 24666 21626
27345 23201 22875 23648
22077 22639 26037 26720
26934 24365 24100 23278
23274 24122 27432 24562
25533 26125 24677 22663
25355 26150 24571 21787
24392 21734 24058 27175
27008 24719 23966 22018
26972 24222 24286 21843
23965 24469 26237 25163
22276 22530 25868 27226
23673 21584 24811 27265
26422 24932 24837 22683
22902 22370 25290 27398
23952 24904 25921 24939
25360 26065 24973 23212
23956 21445 24493 27253
24146 22402 24752 27042
26805 24742 24186 22336
25548 25974 24992 23185
27125 23305 23161 23521
26499 23792 24210 24306
26204 24938 25180 21463
25206 24383 24512 24739
26072 25952 23888 22400
24115 21368 24657 27317
27027 23924 23464 23793
22646 23809 26354 26323
23423 24050 27543 24689
27261 23437 23646 23167
22442 23097 26936 26061
23709 24209 27209 23431
22669 23856 26289 25869
26082 23340 23036 25119
24366 24797 26269 24715
23991 23875 25125 26124
23434 23308 26970 25503
23094 24397 27318 24438
23902 24626 26579 25404
26292 25231 25087 22488
26000 25193 25384 23472
22159 22945 25881 26610
26528 23846 23697 24274
23514 22218 24649 27239
25384 25690 25520 22139
23246 24679 26490 24999
22638 22305 25904 26791
26561 24779 23206 24255
25119 22810 24924 25220
25118 25796 25644 22832
21970 23367 26136 26573
27359 23572 23354 22065
27057 24760 23423 22185
24051 25269 25590 24642
25609 23388 24853 25946
22593 23101 26556 26274
27021 24585 23501 21771
26370 24990 24693 22129
22530 23100 26443 26354
26199 22841 22647 25261
23821 24291 25810 25489
23795 24149 27076 24023
22979 23751 27300 24978
25058 25837 25657 23489
24617 22151 25551 26158
24204 25410 25769 24446
22042 23147 26298 26465
25767 25364 25202 22834
26151 22859 22261 25236
27292 23681 22631 23448
24815 21386 23983 26857
24080 24161 26521 24900
25320 26202 24971 22859
24327 26250 25066 22557
26701 24006 23145 23355
22884 22211 24808 27492
27431 23971 23114 22664
26598 25210 24540 22883
26238 25511 25125 22847
24866 23615 24619 25904
26687 25025 23798 21503
25244 26260 24632 22619
24256 23041 25880 25549
24570 22251 23734 27255
24126 25058 26607 23722
27458 23452 23228 22478
22338 23428 26535 26002
24341 22655 24247 26947
24664 22106 23913 26861
24749 25626 25716 24040
23457 24097 25677 26226
25312 22867 23598 26374
24998 26221 25099 22611
23757 21979 24163 27459
26950 24507 23681 22551
25794 22696 23404 26069
24578 21716 23944 27159
25002 25572 26075 23729
22353 23020 26541 26531
23045 23919 27385 24786
24320 24459 26833 24670
25402 25534 25995 23587
25133 25384 25558 24225
26737 24824 24481 21694
26355 23556 23901 25020
25712 23110 23584 25581
27087 23964 23865 22783
26225 24299 23955 24382
25509 25913 24999 22450
25778 25707 24637 22729
25225 24616 26156 24264
24508 25991 25344 23862
27260 23849 23130 23991
22429 22763 25971 26623
26854 24885 24045 21462
25158 26159 25386 23389
24915 25883 25504 23842
26871 24325 24485 21430
23392 22348 25704 26550
26210 24091 22728 24809
23654 24705 27004 24134
27143 24315 23715 22319
24877 25523 26204 23995
25634 24375 25697 23382
23539 22254 25114 27200
27324 23397 23439 22562
24600 24256 25043 25537
24037 22508 24900 26563
22011 22996 25325 26960
27209 24015 23655 21815
22770 24078 26727 25245
24427 25640 24428 23932
24499 22599 24302 26642
25564 25648 25358 21739
22508 23169 26429 26143
22942 21816 24746 27470
23642 22778 24084 26888
22245 22637 26015 26913
23107 22913 25942 26483
25821 25315 25285 22397
23534 21686 24823 27328
23945 23758 27430 23541
23414 23370 24317 26307
25830 25599 24342 22799
22558 23239 26844 25898
24191 24873 26478 24234
22393 23491 27171 25505
23170 21680 25377 27001
27457 23612 23327 22262
24093 24794 26679 23050
26882 24843 23771 22347
23303 24423 27052 23918
25589 24406 25683 24167
25185 24057 23859 25605
27101 24415 24072 22386
26967 23823 22705 24141
23492 23544 26815 25478
22964 24057 27160 25043
25725 24234 23338 24664
22933 23028 25824 26918
25172 25014 26044 23921
24893 21754 22908 26802
24688 26047 25387 22992
25868 24023 25628 22501
26828 24780 23777 22009
26173 23733 23070 24833
25769 25826 25105 23896
27391 23709 23235 21967
23878 25338 26068 24498
22783 22345 25530 27341
27070 24442 23420 21716
23195 23888 26786 25630
26713 23642 23042 24065
23033 23551 27260 25352
25911 25933 24302 22038
24676 21630 23090 26910
24968 25084 26224 23517
24794 22137 24067 26607
23195 24276 26378 25419
27306 23682 23458 21884
25509 25167 24461 24010
22860 23659 27272 25381
24986 22263 23546 26684
23022 23569 27200 25427
25668 23143 22841 26010
27168 23865 22993 23202
26641 25099 24152 22358
26034 23351 22941 25526
26338 24595 23580 23870
23887 24772 26321 24634
24542 23282 25427 25835
24790 22423 24177 26620
26501 25427 23551 22604
23583 21501 24833 27318
23729 22688 24788 27129
25569 26038 24875 22285
23550 21593 24378 27562
23589 22000 24108 27248
25259 25777 25379 23255
24856 25611 25513 23562
24520 23833 27018 23816
25889 25484 25359 22215
24831 24546 26750 23717
22859 22938 26706 26205
25470 24131 24608 25590
27062 23521 24117 22183
25237 23080 24372 26422
23646 23470 26685 25146
25168 22080 23978 26733
22794 24137 27113 24917
26119 25854 24657 22109
25923 22960 24405 25670
26837 23451 23269 24464
26445 23781 22977 24725
23261 24807 26738 24626
24464 21960 23792 27098
26481 25329 24172 22455
24935 25057 25634 24113
25284 24182 24911 24829
26301 24687 25031 21856
24726 23227 25747 25510
25109 23212 24969 25338
22825 23916 27285 24972
27166 24155 23094 21971
26200 23402 22694 25097
24587 22973 25318 26173
26890 23115 22642 24421
23572 21940 24656 27322
26582 23980 23797 23613
24859 24856 26123 25094
25486 23066 23642 26268
25453 24218 26085 22293
26192 25247 23550 23339
26650 24663 23529 22419
24613 21922 23939 26774
22508 22332 24948 27497
25972 24201 25401 24173
24360 23490 24870 26049
23156 22066 24983 27440
23206 23716 27406 25213
26027 25300 25028 23505
24415 23914 27233 23979
24651 24034 27035 23243
25388 25757 25353 22615
25042 25404 26105 22961
23939 21768 24555 27104
23177 23336 25713 26491
25656 22048 22746 26145
22042 22662 25982 26925
26324 23853 23740 24110
23785 24446 26928 24466
25100 22720 24883 25822
27401 23451 22746 22733
25872 22686 23935 25840
25326 22891 24646 26195
25022 24043 25034 24927
25939 23043 23992 24786
26726 22869 23564 23569
26636 24874 23276 23670
24299 22964 25852 26434
22388 22551 25873 26977
26749 22885 23390 24400
25065 23246 25225 25278
24446 25659 25613 23677
25496 25275 25889 23073
25958 24918 24139 23641
23552 23032 26753 25286
24405 22097 26097 25719
26125 25136 23895 23595
24026 24974 26636 23577
26759 23906 22667 23941
24060 25476 25426 24343
22149 23175 26461 26089
22005 23120 25776 26629
24776 24569 26779 23553
22599 22755 26317 26664
24756 22370 23917 26682
25675 24074 25731 23006
25271 22037 23999 26448
24627 25549 25604 24105
25687 24528 25289 24360
23973 22986 24912 26836
25957 25446 24783 23497
22835 23317 26176 26577
24296 25403 25518 24873
22798 22849 26856 25796
26664 24830 24562 22282
24213 24083 27095 25057
25447 25469 25744 23219
25852 23006 23620 26014
24705 22707 25606 25774
22470 23555 26410 26298
26341 25279 24734 22100
26183 22485 22664 25215
26755 23773 22867 24008
26720 24477 24229 23079
24892 25493 25475 23910
24023 24539 26523 24265
25692 22667 23789 25945
23600 23955 25415 25837
25739 23992 23391 25372
23059 22464 25500 26754
26139 24089 23489 24920
24337 22589 25140 26515
24801 21875 24470 26411
23069 24344 26997 24567
26043 24693 25535 22443
27077 23917 23809 22969
22258 22591 25157 27382
25998 24859 23190 23808
26464 25594 24294 23105
26712 24045 22958 23949
23903 22020 23845 27387
27131 23476 23518 22867
23444 24393 26772 25203
25149 22675 24895 25747
23020 21769 24798 27554
24440 21903 23889 26902
23164 24107 26023 25889
24480 23910 26453 24760
24682 24010 24581 25683
25489 25876 25244 22748
25412 22553 23876 26581
26101 25585 24713 22173
24745 21880 24898 26394
26470 25067 23835 23021
25893 23425 23306 25188
23386 23731 26803 25223
23930 24956 26105 24695
22716 23483 26854 25741
24524 25227 26146 24591
21919 22905 25483 26976
22066 22535 26321 26593
23834 25035 26230 23962
26094 22715 22898 25207
25863 25677 24684 22424
22137 23240 25948 26595
22623 23609 26361 26101
26850 24135 23292 23323
24131 22072 24454 27246
22429 23190 27135 25477
26960 24210 23306 22701
24531 24731 26394 23884
24401 21778 23967 26895
23430 21824 24644 27719
24143 24268 26482 25657
23381 23708 27033 25067
25323 23265 25255 24771
22854 21967 25059 27452
25987 24878 25277 24610
23322 23776 26865 25523
23080 23492 26917 25471
25631 24982 24014 24074
23128 21719 24709 27734
23251 22286 25310 27026
23238 22279 25232 27297
21956 23265 25628 26668
27321 23948 23381 23130
23224 23317 26391 26339
23139 22287 24537 27436
26049 24350 23194 24622
24104 25078 25641 24839
25900 24987 24215 23774
24707 24236 24500 26170
27184 23896 23601 22286
25440 25364 25567 24436
24941 22270 23829 26759
22885 23742 26875 25350
26678 23597 24600 22994
23475 24261 26717 25071
22550 23251 26773 26029
24556 23476 26888 24532
24102 25456 26156 24196
25426 22999 24390 26212
23055 23456 27069 25793
26448 23652 23613 24956
24414 25667 25835 23805
23214 24966 27038 23684
25616 24071 24269 24805
23895 23681 26671 25207
22358 22390 25337 27409
24409 21424 24627 26669
27159 24308 23139 23833
26162 24837 25150 22083
24817 24194 25411 25102
24640 24414 25809 25240
22871 22745 25372 27290
27117 24206 24630 22165
25593 22496 24360 25966
26543 23995 23848 23400
22989 22752 25480 27281
26429 24324 23826 23692
23876 21744 24678 27305
26381 23716 23627 24431
26254 24088 23900 24552
23137 25152 26488 24219
22614 22407 25869 26973
23858 24124 26884 24079
23333 24167 26655 25526
23637 23932 27225 24193
24056 23946 25025 25974
26806 24176 24331 22292
24372 23783 25776 25886
23254 22051 24508 27418
24887 25558 25481 24092
26684 23445 24032 23620
25270 25771 25270 23331
26546 23590 22920 24522
23471 23586 26193 26200
25856 25118 25404 22711
26015 22886 23403 25364
23848 23650 25491 25983
24065 25036 25863 24839
23526 22269 25215 27088
23465 24300 26903 24613
26510 24123 23699 23697
26166 24565 24404 23028
25734 23938 23305 25392
24219 24357 25140 25785
23482 24509 26916 24579
24242 24977 25572 24962
25567 22796 23669 26096
27152 24173 23427 22468
24484 24666 26403 23422
23342 23260 27011 25438
24723 25088 25145 24539
22472 22726 25702 27138
25322 23691 25604 24497
23108 24585 26643 25052
23973 25029 26485 24311
22960 23885 25854 26027
26549 24314 24968 22586
22365 23819 26358 25675
27292 23997 23710 22110
27379 23610 22928 22896
25510 24782 25653 23332
25914 25217 25149 21799
22848 23606 25368 26326
23351 23948 27137 24879
24607 22493 23680 26871
25542 24689 25973 22628
25907 22385 22925 25991
24977 23820 24141 25618
23292 23325 26404 26095
