32573 1110.61
19202 18814
19227 18774
19146 18884
19224 18786
19234 18764
18432 19582
19303 18664
19131 18905
18980 19083
19233 18770
19002 19054
19094 18947
19290 18684
19450 18419
19296 18682
19211 18801
19007 19053
19101 18937
19141 18892
19086 18957
19236 18762
19206 18807
19265 18722
19172 18844
18356 19633
18680 19380
17542 20046
18233 19723
18365 19631
19179 18842
19307 18662
18262 19703
19212 18792
19270 18720
19374 18561
19299 18679
19109 18931
19096 18945
18039 19839
17642 20023
19126 18906
19328 18636
18317 19664
17771 19975
18846 19227
19173 18843
17950 19896
17777 19970
17749 19984
18127 19795
18194 19757
19273 18718
17543 20044
17487 20071
17568 20038
18115 19809
18200 19752
19133 18896
19009 19045
18014 19860
17426 20077
18162 19775
18166 19770
17514 20050
18090 19816
18312 19671
18266 19697
17810 19955
18374 19628
17908 19918
17978 19883
17947 19901
17882 19920
17926 19907
18047 19838
18309 19680
17820 19952
19089 18953
18489 19546
18390 19613
18230 19729
19213 18790
18117 19798
17982 19878
18324 19658
17838 19943
19041 19015
18346 19650
17799 19967
17525 20048
18366 19629
18252 19715
18195 19753
17819 19954
18525 19514
17571 20037
18767 19304
18470 19554
18296 19690
18883 19190
18208 19745
17670 20015
18940 19137
18328 19656
18172 19769
18401 19609
18158 19776
18099 19810
17606 20033
18882 19192
17862 19940
18434 19579
18542 19501
18753 19324
19302 18666
18763 19309
18791 19279
18762 19310
18466 19558
18626 19434
17714 19998
18977 19092
18677 19382
19051 19007
18953 19114
18916 19152
19021 19037
18717 19350
18875 19199
17836 19944
18548 19500
18087 19823
18705 19364
18765 19305
17735 19985
18803 19272
18553 19492
18860 19226
18301 19686
18137 19789
18636 19431
18416 19596
18353 19647
19407 18497
18672 19387
19301 18678
18807 19267
17945 19902
17720 19990
18996 19067
18938 19143
19000 19063
18487 19549
18393 19612
18465 19563
18964 19113
18340 19654
19441 18460
18550 19496
18538 19504
18839 19245
18569 19485
18685 19375
19012 19044
17997 19863
17634 20025
19349 18619
19363 18594
18714 19353
17617 20026
19332 18621
18632 19433
18948 19121
19449 18421
19367 18592
18670 19396
17562 20042
19097 18942
18787 19289
18456 19571
19231 18771
18742 19331
18990 19078
18184 19758
18509 19520
18969 19107
18797 19276
19064 18990
18842 19231
19371 18562
17987 19875
18639 19414
19327 18643
19259 18752
18784 19292
18598 19456
19045 19014
18377 19624
19474 18395
19219 18789
18951 19120
18924 19147
18658 19412
18441 19577
19125 18915
19439 18482
19419 18496
18379 19618
19383 18559
18692 19372
18476 19552
18035 19846
19478 18392
19155 18878
19122 18927
19326 18653
18781 19302
18302 19684
19507 18355
19370 18570
18354 19636
18214 19743
19223 18787
19546 18264
19406 18520
19071 18980
19351 18611
18255 19709
19617 18038
18136 19790
18666 19401
19199 18829
18523 19518
19471 18413
19387 18551
19277 18711
18182 19759
18906 19172
19390 18539
18621 19440
18430 19594
18218 19741
19188 18832
18733 19334
17934 19905
17509 20058
19237 18756
18903 19175
19201 18819
18809 19265
17869 19938
18684 19377
18128 19793
19098 18940
19288 18696
19241 18753
19038 19029
17953 19886
19592 18133
19424 18485
19182 18837
19287 18699
18970 19096
19225 18779
18947 19122
18873 19207
19587 18198
19240 18754
18034 19847
18028 19855
18381 19617
18065 19835
19016 19041
19085 18967
18575 19470
17876 19926
18889 19187
18603 19441
18242 19721
18175 19762
17835 19945
18222 19733
18816 19260
18504 19537
17995 19868
18506 19531
18275 19693
19588 18141
19513 18305
19609 18129
18724 19348
17671 20006
18122 19797
19562 18210
19531 18298
19170 18862
18406 19604
18865 19208
18709 19361
18877 19196
18517 19519
17690 20002
19616 18116
19559 18249
19508 18325
19500 18380
19162 18863
18323 19662
18207 19748
19137 18895
19311 18661
18945 19131
18821 19259
18915 19153
19446 18436
18913 19163
18591 19464
18729 19337
18243 19719
19289 18688
19571 18209
18116 19803
19148 18883
17989 19871
19405 18535
19386 18552
