1057 60.0462
2938 3532 3222 3193
2894 3528 3259 3155
3209 3450 3087 3179
3385 3282 2980 3045
3223 3451 3050 3127
3206 3390 3215 3185
3108 3505 3165 3198
3240 3334 3149 3075
3248 3353 3097 3161
3256 3290 3028 3189
3045 3544 3134 3211
3179 3413 3153 3174
3106 3569 3154 2993
3222 3406 3173 3087
3266 3375 3069 3010
3244 3391 3006 3122
3238 3378 3138 3147
3204 3408 2990 3201
3164 3335 3222 3205
3153 3382 3227 3185
3309 3238 3135 3128
3372 2976 3064 2999
3322 3206 3108 2960
3093 3564 3129 3172
3050 3551 3277 3084
2989 3566 3245 3099
3007 3572 3213 3115
3254 3222 3168 3021
3063 3576 3197 3087
3051 3549 3161 3142
3155 3499 3110 3120
3054 3547 3173 3107
3027 3593 3195 3136
3015 3627 3187 3086
3156 3492 3066 3119
3132 3569 3101 2925
3289 3353 2852 3171
3247 3273 3130 3099
3005 3585 3244 3067
3261 3163 3175 3035
3241 3338 3008 3165
3203 3355 3137 3202
3045 3583 3129 3193
2974 3592 3248 3034
3048 3641 3100 3074
3270 3356 3053 3147
3063 3650 3118 2965
3055 3625 3141 3044
3052 3588 3138 3157
3023 3654 3103 3041
3010 3632 3147 3110
2968 3515 3278 3129
3046 3651 3179 2975
3269 3354 3068 3128
3303 3350 3096 3108
3260 3245 3133 3035
3247 3225 3145 3069
3245 3210 3138 3141
3242 3333 3140 3057
3347 3180 3090 3113
3011 3670 3095 3188
2934 3689 3150 3095
3051 3601 3118 3149
3024 3659 3082 3107
2984 3684 3155 3007
3012 3680 3137 3060
3162 3534 3117 3048
3279 3278 3073 3132
2971 3575 3209 3081
2902 3611 3123 3214
3307 3230 2971 3165
3209 3510 2979 3156
3056 3599 3175 3071
3041 3584 3080 3190
2980 3569 3205 3130
3314 3266 3079 3089
3006 3640 3233 3039
3248 3401 2933 3191
3246 3152 3143 3092
3234 3433 2804 3196
3195 3441 2953 3203
3261 3176 3033 3165
3099 3546 3255 3097
3088 3474 3300 3096
3077 3524 3237 3109
3038 3466 3317 3057
3021 3609 3178 3119
3270 3314 3098 3140
3117 3420 3279 3164
3259 3332 3117 3176
3209 3528 3058 3086
3187 3447 3202 3136
3145 3451 3250 3173
3045 3651 3166 3098
3041 3607 3230 3001
2995 3680 3153 3050
2983 3702 3102 3011
2926 3576 3237 3075
3118 3559 3101 3114
3045 3610 3212 3032
3195 3486 2924 3180
3250 3325 3128 3059
3061 3627 3165 3038
3029 3636 3124 3115
3014 3665 3111 3131
3029 3605 3189 3149
3302 3313 3019 3124
3266 3334 2988 3167
2961 3610 3187 3122
2851 3511 3287 3094
2943 3702 3126 3071
3341 3209 2982 3137
3238 3313 3028 3205
3017 3579 3241 3023
3196 3481 3133 3088
3261 3338 3124 3081
3174 3408 3253 3110
2929 3637 3205 3113
3266 3216 3124 3137
2947 3664 3184 3053
3081 3672 3066 3093
3007 3631 3241 3058
2961 3555 3255 3077
2898 3565 3278 3090
3067 3611 3137 2989
3169 3431 3237 3106
3021 3657 3115 3101
3016 3686 3031 3169
3103 3608 3121 3097
3097 3668 2992 3162
3054 3595 3133 3161
3039 3588 3053 3204
3033 3558 3227 3121
2969 3602 3211 3059
3055 3545 3154 3148
2921 3566 3142 3224
3285 3234 3154 3017
3076 3570 3054 3216
3113 3441 3229 3190
2984 3577 3102 3200
2952 3594 3211 3126
3113 3396 3223 3232
3072 3573 3295 3072
3014 3467 3316 3117
2998 3467 3235 3251
3074 3449 3312 3149
3043 3524 3258 3160
3028 3559 3211 3239
3157 3490 3097 3145
3136 3550 3138 3114
3073 3508 3281 3103
3045 3532 3210 3189
3044 3512 3307 3063
3010 3529 3186 3250
3005 3580 3222 3070
2999 3493 3299 3071
2980 3576 3133 3178
3166 3430 3309 3123
3140 3382 3310 3139
3107 3446 3236 3179
3071 3480 3307 3105
3043 3481 3281 3119
2868 3565 3241 3159
3199 3352 3235 3082
3141 3481 3262 3071
3139 3357 3278 3146
3028 3459 3286 3201
3189 3472 3233 3061
3178 3345 3317 3120
3121 3432 3247 3181
3118 3503 3262 3085
3072 3454 3226 3191
3070 3470 3262 3175
3048 3525 3262 3125
3045 3499 3278 3136
3053 3626 3188 3067
3051 3506 3292 3106
3006 3571 3231 3089
2950 3540 3312 3087
3168 3449 3201 3089
3171 3385 3234 3156
3123 3476 3291 3085
3227 3238 3238 3134
3172 3410 3266 3082
3162 3330 3275 3137
3152 3356 3320 3143
3119 3308 3360 3081
3082 3484 3273 3055
3061 3474 3315 3145
3060 3514 3194 3185
3057 3382 3300 3221
2976 3496 3294 3177
2951 3424 3335 3123
3254 3414 2942 3126
3215 3490 2700 3161
3196 3470 2817 3194
2991 3577 3084 3238
3239 3416 3031 3043
3068 3404 3286 3218
3396 3341 2877 3038
3327 3459 2900 3059
3058 3666 3016 3147
3324 3422 3006 3073
3268 3419 3024 3031
3264 3367 3100 3006
3254 3269 3052 3188
3184 3316 3321 3077
3175 3333 3323 3071
3137 3352 3346 3079
3080 3403 3337 3054
2948 3461 3284 3195
2990 3525 3254 3140
2895 3640 3208 3073
3077 3611 3089 3094
3013 3686 3132 3118
3010 3630 3145 3118
3009 3662 3099 3182
3171 3426 3163 3154
3167 3460 3206 3220
3230 3385 3179 3164
3207 3333 3219 3160
3167 3433 3216 3245
3124 3455 3124 3280
3061 3411 3204 3273
3198 3447 3148 3178
3051 3413 3320 3142
3027 3423 3258 3204
3187 3480 3146 3018
3030 3390 3299 3199
3212 3462 3130 3166
3163 3487 3180 3196
3024 3495 3277 3186
3033 3422 3180 3310
2895 3550 3269 3096
3081 3380 3210 3274
3168 3457 3117 3254
3139 3426 3137 3264
2944 3588 3131 3187
2979 3356 3212 3292
2962 3367 3206 3299
3035 3300 3209 3285
3026 3364 3208 3286
3019 3453 3227 3204
3082 3485 3143 3261
2981 3473 3144 3291
2901 3322 3203 3363
2962 3574 3207 3087
3374 3410 2933 2959
3365 3321 2925 3141
3303 3399 2955 3134
3302 3397 2954 3158
3287 3225 3007 3166
3276 3402 3011 3112
3275 3351 3070 2995
3271 3377 3034 3013
3269 3303 2996 3228
3257 3400 3115 3094
3249 3465 2934 3066
3249 3377 2930 3213
3203 3473 3092 3142
3056 3619 3128 3075
3054 3686 3029 3105
3051 3622 3134 3133
3020 3626 3109 3117
3012 3714 3094 3078
2999 3638 3119 3186
2998 3718 3037 3058
2992 3689 3110 3157
2990 3688 3137 3120
2986 3646 3169 3128
2984 3675 3166 3154
2981 3650 3185 3075
2979 3695 3162 3041
2971 3695 3097 3155
2958 3582 3235 3117
2939 3604 3216 3085
3040 3706 3047 3126
3015 3691 3129 3070
3025 3326 3248 3296
3003 3618 3168 3091
2926 3601 3185 3192
3031 3341 3244 3309
3030 3494 3211 3258
3020 3383 3360 3220
3005 3729 3008 3096
3108 3598 3046 3138
3038 3685 3047 3155
3141 3433 3099 3260
3029 3415 3221 3254
3002 3469 3189 3269
3011 3610 3139 3133
2963 3333 3287 3306
2964 3373 3352 3253
3175 3373 3187 3249
3351 3330 3036 3098
3274 3421 3018 3091
3244 3418 3019 3085
3060 3426 3318 3197
3023 3661 3044 3188
2998 3635 3150 3139
3046 3664 2906 3200
2891 3391 3267 3269
3022 3337 3320 3182
2953 3428 3190 3340
3087 3467 3128 3278
2980 3734 3070 3125
2969 3470 3203 3334
2957 3452 3246 3272
2955 3398 3185 3368
2939 3500 3176 3338
2937 3460 3182 3351
2928 3468 3158 3365
2910 3289 3236 3331
2909 3443 3249 3306
2894 3357 3252 3351
2845 3366 3217 3335
2963 3488 3128 3365
2953 3475 3224 3334
2802 3417 3272 3240
3072 3728 2927 3001
2905 3460 3293 3221
3163 3553 3115 3089
3111 3678 3018 3123
3108 3615 3091 3062
3056 3686 2935 3014
3043 3710 3083 3072
2973 3725 3125 3123
3366 3425 2878 3100
3327 3344 3049 3020
3320 3341 3036 3105
3294 3431 2997 3022
3275 3461 2928 3106
3264 3428 2995 3062
3264 3407 3035 3011
3262 3388 2969 3156
3248 3493 2981 3056
3230 3423 3037 3106
2752 3558 2982 3356
2891 3533 3202 3277
3045 3242 3279 3264
2974 3474 3188 3326
2971 3513 3121 3292
2908 3492 3194 3307
3041 3539 3160 3180
3103 3590 3111 3116
3028 3529 3218 3175
3034 3396 3264 3273
3001 3387 3153 3325
3031 3358 3284 3234
2950 3494 3160 3309
2946 3497 3182 3299
2885 3528 3122 3330
3184 3312 3238 3163
3071 3451 3239 3204
3061 3395 3253 3278
3056 3480 3226 3220
2887 3546 3191 3292
2981 3506 3095 3325
2951 3488 3202 3284
2941 3515 3146 3317
2908 3474 3235 3196
2987 3713 3030 3091
3064 3619 3113 3157
2918 3773 2954 3155
3132 3366 3147 3286
3033 3400 3225 3279
3128 3428 3156 3279
3107 3503 3245 3166
3151 3445 3164 3237
3129 3396 3253 3225
3126 3348 3225 3264
3114 3379 3242 3235
3229 3402 3066 3170
3211 3264 3179 3202
3011 3356 3279 3240
3354 3393 2918 3115
3299 3442 2988 3066
3291 3498 2945 3064
3274 3355 3075 3086
3266 3429 2984 3071
3260 3333 3008 3207
3256 3458 3024 3056
3256 3392 3068 3104
3255 3413 3034 3108
3244 3449 2959 3086
3242 3478 3024 3150
3202 3451 2982 3198
3183 3505 3051 3130
3178 3458 3137 3252
3103 3414 3275 3252
3080 3508 3194 3230
3032 3445 3237 3208
2977 3403 3200 3299
3194 3378 3163 3233
3135 3312 3200 3256
3183 3385 3170 3254
3089 3400 3161 3273
3056 3334 3175 3291
2949 3444 3256 3237
2758 3516 3120 3362
3090 3355 3285 3202
3243 3266 3232 3060
3216 3253 3259 3045
3189 3368 3225 3104
3174 3397 3212 3120
2938 3572 3114 3244
3109 3580 3153 3077
3067 3567 3167 3129
2977 3451 3270 3210
3045 3500 3110 3280
2940 3546 3158 3240
2938 3550 3114 3295
2930 3533 3113 3310
2926 3602 3029 3302
2895 3582 3094 3240
2879 3567 3102 3264
2857 3564 3180 3231
3113 3556 3150 3086
3069 3151 3189 3282
3065 3600 3146 3032
2898 3585 3079 3232
2978 3574 3112 3216
2941 3567 3115 3250
2886 3610 3101 3275
2985 3469 3237 3213
2979 3421 3265 3238
3075 3443 3287 3175
3108 3350 3263 3208
3071 3305 3188 3275
2974 3346 3300 3278
3058 3357 3267 3256
3012 3384 3188 3289
2914 3603 3148 3163
3239 3283 3248 2988
3230 3251 3253 3007
3217 3232 3246 3054
3190 3398 3278 2973
3170 3345 3244 3165
3161 3314 3254 3162
2976 3469 3238 3208
3045 3555 3043 3262
2995 3481 3072 3310
2986 3582 3086 3257
2967 3604 3074 3271
2931 3519 3118 3294
2917 3533 3212 3231
2905 3563 3131 3227
2901 3587 3146 3225
2900 3620 3133 3226
2900 3577 3136 3236
2878 3572 3091 3279
2877 3590 2980 3330
2867 3582 3121 3263
2865 3611 3137 3283
3123 3551 3086 3133
2954 3595 3191 3148
3010 3585 3025 3320
2969 3583 2980 3351
2989 3465 3270 3201
3065 3337 3307 3203
3027 3517 3212 3202
3009 3395 3274 3260
3106 3397 3298 3196
3103 3307 3287 3234
3094 3460 3167 3263
3080 3321 3305 3222
3060 3318 3347 3215
3237 3371 3157 3200
3009 3318 3278 3320
3149 3384 3218 3222
3140 3420 3243 3230
3133 3445 3102 3272
3122 3402 3133 3287
3090 3466 3128 3263
3084 3447 3185 3277
3062 3360 3198 3283
3046 3391 3231 3281
3121 3476 3018 3313
3157 3402 3125 3257
3136 3506 3140 3239
3102 3536 3152 3259
3080 3435 3157 3303
2986 3455 3172 3283
3142 3471 3093 3204
3083 3420 3078 3356
3072 3373 3015 3377
3055 3574 3058 3209
3050 3520 3044 3286
3044 3549 3137 3202
3028 3569 3063 3235
3028 3566 3112 3279
3018 3479 3059 3376
3010 3473 3045 3403
2982 3544 3030 3289
3018 3436 3079 3413
3039 3443 3079 3350
3183 3464 3138 3227
3043 3445 3107 3328
3041 3532 3123 3279
3155 3413 3100 3270
3127 3382 3002 3329
3033 3563 3084 3248
3014 3370 3141 3385
2961 3405 3094 3415
2957 3584 3075 3271
3099 3553 3125 3235
3094 3607 3130 3119
2966 3562 3243 3141
3181 3395 3184 3211
3169 3430 3201 3248
3085 3524 3179 3198
3083 3443 3243 3197
3078 3460 3240 3171
3074 3340 3282 3216
3117 3518 3016 3246
3124 3378 3230 3236
3103 3418 3134 3297
3034 3323 3140 3338
3208 3314 3245 3068
3194 3380 3228 3080
3137 3457 3198 3271
3091 3471 3199 3243
3090 3563 2943 3279
3069 3430 3166 3318
3067 3475 3137 3284
3032 3522 3102 3286
3020 3558 3108 3281
3000 3482 3102 3306
3114 3390 3027 3307
2983 3453 3023 3418
2801 3461 3051 3395
2990 3351 3102 3423
3078 3375 3156 3310
2913 3345 3279 3298
3227 3287 3209 2996
3212 3345 3279 3063
3211 3399 3210 3062
3200 3232 3270 3080
3180 3385 3278 3129
3180 3315 3312 3148
3134 3356 3345 3064
2992 3402 3310 3239
2991 3318 3299 3241
2987 3359 3334 3265
3030 3423 3055 3376
2996 3432 3069 3439
2983 3513 3044 3310
3018 3421 2959 3450
3093 3390 3161 3279
3075 3483 3045 3317
3037 3383 3195 3321
3136 3418 2973 3393
3104 3533 3137 3262
3097 3382 3000 3363
3069 3405 3085 3323
3053 3344 3202 3285
3046 3437 3007 3412
3033 3502 2988 3332
3013 3401 3109 3399
2998 3397 3091 3417
2997 3479 3018 3410
2970 3362 3083 3427
2950 3420 3115 3420
2923 3433 3090 3414
2876 3450 3075 3440
2875 3483 2986 3441
3163 3389 2813 3306
3143 3446 2998 3330
3118 3374 2983 3371
3110 3481 2978 3291
2933 3579 2911 3382
2889 3553 2876 3383
3133 3620 2945 3194
3110 3384 2987 3387
3073 3611 3130 3099
3067 3397 3027 3405
3053 3649 3079 3149
2998 3500 2906 3363
3013 3441 2985 3414
3164 3412 2840 3278
2925 3504 3015 3374
3114 3384 3030 3324
3080 3439 2978 3351
3002 3481 2979 3382
2963 3519 2969 3398
3068 3388 3035 3424
3034 3587 3202 3048
2957 3609 3186 3137
2941 3599 2978 3277
3040 3628 2860 3247
3003 3656 3124 3128
3109 3282 2943 3397
3026 3450 2977 3415
2920 3372 3076 3428
3134 3583 3048 3091
3086 3641 3043 3119
2970 3501 3217 3196
2961 3571 3184 3174
2933 3633 3183 3129
3071 3295 3075 3378
3197 3389 3078 3219
3154 3362 2981 3311
3129 3437 2917 3352
3113 3349 3060 3331
2954 3541 3001 3374
3132 3653 3042 3207
3093 3476 3075 3350
3085 3592 3010 3267
3083 3392 3012 3387
3081 3293 2979 3408
3028 3456 3070 3393
2992 3397 3170 3350
2923 3462 2965 3445
3016 3379 2988 3454
3093 3595 3122 3155
3197 3549 2932 3173
3188 3488 2889 3238
3174 3463 2962 3252
3153 3249 3049 3316
3148 3576 2983 3141
3145 3605 3031 3173
3108 3539 3031 3273
3075 3608 2919 3240
3071 3573 3104 3167
3217 3490 3014 3160
3169 3512 2964 3223
3160 3576 2906 3184
3148 3567 3066 3121
3117 3470 3076 3289
3108 3548 3099 3213
3108 3516 3111 3193
3104 3610 3099 3177
3103 3583 3002 3268
3094 3631 3061 3147
3051 3595 3168 3074
3062 3396 3106 3368
3048 3464 2923 3403
2995 3532 3009 3384
2958 3520 3056 3345
3129 3330 3027 3365
3105 3469 2960 3329
3104 3392 3058 3331
3001 3444 2909 3430
2996 3508 3065 3369
3235 3488 2797 3137
3183 3571 3015 3194
3168 3603 2887 3133
3160 3576 2908 3108
3132 3603 2965 3249
3129 3604 2949 3246
3116 3549 3097 3130
3116 3535 3018 3222
3111 3590 3061 3055
3101 3607 3052 3250
3084 3626 3047 3219
3060 3432 2965 3377
3058 3587 3113 3158
2976 3583 3144 3183
3212 3526 2969 3095
3207 3543 2864 3132
3203 3515 2934 3179
3193 3459 2948 3253
3188 3544 2921 3195
3184 3532 2999 3201
3149 3550 3005 3195
3025 3446 3137 3381
2954 3461 3038 3410
2893 3503 3082 3368
3226 3501 3095 3099
3222 3400 3000 3257
3143 3546 3066 3142
3119 3523 3000 3246
3090 3581 2867 3323
3014 3396 3016 3429
2906 3619 2875 3310
3080 3581 3148 3053
3000 3471 3076 3340
3223 3420 2989 3166
3212 3563 2862 3077
3072 3535 3008 3274
3068 3349 2849 3428
3128 3363 3051 3360
3107 3495 2962 3314
3101 3461 2948 3343
3061 3346 3128 3336
2994 3529 3032 3314
2967 3471 2893 3473
3067 3413 3020 3372
2967 3463 3092 3357
2967 3292 3359 3265
2886 3331 3307 3286
2842 3359 3172 3381
3081 3365 3157 3333
3274 3507 2849 3055
3165 3580 2892 3218
3152 3504 2990 3218
3103 3503 2964 3310
3055 3223 2960 3455
3116 3585 3086 3035
2947 3570 3168 3182
3198 3419 3020 3263
3087 3489 3019 3313
3112 3478 2967 3300
3064 3528 2958 3313
2907 3568 3226 3158
3035 3493 3030 3326
3013 3551 2995 3350
2987 3509 3029 3346
2889 3423 3119 3430
2997 3403 2936 3453
2891 3404 3210 3338
2848 3458 3117 3367
3005 3377 2963 3479
2995 3493 3014 3402
3039 3501 3122 3293
2971 3392 3179 3376
2922 3714 3002 3185
2863 3691 2943 3243
2824 3409 3155 3376
2814 3675 2869 3290
3151 3566 3121 3004
3046 3565 3149 3199
3023 3555 3226 3166
3002 3566 3227 3163
2865 3481 3108 3368
2993 3420 3098 3390
2857 3634 2896 3291
2821 3344 3186 3357
2812 3540 3031 3357
2928 3596 3187 3183
2877 3565 3166 3198
3077 3493 3185 3282
3061 3444 3202 3267
3030 3464 3110 3339
3174 3557 2963 3250
3109 3542 2979 3225
3012 3396 3148 3366
2969 3504 2912 3403
3093 3356 2946 3404
3055 3469 2952 3374
3038 3388 3070 3417
2962 3336 2942 3481
2958 3466 3084 3385
3208 3353 2962 3284
3185 3410 2975 3305
3164 3268 2964 3385
3147 3425 3053 3301
3131 3515 3060 3276
3130 3444 3011 3306
3075 3499 3006 3373
3130 3569 3132 3107
3108 3249 3295 3187
3021 3665 3143 3028
2922 3468 3227 3243
3174 3524 3062 3130
2997 3613 3161 3130
2875 3585 3199 3189
2852 3347 3258 3286
3141 3503 3029 3199
3043 3478 3072 3320
2987 3409 3150 3394
3091 3324 2972 3438
3128 3520 3072 3221
3069 3392 3005 3396
3068 3522 2970 3318
3061 3530 2937 3315
3024 3272 3286 3258
3050 3598 3132 3134
2956 3583 3131 3193
3125 3638 3058 3099
2976 3737 2984 3218
2946 3555 3251 3137
2871 3729 3097 3116
2865 3659 3068 3212
3106 3391 3330 3154
3093 3483 3269 3138
3075 3483 3303 3055
3064 3358 3410 3094
3055 3389 3362 3160
2978 3733 3034 3168
3107 3621 3111 3043
2990 3682 3056 3210
2958 3593 3215 3104
2957 3671 3179 3035
2877 3749 3105 3055
2909 3584 3096 3226
3147 3539 3069 3167
3010 3497 3036 3344
3210 3355 3254 2967
3081 3537 3066 3247
3058 3369 3337 3116
3037 3475 3243 3169
3144 3522 3228 3182
3119 3442 3331 3126
3036 3452 3244 3182
3204 3412 2922 3216
3148 3539 3222 3136
3133 3535 3204 3154
3105 3530 3109 3173
3103 3520 3183 3213
3089 3481 2961 3319
3083 3420 2942 3360
3081 3574 3210 3086
3058 3582 3167 3027
2995 3501 3252 3169
2951 3613 3141 3173
2909 3560 3072 3290
3153 3427 3217 3174
3083 3559 3169 3134
3083 3376 3325 3173
3069 3489 3267 3118
3067 3513 3233 3151
3047 3514 3086 3300
2876 3670 2988 3244
3016 3712 3085 3105
3010 3476 3379 3119
2994 3690 3067 3117
2969 3713 3023 3209
2966 3751 3100 3062
2957 3622 3076 3201
2938 3667 3170 3043
3046 3437 3245 3181
3397 3339 2937 3015
3360 3383 3017 3096
3355 3458 2849 3044
3343 3397 3006 3075
3332 3401 2990 2977
3325 3389 2880 3135
3324 3425 2929 3131
3317 3483 2874 3049
3315 3367 2934 3162
3307 3439 2976 3044
3293 3443 2905 3005
3287 3432 2956 3094
3287 3389 3006 3126
3277 3448 2967 2993
3276 3389 3039 2997
3269 3365 3088 3093
3266 3425 2841 3133
3240 3425 2971 3200
3225 3407 3106 3152
3211 3419 2978 3168
3200 3519 3058 3129
3113 3433 3313 3152
3109 3424 3268 3155
3056 3524 3258 3106
3055 3484 3261 3161
3171 3504 3160 2910
3049 3382 3291 3223
3023 3660 3052 3164
3008 3633 3128 3162
2988 3744 3143 3010
3044 3621 3134 3166
3020 3414 3342 3058
3151 3439 3296 3044
3133 3416 3316 3110
3120 3415 3323 3015
3075 3528 3262 3070
3379 3295 2948 3039
3377 3319 2901 3075
3361 3313 2939 3074
3359 3277 2953 3150
3339 3306 2966 3110
3334 3356 3006 3145
3328 3300 3021 3135
3321 3328 2820 3162
3291 3385 2926 3160
3274 3390 2970 3142
3263 3424 2951 3114
3263 3376 3069 3067
3253 3339 2973 3200
3244 3432 2986 3139
3240 3366 3046 3130
3132 3352 3289 3179
3117 3427 3321 3135
3112 3502 3271 3048
3088 3393 3368 3098
3387 3252 3061 3130
3287 3303 2930 3214
3397 3138 2996 2965
3291 3250 3099 2996
3246 3461 2949 3105
3305 3415 3008 3011
3229 3411 3048 2985
3143 3327 3278 3151
3122 3396 3278 3137
3103 3476 3255 3093
3073 3455 3318 3141
3433 3205 2829 3004
3321 3393 3014 3103
3321 3368 2901 3141
3299 3390 2994 3141
3291 3358 3060 3065
3284 3355 3018 3163
3282 3407 2984 3102
3226 3399 3039 3236
3352 3428 2974 3098
3339 3400 2975 3105
3314 3385 3011 3109
3293 3370 2998 3116
3283 3326 3069 3110
3263 3350 2927 3216
3261 3311 3129 3161
3254 3290 2938 3249
3248 3463 2859 3091
3141 3349 3058 3351
3220 3301 3206 2966
3126 3396 3369 3069
3122 3414 3255 3140
3105 3350 3371 3083
3090 3387 3349 3083
3085 3398 3364 3060
3078 3329 2902 3411
2980 3481 3004 3409
3163 3491 3139 2923
3307 3312 3086 3104
3297 3442 2832 3082
3278 3267 3050 3155
3217 3209 3097 3252
3343 3396 3033 3098
3153 3509 3268 3052
3107 3333 3343 3108
3100 3361 3392 3068
3091 3497 3262 3125
3066 3438 3341 3109
3111 3437 2960 3356
3085 3335 2971 3403
3156 3419 2826 3276
3109 3411 3066 3307
3101 3452 3035 3324
3018 3482 2935 3397
3110 3453 3334 3069
3053 3450 3312 3166
3009 3497 3287 3141
3128 3476 3300 3084
3123 3482 2941 3382
3110 3422 3340 3033
3093 3328 3384 3069
3077 3289 3383 3074
2957 3457 3087 3376
3036 3566 3150 3130
3129 3443 3275 3095
3084 3444 3278 3146
3023 3309 3393 3142
3011 3354 3370 3152
2972 3327 3389 3160
3204 3317 3230 3224
3142 3469 2952 3270
3127 3577 3112 3046
3075 3444 2945 3402
3037 3489 3009 3378
3008 3359 3366 3152
3097 3447 3326 3082
3020 3640 3107 3160
2989 3665 2957 3226
2971 3695 3048 3215
3171 3367 3325 3076
3105 3519 2947 3347
3105 3436 3001 3335
3057 3470 3298 3161
3041 3396 3338 3166
3036 3354 3368 3100
3025 3398 3334 3162
3004 3334 3393 3140
3000 3450 3216 3222
2977 3446 3312 3201
3035 3644 2961 3215
3023 3674 2963 3216
3009 3623 2935 3251
2995 3365 3174 3322
2986 3627 2993 3224
2985 3669 3037 3213
2950 3399 3127 3419
2931 3634 3084 3221
2918 3735 2947 3223
2918 3712 2897 3224
2912 3363 3189 3342
2898 3776 3020 3067
3083 3321 3050 3362
3068 3345 2888 3472
3001 3306 2974 3473
2989 3564 2916 3328
2958 3360 2938 3483
2896 3382 2994 3473
2992 3646 2969 3229
2990 3612 2980 3228
2978 3635 2993 3252
2977 3728 3107 3154
2970 3674 2871 3223
2953 3767 2944 3108
2943 3701 2995 3218
2941 3732 2987 3208
2936 3768 2998 3051
2924 3638 3139 3167
2912 3654 2976 3285
2887 3605 3054 3246
3121 3723 2824 2912
3183 3404 3234 3066
3076 3307 3340 3133
2967 3357 3391 3115
3027 3669 2857 3168
3076 3412 3384 3094
2980 3759 2995 3196
2943 3690 2958 3246
3112 3667 2930 2980
3044 3393 3045 3392
3065 3654 3023 3132
2967 3743 2873 3203
2962 3692 2875 3257
2984 3598 2903 3286
2949 3665 3011 3228
2966 3672 2908 3226
2919 3570 3036 3278
3190 3664 2990 3044
3041 3465 2964 3414
3020 3469 2947 3418
2934 3769 3052 3049
2952 3663 2954 3265
2863 3647 2989 3264
3051 3686 2989 3119
2985 3612 2793 3258
2972 3655 3029 3217
2905 3716 2918 3286
2897 3746 2930 3207
2950 3556 3076 3318
2925 3770 2992 3095
2890 2928 3286 3309
2914 3248 3275 3328
3191 3382 3141 3211
3003 3401 3312 3237
2986 3701 3040 3128
2873 3297 3381 3176
3161 3357 3090 3299
3202 3311 3136 3274
3182 3403 3207 3114
3160 3308 3197 3264
3159 3367 3253 3178
3159 3344 3217 3199
3144 3294 3246 3187
3115 3318 3259 3190
3208 3298 3213 3172
3052 3586 3165 3108
3009 3382 3205 3297
3189 3467 2999 3212
2962 3669 2950 3278
2929 3647 3045 3245
2890 3608 3023 3285
2877 3610 3139 3190
3067 3410 3033 3367
2946 3645 3073 3196
2891 3615 3072 3232
3147 3400 2911 3387
3034 3482 3056 3362
3023 3434 2943 3418
3089 3264 3163 3278
2926 3625 3094 3197
3369 3275 2878 3105
3338 3255 3055 3046
3066 3548 3247 3087
2949 3575 3174 3179
2949 3547 3269 3096
2885 3615 3210 3120
3110 3419 2982 3388
3075 3416 3060 3361
3075 3369 3026 3367
3073 3311 3058 3411
3066 3424 3036 3375
3043 3405 3049 3365
3036 3425 3085 3365
2973 3540 3089 3331
2951 3407 3107 3418
2891 3297 3215 3404
3106 3367 3070 3318
3050 3421 3086 3319
3009 3609 3115 3194
3000 3476 2992 3437
2983 3713 3034 3156
2979 3606 2959 3258
2977 3639 2992 3263
2964 3639 2939 3289
2942 3734 3080 3111
2937 3670 3015 3237
2927 3742 2971 3209
2908 3763 2887 3168
2825 3321 3159 3387
3102 3656 2854 3130
2937 3609 2810 3306
3060 3415 2977 3407
3057 3349 3053 3370
3013 3677 2982 3185
3007 3704 2971 3162
2987 3682 3086 3186
2970 3659 3029 3247
2869 3749 3014 3197
3047 3281 3128 3393
3001 3279 3179 3336
2997 3432 3140 3364
2986 3450 3133 3360
2960 3369 3100 3417
2934 3382 3150 3401
2879 3337 3170 3381
3064 3501 2991 3281
3076 3221 3106 3360
2995 3259 3169 3367
2965 3597 2887 3309
2945 3685 2933 3227
3232 3299 3095 3202
3169 3314 3212 3244
3154 3309 3247 3185
3122 3317 3255 3240
3008 3395 3307 3218
2985 3485 3072 3329
3061 3528 3017 3319
3073 3425 3007 3373
3048 3510 2978 3343
2989 3492 3048 3404
2984 3416 3069 3464
2977 3445 3021 3431
2956 3520 3013 3433
2951 3485 3043 3419
2939 3444 2994 3462
2939 3337 3138 3407
3009 3591 2953 3282
3171 3469 3024 3158
3029 3311 3041 3421
3043 3489 3048 3342
2900 3479 3295 3133
3085 3487 2900 3351
3074 3350 3020 3397
2997 3387 3071 3472
2995 3601 2916 3272
2994 3393 3380 3196
2928 3545 2977 3358
2995 3396 3360 3195
2986 3437 3234 3255
2982 3457 3303 3156
2938 3276 3394 3119
3039 3293 3291 3238
3056 3427 3082 3331
3029 3497 3267 3141
2865 3405 3360 3155
3116 3182 3293 3151
2905 3271 3411 3068
3217 3281 3045 3249
3021 3419 3225 3259
2981 3261 3338 3302
3132 3343 3183 3273
2915 3314 3297 3290
2867 3367 3293 3282
3053 3455 3141 3296
3050 3463 3035 3408
3021 3429 3255 3253
2982 3453 3080 3346
2851 3373 3193 3350
3060 3297 3085 3398
3097 3240 2916 3421
3085 3259 3000 3366
3121 3341 3104 3289
3100 3290 3140 3300
3003 3458 3266 3211
2943 3230 3398 3159
2851 3180 3100 3431
3040 3438 3209 3238
3029 3288 3138 3389
3020 3225 3079 3405
2994 3417 3339 3136
3001 3287 3172 3362
3315 3372 3042 3016
3298 3287 2935 3170
3267 3353 3029 3154
3374 3398 2884 3103
3290 3336 2909 3182
3286 3358 2971 3143
3283 3258 3015 3237
3270 3302 2970 3194
3247 3372 2961 3164
3241 3405 2970 3163
3178 3357 2769 3360
3168 3321 2817 3342
3161 3399 2856 3393
2992 3212 3291 3281
2969 3623 2822 3273
2962 3287 3410 3097
3386 3279 2986 3081
3185 3468 2978 3173
3045 3265 3384 3210
3036 3207 2983 3453
3011 3295 3102 3403
3001 3347 3155 3355
2991 3195 3189 3358
2990 3282 3261 3341
2987 3403 3342 3161
2959 3338 3232 3314
3172 3483 3019 3224
3201 3414 2953 3233
3140 3361 3071 3318
3135 3426 3010 3280
3134 3437 2919 3345
3080 3540 2951 3278
3410 3259 2993 3083
3361 3190 2827 3148
3309 3238 2948 3152
3274 3363 2972 3183
3017 3329 3339 3234
2945 3230 3381 3238
2930 3751 2998 3142
2909 3701 3075 3201
2848 3713 2980 3235
2998 3658 2969 3220
2951 3711 2916 3229
2941 3606 2854 3293
2948 3643 3062 3239
2905 3573 3031 3290
3164 3348 2951 3357
3150 3362 2956 3359
3059 3428 2958 3449
3049 3434 3091 3352
3006 3748 2992 3173
2978 3745 3119 3101
2953 3638 3047 3219
2845 3577 3135 3306
2921 3188 3389 3168
2889 3283 3405 3136
3292 3286 2951 3241
3280 3351 2936 3174
3272 3282 2972 3231
3265 3362 2918 3228
3147 3289 3070 3316
3145 3454 3019 3272
3130 3421 3057 3285
3153 3349 2929 3315
3056 3432 2991 3421
3051 3538 2932 3312
2950 3688 3144 3164
2989 3440 3333 3229
2963 3398 3361 3132
2855 3259 3396 3187
3277 3349 2893 3242
3259 3309 2942 3210
3178 3490 2869 3248
3142 3314 3025 3307
3137 3499 2959 3308
3099 3304 3300 3156
3038 3725 3008 3158
2937 3596 3116 3194
2922 3638 3028 3255
2901 3686 3106 3173
2893 3731 3087 3128
2831 3691 3120 3145
3052 3387 3116 3398
2975 3753 3060 3131
2901 3650 2843 3295
2892 3669 3168 3113
3237 3308 2942 3284
3219 3302 2974 3268
3199 3327 2988 3303
3191 3314 3055 3294
3165 3336 3146 3255
3165 3269 2937 3312
3095 3401 3147 3331
3024 3503 3057 3305
2982 3543 3037 3286
3124 3505 3071 3263
3149 3307 2960 3323
3059 3428 3062 3354
3255 3227 3088 3211
3250 3296 3041 3235
3248 3259 2988 3274
3234 3254 3028 3241
3230 3239 3136 3247
3221 3132 3080 3278
3205 3385 3131 3285
3163 3153 3054 3300
3150 3289 3066 3315
3129 3408 3129 3283
3035 3355 3075 3402
3000 3204 3069 3420
3125 3203 3141 3334
3250 3306 3015 3263
3203 3263 3047 3335
3061 3314 3173 3322
3313 3247 2868 3183
3269 3185 2968 3249
3230 3345 2940 3204
3221 3172 2942 3289
3200 3149 2961 3336
3199 3266 3043 3335
3194 3386 3094 3265
3187 3351 3016 3287
3168 3237 3062 3286
3151 3287 3115 3294
3148 3204 3125 3294
3131 3333 3138 3350
3216 3317 3124 3276
