25037 3600.01
9901 7967 7382
9858 8105 7371
7803 7354 9605
7641 9972 7491
7245 7624 9724
7031 7744 9713
7082 7791 9705
9823 8236 7396
9806 8307 7417
9860 8016 7439
7743 9950 7466
8092 7381 9503
7547 7417 9681
7847 9929 7466
7188 8127 9629
7786 7362 9609
8271 7394 9434
9875 8037 7433
7214 8268 9576
9881 7793 7589
7557 9965 7577
7727 7465 9639
9785 8406 7540
7448 7478 9701
9769 8453 7556
9844 8154 7527
7085 7946 9676
7144 7925 9680
7723 9962 7654
7303 7520 9716
7398 9951 7706
7466 7459 9693
7651 7448 9648
7128 7762 9700
7103 8277 9578
9873 7925 7497
7505 7420 9678
7113 7965 9669
7120 7784 9705
9866 7888 7537
9818 8258 7509
7768 7430 9621
7786 9946 7501
7746 9946 7587
9868 7834 7620
7151 8259 9582
7224 8525 9464
7779 7515 9615
7746 7391 9623
7146 7685 9720
7315 8374 9549
9681 8605 7634
9842 8158 7513
9833 8156 7640
7436 9947 7674
7827 9928 7606
7667 7433 9645
7998 9860 7855
7875 7498 9587
9853 8002 7613
9861 7973 7521
7276 7818 9683
7331 8688 9389
7165 7712 9714
7595 9938 7693
7501 9945 7669
7258 7545 9723
7434 7570 9698
9760 8424 7598
7702 9926 7777
7543 7922 9643
9855 8034 7597
9611 8727 7749
7173 7625 9714
7227 8344 9560
8043 8095 9458
7503 9935 7704
7644 7442 9655
7650 7505 9654
9672 8621 7625
9858 8103 7591
7995 7486 9546
7725 7565 9630
7587 9001 9179
9680 8571 7729
9751 8178 7968
7427 8676 9398
7127 7729 9716
7658 9903 7784
7263 7719 9708
7160 7646 9718
7214 8595 9444
7103 8286 9572
7511 9941 7672
9821 8218 7565
7466 7507 9684
7773 9409 8746
7757 7557 9617
7683 9930 7735
9879 7874 7511
9827 8020 7772
7766 7586 9615
7292 8426 9513
7933 9904 7680
8025 7527 9526
7470 9792 8142
7482 7531 9678
7405 7676 9678
9855 7970 7630
7646 9901 7789
7564 7623 9676
7158 7882 9686
7117 8137 9614
9767 8399 7575
7269 8230 9585
7234 8242 9581
7421 7600 9686
7828 8018 9554
8221 9479 8571
7516 8781 9364
8215 9784 8016
9865 7937 7660
9786 8304 7656
9097 9286 8011
8381 7947 9374
7386 7611 9689
8255 9765 8003
8222 7708 9446
7962 7695 9558
7906 9905 7710
7866 9910 7766
7770 9279 8876
7282 7748 9691
7820 7581 9602
7430 8923 9244
8227 9815 7875
7899 9890 7856
8253 9799 7736
7977 9883 7767
9724 7801 8075
8781 8530 9017
8640 7914 9200
8327 9745 7909
7903 7672 9583
9585 8762 7695
7622 8419 9495
7686 8015 9568
7479 9941 7738
7373 7607 9711
7777 9922 7652
7601 7725 9642
7384 7523 9710
9764 8395 7616
7863 9928 7520
9564 8762 8008
7360 7617 9693
7179 8495 9494
7617 8950 9202
7287 7710 9701
7349 7641 9695
9745 8478 7645
9865 8052 7435
8306 9755 7873
9835 8012 7691
9797 8315 7571
9770 8407 7558
8776 9519 7724
9668 8558 7967
9731 8472 7685
9252 8297 8715
8170 9211 8871
7824 9897 7832
9593 8750 7803
8464 8935 8919
9266 7988 8765
8124 9844 7819
8116 9820 7931
9858 7963 7609
9852 7740 7709
9772 8241 7846
9758 8237 7869
9609 8739 7718
9537 8864 7843
9311 8382 8664
8488 8866 8958
8290 9581 8390
7821 9123 9025
8266 9590 8434
8068 9685 8361
8000 7858 9509
7870 9309 8862
9522 8777 8019
8141 9775 8076
8138 9835 7816
7435 7551 9695
9776 8206 7828
8229 8651 9165
9460 7996 8513
9233 7896 8809
9218 9087 8146
8445 8064 9327
8306 8343 9322
8204 8084 9420
8169 9282 8823
7343 7643 9697
8135 9853 7775
7887 9779 8200
9177 8831 8585
8571 9609 8147
8069 9478 8653
7965 7562 9548
8098 9770 8118
8083 7690 9500
7785 7443 9614
7628 7576 9663
7268 7555 9713
9809 8143 7747
9614 8468 8187
9196 8961 8428
8146 9484 8577
7754 7820 9601
7278 8200 9599
7513 7637 9663
7484 7492 9681
9560 8122 8352
9048 8999 8494
8922 8431 8977
7590 8905 9249
7894 9776 8143
7249 7814 9694
9813 8289 7712
7238 8248 9580
7538 8055 9612
7497 8011 9623
7252 8088 9636
7707 7497 9640
7326 8317 9563
9591 8378 8238
7354 8045 9650
7337 8341 9543
7297 7664 9703
7567 7939 9623
9831 8115 7648
9830 8102 7664
9608 8709 7754
9598 8731 7743
9699 8564 7731
9330 9100 7733
8286 9758 7961
8234 8440 9283
8101 7831 9473
8124 9826 7849
9735 8356 7886
9659 8634 7642
8654 9389 8442
8507 8265 9241
8379 8645 9139
8275 9768 7876
8912 9463 7845
8399 7837 9362
8283 9483 8559
8003 9879 7716
9850 8057 7651
9840 8184 7623
9816 8042 7837
9128 7946 8916
9705 8347 7939
9506 8822 7941
9461 8947 7794
9444 7929 8560
9356 8703 8432
8578 8292 9188
8257 8389 9278
8248 8128 9387
8125 9550 8504
8090 7681 9518
7949 9533 8549
7825 9913 7702
7800 8759 9287
7764 8747 9310
7556 9899 7891
9540 7932 8381
8019 9810 8065
7948 9846 7965
7507 7698 9664
9793 8245 7792
9688 8636 7609
9455 8442 8461
9243 8880 8422
9237 9107 8144
9076 9063 8452
8897 9329 8287
8847 8391 9015
8701 9438 8330
8643 8491 9101
8552 9445 8430
8446 8464 9198
8412 9472 8484
7993 8366 9410
7791 8992 9141
7670 9893 7835
9211 8810 8520
8987 9312 8139
8985 8717 8785
8442 9575 8230
8404 7976 9353
8376 9612 8309
8374 8027 9351
8363 9718 7985
8268 9749 8062
8159 7866 9455
7921 8074 9499
7913 9893 7799
7885 9423 8733
7763 9916 7687
7721 9066 9100
7581 7658 9656
7363 7880 9668
8245 7810 9445
8179 9830 7763
8055 9790 8106
7902 9805 8136
7608 7736 9637
7599 7484 9677
7582 7823 9651
9804 8174 7790
9700 8559 7696
9567 7993 8356
9082 8718 8707
8975 8312 8941
8386 9137 8833
8040 8323 9412
7967 8626 9316
9656 8437 8089
9556 8566 8240
9251 9062 8158
8926 9431 7934
8804 9426 8170
8509 9453 8450
8400 9315 8677
8273 9557 8405
8206 8482 9271
8118 9682 8261
8080 8009 9477
7956 9355 8804
7798 7653 9604
7692 8795 9297
7669 8745 9341
7323 7636 9703
7183 7854 9691
9529 7956 8468
8240 9783 8068
8198 9420 8676
7946 9864 7858
7808 9832 8051
7756 7578 9620
7697 7533 9638
7362 7979 9661
9791 8380 7628
9651 8202 8162
9647 8348 8119
9579 7787 8343
9575 8480 8204
9254 8563 8654
9053 8549 8846
8778 9237 8500
8722 9095 8730
8632 9567 8214
8460 9382 8580
8325 9638 8290
8319 9694 8161
8303 9436 8642
7918 9708 8282
7730 8275 9492
7623 9927 7762
7540 8726 9348
7510 8281 9552
7347 8350 9539
7186 7923 9667
7181 7663 9712
9815 8091 7854
8468 7678 9344
8421 9690 8066
8334 7952 9401
8007 7779 9524
7915 9868 7853
7892 7536 9584
7572 7648 9658
7280 7916 9669
7641 7570 9654
9327 8960 8173
8807 9117 8646
8690 8610 9005
8600 8357 9154
8047 8170 9435
7534 7874 9647
7527 9173 9019
8931 9259 8323
8541 9049 8822
7584 7796 9636
8900 9080 8624
9635 8483 8097
9631 8647 7879
7614 8705 9355
7391 8240 9579
7524 7742 9653
7457 7670 9677
7175 7919 9676
7555 7963 9637
7420 8314 9545
7415 8165 9577
7368 8228 9594
7242 8412 9525
9688 8474 7972
9540 8412 8304
9448 8964 7800
9271 8859 8439
8258 9291 8768
7923 8185 9449
7605 9251 8927
8913 9126 8511
9834 8026 7701
9765 8418 7569
9734 8213 7975
9715 8541 7780
9324 8911 8342
9229 8403 8717
9017 8882 8661
8917 9236 8339
8671 9323 8537
8453 9429 8563
8175 7786 9452
9629 8684 7841
9291 8506 8607
8356 9742 7914
8334 9114 8848
8270 8649 9196
8133 9384 8729
7778 9704 8298
7695 8526 9430
7786 9919 7666
9686 8341 8014
9845 8101 7682
9655 8654 7760
9600 8677 8120
9553 8793 7907
9346 8257 8649
9207 8610 8614
9133 9265 7952
8941 8768 8797
8863 9090 8569
8842 8672 8895
8837 9241 8456
8711 8722 8965
8679 8575 9023
8672 9051 8776
8644 9574 8207
8545 9139 8744
8528 9394 8557
8430 8340 9255
8372 9181 8788
8350 9497 8526
8313 8369 9285
8310 8691 9099
8244 8040 9422
8216 9059 8969
8197 9822 7824
8195 9531 8473
8115 9570 8459
8020 8062 9486
7919 9507 8606
7888 8514 9377
7849 9344 8825
7782 8879 9216
7523 8886 9281
9212 8927 8363
9156 8612 8727
8754 8030 9128
8699 8086 9171
8627 9613 8077
8397 7869 9357
8275 7770 9417
8176 7526 9460
8142 7935 9456
8031 9875 7711
7820 9871 7868
7455 7722 9673
7799 7628 9597
9778 8217 7820
9709 8578 7658
9618 8699 7893
9519 8858 7899
9489 8905 7777
9246 8300 8724
9114 8398 8816
9033 8552 8843
8984 8710 8845
8854 8208 9050
8832 9368 8198
8697 9360 8424
8177 8936 9051
7984 9295 8850
7880 8515 9379
7636 9244 8943
7407 8321 9541
7400 8586 9439
9848 7845 7668
9718 8466 7894
9676 8455 8080
9630 8189 8243
9505 8796 8055
9474 8180 8510
9426 8066 8547
9407 9046 7742
9407 8817 8259
9317 9007 8058
9230 9015 8322
9206 8689 8637
9138 9119 8288
9124 8006 8897
9100 9150 8270
9093 9075 8378
8969 8191 8997
8934 9025 8598
8923 9357 8229
8860 9475 8050
8823 8871 8726
8761 8692 8962
8645 9202 8652
8515 9245 8697
8514 9601 8205
8506 9677 8087
8499 9650 8129
8434 7982 9335
8380 9415 8588
8353 8485 9236
8335 9737 8059
8239 8076 9390
8072 9731 8221
8061 9313 8818
8011 9513 8604
7971 8913 9144
7970 9432 8704
7952 7753 9542
7941 9865 7911
7939 7614 9559
7924 7776 9552
7858 9592 8497
7787 8842 9245
7688 9886 7916
8996 7876 9000
8370 9413 8589
8360 7632 9376
8310 9761 7673
8016 9813 7990
7778 7540 9619
7634 7752 9635
7476 7704 9670
7467 7715 9672
8809 8955 8774
9796 8225 7736
9737 8319 7910
9709 8499 7810
9664 8463 7979
9601 8663 7986
9436 8830 8203
9413 8931 8019
9391 8843 8228
9365 8921 8138
9341 8373 8632
9303 8787 8448
9275 9163 7764
9257 8912 8335
9217 8210 8763
9156 8194 8878
9136 8510 8777
9126 8938 8517
8973 9083 8489
8970 8277 8964
8957 8684 8852
8943 9383 8155
8928 8175 9030
8869 8544 8947
8835 9165 8540
8751 9503 8201
8695 9407 8373
8683 8673 9001
8591 9537 8234
8575 8195 9234
8560 9599 8195
8543 8212 9252
8539 8605 9082
8536 9153 8701
8490 8118 9293
8466 8549 9117
8414 9725 7966
8409 8130 9311
8368 8177 9340
8343 8345 9280
8308 9146 8900
8261 8279 9330
8160 8902 9120
8144 9240 8831
8106 8934 9062
8078 9425 8700
8071 7829 9507
8033 8807 9193
7986 7889 9516
7978 8877 9153
7951 9042 9083
7908 8136 9502
7878 8706 9290
7852 8933 9180
7841 8437 9425
7747 7870 9596
7715 9005 9157
7680 8987 9173
7570 8069 9591
7485 8635 9419
7477 8392 9520
7444 7590 9686
7317 8038 9662
9005 9069 8492
8966 8411 8950
8828 7827 9143
8826 9347 8280
8792 9361 8315
8770 9492 8135
8679 9578 8112
8483 9605 8215
8469 9644 8200
8315 9746 8041
8181 9630 8393
8089 9841 7890
8066 7592 9525
8053 9647 8391
7991 7650 9530
7927 9750 8231
7909 7772 9572
7853 9886 7861
7846 7595 9590
7783 7549 9610
7629 7609 9653
7610 9808 8100
7606 7774 9632
7594 7661 9654
7549 7984 9621
7440 7590 9694
7235 8253 9577
9839 7890 7793
9721 8425 7815
9603 8498 8185
9483 8627 8325
9359 8990 8049
9199 8315 8803
9166 8060 8856
9108 8453 8837
8884 8848 8752
8767 8234 9106
8681 8163 9191
8675 9594 8010
8534 9164 8782
8402 9516 8427
8121 8404 9380
7666 8637 9369
7639 8845 9261
7499 8501 9469
7487 8358 9521
7446 8512 9463
9458 8387 8443
9090 7865 8921
9078 9226 8141
9069 9255 8184
8933 9102 8551
8882 9269 8391
8877 9206 8443
8852 8109 9106
8657 9555 8165
8523 8008 9297
8418 9713 8008
8263 8547 9258
8231 9392 8720
8131 9338 8758
8103 9559 8541
7989 9218 8947
7942 9490 8631
7896 8906 9182
7856 9010 9096
7714 9028 9142
7710 9039 9118
7672 7944 9588
7652 7758 9633
7637 7767 9631
7578 7689 9655
7533 7847 9650
7529 8283 9532
7503 7544 9677
7397 7604 9695
7361 7655 9684
9300 8708 8464
9052 8916 8622
9627 7903 8261
9432 8616 8414
9297 8984 8183
9190 8349 8784
9162 9260 7989
9073 9147 8370
9058 8618 8807
8908 8041 9045
8704 9350 8410
8692 8220 9143
8677 8215 9174
8495 9640 8187
8331 9629 8324
8323 9754 7917
7861 7808 9561
7774 7899 9575
7677 7667 9642
7663 8771 9301
7612 7776 9631
7598 8320 9500
7491 7830 9657
7460 8071 9602
7449 7835 9666
7351 8669 9399
7267 8385 9526
7254 7886 9681
7248 7892 9670
8873 9289 8370
8593 9616 8100
8152 9652 8327
7244 7816 9686
9704 8358 7947
8021 8936 9118
7474 7853 9657
7452 8249 9567
7163 7835 9695
9510 8869 7879
8521 9666 8083
7402 8196 9594
8905 8102 9067
8063 9275 8875
7550 8044 9603
9756 8303 7883
9741 8449 7687
9494 8877 7747
9277 9136 7958
9174 8493 8712
8950 8581 8860
8650 8802 8892
8436 9080 8865
8270 9176 8868
8159 8226 9405
7799 9929 7562
8422 9586 8307
9684 8567 7807
9470 8892 7949
9691 8537 7866
9654 8658 7740
9597 8723 7826
9444 8126 8524
9373 9060 7811
9369 9070 7756
9308 9091 7905
9185 8700 8639
8950 8953 8672
8783 9518 8072
8777 9004 8722
8777 8082 9123
8758 9195 8597
8728 8834 8882
8587 9360 8545
8562 8609 9057
8450 8803 9013
8399 9099 8858
8377 9716 8021
8351 7808 9402
8256 9235 8787
8238 9795 7817
8208 9735 8167
8207 9466 8617
8207 9398 8695
8172 8025 9441
8168 8662 9222
8165 9257 8827
8142 8695 9214
8139 9261 8854
7945 8918 9177
7936 9115 9048
7933 8656 9334
7846 8462 9409
7839 9054 9097
7484 8929 9207
7476 8504 9471
8246 9721 8199
7779 9878 7919
9801 8235 7720
9779 8234 7809
9736 8344 7896
9733 8488 7628
9696 8501 7924
9675 8615 7714
9636 8708 7698
9500 8740 8122
9464 8959 7646
9452 8519 8463
9394 9022 7901
9386 8593 8471
9381 8935 8085
9380 8340 8595
9361 8424 8583
9313 8990 8073
9208 9020 8296
8891 8498 8955
8827 9109 8645
8787 9194 8539
8584 8363 9162
8581 9569 8209
8538 9263 8680
8524 9052 8830
8504 8580 9103
8361 8814 9070
8311 9026 8949
8271 9443 8602
8164 8851 9130
8130 8435 9320
8109 8698 9190
8092 9230 8890
8064 8580 9332
8028 8459 9358
7932 8080 9497
7928 8861 9205
7833 9243 8923
7750 8773 9276
7745 8536 9407
9350 9033 7938
9284 8847 8394
9284 8775 8501
9248 9112 8025
9212 9152 8095
9173 9188 8099
9084 9142 8358
9075 9306 8137
9027 9372 7937
8858 8031 9085
8716 9328 8467
8713 8204 9151
8655 9582 8030
8557 7856 9308
8526 7900 9291
8476 9418 8543
8416 8875 9006
8397 9729 7758
8339 9552 8396
8299 7992 9392
8278 9305 8759
8262 8757 9114
8254 9292 8790
8247 9767 8007
8216 8894 9063
8123 7942 9448
8117 9272 8841
8109 7902 9461
8099 7760 9498
8091 8719 9219
8075 9680 8317
8060 8256 9427
8035 9584 8469
8019 8113 9467
7981 7613 9539
7930 9727 8267
7919 8682 9299
7912 9536 8567
7886 7539 9586
7850 8383 9418
7830 9132 9022
7826 7764 9574
7779 9915 7715
7735 8013 9566
7560 7721 9652
8673 9360 8486
8636 8966 8880
7910 8097 9491
9806 8132 7769
9782 8106 7980
9780 8353 7722
9763 8330 7770
9759 8401 7775
9756 8435 7783
9727 8274 7923
9621 8505 8132
9546 8769 7948
9503 8814 7982
9499 8848 7963
9497 8620 8346
9496 8798 8038
9495 8659 8293
9490 7994 8451
9456 8903 7864
9434 8523 8435
9378 9041 7933
9363 8845 8312
9351 8973 8109
9342 8790 8416
9336 8994 8039
9318 8674 8466
9309 8832 8386
9292 8721 8502
9290 8783 8460
9286 9121 7863
9285 9116 7993
9283 8584 8604
9278 8836 8457
9231 9129 8093
9228 8362 8721
9209 9184 8054
9204 9199 7999
9203 8336 8748
9188 9106 8271
9141 9213 8043
9137 8930 8550
9119 8943 8534
9111 8597 8739
9096 8619 8793
9092 8824 8657
9060 9176 8313
9034 9217 8273
9019 9175 8385
9002 9187 8320
9001 8188 8952
8880 9330 8316
8838 9239 8495
8831 7912 9107
8829 8221 9112
8800 8492 9007
8790 9169 8623
8759 8430 9078
8741 9561 8026
8739 9253 8587
8726 8868 8870
8712 9358 8364
8668 9568 8116
8664 8375 9094
8662 9056 8760
8639 8119 9227
8630 8601 9012
8622 9318 8555
8612 9437 8465
8611 9634 7971
8573 9370 8547
8555 8646 9041
8518 8675 9066
8501 9201 8705
8500 9212 8699
8480 8043 9319
8476 8287 9257
8465 9657 8117
8457 8359 9209
8436 9658 8157
8435 9443 8519
8432 9625 8220
8406 8587 9131
8393 9728 7943
8371 9144 8835
8365 8414 9248
8364 8223 9314
8362 9608 8337
8358 8051 9367
8345 9725 8028
8316 9620 8354
8294 9316 8697
8286 8120 9376
8267 7702 9447
8235 9369 8709
8210 8061 9396
8191 8956 9010
8190 9705 8249
8189 9078 8944
8186 9668 8299
8162 8568 9266
8143 7762 9481
8128 8280 9397
8104 9667 8326
8097 8941 9064
8077 9487 8641
8062 8302 9385
8045 9161 8945
8036 9851 7888
8017 9247 8887
8014 7607 9537
7980 8524 9356
7972 7907 9531
7947 9108 9011
7940 8045 9489
7922 9044 9074
7868 9912 7644
7867 8980 9116
7835 8539 9361
7790 9911 7723
7755 8892 9186
7662 8920 9228
7634 7862 9622
7633 8054 9590
7599 8458 9476
7521 7687 9660
7518 8643 9406
7395 8097 9628
7393 8124 9613
9740 8181 7999
9110 9204 8160
8978 9276 8202
8607 9340 8556
8423 8198 9286
8246 9753 8102
8172 7739 9462
8165 8714 9185
7963 9874 7782
7963 9838 8017
7889 9588 8493
7887 7727 9581
7826 7621 9594
7784 7547 9607
7720 9897 7833
9829 8211 7738
9692 8567 7705
9677 8131 8150
9674 8325 8113
9658 8666 7681
9623 8385 8107
9595 8504 8149
9557 8763 8015
9543 7890 8380
9521 8573 8344
9507 8552 8353
9481 8756 8180
9479 8005 8470
9467 8633 8392
9424 8940 7981
9411 8310 8535
9401 8721 8348
9357 8533 8507
9354 8972 8101
9321 8236 8703
9315 8629 8529
9273 8900 8366
9264 9170 7849
9238 8896 8437
9192 8965 8421
9183 8026 8819
9182 9080 8308
9147 8368 8820
9117 7995 8906
9103 8709 8732
9008 9320 8096
9000 9166 8415
8998 8042 8981
8989 8807 8740
8952 9381 8079
8862 9352 8256
8799 9207 8509
8788 9397 8253
8773 7993 9127
8765 8325 9079
8750 8099 9159
8724 8496 9075
8715 8729 8930
8659 9390 8408
8558 9244 8636
8517 8272 9237
8448 8729 9047
8443 8989 8905
8441 9553 8369
8429 8586 9176
8391 8878 9032
8388 9057 8903
8317 9435 8592
8292 9375 8687
8237 9607 8355
8108 9502 8594
8051 8947 9081
8050 8637 9294
8026 8211 9432
7997 7895 9511
7859 8965 9150
7844 8669 9306
7843 8052 9529
7815 9531 8586
7811 7780 9588
7794 8665 9336
7749 8955 9184
7580 9166 9004
7379 8314 9556
7345 7624 9702
7283 7663 9710
7184 7904 9675
9847 7905 7667
9809 7898 7916
9732 8508 7673
9730 8420 7840
9592 8760 7969
9514 8808 8034
9462 8791 8190
9334 7893 8706
9193 9167 8068
9188 8169 8807
9167 9011 8419
9151 9248 8033
9145 8816 8671
9062 9097 8475
9047 7930 8989
9041 7998 8994
9028 9030 8509
9004 9326 8124
8955 9128 8482
8878 9037 8647
8856 9220 8499
8835 9440 8163
8774 9193 8552
8758 7950 9147
8625 7841 9258
8624 9511 8274
8587 9190 8667
8583 9386 8532
8580 9544 8239
8556 8446 9174
8546 8172 9279
8544 9635 8070
8513 9191 8761
8494 9474 8427
8481 9695 8061
8470 9486 8478
8452 9332 8675
8416 9546 8397
8415 9699 8063
8367 8072 9365
8359 7918 9382
8352 9178 8815
8225 9527 8516
8223 8422 9314
8179 9428 8668
8150 9036 8987
8074 9364 8765
8073 9796 7991
8065 8528 9355
8001 9528 8572
7935 7634 9562
7926 9697 8323
7915 7850 9556
7912 7659 9564
7883 9849 7969
7878 9214 8973
7857 9824 8031
7796 9538 8564
7767 8687 9344
7744 9294 8864
7740 7768 9609
7548 7871 9640
7493 7795 9658
7366 7696 9683
7344 7626 9697
7325 7680 9700
7301 7852 9678
7281 8116 9620
7871 7803 9561
7780 7561 9608
7630 7598 9645
7360 7733 9686
7175 7806 9695
9577 8453 8236
9215 9052 8281
8918 8807 8813
8687 9507 8222
9802 8134 7858
9761 8351 7759
9755 8224 7929
9683 8231 8124
9679 8589 7933
9645 8670 7868
9643 8576 8032
9605 8332 8242
9581 8607 8143
9554 8602 8183
9542 8826 7852
9534 8328 8350
9532 8696 8210
9527 8147 8398
9509 8671 8235
9469 8838 8135
9447 8273 8482
9415 8465 8527
9398 8976 7957
9350 8874 8307
9347 8884 8257
9339 8899 8280
9287 8623 8593
9240 8432 8694
9235 8157 8792
9160 8139 8812
9145 8450 8801
9104 9321 7957
9095 8247 8878
9044 9345 8069
9016 8394 8908
8963 9405 7996
8949 9406 7926
8947 9352 8194
8938 8545 8910
8936 9290 8269
8929 9424 8123
8891 9445 8051
8871 9298 8399
8845 8486 8976
8814 9110 8617
8804 9221 8496
8801 9448 8151
8756 9510 8132
8748 9285 8542
8720 9336 8413
8670 8988 8832
8638 8500 9080
8620 8239 9182
8511 8238 9263
8438 8313 9268
8355 9027 8910
8336 9732 8153
8289 8784 9076
8287 9504 8431
8281 9380 8665
8277 8285 9323
8213 9621 8368
8157 9769 8179
8114 7791 9478
8111 9698 8276
8094 8701 9220
8008 9707 8268
7958 9902 7762
7954 7714 9544
7905 9815 8053
7900 8793 9251
7897 9851 7964
7873 9149 8995
7854 8125 9506
7823 8694 9312
7717 8151 9535
7673 7848 9618
7577 9722 8269
7507 8497 9470
7380 8594 9443
7245 8115 9624
7236 8100 9638
8617 9334 8502
8596 9562 8231
9836 8123 7644
9712 8214 8047
9706 8338 7919
9665 8625 7763
9662 8372 8106
9650 8595 7833
9642 8357 8171
9625 8582 8063
9570 8397 8276
9513 8489 8375
9486 8665 8294
9442 8165 8528
9405 8232 8613
9385 8770 8401
9153 8540 8753
9014 9180 8294
8911 9381 8172
8816 8688 8929
8614 8833 8932
8603 8111 9233
8498 9368 8614
7818 7746 9578
7712 8975 9185
7690 8345 9489
7603 8999 9195
7592 9891 7890
7290 8131 9611
7285 8423 9514
7264 8178 9603
7256 8050 9648
9249 8915 8368
8458 9523 8368
7805 7652 9590
7660 7843 9620
7467 8295 9543
7441 7909 9650
7353 7731 9694
7321 7765 9684
7160 7861 9686
9079 8735 8689
7751 7665 9610
7675 7911 9612
7388 7687 9682
7382 7814 9672
9789 8266 7736
8894 9014 8650
8707 8522 9022
7262 7861 9677
9753 8264 7955
8060 8740 9230
8271 8614 9212
8188 8631 9210
8124 8963 9053
8111 8433 9329
7820 8288 9475
7608 8171 9550
9798 8309 7562
9743 8361 7796
9700 8329 7952
9620 8657 7898
9292 8246 8719
9186 9040 8285
9174 9230 7879
9119 9133 8302
9099 8828 8634
9084 9274 8105
9007 8416 8888
8734 8985 8751
8728 9170 8609
8471 8063 9303
8396 8233 9295
8389 8678 9109
8357 8167 9360
8356 8252 9289
8336 8555 9233
8234 8827 9125
8211 9597 8447
8139 8568 9305
7980 8756 9204
7761 8991 9156
8783 9434 8232
8519 9399 8554
8259 9343 8691
7915 9250 8921
7799 7873 9557
7784 7755 9593
7746 8887 9213
9463 8740 8277
9201 8595 8670
8811 8736 8899
8667 9179 8655
8553 8541 9059
9831 8059 7765
9784 8141 7834
9766 8149 7859
9740 8081 8001
9720 8534 7659
9720 8470 7768
9717 8543 7721
9717 7972 8070
9695 8562 7741
9597 8469 8226
9559 8681 8140
9516 8785 7995
9516 8152 8425
9482 8910 7860
9471 8890 7920
9417 8862 8182
9403 8825 8279
9399 8919 8111
9395 8509 8487
9393 8774 8349
9373 8513 8515
9371 8940 8103
9371 8697 8412
9356 9053 7825
9345 8958 8223
9305 9124 7774
9280 9117 7903
9270 9088 8098
9270 8396 8647
9266 9158 7822
9244 8865 8407
9170 8952 8505
9166 8743 8618
9130 7945 8881
9043 8945 8621
9038 8529 8855
9037 9006 8491
9006 8624 8808
8992 8413 8912
8991 8206 8961
8981 9331 8090
8952 9264 8289
8864 9452 7992
8864 8966 8692
8832 9262 8477
8790 9488 8168
8784 9365 8318
8753 9414 8314
8740 8058 9170
8734 9111 8686
8730 9507 8211
8709 9154 8651
8699 8951 8794
8652 9617 7997
8648 9057 8755
8643 8744 8990
8609 9393 8481
8576 9077 8780
8569 9105 8800
8569 8751 8982
8562 8192 9238
8554 9626 8154
8547 8473 9158
8531 9183 8734
8526 9494 8400
8519 8318 9217
8502 8311 9220
8493 9671 8115
8491 7885 9298
8487 9373 8579
8471 8417 9183
8450 8551 9148
8404 9672 8227
8398 9458 8568
8398 9017 8891
8396 9579 8372
8377 9733 7926
8373 9674 8193
8353 8209 9339
8329 9140 8851
8307 9655 8255
8300 8176 9354
8298 8203 9342
8274 8047 9394
8265 9793 7928
8256 8728 9149
8254 8017 9413
8246 8244 9331
8245 7999 9428
8244 8403 9338
8240 9457 8611
8238 9145 8929
8235 8856 9045
8211 9468 8581
8208 9093 8933
8202 9607 8402
8202 9074 8979
8199 8617 9247
8188 9740 8110
8166 8553 9254
8135 9602 8438
8125 7940 9453
8118 9387 8756
8116 7537 9488
8114 9825 7984
8100 9351 8771
8088 8652 9259
8088 8596 9269
8063 9693 8333
8063 8642 9265
8060 9284 8857
8004 8798 9201
8003 9064 9033
7969 9242 8908
7961 8557 9343
7960 9891 7698
7948 8460 9415
7937 9717 8264
7886 9402 8798
7871 9853 8005
7804 8091 9533
7764 8276 9483
7698 8820 9264
7631 8546 9388
7595 7602 9665
7466 7799 9659
7373 8023 9634
7319 8782 9326
8394 9565 8376
8141 9633 8370
8111 9499 8613
9846 8135 7567
9799 8139 7889
9794 8337 7652
9781 8243 7805
9774 8282 7813
9719 8097 8004
9713 8496 7813
9629 8267 8218
9622 8628 7970
9607 8702 7828
9573 8599 8165
9572 8705 8037
9550 8770 7946
9547 8600 8196
9517 8331 8359
9491 8889 7908
9473 8868 7917
9472 8824 8078
9466 7827 8521
9465 8890 8006
9457 8901 7976
9450 8897 8082
9426 8839 8192
9423 8981 7822
9416 8763 8291
9412 8521 8476
9338 8590 8531
9331 8279 8665
9310 8395 8684
9307 9045 8024
9305 8512 8582
9289 8850 8379
9282 9049 8169
9279 8321 8702
9277 8107 8757
9269 8833 8490
9265 8080 8799
9261 8577 8619
9258 8452 8693
9226 9179 7987
9225 9052 8266
9223 9185 8029
9205 8971 8403
9195 8614 8688
9185 8404 8747
9180 9207 7936
9175 8659 8681
9152 9196 8108
9149 8270 8836
9148 8736 8630
9129 8679 8711
9120 9208 8128
9106 8985 8518
9091 9059 8404
9085 8633 8772
9075 8946 8533
9071 9216 8177
9071 8063 8936
9068 9322 7881
9066 9229 8250
9065 8909 8610
9062 9323 7781
9056 9180 8272
9042 8164 8902
9036 8022 8967
9030 9072 8480
9021 9233 8254
9010 8657 8806
9003 8600 8821
8994 7910 8998
8987 9243 8206
8979 9401 8023
8951 9007 8633
8946 8334 8986
8944 8266 8993
8939 8363 8951
8925 8296 9009
8916 8393 8992
8906 9233 8377
8881 8821 8778
8875 9252 8409
8855 8193 9055
8844 9104 8599
8843 8324 9028
8840 8742 8886
8825 8290 9068
8791 8039 9113
8785 8376 9060
8769 8494 9027
8763 9522 8045
8736 8983 8742
8733 8218 9146
8725 9065 8735
8713 9572 7913
8709 8680 8984
8700 8959 8779
8649 9135 8754
8626 9502 8275
8621 8678 9031
8607 8133 9199
8605 8731 9008
8595 8261 9226
8594 9515 8311
8589 8592 9037
8582 8680 9035
8577 8407 9145
8570 9358 8578
8566 9396 8498
8565 8532 9077
8564 8554 9043
8561 8896 8901
8550 9322 8620
8491 9231 8731
8473 8233 9274
8456 8640 9111
8454 9519 8382
8424 8398 9240
8392 8924 8999
8366 9364 8667
8346 9198 8790
8344 8970 8996
8340 8640 9168
8279 8754 9119
8269 9627 8345
8242 8208 9371
8233 8741 9137
8226 8213 9366
8201 9120 8939
8196 9284 8814
8193 8268 9369
8188 8108 9399
8180 8626 9229
8155 9449 8626
8154 8067 9438
8140 9472 8625
8138 9085 8955
8101 8974 9056
8095 9301 8842
8084 8736 9161
8081 8578 9292
8067 8099 9431
8056 9794 8056
7994 9396 8764
7991 9200 8960
7975 8667 9302
7974 8024 9501
7973 7537 9547
7964 8724 9262
7960 9104 9016
7925 8541 9347
7891 8365 9423
7881 8305 9465
7869 8332 9442
7863 8932 9152
7840 8625 9350
7769 8712 9318
7760 8766 9272
7737 9026 9135
7731 9194 8976
7724 8207 9522
7722 8326 9487
7709 9156 9046
7645 8488 9459
7643 8380 9479
7610 8971 9192
7608 9135 9065
7575 8911 9246
7570 8630 9433
7559 9870 7942
7539 8160 9573
7520 7974 9626
7475 8022 9625
7461 7729 9671
7456 8708 9381
7408 8519 9482
7377 8521 9480
7338 8647 9401
7291 7801 9688
7174 7923 9674
9729 8476 7704
9616 8408 8153
9336 8603 8528
9291 9031 8112
9021 8805 8753
8924 9300 8237
8821 9270 8425
8801 9442 8191
8698 8089 9195
8668 8516 9071
8652 8925 8835
8474 8800 9019
8454 9130 8801
8433 9675 8164
8433 8979 8959
8422 7927 9349
8411 9712 8034
8373 9688 8141
8357 9683 8178
8298 9660 8246
8278 9034 8973
8258 9760 8083
8249 9308 8727
8220 9806 7904
8218 9692 8225
8171 9530 8535
8166 7788 9478
8134 9715 8251
8124 7821 9466
8123 9447 8650
8057 7833 9520
8055 9654 8371
8043 9349 8785
8032 9455 8659
8028 9013 9092
8012 9509 8544
7945 7594 9561
7799 7521 9608
7698 8000 9585
7695 7494 9644
7683 7863 9611
7655 7616 9644
7654 8661 9382
7632 7684 9641
7630 9921 7862
7594 7839 9635
7455 7668 9682
9654 8327 8152
8915 8444 8922
8703 8557 9038
8485 8286 9273
8127 7800 9468
9843 7990 7754
9774 8316 7774
9753 8338 7839
9753 7962 8035
9716 8520 7735
9688 8228 8003
9685 8301 8048
9606 8490 8148
9596 8531 8126
9559 8588 8212
9536 8067 8411
9531 8732 8178
9530 8789 7935
9526 8579 8262
9524 8048 8418
9518 8250 8397
9501 8863 7912
9451 8667 8358
9440 8749 8321
9434 8049 8564
9422 8555 8431
9420 8502 8514
9409 8377 8544
9402 8434 8530
9399 8922 8088
9396 8837 8301
9388 8895 8114
9387 8957 7996
9370 8855 8245
9361 8840 8368
9333 9085 7904
9332 8263 8650
9322 8982 8100
9319 8977 8224
9313 8632 8574
9306 9023 8103
9296 9082 8046
9295 7880 8741
9268 8997 8315
9259 8767 8560
9222 8400 8738
9220 8511 8689
9172 9224 7956
9158 9155 8247
9150 9043 8365
9139 9273 7852
9131 9197 8175
9106 9303 7882
9099 8572 8769
9087 8035 8935
9086 8734 8699
9083 9257 8131
9027 8405 8884
9023 8167 8970
9010 8860 8694
8981 8003 9039
8965 9339 8202
8945 8917 8675
8886 9162 8468
8886 7950 9073
8879 8707 8885
8867 8322 8995
8866 8471 8984
8865 8801 8818
8830 9471 8081
8775 9354 8351
8764 9456 8216
8762 9403 8246
8760 8829 8783
8753 9238 8522
8746 9522 8064
8742 9122 8660
8694 8986 8758
8686 8765 8934
8685 8352 9115
8663 9547 8163
8660 9599 7945
8656 9134 8671
8651 9505 8232
8646 9254 8601
8635 9232 8628
8634 8033 9257
8604 8477 9142
8598 9624 8022
8590 9081 8770
8573 9662 7994
8568 9467 8335
8567 9017 8847
8563 9501 8334
8537 9141 8706
8532 8479 9147
8527 8819 9003
8525 8574 9087
8519 9622 8160
8508 9702 7997
8505 9573 8300
8503 9656 8102
8493 8850 8991
8474 9556 8328
8472 9465 8475
8462 9680 8069
8462 8854 8989
8431 9367 8631
8425 7844 9347
8395 9266 8682
8348 9619 8338
8330 9227 8812
8321 9585 8387
8314 9401 8627
8312 8730 9071
8302 9560 8398
8283 8937 9041
8265 9663 8257
8259 9494 8530
8242 9228 8852
8203 7887 9443
8192 9641 8321
8186 9542 8527
8173 9709 8237
8156 9687 8252
8151 9820 7930
8149 9642 8332
8133 8570 9307
8129 9623 8445
8111 8083 9456
8096 9439 8676
8087 8889 9126
8086 7883 9493
8035 8334 9395
8029 9661 8376
8018 9216 8912
8016 9669 8367
8014 7840 9514
8012 9839 7964
8002 8608 9325
7999 9071 9039
7987 7746 9530
7983 7757 9528
7976 9325 8832
7953 9643 8419
7938 9073 9036
7934 7828 9534
7931 7926 9528
7930 7602 9575
7884 9159 8994
7882 8077 9508
7872 8036 9535
7864 9172 8982
7830 7719 9587
7819 8772 9260
7814 7849 9570
7810 9739 8262
7809 9618 8492
7801 8355 9466
7796 9096 9096
7781 9900 7770
7771 8542 9391
7762 8969 9162
7739 8908 9224
7738 8725 9312
7736 8853 9260
7733 7730 9612
7720 8219 9524
7694 8020 9549
7688 7576 9627
7627 7891 9616
7607 7907 9619
7605 7713 9639
7558 7857 9627
7530 8222 9564
7519 8146 9584
7514 8057 9608
7506 8069 9606
7462 7984 9645
7401 8415 9508
7395 7952 9661
7393 8252 9568
7367 7745 9682
7318 7875 9672
7302 7786 9684
7158 7936 9677
7923 7781 9545
7761 7701 9600
9807 8108 7759
9739 8329 7875
9726 8376 7912
9697 8312 7994
9695 7995 8151
9660 8599 7767
9639 8518 8067
9637 8425 8092
9584 8583 8130
9582 8367 8242
9551 8639 8186
9545 8773 8027
9539 8258 8337
9487 8561 8351
9477 8710 8279
9445 8942 7865
9437 8923 8022
9430 8963 7862
9428 8443 8499
9418 8112 8627
9389 8872 8225
9382 8981 7930
9377 8901 8164
9375 8629 8479
9330 8819 8371
9325 8909 8252
9302 9099 7956
9262 8551 8628
9179 9120 8184
9168 9198 8045
9134 9236 8125
9123 9301 7869
9121 8942 8542
9112 9295 7920
9101 9169 8265
9088 9208 8176
9064 7981 8946
9046 8390 8896
8982 8742 8769
8977 8554 8906
8961 8592 8847
8896 8133 9036
8888 9144 8551
8849 9470 8131
8818 8653 8931
8797 8570 8991
8796 8581 8987
8794 8502 9003
8666 8752 8953
8616 9137 8709
8585 9593 8157
8479 8452 9175
8477 8654 9087
8439 8741 9054
8427 9514 8395
8384 9470 8522
8383 7800 9373
8339 9021 8963
8297 8243 9345
8295 9594 8374
8252 8834 9067
8250 8427 9279
8148 7884 9462
8136 8861 9154
8059 9580 8474
8039 8390 9383
8037 9124 9002
8010 8246 9444
8005 9023 9029
7944 8944 9137
7831 8644 9367
7813 9020 9107
7807 8840 9251
7793 7912 9567
7759 8012 9563
7741 9516 8643
7718 8214 9532
7679 7888 9592
7649 8755 9323
7626 8393 9470
7573 8493 9504
7531 8802 9300
7465 8368 9523
7454 7884 9653
7409 8293 9546
7365 8418 9517
7299 7973 9666
8967 9222 8384
8719 9540 8092
8710 9520 8163
8661 9417 8370
7732 7969 9581
7657 7496 9645
7642 8145 9564
7413 8184 9594
9366 8882 8241
7494 7973 9632
7412 7607 9685
9475 8098 8468
9025 9388 7853
8851 9429 8148
8771 9489 8126
8618 9408 8454
8419 9706 7967
7839 7895 9545
7789 8733 9300
7682 8227 9523
7647 7941 9606
7438 7756 9672
7429 8079 9620
7375 7633 9686
9142 9263 7853
9012 8606 8812
8184 8148 9382
7836 8372 9434
7560 8282 9537
9174 8698 8674
8423 9147 8811
8168 9742 8134
8111 9040 9020
9396 8709 8387
9245 8282 8749
9231 8453 8678
9006 8665 8795
8605 8512 9104
7787 8261 9484
9798 8290 7589
9444 7958 8553
9186 9160 8127
9173 9050 8310
8981 9296 8181
8962 8441 8938
8821 8993 8737
8698 8968 8824
8422 8005 9345
8407 9648 8244
8397 9649 8248
8275 9461 8566
8238 9297 8781
8166 8121 9416
7871 8748 9270
7850 8518 9384
7784 8111 9515
7683 9869 7944
7507 8166 9571
9794 8232 7755
9785 8323 7665
9764 8207 7927
9763 8412 7624
9743 7971 8017
9742 8365 7798
9741 8489 7567
9729 8269 8000
9573 8296 8258
9553 8836 7839
9529 8821 7880
9502 8827 7988
9493 8285 8445
9482 8573 8347
9471 8540 8362
9420 8561 8444
9417 8916 8084
9395 8107 8629
9393 8515 8483
9353 9022 8036
9353 8724 8454
9352 8878 8284
9347 8598 8506
9344 9077 7977
9344 8532 8573
9319 8130 8725
9280 8656 8590
9257 9171 7895
9245 8286 8743
9241 8712 8575
9202 8944 8417
9180 8766 8576
9171 9252 7978
9115 8975 8523
9115 8461 8792
9037 8367 8925
9031 8699 8773
9024 9229 8292
9024 9171 8328
9019 9324 8094
8996 8908 8690
8993 8428 8911
8978 9343 8189
8965 9375 8052
8941 8303 8988
8913 8983 8643
8899 8995 8685
8875 8397 8985
8848 9501 8043
8848 8560 8953
8823 8289 9084
8793 8270 9086
8784 8262 9095
8745 9084 8668
8737 9092 8710
8684 8419 9089
8664 8310 9166
8655 7853 9225
8648 8461 9091
8598 8071 9253
8576 9534 8283
8548 8267 9235
8532 8272 9218
8529 8858 8972
8502 9505 8420
8484 8583 9110
8484 8525 9172
8423 9397 8638
8422 9702 8041
8410 8694 9093
8410 8112 9317
8407 8644 9122
8394 9741 7857
8375 8666 9160
8351 8885 9040
8341 8478 9275
8307 9345 8683
8274 8582 9202
8262 7780 9414
8259 9045 8971
8247 9185 8877
8232 8615 9239
8199 8679 9194
8174 7937 9437
8168 9805 7922
8154 8639 9223
8141 8428 9337
8122 8459 9313
8100 9870 7851
8053 9840 7902
8050 8750 9250
8045 8170 9454
8032 9735 8213
7961 9879 7805
7949 8300 9424
7936 8533 9352
7928 8494 9373
7921 9267 8914
7889 9156 8980
7848 9319 8839
7827 8054 9536
7815 8379 9436
7803 9370 8838
7784 9865 8040
7766 9234 8925
7644 8261 9504
7631 8702 9371
7626 8598 9393
7463 7910 9649
7435 8427 9506
7319 8250 9570
8357 9664 8238
8286 9701 8216
8284 9379 8658
8258 9496 8565
7930 7961 9544
7784 7619 9606
9549 8341 8319
9523 8793 7983
9449 8924 7887
9343 8903 8263
9224 8310 8762
9132 8845 8600
8995 8397 8909
8747 9323 8436
8744 9390 8331
8579 8305 9181
8531 9020 8863
8512 8398 9208
8284 9507 8454
8209 8702 9167
8030 7853 9511
7693 7880 9598
7414 7973 9646
9798 8159 7815
9784 8364 7712
9766 8299 7782
9742 8341 7854
9692 8447 7929
9585 8335 8239
9566 8753 8081
9522 8386 8338
9502 8892 7667
9494 7975 8496
9493 8852 8060
9492 8293 8411
9492 7989 8489
9448 8713 8324
9437 8873 8091
9392 8711 8410
9392 8078 8657
9352 8788 8384
9345 8857 8334
9338 8881 8300
9308 8650 8552
9289 9002 8176
9244 8786 8514
9220 8585 8641
9202 8804 8572
9200 8995 8395
9200 8664 8659
9173 8454 8720
9171 8429 8784
9130 8451 8802
9043 7981 8963
9023 8444 8885
9017 8201 8937
9007 9336 8088
8993 8622 8822
8992 9174 8428
8991 9374 7991
8962 9302 8220
8962 8140 9002
8918 8271 9027
8912 9366 8212
8870 9390 8175
8870 9157 8493
8867 8298 9034
8860 9461 8060
8858 9459 8091
8837 9404 8174
8825 8737 8897
8811 9317 8414
8793 9209 8532
8769 9395 8268
8754 9541 7922
8745 8305 9088
8737 9451 8218
8735 9548 8032
8735 9469 8235
8730 8883 8783
8716 9534 8148
8698 9210 8593
8694 9549 8092
8684 9571 8097
8650 9525 8190
8647 9450 8327
8647 8764 8940
8634 9186 8682
8557 9670 8048
8554 8535 9072
8547 9597 8217
8515 8187 9268
8456 9673 8114
8411 9525 8401
8394 9094 8896
8360 9723 8033
8301 9639 8259
8300 8738 9121
8299 9543 8406
8284 8361 9307
8249 9103 8914
8232 8812 9131
8220 9596 8359
8176 9756 8130
8171 8487 9286
8162 9376 8741
8134 8161 9426
8122 9791 8064
8117 8448 9325
8099 9677 8327
8091 9182 8935
8085 9849 7865
8085 9595 8457
8077 9738 8210
8031 9757 8196
8004 9055 9068
7981 8457 9365
7937 9089 9034
7913 9822 8031
7906 8954 9136
7848 7493 9600
7835 9079 9072
7804 7484 9603
7780 8021 9543
7771 8186 9534
7735 7666 9616
7655 8308 9493
7582 8142 9583
7493 8162 9595
7397 8371 9537
7363 7618 9688
7338 8174 9607
9867 7904 7520
9849 7974 7660
9800 8217 7758
9783 8151 7840
9771 8164 7851
9769 8264 7855
9744 8327 7882
9728 8033 8057
9714 7990 8123
9699 8382 7935
9646 8590 7990
9639 8118 8231
9620 8593 8010
9617 8248 8332
9616 8324 8172
9599 8687 8053
9571 8813 7853
9566 8457 8265
9548 8638 8191
9535 8260 8374
9525 8651 8217
9515 8440 8399
9504 8606 8251
9498 8882 7682
9478 8399 8413
9429 8449 8478
9421 8955 7945
9403 8900 8087
9379 8897 8179
9374 8932 8136
9372 9019 8027
9363 8374 8589
9335 8960 8125
9323 8997 8057
9316 8408 8636
9281 8972 8295
9274 8989 8189
9267 8755 8516
9253 8903 8367
9248 9003 8301
9241 9021 8215
9234 9072 8174
9227 8559 8658
9221 9084 8241
9210 9234 7861
9186 9200 7947
9170 8538 8770
9162 8885 8556
9159 9136 8186
9157 9092 8274
9140 9010 8449
9125 9247 8083
9110 9164 8224
9067 9319 8011
9060 8991 8487
9040 8148 8934
9039 8754 8761
9035 8047 8950
9031 9231 8234
9020 8327 8932
8997 9275 8171
8990 9046 8565
8968 8828 8736
8958 8256 9022
8940 8235 9029
8913 9435 8047
8907 8627 8895
8899 8443 8937
8874 9303 8350
8857 9003 8660
8841 8260 9090
8839 9517 8066
8822 8567 8946
8821 8401 9054
8813 8538 8970
8812 8813 8864
8786 8050 9126
8783 8691 8940
8738 9324 8474
8732 8226 9121
8731 9483 8247
8718 8326 9136
8717 9196 8612
8653 8416 9090
8630 9580 8118
8610 9514 8295
8608 9298 8612
8597 9459 8365
8550 9569 8245
8548 8560 9088
8529 9465 8375
8487 8916 8931
8482 8444 9175
8451 8160 9300
8426 9475 8479
8407 9658 8194
8405 8577 9224
8389 8718 9092
8378 8379 9267
8370 9173 8802
8349 9723 8126
8347 9687 8155
8341 9741 8035
8329 8024 9391
8321 8331 9308
8280 8851 9061
8224 9320 8738
8219 9790 7967
8218 9593 8382
8215 8866 9076
8212 9497 8574
8200 8039 9428
8194 9274 8815
8167 8480 9301
8163 8536 9267
8105 9133 8959
8082 7788 9523
8075 9794 7989
8057 8938 9080
8054 8309 9402
8044 8970 9061
7988 8974 9128
7982 8262 9445
7969 7681 9545
7957 9627 8418
7902 9515 8601
7890 9572 8502
7865 8359 9426
7850 9060 9073
7833 9449 8689
7802 8522 9395
7734 7664 9618
7708 7800 9624
7701 9065 9115
7700 9179 9000
7699 8628 9383
7667 8163 9562
7661 9840 8061
7656 7684 9630
7654 8060 9579
7583 8337 9517
7575 8839 9263
7522 8135 9595
7517 8149 9592
7515 8102 9597
7489 7971 9641
7463 8653 9385
7439 8044 9633
7377 8003 9651
7374 7740 9680
7342 8193 9600
7341 7744 9685
7320 8630 9434
7300 8123 9615
8740 9377 8332
8609 9603 8106
8375 9710 8130
8301 9637 8327
8174 9798 7969
7632 7959 9600
7409 7798 9676
9691 8052 8067
9612 8654 8001
9440 8657 8406
9369 8480 8541
8959 9169 8449
8955 8858 8736
8889 9231 8393
8628 8404 9133
8182 8345 9349
7443 8131 9610
9409 8591 8478
9271 8898 8374
9260 8998 8212
9194 9138 8174
9116 9019 8482
9029 8844 8641
8935 9224 8328
8859 8370 9002
8755 9267 8493
8743 9566 8010
8729 8354 9090
8727 8216 9147
8623 8641 9036
8588 9628 8143
8449 9553 8332
8293 9734 8061
7696 8153 9539
7489 7957 9645
7387 7703 9677
7324 7761 9688
9453 8924 7853
9294 8752 8482
9213 9149 8124
9056 8638 8801
8972 8946 8650
8819 9354 8251
7617 8230 9520
7340 8154 9607
8754 8592 8974
8655 9014 8828
9699 8557 7797
9691 8423 7962
9471 8812 8159
8519 9517 8384
8515 9014 8884
8502 8483 9169
8353 8269 9324
8165 8966 9043
8063 9109 8967
7991 8929 9133
7906 8977 9134
7503 8249 9565
7377 8378 9527
9175 8310 8805
9093 8578 8840
9038 8946 8591
8985 8461 8915
8979 8501 8869
8924 8390 8978
8627 8845 8904
8612 8246 9187
9382 8968 8046
