13771 120.012
3976 3429 3239
3891 3373 3462
3572 3974 3060
3383 4055 3191
3356 3405 3763
3354 3625 3680
3491 4047 3145
3535 3397 3741
3399 3781 3579
3370 4020 3269
3916 3376 3397
3416 4036 3268
3483 3445 3750
3362 3599 3699
3670 3917 3159
3928 3430 3389
3548 3995 3180
3541 4003 3208
3964 3472 3270
3445 4034 3160
3466 3808 3547
3419 3527 3744
3485 4029 3254
3689 3916 3185
3951 3445 3290
3937 3634 3257
3428 4033 3252
3478 4014 3326
3852 3415 3531
3959 3563 3269
3409 3950 3446
3828 3765 3217
3879 3702 3171
3433 4009 3346
3496 4017 3264
3459 3607 3682
3608 3963 3271
3523 3524 3723
3940 3607 3222
3452 3662 3664
3438 4044 3241
3870 3487 3477
3718 3488 3635
3946 3536 3308
3370 3699 3653
3455 3698 3648
3424 3575 3706
3730 3871 3256
3575 3827 3512
3902 3414 3453
3904 3681 3207
3856 3407 3496
3503 3979 3312
3740 3865 3201
3644 3478 3695
3770 3494 3589
3823 3845 3172
3825 3766 3197
3404 3909 3453
3443 3605 3692
3543 3921 3427
3816 3788 3229
3484 3969 3412
3925 3437 3385
3508 3999 3274
3535 3505 3719
3584 3423 3729
3630 3926 3310
3610 3436 3717
3526 3975 3315
3472 3650 3674
3962 3533 3225
3434 3992 3360
3750 3820 3303
3475 3752 3597
3887 3689 3261
3745 3659 3521
3417 3550 3740
3865 3729 3219
3446 3984 3371
3729 3453 3640
3616 3516 3688
3487 3813 3535
3569 3466 3716
3790 3821 3249
3789 3443 3574
3816 3473 3524
3501 3890 3510
3356 3570 3715
3754 3529 3624
3948 3470 3302
3908 3427 3416
3447 3506 3733
3896 3615 3291
3492 3889 3532
3899 3468 3435
3834 3683 3338
3438 3606 3684
3601 3650 3641
3927 3448 3336
3505 4007 3291
3797 3745 3339
3854 3645 3376
3623 3710 3558
3784 3753 3330
3578 3803 3516
3682 3699 3518
3614 3944 3281
3594 3565 3676
3593 3955 3289
3542 3985 3296
3580 3461 3729
3827 3561 3493
3691 3554 3620
3631 3686 3608
3850 3715 3245
3617 3867 3395
3517 3959 3320
3721 3891 3232
3685 3724 3514
3564 3678 3657
3558 3639 3669
3533 3580 3702
3846 3664 3367
3451 3713 3647
3481 3988 3337
3736 3756 3421
3727 3583 3580
3667 3849 3403
3515 3804 3540
3510 3929 3450
3495 3930 3410
3917 3670 3282
3422 3728 3651
3810 3540 3532
3806 3424 3545
3545 3939 3357
3786 3675 3415
3710 3726 3487
3665 3647 3565
3520 3594 3697
3473 3568 3710
3893 3680 3297
3863 3690 3284
3766 3858 3278
3733 3776 3423
3720 3669 3553
3562 3563 3695
3557 3860 3481
3420 3775 3617
3530 3496 3737
3621 3950 3264
3793 3496 3548
3686 3519 3677
3681 3906 3275
3641 3902 3341
3867 3611 3398
3687 3886 3273
3565 3784 3556
3559 3838 3509
3663 3574 3629
3657 3932 3200
3649 3943 3226
3406 3570 3713
3700 3450 3652
3913 3537 3354
3695 3789 3414
3528 3500 3733
3485 3948 3349
3707 3741 3434
3609 3654 3622
3518 3512 3730
3571 3628 3661
3774 3845 3190
3707 3880 3238
3610 3955 3233
3504 3560 3729
3630 3688 3577
3820 3575 3491
3764 3456 3600
3626 3708 3547
3588 3948 3346
3725 3695 3486
3703 3781 3408
3585 3788 3526
3772 3477 3574
3567 3903 3412
3733 3842 3306
3590 3844 3478
3512 3894 3449
3507 3907 3467
3488 3990 3301
3920 3504 3368
3841 3623 3390
3822 3626 3447
3757 3707 3439
3715 3850 3357
3560 3768 3574
3525 3851 3491
3909 3580 3344
3873 3693 3251
3700 3534 3613
3634 3593 3673
3620 3652 3615
3538 3544 3708
3705 3873 3311
3648 3894 3303
3596 3913 3367
3568 3935 3364
3920 3524 3335
3904 3427 3437
3848 3506 3492
3723 3657 3528
3706 3747 3454
3547 3846 3498
3516 3875 3497
3826 3535 3522
3813 3703 3313
3803 3577 3500
3759 3559 3581
3672 3635 3604
3659 3857 3366
3603 3692 3596
3599 3910 3331
3527 3796 3551
3742 3690 3473
3676 3640 3562
3647 3523 3670
3533 3750 3606
3635 3898 3377
3758 3797 3325
3746 3673 3479
3558 3942 3356
3553 3530 3696
3517 3825 3527
3874 3685 3324
3856 3586 3406
3853 3676 3327
3794 3591 3489
3692 3884 3276
3685 3880 3299
3684 3755 3496
3658 3636 3610
3570 3749 3564
3551 3972 3318
3798 3739 3321
3656 3581 3632
3623 3631 3644
3581 3734 3587
3571 3988 3260
3685 3801 3419
3508 3996 3287
3807 3700 3362
3911 3575 3337
3843 3629 3378
3922 3510 3362
3871 3641 3326
3779 3679 3446
3743 3818 3350
3699 3617 3593
3669 3832 3378
3646 3542 3681
3618 3717 3555
3611 3809 3510
3606 3718 3570
3554 3991 3265
3406 3620 3685
3901 3551 3363
3884 3472 3436
3838 3656 3382
3832 3738 3307
3810 3661 3400
3801 3598 3451
3755 3698 3466
3737 3848 3284
3632 3805 3484
3613 3818 3507
3583 3584 3689
3840 3568 3458
3654 3742 3526
3868 3704 3240
3843 3546 3499
3770 3839 3225
3762 3795 3311
3713 3733 3441
3708 3855 3368
3694 3782 3426
3653 3521 3673
3589 3853 3442
3549 3841 3499
3512 3601 3680
3915 3503 3393
3914 3671 3244
3885 3600 3347
3877 3443 3470
3876 3457 3443
3875 3500 3444
3804 3648 3411
3800 3608 3469
3799 3471 3549
3781 3613 3503
3780 3541 3533
3777 3709 3384
3768 3759 3355
3761 3721 3417
3693 3622 3583
3664 3848 3430
3661 3865 3364
3643 3642 3600
3640 3558 3678
3628 3862 3396
3597 3596 3646
3581 3773 3559
3579 3585 3682
3563 3852 3482
3551 3727 3592
3532 3720 3624
3522 3610 3675
3439 4008 3342
3880 3534 3428
3782 3576 3529
3678 3578 3618
3644 3877 3370
3642 3713 3543
3592 3618 3662
3574 3661 3631
3539 3722 3601
3795 3513 3537
3742 3830 3289
3627 3458 3698
3609 3509 3715
3553 3792 3545
3881 3455 3460
3870 3588 3351
3853 3548 3471
3789 3806 3252
3721 3815 3362
3713 3731 3452
3658 3928 3243
3655 3572 3645
3622 3638 3637
3608 3770 3544
3603 3761 3546
3569 3957 3287
3564 3787 3538
3508 3938 3359
3794 3582 3505
3729 3881 3224
3697 3543 3655
3695 3834 3374
3692 3912 3265
3663 3762 3502
3656 3598 3611
3655 3665 3594
3637 3737 3541
3635 3817 3464
3630 3502 3691
3614 3716 3591
3604 3831 3475
3592 3730 3567
3554 3701 3627
3878 3560 3430
3867 3628 3380
3704 3620 3572
3580 3956 3294
3541 3469 3736
3540 3739 3585
3569 3920 3402
3774 3823 3292
3440 3625 3678
3923 3584 3305
3897 3681 3255
3830 3696 3327
3813 3517 3526
3712 3626 3560
3858 3634 3352
3783 3785 3306
3697 3863 3318
3486 3934 3446
3925 3644 3240
3886 3613 3318
3882 3618 3301
3795 3666 3402
3776 3746 3341
3767 3649 3478
3748 3719 3442
3747 3656 3471
3718 3722 3467
3717 3714 3485
3716 3810 3388
3709 3802 3389
3684 3557 3603
3660 3643 3593
3652 3861 3377
3595 3736 3549
3552 3522 3710
3482 3816 3533
3850 3682 3333
3833 3593 3438
3788 3668 3421
3680 3886 3300
3671 3811 3386
3638 3671 3570
3636 3652 3603
3629 3634 3626
3528 3764 3583
3521 3797 3555
3502 3932 3408
3627 3899 3357
3881 3603 3324
3803 3633 3424
3787 3793 3290
3769 3757 3350
3746 3772 3339
3688 3779 3444
3578 3836 3479
3557 3882 3459
3526 3589 3689
3496 3971 3343
3869 3609 3391
3869 3596 3394
3829 3660 3372
3824 3750 3280
3798 3553 3504
3792 3667 3418
3777 3552 3560
3775 3651 3456
3762 3769 3360
3758 3604 3537
3704 3811 3383
3696 3547 3614
3637 3774 3507
3622 3833 3448
3617 3822 3456
3616 3856 3441
3570 3694 3625
3565 3663 3656
3483 3974 3319
3670 3510 3685
3574 3738 3569
3549 3523 3711
3718 3706 3476
3622 3712 3566
3538 3556 3707
3837 3670 3336
3739 3623 3526
3861 3628 3382
3815 3640 3404
3674 3592 3603
3650 3778 3479
3939 3502 3333
3893 3573 3373
3864 3569 3449
3861 3696 3243
3848 3728 3312
3773 3753 3352
3749 3764 3397
3722 3801 3373
3679 3777 3454
3677 3808 3459
3675 3693 3540
3673 3858 3347
3651 3805 3465
3639 3938 3257
3607 3860 3410
3604 3885 3404
3546 3956 3336
3518 3885 3460
3913 3524 3412
3791 3661 3425
3598 3950 3305
3688 3877 3305
3887 3495 3424
3882 3517 3426
3878 3631 3343
3857 3653 3359
3837 3735 3239
3792 3767 3306
3769 3697 3434
3696 3876 3255
3691 3763 3465
3661 3544 3651
3599 3835 3485
3584 3759 3552
3540 3579 3698
3538 3911 3439
3504 3931 3388
3488 3621 3681
3939 3599 3241
3879 3568 3378
3874 3578 3392
3858 3477 3483
3857 3668 3334
3829 3640 3400
3825 3692 3387
3824 3573 3468
3804 3551 3511
3775 3617 3488
3774 3682 3405
3729 3576 3598
