82069 570.08
15592 15792 17460
15505 16422 17483
16725 16213 16658
15885 17068 16908
16120 16256 17364
16059 17038 16492
16148 16918 16003
16443 16742 16518
15744 16591 17152
16524 16567 16820
16157 16468 17304
16616 16555 16709
16615 16443 16777
16526 16586 16562
16424 16882 16071
16554 16137 16813
15964 16567 17179
16052 16708 17026
16036 16647 17051
16392 16884 16597
16341 16743 16918
16601 16576 15981
16394 16743 16479
16239 16511 17222
16529 16587 16388
16293 16785 16773
16189 16899 16632
16627 16444 16401
16694 16489 16202
15961 16805 17009
16383 16484 16873
16050 16920 16626
16655 16372 16485
16079 16745 16901
16083 16653 17005
15969 16999 16826
15857 16188 17456
16070 16882 16656
16447 16427 17203
16258 16791 16898
15892 15851 17373
16146 16856 16723
16239 16900 16403
16268 16898 16200
16357 16533 16999
16329 16847 16746
16431 16775 16336
16523 16467 17094
16380 16605 16950
16575 16562 16721
16468 16676 16618
16313 16439 17248
15467 16959 16937
15660 16624 17128
16125 17083 16317
15965 17039 16506
15970 16858 16870
