1302 360.631
3722 3876
4246 3319
3525 3952
3804 3820
4054 3665
4094 3612
3563 3934
3764 3852
4260 3222
4001 3704
4000 3705
3837 3806
4135 3538
4026 3680
4215 3423
3682 3887
3889 3784
3899 3775
4145 3532
3453 3989
3478 3982
4205 3437
4252 3271
4074 3633
3427 3990
3501 3966
3719 3877
4226 3333
3717 3886
4197 3462
4109 3581
4039 3669
4185 3466
4114 3580
4071 3649
3659 3894
3645 3923
4019 3686
4223 3356
4122 3569
4182 3478
4164 3521
3904 3774
3864 3786
3564 3926
4234 3323
4038 3677
4142 3537
4087 3626
4005 3688
3943 3745
4248 3300
3920 3767
4168 3505
4025 3682
4106 3586
4132 3554
3974 3727
3947 3744
4151 3523
3991 3711
3856 3805
3965 3736
4089 3615
3494 3971
3738 3857
3415 4017
4100 3603
4134 3539
4044 3666
3553 3949
4060 3656
4224 3352
3858 3799
4174 3499
3734 3865
4080 3632
3512 3954
4015 3687
3798 3840
3836 3819
