399 369.07
17394 16797 17307 16609
17713 16932 17015 16718
17734 17157 16561 16495
18283 16685 16926 15840
18061 16973 17046 16116
18083 16606 16955 16438
18025 16867 17018 16248
17884 16946 16881 16484
17918 17028 16689 16481
17801 16931 17014 16562
17612 17294 17099 16237
17563 17126 16729 16620
18025 16982 16773 16336
18427 16299 16411 16282
18184 16565 16744 16524
18391 16431 16368 16342
18251 16547 16972 16223
17892 16703 17160 16518
18087 16480 16781 16613
17983 16867 17002 16303
17827 16934 17075 16439
18304 16876 16666 15961
18219 16578 16847 16297
18083 16682 16634 16596
17783 16975 17103 16490
17867 16851 17137 16397
17549 16954 17069 16721
17403 17387 16680 16518
18083 16724 17223 15852
17426 17001 16902 16779
17882 16918 16973 16491
17603 17118 17113 16433
18389 16843 16589 15935
18004 16733 16788 16606
17947 16791 16837 16589
18168 16722 16859 16361
18152 16739 16607 16536
17779 16896 17319 16264
17883 16906 16864 16547
17818 17308 16929 16000
18233 16744 16942 16082
17879 16926 16796 16604
17813 17284 16669 16341
17953 16764 16925 16521
17939 17019 16467 16533
17689 16777 16886 16830
17625 16834 17159 16639
18010 16908 16813 16455
17858 16921 16865 16567
18074 16957 16972 16121
17883 16874 17042 16447
17809 16375 16826 16935
17594 16867 17079 16795
18362 16504 16812 16050
17912 16919 16897 16495
17717 17130 16677 16619
18150 16690 16870 16355
18148 16911 16629 16422
18060 17065 16448 16320
17946 16806 16828 16594
17596 17078 17216 16360
18271 16855 16414 16278
18087 16877 16838 16318
17967 16950 17035 16229
17472 17108 17237 16487
18253 16761 16943 15992
18197 16699 16597 16393
17965 16803 17008 16457
17889 16640 17185 16406
17927 17279 16497 16099
17876 17082 16792 16552
17644 17028 17106 16527
18084 16844 16795 16479
17822 16907 16904 16544
17698 16912 17291 16462
18113 16702 17051 16148
18070 16845 17076 16171
17968 16917 16891 16460
17526 16882 17212 16637
18272 16584 16595 16359
18236 16386 16894 16333
18202 16563 16667 16471
18094 16903 16827 16256
17960 16912 17042 16322
17942 16766 16928 16492
17766 16910 17028 16589
17948 16977 16933 16452
18157 17026 16906 15849
17750 17171 16972 16298
18022 16899 17066 16135
18010 17068 16882 16299
17995 16958 16860 16373
17951 16942 17048 16393
17848 16794 17226 16357
17794 16976 17101 16410
17648 16908 16919 16790
18177 16859 16937 16057
18035 16894 17048 16133
18029 16897 16871 16450
17854 16877 16867 16612
18244 16755 16928 16138
17836 16812 16770 16727
17829 17147 16777 16588
18190 16948 16856 16087
18081 16868 16859 16395
18023 16633 16889 16616
17987 16867 17114 16137
17852 16885 16992 16552
18170 16618 16933 16294
17969 16929 16847 16437
17763 16812 16940 16728
17598 16995 17042 16664
18109 16828 16897 16241
18201 16619 16817 16386
18068 16980 16984 16194
17935 16527 17183 16456
17881 16928 16784 16606
17594 17004 17244 16346
18340 16692 16658 16190
17770 17042 17040 16440
17893 16744 17161 16484
17739 17065 16993 16560
17677 17182 16218 16851
18207 16659 16894 16316
17913 16838 16921 16516
17837 17084 17058 16290
17778 17186 16973 16293
17772 16898 17025 16548
17735 16980 16771 16716
17715 17342 16886 16118
17880 16725 16907 16643
18197 16618 16925 16261
18109 16982 16553 16427
18075 16613 16989 16453
17674 16899 17213 16550
17655 17233 16950 16443
17617 16940 17189 16587
17549 17031 16890 16751
18379 16532 16637 16214
18101 16915 16771 16320
18005 16949 17036 16191
17962 17134 16733 16290
17596 17272 17097 16366
18036 16823 17034 16264
17796 16921 16646 16735
17558 17303 16891 16267
18196 16544 16834 16344
18181 16729 16982 16203
18014 17165 16668 16212
18006 16682 16715 16577
17972 16610 16648 16714
18242 16931 16666 15968
18112 16804 16997 16256
18044 16925 16792 16373
17924 16918 17007 16398
17902 17091 17071 15999
17726 17089 16500 16703
17546 17118 17130 16545
18080 17030 16881 16111
18006 16825 16864 16514
17868 16977 16820 16502
18197 16777 17033 16004
18174 16948 16554 16368
18047 16686 16979 16362
17978 16743 17046 16443
17818 17191 17026 16291
18320 16479 16664 16329
18244 16714 16467 16474
18122 17060 16823 16120
18088 17119 16634 16120
18071 16641 17006 16440
18021 16810 17149 16357
17902 16793 16928 16631
17852 17135 17001 16270
17786 17089 16971 16412
18434 16426 16821 15870
18177 16702 16699 16465
18171 16725 16633 16447
18048 17216 16929 16046
18018 16981 16754 16412
17993 17185 16663 16206
17722 16746 16895 16865
17688 17078 16739 16680
18201 16713 17063 15935
17978 16688 16669 16636
17785 16894 17330 16200
18124 17014 16886 16042
18123 16777 17023 16157
18079 16763 16717 16524
17889 17068 16958 16372
17831 16669 17094 16661
18485 16166 16621 16097
18144 16605 17056 16454
18126 16831 16842 16381
18029 16831 16872 16412
17841 17214 16986 16158
18038 17023 16703 16369
17983 16507 16688 16736
17645 17202 16794 16595
17561 17291 17106 16120
18135 16735 16832 16337
18021 16726 17015 16433
17910 16497 16894 16806
17716 16912 17099 16580
18215 16825 16923 16070
17953 16980 17072 16294
17902 17001 16763 16609
17865 16767 16973 16693
18322 16872 16827 15966
18167 16733 16951 16164
18117 17033 16756 16243
18013 16893 17094 16192
17939 16449 17099 16446
17849 17030 17089 16372
18143 16973 16802 16210
17824 16963 16884 16608
17700 17435 16787 16132
17585 17183 17126 16260
18262 16688 16535 16412
18119 16826 16952 16252
17917 16993 17226 16247
17887 17035 16719 16544
17714 17186 17109 16215
18279 16917 16600 16110
18245 16974 16581 16098
18232 16729 16692 16338
18057 17043 16983 16260
17885 16964 16869 16506
17876 16738 17173 16304
17808 16867 17339 16233
17750 17114 16971 16589
17736 16973 16641 16700
17723 17120 16861 16546
17717 17084 16706 16700
18282 16680 16650 16324
18173 16826 16725 16339
18159 16830 16844 16314
18053 16749 16775 16537
18033 16477 16844 16614
18030 16626 17062 16421
17959 16588 16656 16736
17915 16818 16975 16542
18323 16805 16814 16005
18268 16540 16768 16343
18064 16662 16648 16621
18045 16871 16723 16486
17985 16869 16712 16566
17972 16745 16787 16583
17948 17204 16895 16222
17825 17007 17174 16365
17775 16546 16562 16915
17760 16819 16831 16727
17447 16953 16735 16918
18302 16786 16448 16236
18284 16896 16869 15884
18224 16596 16632 16510
18178 16622 16714 16473
18176 16968 16678 16112
17974 16916 16850 16432
17894 16595 16963 16700
17571 16979 17087 16688
18333 16823 16701 16093
18195 16654 16572 16556
18027 16662 16639 16637
17984 16752 17005 16560
17768 17314 16651 16199
18175 16876 16730 16310
18036 17045 16695 16324
18032 16772 16536 16622
18005 16903 17008 16239
18307 16738 16631 16204
18094 16830 16937 16194
18050 17098 16799 16221
17875 17016 16815 16541
17798 16925 17138 16460
17723 16865 16649 16816
18156 17059 16622 16219
18032 16903 17013 16165
17954 16761 16788 16604
17933 16846 16801 16592
17804 16923 16926 16550
17775 16650 16913 16783
17521 17177 17298 16331
17983 16755 17340 16060
17852 16906 16768 16668
17684 17077 16822 16630
18090 16920 16813 16350
18068 16878 16621 16490
17625 17354 16645 16437
18088 16651 17014 16401
18080 16762 17062 16103
17937 16736 16939 16597
17665 16365 16594 17089
17600 16405 16959 16972
18380 16547 16609 16140
18151 17127 16704 15917
18151 16956 16782 16174
18129 17093 16465 16157
18094 16973 16760 16288
18333 16495 16511 16345
18094 16677 16755 16531
18079 16638 17068 16216
18069 17010 16830 16260
18067 16788 16758 16498
18059 16488 17123 16304
17906 17023 16993 16328
17736 16940 16728 16721
18147 16897 16936 16108
18063 17055 16482 16336
17995 17051 16896 16183
17932 17171 16901 16216
17928 17066 16931 16259
17742 17203 16965 16460
17602 17206 17034 16363
18213 16730 17040 15917
18156 16833 16689 16324
18025 16851 16874 16414
18019 16801 16801 16516
17910 16857 16685 16730
17891 17047 17046 16216
17767 17246 16950 16291
17674 17086 16654 16768
18140 16624 16834 16403
18024 17051 17199 16125
17889 17045 16989 16403
17865 17237 17068 16064
17679 17182 17110 16304
18123 16687 16765 16482
17874 17076 16959 16325
17713 17089 16464 16762
17612 17206 17109 16320
18325 16603 16917 16196
18218 16477 17041 16111
18064 17194 16722 16187
18023 16968 16894 16358
18012 16513 16719 16639
17967 16582 16833 16676
17704 17071 16936 16595
18249 16815 16592 16295
18170 16923 16971 16097
18112 16651 16899 16384
18003 16940 16911 16416
17756 17141 16636 16626
17580 17120 17106 16422
18117 17085 16839 15830
18100 16790 16733 16472
18011 16733 16896 16492
18010 17152 16921 16066
17765 17012 17034 16511
18175 16494 16779 16445
18164 16819 16723 16376
18114 16739 16989 16251
18113 16834 16597 16467
18064 16655 16989 16515
17756 17060 17035 16529
17574 16859 17107 16641
17503 17053 17348 16423
18332 16747 16830 15957
18301 16703 16480 16331
18276 16682 16815 16252
18006 17012 16727 16341
17957 16912 16626 16563
17804 17113 16991 16372
17721 16971 17147 16539
18164 16801 16728 16429
18021 17158 16537 16439
17992 17114 16875 16135
17971 16703 16720 16609
17886 16958 16776 16536
18185 16810 16840 16295
18161 16545 16617 16601
17956 16536 16849 16720
17933 16896 16669 16610
17865 16918 16980 16539
17830 17129 16636 16485
17820 16837 17086 16658
17790 16911 17147 16413
17741 16835 16849 16840
18186 16643 16874 16334
18095 16825 16921 16396
18031 16981 16788 16338
17962 16934 17222 16131
17887 17324 16763 16124
17769 16880 16923 16685
17758 17168 16967 16420
17655 16850 16883 16825
18278 16962 16580 16050
18167 16795 16692 16357
18025 17117 16817 16251
18017 17097 16567 16276
17787 16973 16941 16633
17423 17164 16934 16651
18240 16710 16743 16350
18168 16618 16851 16363
18129 16628 16781 16539
17957 16765 16586 16647
17947 16683 17097 16478
17873 16864 17070 16454
17867 17005 16771 16587
17844 16799 16995 16698
17637 17259 16828 16494
17549 17023 16961 16712
17546 16819 17200 16691
18282 16813 16729 16169
18079 16788 17075 16207
18071 16897 16926 16303
18053 16954 16882 16284
17949 16835 16656 16668
17729 17201 17070 16305
18388 16439 16875 16083
18248 16919 16646 16175
18105 17143 16678 15823
18083 16924 16896 16289
18061 16892 16731 16426
18046 16770 17167 16185
17883 17334 16711 16094
17839 17118 16985 16329
17820 16791 16587 16836
17754 17178 16727 16464
17666 16948 17401 16329
18270 16839 16880 15777
18182 16279 16529 16558
18010 16841 16699 16529
17879 16687 16968 16645
17825 16894 17244 16237
17730 16998 17135 16383
17697 17214 16928 16497
18360 16577 16896 15863
18253 16612 16559 16445
18172 17007 16812 16000
18072 16920 17010 16192
18066 17034 16838 16282
18002 16562 16942 16641
17993 16977 16872 16403
17947 16995 17022 16226
17797 17128 17041 16277
17790 17209 16601 16366
17722 16939 16985 16697
17619 16756 17169 16656
18401 16396 16495 16311
18387 16362 16813 16150
18308 16688 16957 15830
18294 17070 16739 15930
18258 16650 16677 16268
18237 16806 16644 16316
18076 16828 16321 16534
18043 16772 17061 16345
18016 16532 16688 16637
18014 16898 17003 16246
17990 16793 16601 16640
17943 16955 16584 16535
17864 17020 17006 16337
17802 16952 16648 16699
17795 17134 16910 16354
17583 17020 16878 16698
18267 16582 16758 16288
18189 16685 16988 16055
18186 16601 16761 16404
18111 16705 16617 16601
18026 17024 16846 16306
18005 16872 16987 16316
17951 17198 16840 16129
17944 16657 17169 16416
17939 16774 16667 16656
17925 16703 16877 16722
17865 17136 16938 16331
17810 16879 17174 16608
17755 17068 17302 16237
18209 16610 16824 16274
18090 16821 16755 16518
17848 16789 17246 16236
17787 17113 17012 16327
17781 16987 17113 16394
17773 17322 16730 16149
18314 16684 16743 16085
18312 16479 16228 16426
18194 16661 16779 16376
18082 17128 16814 16057
18050 16885 16713 16427
18029 17134 16843 16131
18018 16596 17191 16203
18001 16755 16766 16573
17719 17167 17115 16380
17537 16784 17098 16770
18386 16478 16809 16212
18373 16606 16698 16063
18215 16976 16582 16028
18191 16736 17042 16026
18190 16610 16789 16396
18039 16949 16843 16378
17993 16887 16734 16505
17904 16868 17247 16086
17806 17060 17166 16282
17805 17301 16556 16272
17734 17130 17022 16493
17501 17103 17208 16409
18066 16800 16499 16640
18007 16555 16734 16618
17984 16552 16785 16719
17937 17046 16903 16392
17918 16705 16928 16672
17904 16929 16544 16632
17851 17310 16640 16218
17851 16994 17013 16434
17676 17269 16932 16310
17933 16801 17338 16054
17758 17226 16714 16405
17717 17132 16898 16567
18376 16585 16791 16075
18342 16489 16911 16054
18318 16637 16621 16249
18263 16555 16462 16468
18163 16621 16980 16299
17912 17044 16522 16515
17658 16976 17193 16478
17635 16622 16878 16868
18260 16900 16751 16006
18180 16798 16912 16169
18150 16747 16937 16238
18132 16706 17015 16355
18059 16773 17192 16058
17972 17138 16881 16136
17932 16647 16955 16578
17883 17064 16918 16430
17856 17112 17069 15977
17708 16798 16740 16908
17672 16839 16871 16820
17611 16642 16886 16912
18268 16574 16480 16434
17980 17035 16992 16423
17979 16817 17110 16401
17918 16812 17129 16504
17887 16919 16877 16536
17803 16736 16771 16828
18157 16856 17238 15841
18077 16928 16558 16481
17959 16805 16809 16585
17958 16819 16606 16644
17863 17066 16965 16335
17818 17062 16734 16613
17575 16761 16985 16831
18246 16454 16857 16275
18231 16778 16977 16096
18095 16864 16694 16494
18060 17195 16806 16184
18032 16637 17093 16304
17898 16905 17087 16371
17798 17103 17037 16327
17753 17006 17051 16472
17665 17096 17196 16460
18232 16644 16470 16474
18038 16991 16771 16401
18000 16994 16527 16586
17981 16819 17176 16156
17976 17051 16776 16385
17942 17093 17043 15994
17909 17039 17113 16320
17603 16883 16726 16877
18236 16528 16996 16079
18192 16868 16865 16023
18095 16752 16714 16525
18012 17008 16766 16462
17995 16785 17283 16296
17881 17130 16936 16325
17545 17442 16809 16099
18443 16451 16675 15993
18330 16765 16862 15893
18329 16799 16904 15664
18255 16663 16594 16360
18236 16713 16834 16173
18125 17037 16688 16220
18018 16737 17036 16447
18017 16439 17016 16552
17963 16871 17030 16333
17900 17204 16923 16222
17832 17032 17127 16342
17824 16789 16737 16809
17553 17251 17161 16468
18243 16833 16570 16266
18168 16944 16910 16192
18149 16960 16766 16288
18109 16746 16898 16384
18042 16957 16782 16442
18034 16663 17197 16109
17998 16836 16879 16465
17754 17217 16967 16313
17626 16622 17295 16486
18356 16681 16758 16148
18225 16729 17021 15934
18059 16986 16790 16289
17919 16942 16863 16506
17907 16687 16600 16849
17835 16961 16401 16722
17830 17023 16950 16424
17659 16738 16951 16832
17571 17041 17203 16555
18288 16542 16681 16346
18174 16757 16596 16415
18102 16818 16742 16404
18012 17126 16654 16238
18000 17061 16923 16165
17982 17187 16810 16123
17790 17092 16956 16390
17661 17243 16793 16527
17530 16834 17270 16551
17514 17160 17032 16622
18334 16495 16570 16340
18292 16776 16517 16226
18202 16823 16835 16268
18133 16673 16696 16494
18015 17102 16895 16083
17919 17185 16892 16227
17880 16939 16867 16515
17802 16834 16476 16775
17801 16970 17226 16340
17743 17116 16889 16512
17714 17141 16879 16571
18257 16902 16848 15964
18255 16982 16600 15967
18151 17064 16685 16178
18044 16747 17106 16286
17925 16892 16892 16536
17874 17043 16891 16451
17817 17185 16819 16419
17776 17217 16699 16363
17760 17116 16652 16665
17687 17383 16941 16231
17678 17347 16889 16347
17668 17440 16811 16341
18040 17004 16759 16350
18034 16671 17016 16390
18006 16589 16798 16620
18333 16760 16889 15890
18184 16689 16727 16428
18118 16855 16950 16166
18075 16904 16994 16117
18047 16882 16764 16415
18017 16787 16842 16479
17991 17047 16886 16288
17773 16952 16450 16779
17593 16908 17036 16680
17505 16844 16957 16815
18407 16679 16470 16145
18231 16561 16951 16176
18081 16579 16943 16597
18069 16980 16914 16220
18013 17018 17021 16225
17993 17045 16647 16511
17855 17013 17140 16197
17754 16752 16911 16855
17472 17195 16963 16601
18332 16791 16804 15806
18229 16479 16913 16381
18186 16967 16870 16117
18184 16698 16644 16395
18146 16859 17110 15916
18097 16914 16492 16515
18066 16853 16821 16507
17804 17120 16885 16346
18145 16507 16852 16367
18032 16789 16971 16373
17983 17003 16923 16301
17953 17056 16651 16411
17729 16994 17311 16391
17717 17172 17016 16313
17674 17293 17065 16131
17583 17085 16848 16622
17412 16826 17101 16912
18418 16619 16578 16167
18392 16673 16711 16047
18075 17004 16654 16325
18022 16533 17132 16292
17833 17089 16921 16475
17501 17153 17136 16557
18271 16934 16794 15869
18222 16494 16717 16543
18125 16775 16878 16280
18075 16958 16813 16322
18035 16831 17170 16210
17951 17038 16824 16352
17906 16918 17063 16362
17887 16559 17000 16644
17831 16906 16749 16702
17809 17167 16888 16312
17806 16992 17315 16320
17801 17055 17016 16373
17743 17027 16804 16633
17611 17358 17009 16042
18415 16705 16475 15955
18384 16511 16661 16333
18377 16578 16825 15886
18313 16894 16849 15836
18236 16698 16869 16209
18205 16445 16424 16591
18186 16527 16807 16429
18182 16597 16367 16590
18113 16842 16890 16317
17956 16956 17009 16376
17951 16996 16907 16481
17942 16915 16637 16584
17816 16904 17097 16444
17802 16985 17046 16423
17659 17209 17238 16228
18130 16876 16865 16218
18101 17096 16717 15970
18046 16934 16958 16280
17913 17097 16995 16203
17894 16934 17133 16384
17820 16802 16915 16740
17635 17170 16879 16585
18218 16725 16561 16445
18205 16776 16736 16329
18173 16974 16598 16233
17961 16863 17035 16324
17905 16992 16548 16539
17683 17242 16952 16293
17630 17221 17003 16427
17607 16760 16901 16880
17415 17177 17317 16341
17850 16813 16901 16627
17849 16912 16585 16690
17662 16939 16903 16821
17361 16967 16888 16935
18416 16630 16736 15915
18410 16524 16579 16284
17939 17044 17251 15927
17917 17051 16957 16336
17868 16718 17061 16561
17845 17318 16847 16065
17781 16931 16846 16675
18110 16590 16661 16632
18102 16806 17047 16276
18058 16726 16905 16568
17971 17021 17016 16254
17871 17078 16888 16455
17699 17135 16885 16480
17691 16983 17180 16457
18473 16520 16684 15979
18333 16834 16744 15762
18296 16870 16607 16101
18197 16983 16867 16012
18172 16956 16725 16171
18168 16850 16817 16237
18098 16831 16669 16472
17652 17215 16831 16462
18181 16962 16592 16155
18106 16708 17027 16228
17969 17043 16691 16471
17955 16763 16738 16727
17745 16611 17026 16874
17560 17080 17264 16398
18011 17004 16585 16518
17906 17271 16639 16114
17675 16910 17073 16648
17374 16667 17200 16870
18036 16968 16862 16286
17936 17241 16753 16108
17867 16747 17197 16449
17859 17124 16776 16539
17502 17101 16925 16648
18469 16503 16393 16107
18357 16594 16816 16179
18245 16755 16605 16321
18206 16830 16921 16157
17748 17362 16845 16116
17728 16912 17221 16488
17539 17242 16983 16570
18147 16699 16767 16442
18123 16797 16868 16252
18073 17156 16806 16116
18073 17101 16728 16122
17942 16976 16999 16329
17935 16978 16555 16539
17827 16829 17236 16320
17756 17396 16825 16248
17654 16975 16891 16801
17440 17119 16861 16633
17414 17023 16967 16773
18393 16600 16747 15970
18229 16525 16828 16435
18124 16916 16434 16421
17907 16644 17034 16591
17904 17196 16864 16348
17663 17073 16938 16694
17640 17261 16958 16308
17531 17361 17070 16454
18159 16985 16802 16021
18098 16951 16857 16160
18087 16732 17048 16175
17950 16808 16854 16558
17939 16882 16925 16492
17684 17163 17122 16275
18448 16607 16659 16122
18365 16632 16652 16188
18234 16510 17022 16083
18199 16544 16917 16285
18144 16915 16972 16135
18136 17033 16985 15902
18095 17031 16725 16289
17909 16868 16552 16758
17758 17144 17164 16306
17711 17022 17183 16418
17541 17043 17156 16660
17452 16886 16793 16940
18311 16640 16494 16400
18223 16717 16559 16444
18196 16555 17041 16289
18036 17253 16854 15876
17981 16904 16730 16577
17950 16868 16917 16481
17876 16977 17067 16448
17840 17090 16887 16439
17543 16983 16863 16874
18312 16611 16437 16372
18108 16628 17104 16097
18002 16923 17024 16210
18000 17120 16867 16087
17981 16665 16810 16616
17904 17124 16967 16308
17851 16550 17150 16547
17564 16989 16958 16765
18132 16845 16822 16295
17991 16765 16987 16448
17971 16861 16900 16465
17936 16908 17026 16482
17761 17024 16910 16539
17760 17241 16929 16318
17650 16767 17198 16635
17628 16872 16928 16868
17589 17015 17193 16483
18445 16543 16511 16239
18328 16713 16552 16226
18214 16598 16662 16414
17996 16955 17223 16068
17924 17191 16573 16355
17800 17075 17132 16274
18370 16709 16796 15937
18340 16483 16839 16211
18151 16958 17023 15839
18081 16837 17112 16085
18021 16694 16964 16509
17809 17019 17242 16331
18384 16605 16674 16048
18259 17031 16771 15667
18188 16609 16986 16237
18084 17296 16810 16093
17896 17120 17013 16229
17891 16677 16718 16766
17831 16949 16955 16496
17650 16789 17088 16710
18372 16637 16709 16168
18332 16708 16680 16115
18314 16621 16839 16154
18222 16976 16658 15997
18218 16594 16906 16288
18087 16703 16840 16510
17813 16985 17058 16421
17715 17222 17141 16130
17688 17197 16676 16630
18394 16572 16905 16032
18300 16563 16830 16274
18292 16684 16611 16228
18089 16854 17043 16201
18068 16832 16843 16462
18065 17059 16899 16169
18021 16629 16991 16516
17909 17105 16918 16305
17894 17036 16989 16360
17830 16730 17080 16542
17679 17220 17263 15928
17491 16963 17265 16727
18302 16966 16529 15965
18231 16561 16833 16348
18221 17003 16882 15980
18189 16789 16912 16279
18051 16696 16924 16546
17977 17047 16629 16357
17683 16953 17119 16619
17598 17246 16808 16560
18354 16750 16607 16116
18244 16620 16911 16184
18243 16658 17048 16002
18086 16570 16351 16635
18040 16511 17072 16308
18035 16969 16852 16420
18027 16595 17042 16531
17927 16835 17287 16034
17863 16681 17156 16541
17806 17063 17010 16533
17801 16924 17112 16478
17775 16849 16830 16690
17716 17034 16842 16807
17699 16964 16907 16737
17694 17079 17064 16398
17563 17296 16727 16585
17527 17230 16830 16672
17493 16935 16787 16876
18301 16967 16545 15919
18149 17084 16804 16051
18084 16627 16656 16664
18063 16597 16821 16567
18026 16692 17250 16195
17985 16958 17088 16157
17926 16881 16913 16534
17919 16916 17234 16263
17731 16809 16540 16967
18179 16677 17029 16279
18105 16949 16841 16147
18057 16868 16920 16321
18050 16536 16650 16792
18001 16679 16801 16589
17857 17253 16509 16534
17827 16998 16812 16568
17802 17332 16510 16144
18241 16769 16963 15958
18174 16637 16659 16538
18158 16923 16995 16079
18151 17058 16859 15930
18081 17042 16619 16391
17958 17071 16630 16371
17932 16812 16515 16673
17898 16893 16531 16733
17862 17036 16927 16433
17860 16781 16799 16749
18284 16852 16611 16072
18241 16711 16619 16270
18210 16506 17024 16211
18200 16732 16750 16344
18063 16700 16958 16526
18041 16884 16480 16751
17975 17136 16818 16127
17885 17140 16975 16176
17873 16884 17438 15982
17832 16691 17098 16612
17825 16627 16736 16805
17802 16931 17326 16086
18354 16788 16654 15973
18347 16570 16836 16092
18154 16642 16775 16534
18143 16903 16405 16431
18051 16880 16720 16441
17962 16668 17046 16572
17839 17155 16553 16511
17714 17137 16998 16390
17684 16829 16758 16981
18362 16554 16589 16249
18227 16957 16703 16263
18164 16524 16952 16301
18035 16833 16708 16615
18014 16763 17178 16281
18009 16985 16772 16411
17910 17052 16987 16265
17895 16652 16827 16724
17874 16981 17193 16261
17861 16496 16725 16885
17788 16948 17132 16509
17449 16968 17080 16701
18469 16368 16672 16017
18423 16758 16437 15745
18131 17027 16639 16229
18095 16878 16863 16255
17980 17061 16623 16380
17950 16484 16866 16674
17939 16932 17172 16139
17740 16994 17081 16582
17571 17296 16863 16432
18005 16890 16998 16283
17946 17245 16681 16236
17934 16761 16809 16715
17707 17206 16863 16384
17703 16921 16694 16884
17339 16578 17362 16698
18542 16232 16742 15712
18342 16448 16835 16141
18317 16778 16505 16170
18189 16849 16944 16061
18181 16773 16978 16045
17957 16837 17009 16395
17923 16626 17053 16605
17884 16711 16950 16741
17883 17092 17081 16243
17851 16569 16803 16779
17788 16975 17316 16115
17734 16876 17103 16609
17557 16962 17246 16584
18336 16411 16920 15945
18215 16691 16899 16241
18189 16686 16973 16151
18189 16665 16708 16537
18129 16817 17141 15995
17826 17133 17182 16164
17799 17064 17054 16292
17736 16880 16996 16671
17594 16963 17267 16501
18520 16548 16715 15741
18385 16779 16612 15972
18271 16514 16993 16021
18177 17045 16784 15910
18177 16680 17066 16108
18090 16998 16533 16361
18081 16611 17059 16427
18017 16982 16993 16239
18013 16834 16948 16478
17994 16852 16964 16394
17984 17063 16937 16152
17974 16742 16622 16703
17938 17076 17011 16152
17729 17137 16797 16491
17567 17125 16859 16855
18334 16591 16510 16300
18299 16591 16703 16288
18256 16836 16953 15917
18132 16805 16844 16322
18065 17002 17078 15925
18058 16948 16540 16563
17973 17098 16796 16271
17873 16846 17148 16307
17781 16859 17192 16557
17490 17032 17206 16556
17340 17199 16934 16588
18313 16658 16635 16239
18310 16782 16575 16175
18261 16885 17038 15676
18187 16526 17068 16268
18147 16841 16942 16141
18075 16847 16990 16255
18068 16745 16559 16580
17967 16791 16821 16564
17836 16795 17302 16266
17813 17012 17100 16384
17782 17149 16755 16558
17712 17357 16789 16274
17659 17065 17028 16494
17485 16650 17052 16832
18358 16450 16865 16112
18232 16722 17101 15932
18127 16766 16849 16337
18122 16698 16885 16357
18037 16786 16764 16573
17930 16862 17100 16316
17555 17163 17179 16282
17526 17200 17231 16327
18285 16704 16849 16234
18136 16976 16839 16139
18027 16883 16894 16359
18018 17089 16643 16278
18014 17001 16958 16273
18010 16683 17005 16487
17971 16837 16997 16307
17907 17228 16880 16079
17725 16728 17146 16745
17693 17067 16979 16497
17681 17124 16828 16641
17642 17345 16949 16194
17573 16883 17054 16712
17570 16852 17229 16621
18432 16655 16192 16133
18329 17033 16728 15842
18169 16657 16673 16593
18127 16552 16573 16700
18111 16795 16305 16653
18050 16896 17012 16183
18027 16901 16656 16512
17881 17028 16633 16598
17863 17082 17165 16090
17784 17037 17254 16226
18234 16499 16744 16450
18117 17142 16709 15991
17958 16957 16784 16508
17857 17268 16551 16212
17848 16979 17073 16437
17818 16857 16895 16668
17815 17056 17028 16339
17683 16585 17278 16646
17546 16814 17212 16685
18370 16721 16581 16023
18334 16328 16259 16386
18271 16666 17013 15835
18262 16961 16833 15842
18172 16696 17058 16158
17960 17052 16992 16211
17932 16870 16631 16653
17610 16977 17439 16244
17591 16794 17094 16663
18379 16854 16557 15876
18201 17065 16742 16088
18195 17020 16557 16290
18173 16821 17170 15890
18117 16977 16936 16006
18110 16924 16594 16420
18102 16666 17102 16171
18095 16932 16687 16431
17982 17185 16665 16290
17920 17078 17028 16251
17414 17140 17265 16486
18292 16828 16587 16158
18152 16483 16940 16306
18070 16901 16897 16256
17922 16994 17027 16288
17750 17145 16889 16470
17655 16903 17145 16613
17643 17061 17171 16608
17482 17374 16725 16503
18353 16716 16802 15924
18255 16700 16639 16328
18231 16653 16781 16266
18123 16812 16996 16202
18043 17021 16683 16493
18041 17022 17066 15961
17983 16859 16858 16470
17934 16811 16508 16733
17762 16896 16972 16675
17736 16961 16936 16685
17696 17284 16752 16341
18312 16669 16517 16356
18287 16904 16577 16027
18230 16696 16710 16377
18078 16653 16779 16599
18049 16842 16856 16430
17937 16857 16894 16547
17923 16657 17177 16358
17896 16706 16857 16643
17848 16937 17036 16536
17824 17019 16535 16695
17743 17302 16828 16267
17686 17165 16889 16523
17679 17016 16977 16604
17625 16916 17268 16497
17606 17161 17282 15942
18241 16862 16861 16086
18192 16658 17008 16114
17990 16789 16763 16582
17951 16800 16561 16699
17949 17171 16871 16479
17926 16937 16813 16573
17850 16971 17178 16409
17677 16972 17048 16620
17487 17085 17169 16500
18399 16440 16858 15970
18353 16626 16865 15999
18312 16529 16935 16029
18181 16921 16819 16129
18108 16926 16624 16434
18030 17018 17004 16092
17994 17202 16896 16082
17975 16912 17216 16152
17954 16893 17057 16317
17934 17128 17056 16168
17867 16583 16729 16814
17778 17412 16850 15925
18391 16703 16759 16024
18306 16781 16784 16151
18237 16894 16731 16121
18135 17009 16674 16262
18135 16676 16852 16443
18065 17065 16968 15995
18064 16671 17221 15978
18016 16861 17101 16280
17976 16854 17228 16099
17970 16693 16819 16638
17771 17240 16961 16371
17735 16839 17262 16622
17569 16987 17060 16651
18492 16456 16735 15951
18468 16620 16580 16104
18311 16455 16977 15866
18310 16509 17008 15942
18305 16764 16955 15793
18216 16592 17003 16265
18210 16620 16534 16481
18170 16895 16751 16323
18118 16771 16876 16455
18095 16322 16731 16652
18084 16704 16688 16554
18022 16458 16859 16619
17970 17059 16627 16339
17953 16963 16687 16528
17855 16997 17136 16275
18353 16777 16662 16144
18313 16681 16573 16340
18292 16774 16871 15879
18288 16677 16595 16285
18279 16848 16635 16145
18129 17099 16692 16013
18030 16590 16726 16635
17713 17282 17062 16226
18247 16649 16786 16309
18060 16619 16978 16517
17961 16937 16886 16427
17892 16829 17240 16299
18364 16867 16544 15942
18328 16773 16914 15988
18323 16873 16477 16045
18226 16658 17014 16042
18141 16605 16840 16485
18137 16864 17057 16105
18135 17097 16730 15875
18088 16769 16510 16580
18086 16774 16831 16477
17980 17127 17027 16124
17934 16888 16482 16666
17914 16728 16791 16741
17892 17272 16756 16172
17755 16980 17391 16136
18312 16485 16693 16398
18147 16976 16712 16414
17990 16943 17040 16297
17982 17014 16988 16241
17949 16639 17062 16420
17929 16810 17150 16263
17852 17139 17096 15859
17809 16958 16636 16748
17562 16636 16967 16832
17543 17104 16889 16613
18424 16734 16525 15811
18419 16725 16643 15828
18407 16813 16633 15956
18346 16529 16907 15851
18234 16685 16577 16421
18225 16955 16811 16308
18127 16823 16713 16552
18020 16838 16683 16544
17896 16872 16929 16515
17875 16622 16772 16782
17794 16940 17082 16533
17783 16948 17225 16442
17714 16909 17137 16540
17673 17320 16642 16356
17618 16975 17045 16655
18309 16724 16915 15944
18155 16696 16623 16521
17948 16652 16852 16579
17778 16933 16754 16808
17601 16948 16932 16788
17551 17006 17214 16488
18392 16412 16660 16246
18182 16578 17135 16084
18146 16717 17281 15866
18126 16577 17072 16301
18099 16856 16894 16343
18068 17109 16893 16167
17893 17018 16768 16667
17852 16906 17308 16050
17736 17152 17314 16336
17704 16754 17128 16691
17548 17253 17182 15936
18450 16564 16761 15823
18374 16687 16800 15723
18359 16525 16829 16138
18328 16870 16688 15938
18316 16732 16617 16222
18288 16398 16893 16399
18282 16635 17100 15873
18126 16675 16679 16557
17982 16462 16653 16770
17818 17043 17053 16406
17800 17269 17046 16261
17713 17033 16936 16617
17645 17026 17093 16592
18492 16511 16869 15725
18136 16791 16393 16492
18055 17085 17044 15910
18018 16574 17067 16484
18322 16623 16639 16296
18206 16763 16840 16245
18157 17048 16849 15958
18140 16965 17101 16097
18121 16705 16715 16448
18103 16932 16707 16430
18088 16866 16679 16458
17980 16672 17113 16387
17923 16601 16520 16751
17848 16425 17065 16630
17821 16914 16571 16741
17719 17004 17083 16590
17518 16695 16828 16995
18277 17016 16787 15649
18255 16695 16964 16039
18250 16655 16713 16366
18197 16644 16829 16344
18097 16714 16888 16449
18094 16858 16966 16149
18061 16681 16982 16438
18031 16775 16842 16542
18020 16504 17077 16436
17850 16806 17020 16635
17814 16504 16892 16836
17601 17212 17084 16507
18465 16359 16796 15831
18213 16739 16893 16224
18199 16385 16884 16431
18131 17032 17064 15881
18086 17188 16627 16262
18010 16846 16946 16379
17985 16940 17135 16288
17896 17062 17196 15866
17796 16879 16934 16609
17781 17205 17245 16171
17763 17170 16549 16483
17731 16501 17281 16584
17553 17136 16661 16646
17398 17135 16864 16746
18417 16629 16500 16057
18385 16832 16309 16075
18328 16838 16901 15754
18301 16640 16698 16300
18170 16688 17077 15962
18151 16754 17009 16154
18049 16890 17107 16047
17975 16991 16995 16278
18482 16490 16315 16105
18361 16668 16647 16074
18249 16632 17095 15949
18134 16843 16752 16311
18108 16620 16884 16397
17917 16732 17053 16542
17898 16879 16908 16574
17895 16698 17243 16338
17881 16872 17141 16327
17868 16867 17190 16396
17838 17194 17110 16149
18425 16579 16756 15889
18353 16687 16807 15946
18322 16756 16634 16168
18265 16695 16479 16402
18237 16700 16758 16313
18193 16446 16317 16636
18169 16784 17167 16082
18151 16816 16895 16244
18076 17171 16964 15972
18033 16777 16948 16346
17817 16862 17081 16493
17786 16876 16584 16796
17679 17239 16698 16597
17641 17035 16982 16658
18481 16532 16759 15836
18388 16457 16949 15869
18269 16830 16726 16141
17970 17062 16962 16129
17959 17017 16841 16494
17943 16837 16994 16489
17922 16464 16819 16759
17836 16784 17269 16427
17819 17519 16810 16030
17664 16755 17111 16664
17615 17173 16917 16605
18400 16478 16494 16292
18367 16780 16512 15961
18322 16736 16507 16293
18243 16987 16850 15720
18227 16838 16614 16289
18221 16779 16585 16405
18121 16934 16930 16239
18117 17027 16897 15987
18000 17026 16799 16302
17977 16744 16794 16575
17946 16779 16780 16640
17842 16944 16784 16624
17622 17108 17079 16469
18486 16386 16748 15803
18417 16570 16587 16161
18352 16711 16549 16181
18322 16758 16745 16048
18124 16914 16913 16139
18086 16817 17196 16045
18073 16969 16776 16324
18013 16764 16711 16582
17998 17083 17175 15683
17965 16497 16572 16823
17813 17003 17011 16445
17810 16910 17191 16450
17647 17148 17071 16588
18392 16585 16749 16111
18167 16999 16714 16109
17968 16844 16550 16584
17932 16924 16854 16652
17866 16749 17001 16575
17856 17049 17158 16165
17822 17191 16949 16285
17612 17075 16870 16681
18459 16621 16706 15857
18293 16549 17032 15947
18228 16847 16904 16176
18177 16971 16558 16197
18113 17112 16743 15885
18035 16954 16524 16538
17884 17167 16936 16059
17530 17009 17000 16760
18348 16693 16932 15737
18256 16792 16819 16246
18181 16650 16746 16457
17899 17070 17043 16236
17870 17306 16794 16062
17843 16752 16896 16797
17830 16850 16862 16662
17629 16714 16810 16888
17588 16748 17139 16684
17569 16654 16846 16993
17449 17060 17332 16523
18434 16617 16803 15737
18398 16812 16730 15898
18396 16742 16605 15989
18391 16412 16738 16212
18326 16684 16435 16320
18318 16714 16732 16185
18158 17018 16816 16104
18070 16835 17004 16344
18025 17141 16856 16062
17968 16993 16730 16520
17964 16529 16750 16848
17898 16826 16963 16616
17850 16881 17223 16481
17784 16848 17159 16617
17784 16845 16980 16655
17767 16741 17121 16645
18418 16662 16658 15919
18295 16666 16976 15838
18284 16792 16510 16268
18258 16673 16951 15855
18110 16787 16906 16364
18063 16873 17200 15949
17938 17040 17004 16196
17830 16966 16844 16603
17697 17204 17009 16339
17692 16670 17166 16690
17650 16979 17017 16732
17565 17289 16933 16312
17479 16853 16973 16827
18472 16608 16752 15888
18303 16496 16365 16441
18254 16708 17007 16045
18253 16785 17051 15872
18122 16898 16754 16352
18059 16882 17042 16206
17855 16777 16811 16676
17854 16987 17009 16349
17849 17238 17069 16026
17841 16791 17253 16428
17830 17026 16811 16549
18522 16475 16485 16146
18394 16746 16762 15702
18259 16823 16849 16132
18252 16652 16949 16127
18233 16949 17145 15830
18130 16845 16914 16199
18052 16633 16698 16620
17801 16893 17058 16522
17731 16873 17096 16649
17724 17052 17316 16034
17470 16892 17165 16868
17437 16998 17297 16627
18415 16675 16654 15942
18315 16579 16509 16418
18250 16917 17001 15944
18160 16706 17023 16189
18141 17021 17176 15788
18092 17105 16815 16083
18060 16824 17109 16226
17978 17071 17047 15941
17941 16875 16699 16631
17902 16878 16856 16629
17894 16889 17008 16545
17881 16827 17117 16495
17870 16676 17166 16361
17753 17065 16901 16511
17719 17281 16736 16558
18349 16695 16603 16259
18309 16723 16875 16005
18300 16529 16456 16461
18280 16599 16989 16028
18141 16792 16630 16485
18132 16982 16445 16301
18118 16814 17152 16091
17924 17047 16900 16270
17854 16989 17118 16298
17801 17247 16964 16171
17688 17030 17024 16548
17630 17171 17145 16380
18494 16283 16607 16023
18413 16619 16913 15833
18326 16583 16839 16199
18266 16452 16592 16479
18265 16723 16757 16199
18217 16681 17011 15962
18133 16761 16986 16316
18124 16676 16808 16462
17890 17081 16494 16480
17826 17134 17199 16151
17790 17162 17023 16310
17741 17034 16919 16670
17626 16930 16981 16798
17579 16747 16845 16965
18492 16592 16648 15730
18464 16661 16496 15880
18421 16221 16543 16539
18211 16812 16542 16325
18130 17045 16862 15856
18089 16858 17116 16029
18083 17009 16477 16306
17967 16855 16820 16533
17860 16716 17007 16600
17854 17157 17016 16218
17754 17002 16699 16684
17522 17133 17159 16577
18344 16399 16774 16334
18317 16770 16866 16075
18139 16863 16893 16197
18075 16680 16859 16500
18037 16730 16878 16476
18001 17073 16905 16112
18001 16676 17029 16468
17975 16740 16598 16651
17929 16912 17050 16314
17919 17146 16949 16014
17864 17239 16922 16189
17560 16857 16944 16985
18406 16576 16687 15922
18342 16703 16687 16167
18278 16499 16855 16347
18270 16723 16872 16156
18073 16972 17042 16004
18039 17097 16895 16247
17982 16545 17032 16580
17909 16800 17057 16569
17804 17192 16797 16447
17724 17190 16740 16467
18441 16441 16529 16169
18409 16605 16543 16280
18369 16657 16562 16291
18307 16636 16584 16298
18284 16770 16580 16304
18101 16848 16863 16415
18099 17005 16627 16314
17989 17029 17007 16218
17970 17089 16910 16128
17953 16878 16884 16471
17891 17008 17304 16191
17812 17247 16978 16046
17784 16958 16970 16644
17663 16989 17199 16449
17611 16869 17181 16639
18458 16646 16733 15857
18420 16533 16717 16136
18293 16491 16679 16397
18273 16796 16721 16231
18260 16975 16612 15959
18193 16755 16899 16203
18166 16595 16817 16526
18135 16688 17000 16214
18103 16687 17124 16118
18094 17089 16688 16030
18074 16591 16826 16524
18044 16725 16687 16579
17991 16768 16604 16626
17962 16482 17111 16444
17785 16802 16813 16849
17778 17272 16808 16354
17767 17211 17194 16185
17659 17253 16814 16362
18470 16534 16528 15923
18354 16620 16741 16165
18330 16643 16896 15903
18314 16737 16921 15856
18274 16763 16845 16130
18237 16773 16525 16388
18029 16794 16510 16717
18022 16975 16988 16312
17944 16920 17150 16157
17910 16622 16984 16684
17900 16931 17139 16303
17826 17011 16845 16542
17821 16872 17288 16363
17791 16911 16809 16782
17538 16770 17306 16579
18380 16704 16421 16089
18360 16718 16476 16299
18199 16393 16920 16287
18188 16901 16827 16178
18187 16528 16761 16424
18076 17014 16893 16237
18004 17097 16586 16429
17870 16909 16564 16695
17833 17103 17263 16108
17765 17186 16628 16473
17763 16612 16851 16876
17754 16950 17046 16557
18355 16731 16486 16194
18192 16903 16473 16366
18139 16768 16865 16336
18135 16715 16776 16426
18097 16898 16815 16283
17960 17169 16778 16245
17940 16779 16580 16725
17858 16787 16799 16692
17807 17020 16845 16645
17757 16981 16927 16536
17717 16967 16819 16706
17694 16840 17059 16775
17664 16976 17376 16287
17488 16808 17122 16809
18515 16318 16653 15940
18420 16628 16538 15884
18400 16739 16399 16090
18280 16824 16974 15791
18191 16862 16871 16155
17853 16580 17106 16559
17844 16870 17049 16539
17372 17012 17293 16651
18441 16523 16814 15908
18365 16703 16833 15705
18328 16950 16781 15690
18253 16725 16584 16287
18183 16690 17071 15990
18161 16829 16814 16251
18118 16859 17018 16119
18071 16772 16944 16345
18012 16922 17022 16147
18008 16884 16729 16556
17984 16499 17096 16444
17916 17121 16959 16218
17879 16927 17106 16412
17783 17021 16876 16562
17767 17116 17095 16373
17625 17161 17100 16455
17424 16861 17183 16796
18257 16923 16806 16039
18196 16905 16652 16332
18150 16766 16466 16445
18078 16817 17145 16241
18069 16792 16945 16468
17872 16981 17049 16494
17815 17103 17016 16354
17769 17225 17038 16292
17751 16961 17339 16372
17745 16791 17105 16695
18380 16734 16632 15979
18350 16654 16812 15884
18313 16731 16785 16143
18288 16677 16516 16342
18194 16713 16664 16391
18182 16884 16887 16074
18178 16772 16926 16330
18176 16829 17026 15933
18174 16325 16802 16487
18145 17214 16907 15774
18072 16921 16566 16438
17989 17180 16930 16002
17912 17064 16465 16513
17895 16981 17034 16472
17851 17279 16796 16233
17815 16714 17029 16779
17756 17163 17270 16112
17740 16875 17027 16668
18447 16449 16751 15930
18235 16621 17007 16099
18234 16617 16586 16470
18165 16668 16445 16528
18165 16519 16802 16559
18132 16733 16989 16326
18080 17102 16754 16116
18020 16740 17156 16235
17985 17013 16722 16474
17859 17083 17100 16048
17784 16938 17336 16193
17754 17273 16715 16317
17754 16910 16955 16667
17671 17053 16993 16652
17603 16982 17225 16612
18390 16499 16801 16306
18280 16696 16540 16312
18185 17002 16659 16132
18185 16623 17105 15908
18080 17003 17070 15861
18080 16499 16720 16684
18014 16842 17145 16139
18011 17267 16639 16239
17926 17001 17042 16233
17904 17245 16880 16304
17824 17246 17058 15984
17603 17016 16500 16867
17468 17069 17212 16567
18525 16483 16572 15814
18465 16284 16664 16059
18422 16627 16616 15909
18325 16682 16866 15996
18129 16801 16638 16475
18098 16762 17111 16100
17956 16845 16835 16548
17869 17132 17001 16307
17857 16728 17050 16730
17848 17015 17020 16430
17753 17395 16862 15967
17748 16892 17257 16394
17744 17213 16993 16295
18410 16796 16627 15800
18386 16329 16623 16335
18368 16900 16800 15738
18331 16727 16442 16198
18292 16632 16964 15932
18266 16287 16725 16473
17996 17253 16927 15749
17951 16687 17066 16419
17948 16844 16683 16629
17808 16827 16568 16855
17800 16743 16802 16837
17753 17223 16814 16440
18376 16709 16492 16168
18281 16839 16688 16100
18200 16929 17008 15959
18198 16752 16654 16351
18128 16839 16738 16394
18120 16543 17234 16187
18114 17088 16963 16096
18113 16725 16992 16291
18009 17110 16812 16252
17921 16762 16930 16584
17888 17012 17281 15942
17775 16896 17056 16541
17707 17313 16995 16076
17668 17287 17010 16176
17637 16853 17357 16343
17632 17235 17263 16175
17617 16722 16820 16894
17524 17084 17198 16493
18344 16633 16795 15976
18154 16835 16671 16442
18140 16663 16783 16475
17974 17031 17049 16139
17944 16782 16926 16482
17930 16905 16895 16521
17915 16739 16983 16561
17829 17223 16940 16096
17762 16962 17164 16426
17681 17276 17095 16300
17586 16881 17130 16623
18433 16673 16525 15836
18313 16724 16867 16022
18310 16873 16403 16077
18287 16800 16451 16227
18257 16758 16964 15806
18215 16774 17036 16034
18199 16455 17130 16142
17851 16880 17158 16332
17842 17170 16944 16146
17779 17050 17029 16489
17760 16869 16648 16824
18446 16552 16706 15940
18405 16757 16719 15977
18304 16738 16923 15859
18217 16667 16725 16363
18084 16855 16927 16330
18078 16735 16887 16459
18005 16909 16963 16395
17927 16935 16610 16542
17902 16888 16896 16525
17892 17011 17295 15764
17869 16725 16933 16702
17826 17268 16843 16164
17784 17407 16664 16196
17717 16750 17341 16348
18289 16528 16782 16360
18162 16846 17024 16035
18162 16831 16588 16343
18037 16544 16763 16606
17964 17138 17011 16001
17841 17207 16637 16316
17771 16719 16802 16980
17763 16973 17186 16394
17727 17248 16776 16453
18494 16492 16551 15886
18373 16615 16428 16169
18342 16619 16800 16236
18230 16586 16662 16494
18108 16624 17123 16286
17875 16770 17047 16571
17803 17270 16994 16114
17768 17058 17226 16262
17686 17117 17136 16438
18421 16637 16973 15820
18389 16661 16880 15749
18289 16611 16579 16427
18115 17104 16533 16092
17958 17078 16878 16330
17958 16871 16625 16604
17814 16988 16881 16653
17758 16702 17391 16129
17650 17338 16757 16428
18427 16681 16690 15867
18403 16380 16815 16124
18329 16800 16795 15987
18248 16828 16811 16117
18241 16937 16498 16189
18207 16861 16398 16362
18167 16823 16554 16400
18008 16439 16685 16727
18002 16580 16541 16776
17981 16719 17051 16404
17883 17169 16934 16073
17818 16539 16827 16832
17772 17041 16855 16585
17763 16923 17379 15965
17595 17087 17119 16463
18325 16402 16696 16325
18316 16657 16744 16190
18175 17162 16709 15657
18086 16851 16696 16457
18039 16838 16960 16265
17994 16762 16991 16367
17924 16839 17087 16337
17794 16829 16962 16711
17770 16962 16908 16690
17653 16923 16769 16829
18358 16586 16765 15940
18349 16860 16733 16046
18274 16826 16332 16226
18266 16618 16814 16390
18216 16661 16871 16267
18174 17022 16875 15777
18064 16800 16899 16411
18017 16729 16656 16708
18007 17300 16668 15920
17981 16809 16764 16578
17837 16692 16932 16762
17604 16642 17063 16746
17577 16967 17287 16543
17564 16935 17144 16634
17546 16933 17338 16525
18403 16645 16692 16044
18338 16979 16665 15835
18103 16867 16822 16244
18023 16777 16996 16349
17981 17083 16831 16270
17950 17127 16900 16230
17941 16814 16874 16501
17864 17099 16627 16506
17851 16588 17330 16385
17850 17049 16423 16570
17850 17043 16925 16493
17758 17325 17168 16060
17490 17480 16783 16293
18296 16686 16873 16128
18295 16432 16958 15981
18099 16814 16896 16356
17992 16644 16805 16700
17865 17077 16805 16520
17843 16512 17113 16587
17754 17093 16856 16517
18259 16594 16932 16244
18193 16889 16855 16212
18140 16890 16454 16430
18096 16740 16965 16325
17916 16888 17011 16512
17875 16773 17168 16307
17799 16882 16814 16777
17777 16913 17134 16467
17728 17045 17153 16487
17611 16999 17176 16581
18325 16629 16911 16049
18250 16639 16599 16433
18067 16521 17119 16290
17942 17101 17075 15965
17891 17079 17062 16076
17718 16894 17023 16805
17439 17193 17595 16195
18313 16461 16729 16323
18281 16532 16950 16185
18274 16523 16392 16555
18240 16267 16473 16547
18189 16811 16775 16346
18161 16864 16682 16374
18141 16686 16794 16364
18035 16457 16988 16534
17858 16854 17337 16229
17845 16885 17038 16605
17810 17185 17191 16254
17765 17091 16789 16503
17620 16861 17241 16541
17471 17375 16940 16518
18417 16686 16792 15749
18400 16460 16829 15997
18337 16717 16736 16059
18301 16907 16746 15721
18213 17004 16636 16125
18208 16799 17032 16040
18065 17026 16690 16460
17960 17117 16973 16243
17948 16893 16733 16517
17941 16836 17063 16424
17816 17051 16942 16380
18441 16387 16525 16219
18282 16739 16962 15772
18208 16736 16945 16173
18190 16674 16934 16201
17925 17011 17016 16292
17765 17233 17054 16099
17590 16844 17119 16671
18473 16597 16639 15827
18460 16436 16755 16078
18445 16245 16683 16239
18424 16621 16430 16126
18343 16672 16793 16094
18315 16593 16919 16038
18181 16846 17022 15863
18144 16976 16978 15958
18135 16978 16695 16120
18046 16742 16589 16629
17935 17262 16853 15928
17912 16730 17066 16557
17791 17278 16920 16136
18475 16464 16625 15971
18433 16527 16416 16269
18405 16660 16362 16243
18265 16880 16725 16262
18144 16854 16970 16186
18073 17054 17035 16056
18041 17000 17058 16058
17933 16614 16852 16619
17872 16832 17143 16339
17867 16851 16858 16589
17809 16625 16995 16858
17774 17197 16965 16345
17761 17301 17022 16137
17748 16893 17180 16471
17667 17170 17052 16487
17458 17112 17337 16308
18373 16718 16744 15886
18373 16522 16692 16173
18317 16675 16696 16229
18279 16832 16914 16111
18232 16818 17021 15900
18092 16398 16746 16597
18053 16868 17157 16059
17892 16897 16763 16765
17876 16997 16967 16427
17743 16610 16963 16957
17673 17053 17074 16511
17606 17251 16952 16531
18490 16485 16495 16128
18404 16609 16604 16173
18333 16647 16614 16214
18301 16441 16535 16424
18090 17040 16829 16263
18082 17095 16641 16096
17970 16840 16768 16625
17654 16927 17306 16407
17557 17249 16823 16538
17523 17386 16957 16259
18406 16654 16646 16127
18267 16798 16602 16180
18167 16876 17012 15891
17782 16808 17286 16542
17756 17112 16802 16636
17733 17242 16853 16425
17627 16993 17253 16439
18357 16653 16761 16089
18280 16728 16604 16231
18103 16979 16827 16150
17998 17066 17187 15976
17968 17175 16524 16321
17958 17250 16882 15985
17589 17346 17053 16105
17562 17300 17083 16488
18615 16501 16537 15725
18416 16492 16714 16207
18295 16490 16666 16352
18290 16731 16532 16291
18253 16887 16651 16137
18178 16565 16499 16580
18172 16789 16971 16076
18102 16927 16974 16137
18041 16924 16809 16378
17946 16841 17150 16245
17861 16838 17138 16487
17701 17211 17065 16334
17543 17363 17078 16380
17326 16960 17109 16777
18387 16752 16798 15802
18364 16813 16646 16111
18322 16574 16814 16204
18127 16979 16744 16181
18107 16568 16907 16558
17980 17172 17042 15970
17954 16931 16445 16645
17950 17168 16624 16307
17906 16799 17070 16527
17889 16870 17038 16419
17858 17110 17088 16152
17856 16807 16958 16641
17819 16866 16797 16654
17736 17168 16545 16529
17735 16914 17363 16171
17726 17313 16827 16223
18517 16222 16577 15936
18427 16718 16473 15952
18338 16539 16857 16091
18206 16837 16541 16315
18175 16958 16919 15927
18132 16741 16818 16338
18007 16697 17204 15965
18000 16801 16919 16563
17883 17352 16886 16043
17787 16752 16733 16837
17756 16782 16822 16781
17572 17019 16939 16695
17553 16603 17169 16758
17531 16921 17356 16381
18268 16480 16486 16510
18259 16894 16639 16064
18115 16627 16993 16378
18089 16892 16881 16314
18006 16947 16844 16502
17867 17256 17033 15960
17719 17408 16815 16043
17714 16945 17161 16508
18566 16306 16490 15901
18517 16309 16700 15836
18434 16830 16435 15964
18402 16575 16726 16028
18332 16545 16721 16313
18188 16671 16919 16252
18097 16368 16772 16605
17960 17041 16822 16315
17956 17093 16757 16355
17920 17208 16450 16296
17857 17056 17127 16213
17820 16919 17200 16258
17682 17384 16841 16282
17657 17094 17334 15966
17564 17282 16768 16498
18462 16427 16648 16150
18278 16697 16928 15931
18212 16854 16812 16207
18149 16297 17118 16269
18113 16822 17041 16111
17924 17063 16472 16512
17711 17377 16839 16096
17704 16939 17015 16626
17637 17004 16851 16716
17579 16755 17081 16739
17569 17006 17034 16680
17408 17014 16973 16682
18556 16616 16519 15945
18332 16653 16515 16323
18304 16638 16946 16175
18248 16688 16637 16340
18244 16970 16786 15805
18203 16876 16585 16397
18200 16630 16728 16391
18101 16770 17003 16279
17952 16865 17285 16231
17935 16613 16989 16583
17929 16873 17068 16358
17766 16887 16929 16689
17512 17434 16865 16292
17300 17046 17035 16658
18617 16320 16609 15768
18464 16271 16724 16061
18321 16600 16907 16266
18271 17004 16506 16041
18216 16387 16752 16444
18100 17103 16875 15901
18099 17078 16843 16223
17580 17208 17146 16322
17450 17402 16771 16440
18430 16568 16805 16117
18297 16889 16814 15881
18273 16925 16869 15646
18235 16709 16841 16260
18211 16636 17078 15955
18196 16579 17040 16155
18079 16300 16693 16685
17983 16966 17024 16228
17962 16425 16889 16734
17869 17077 17099 16272
17770 16767 16949 16852
17539 17079 16947 16654
