113117 2700.52
3541 3183 2792 3062
3419 3167 2741 3283
3258 3377 3352 2874
3248 2904 3313 3144
3157 3103 2929 3494
3062 3325 3524 2973
2951 3652 3153 3099
2826 3426 3241 3275
3189 3163 2910 3451
2895 3321 3222 3314
3292 2938 3269 3170
3101 3251 3485 3107
3143 3192 2975 3423
3020 3631 3191 2979
3116 3624 3169 3088
3200 3032 2990 3405
3528 3144 2875 3073
3127 3604 3027 3016
3183 3170 2883 3417
3334 3225 3303 2906
3332 3369 3206 2914
3155 3322 3448 2896
3378 2952 3251 3026
2955 3594 3021 3157
2999 3324 3471 3086
2904 3382 3217 3252
2915 3319 3250 3257
3051 3352 3464 2940
3516 3043 2783 3079
3145 3599 3101 2951
3070 3438 3379 2937
3300 3332 3333 2882
3443 3104 2744 3304
3033 3372 3125 3301
2952 3511 3335 2985
3228 3454 3290 2926
3100 3362 3478 2931
2909 3416 3329 3112
2927 3185 3143 3378
3506 3139 2754 3097
3168 3366 3374 3000
3305 3602 3072 2946
3281 3522 3113 2888
3243 2966 3223 3241
2970 3578 3224 3095
3150 3209 3452 2983
3091 3536 3242 2893
3277 3159 2763 3389
3435 2972 3061 3109
3267 3345 3338 2934
2994 3018 3216 3349
3126 3387 2985 3367
2974 3449 3082 3281
3444 3265 2772 3233
3447 3265 2806 3183
3026 3407 3043 3307
3415 3258 2815 3185
3295 3319 3319 2920
3272 2980 3195 3235
3017 3240 3459 3113
3212 3146 2935 3393
3470 3117 2819 3211
2940 3404 3151 3330
3294 3115 3117 3299
3455 3201 3077 3037
3129 3410 3382 3075
2990 3514 3247 3141
2923 3413 3278 3229
3038 3111 3346 3263
3509 3128 2900 3126
3141 3558 3035 3124
3501 3257 2766 3120
3405 3380 2837 3123
3490 3285 2786 3066
3154 3316 3414 3072
3521 3208 2891 3032
3028 3376 3262 3182
3316 3407 3306 2959
3169 3445 3061 3266
3525 3169 2850 3068
3108 3505 3275 2970
3172 3338 3372 3025
2924 3541 3213 3235
2966 3322 3419 3152
2978 3532 2971 3236
3046 3489 3348 2922
3076 3518 3192 3132
3206 3147 2960 3403
3195 3172 3366 3096
3234 3587 3176 2978
3073 3187 3104 3421
3217 3490 3234 2885
3036 3318 3341 3192
3193 3117 3047 3383
3147 3434 3369 3056
3506 3052 2912 3137
3139 3256 3142 3380
3511 3209 2755 3040
2950 3099 3254 3320
3464 3187 2855 3170
3235 3072 3028 3391
3341 3069 2780 3364
2932 3312 3094 3340
3398 3037 3134 3101
3093 3496 3015 3322
3078 3537 3194 3111
3008 3402 3361 3222
3176 3460 3259 3069
3187 3001 3246 3267
3523 3178 2886 3060
3492 3204 2881 3152
3231 3570 3218 2990
3412 3147 2779 3259
3118 3476 3179 3145
3099 3548 3180 3151
2947 3248 3421 3109
3438 3142 2831 3204
3255 2990 3309 3118
3050 3368 3481 2964
3257 3342 3023 3205
3042 3223 3431 3121
3349 3162 3164 3050
3014 3315 3402 3138
3265 3063 2985 3358
3281 3316 3325 2953
3229 3456 3264 2998
3293 3482 3265 2992
3472 3217 2888 3155
2960 3422 3188 3270
3165 3004 3279 3233
3120 3527 3147 3160
3055 3509 3331 3048
3137 3581 3226 3043
3201 3474 3172 3092
3148 3563 3219 3033
3207 3142 2926 3399
3428 3047 3050 3147
3365 3015 2945 3287
2960 3481 3273 3224
3181 3143 3019 3396
3375 2986 3259 3066
3134 3565 3059 3126
2955 3555 2960 3168
3499 3101 2844 3199
3324 3332 3263 2964
2942 3452 3294 3144
3339 3057 3298 3038
3497 3260 2866 3142
3098 3422 3384 3040
3114 3486 3312 3127
3240 2961 3213 3268
3115 3225 3435 3045
3004 3451 3284 3163
3131 3516 3230 3078
3408 3354 2847 3108
3032 3417 3302 3181
3251 3093 3097 3371
3006 3379 3180 3293
3459 3267 2917 3048
3022 3539 3264 3046
3178 3254 3451 2943
3122 3504 3317 2995
3319 3218 3323 2972
3311 3427 3215 2931
3354 3010 3009 3264
3487 3166 2966 3098
3285 3108 3191 3193
3104 3526 3275 3029
3082 3270 3160 3337
3390 3304 2986 3129
3085 3383 3212 3221
3011 3414 3225 3230
3504 3149 2898 3085
3373 3164 2842 3249
3040 3503 3205 3220
2997 3402 3056 3312
3163 3296 3428 3017
3089 3283 3395 3131
3241 3466 3150 3091
3475 3097 2956 3145
3057 3448 3393 2978
2989 3111 3322 3296
3133 3297 3446 2983
3112 3305 3461 2970
3512 3131 2850 3122
2944 3433 3210 3225
3495 3105 2904 3112
3096 3493 3274 3071
3163 3129 3407 3081
3223 3357 3389 3012
3214 3036 3233 3203
2979 3529 3144 3211
3143 3394 3424 2987
3484 3188 2946 3107
3268 3146 3332 2956
3073 3323 3439 2991
2935 3472 3032 3275
3278 3392 2995 3223
3185 3321 3411 3055
3173 3235 3002 3376
3161 3250 3098 3356
3382 3151 3236 3053
3087 3434 3005 3331
2983 3274 3066 3388
3424 3061 3119 3030
3329 3080 2896 3328
3207 3195 3152 3279
3123 3360 3109 3261
3051 3500 3346 2960
3394 3222 3271 3011
3268 3199 3049 3271
3247 3212 3348 3024
3397 2954 3175 3064
3218 3217 3391 2976
3069 3350 3426 2996
3309 3095 2973 3352
3333 3167 2827 3310
3481 3210 2955 3110
3442 3190 3058 3087
3047 3411 3235 3216
3421 2996 3098 3093
3306 3441 3011 3139
3219 3347 3130 3210
3383 3009 3279 2987
2937 3428 3155 3320
3314 3132 3296 3028
3175 3231 3351 3133
2994 3349 3387 3158
3342 3094 2863 3315
3081 3502 3149 3213
3427 3054 3146 3056
3131 3119 3358 3186
3059 3269 3288 3244
3204 3245 3158 3231
3083 3385 3280 3151
2932 3534 3057 3181
3401 3041 3165 3070
3053 3225 3257 3256
3434 3003 2841 3215
3351 3023 3138 3162
3383 3248 2791 3231
3468 3109 2921 3157
3465 3224 2878 3088
3071 3184 3314 3142
3064 3583 3221 3072
3437 3199 2908 3172
3450 3350 2799 3071
3144 3287 3362 3122
3397 3299 2978 3102
3327 3069 3163 3257
3323 3364 2988 3106
3309 3061 3227 3078
3164 3551 3222 2987
3263 3257 2897 3386
3066 3331 3355 3181
3370 3469 2976 3108
3302 2983 3261 3132
3278 3133 2870 3360
3430 3157 2797 3225
3253 3167 2926 3374
3408 3265 2825 3178
3221 3324 3107 3290
3192 3220 3123 3369
3254 3214 2980 3346
3128 3314 3419 3019
3384 3197 2956 3243
3210 3158 3084 3323
3136 3192 3188 3303
3347 3135 3089 3297
3193 3345 3442 2942
3479 3237 2981 3039
2971 3432 3159 3278
3502 3086 2918 3125
3483 3180 2958 3048
3303 3464 3059 3057
3113 3434 3406 3035
3242 3336 3014 3240
3236 3398 3070 3288
3068 3488 3281 3041
3295 3082 3146 3187
3293 3075 3217 3154
3259 3561 3062 3042
3127 3432 3399 2894
3002 3540 3029 3198
3225 3227 3037 3344
3254 3398 2983 3173
3346 3109 3287 3004
3275 3279 3199 3076
3005 3278 3443 3077
3343 3092 3106 3165
3351 3211 3239 3044
3203 3327 3181 3180
3102 3508 3183 3118
3440 3029 3089 3070
3396 3239 3039 3132
3246 3326 2930 3237
3191 3145 3386 3083
3167 3121 3356 3199
3049 3430 3167 3207
3493 3183 2868 3161
3463 3122 2903 3146
3012 3207 3266 3251
3310 3280 2941 3250
3234 3137 3328 3082
3064 3229 3397 3176
3359 3339 2992 3067
3157 3499 3190 3055
3106 3447 3260 3195
3417 3020 3101 3104
3358 3049 3108 3205
3058 3273 3378 3134
3327 3260 3052 3192
3407 3065 3122 3104
3380 3089 2932 3273
3297 3277 3040 3236
3353 3027 3138 3107
3367 3248 2860 3224
3198 3187 3074 3354
3420 3252 3118 3007
3350 3295 3168 3009
3379 3358 2872 3127
3177 3282 3090 3335
3404 3230 3165 3003
3320 3197 3310 2981
3430 3174 2802 3215
3229 3265 3441 2962
3325 3124 3269 3015
3416 3247 3129 3013
3414 3330 3111 3005
3239 3283 3112 3219
3220 3303 3128 3319
3068 3506 3333 2975
3362 3152 3291 2989
3253 3156 2991 3351
3232 3165 3100 3309
3127 3334 3157 3248
3388 3333 2994 3027
2987 3263 3247 3273
3225 3130 3088 3342
2981 3432 3245 3201
3409 3264 3001 3116
3299 3306 2976 3253
2969 3236 3185 3339
2967 3583 3102 3135
3293 3193 3086 3294
3074 3146 3258 3306
2996 3377 3067 3333
3188 3301 3170 3285
3360 3191 3085 3149
3339 3254 2967 3275
3308 3123 2893 3327
3261 3175 3171 3184
3403 3125 3065 3179
3477 3217 2890 3090
3296 3143 2951 3333
3273 3242 2895 3343
3457 3232 2923 3082
2985 3431 3262 3196
3446 3274 2924 3140
3338 3200 2862 3289
3288 3228 3032 3284
3287 3219 3198 3128
3128 3253 3174 3326
3110 3285 3270 3178
3044 3413 3318 3180
3160 3290 3205 3172
3314 3272 3091 3245
3306 3313 2953 3228
3452 3225 2870 3104
3197 3361 3079 3227
3095 3141 3244 3250
3015 3539 3177 3171
3260 3395 3001 3166
3467 3119 2883 3200
3422 3172 2919 3168
3399 3273 3016 3124
3321 3288 3045 3181
3179 3249 3282 3177
3345 3088 3124 3130
3217 3276 3184 3208
3380 2958 3178 3138
3320 3418 3009 3146
3240 3480 2950 3183
3113 3570 3044 3103
3230 3177 3292 3102
3223 3196 3276 3137
3122 3138 3309 3185
3394 2956 3135 3103
3376 3085 3102 3189
3446 3207 2943 3164
3435 3231 2830 3176
3348 3309 2905 3191
3425 3077 2879 3227
3352 3294 3003 3104
3411 3233 2839 3195
3356 3078 2949 3266
3256 2996 3274 3138
3366 3013 3140 3107
3124 3212 3145 3363
3263 3132 3202 3152
3215 3258 3195 3115
3429 3309 3072 3022
3425 3141 3120 3021
3364 3150 3062 3217
3244 3118 3118 3317
3377 3166 3018 3246
3393 3166 3090 3034
3250 3193 3094 3283
3317 3199 3013 3254
3289 3214 3030 3338
3413 3179 3031 3159
3307 3158 2969 3321
3304 3278 2959 3262
3262 3257 3036 3286
3248 3157 3156 3277
3194 3258 3131 3325
3243 3262 3168 3175
3407 3288 3005 3089
3228 3176 3136 3238
3177 3168 3211 3226
3461 3223 3002 3083
3431 3251 2980 3061
3386 3139 3068 3169
3270 3221 3176 3169
3378 3159 3081 3113
3158 3297 3244 3207
3454 3136 2911 3134
3283 3130 3208 3196
3368 3120 3069 3162
3332 3133 3121 3240
3330 3291 2965 3223
3376 3057 3106 3171
3184 3179 3232 3191
3182 3266 3187 3238
3380 3234 3007 3189
3259 3205 3055 3256
3229 3153 3237 3177
3253 3295 2963 3268
3337 3281 2845 3211
3369 3249 2998 3146
3381 3311 2975 3117
3451 3304 2975 3054
3440 3286 2938 3084
3402 3227 3025 3188
3336 3208 3120 3174
3139 3243 3170 3345
3124 3430 3178 3136
3362 3214 3154 3059
3359 3240 3065 3206
3338 3335 2950 3197
3334 3292 3011 3105
3330 3268 3015 3212
3294 3173 3149 3274
3280 3271 3154 3167
3231 3216 3044 3316
3401 3272 3071 3119
3364 3221 3099 3058
3353 3252 3079 3150
3255 3330 2957 3234
3239 3310 3012 3255
3227 3197 3145 3229
3345 3136 3196 3094
3334 3266 2938 3214
3291 3265 2964 3277
3209 3212 3127 3325
3449 3243 3018 3148
3371 3284 2939 3163
3328 3362 2918 3203
3287 3182 3155 3148
3224 3148 3068 3320
3186 3317 3123 3223
3477 3302 2893 3067
3411 3174 3026 3213
3323 3182 2994 3244
3274 3358 3011 3209
3252 3286 3025 3258
3415 3154 2970 3154
3403 3079 3008 3258
3377 3308 2982 3161
3345 3155 3105 3106
3302 3307 3137 3130
3113 3523 3208 3061
3366 3122 3095 3108
3303 3305 2996 3215
3050 3188 3340 3195
3237 3216 3207 3185
3280 3238 3182 3163
3251 3044 3303 3102
3356 3313 3074 3103
3335 3324 3000 3202
3405 3160 3059 3145
3316 3210 3114 3130
3315 3265 3055 3143
3273 3247 3032 3305
3352 3180 2923 3269
3275 3217 3140 3190
3256 3249 2974 3312
3383 3064 3127 3080
3254 3263 3110 3194
3448 3147 3019 3127
