1966 60.0161
9526 8684 7994
9439 8820 7827
8806 8119 8999
8448 9562 8313
8229 8265 9214
7950 8533 9171
8474 9545 8299
9427 8870 7841
8593 9519 8234
8010 9150 8859
9436 8861 7903
7982 8942 9008
9400 8905 7865
7960 9090 8906
8523 9556 8262
9364 8964 7878
9082 8564 8632
9457 8812 7859
8942 9295 8046
8125 8609 9135
9253 9049 7891
8692 8156 9056
9479 8787 8049
8842 8203 8987
8225 8416 9201
9074 8241 8770
8180 8911 8930
8062 9073 8898
8686 8147 9066
8156 8756 9051
8538 9469 8341
8796 8134 8993
8700 8817 8708
8680 9326 8369
9395 8915 7910
8797 8127 8997
8529 9183 8620
8712 8354 9004
8027 8972 8963
9347 8500 8308
9512 8748 7927
9450 8701 8161
9494 8662 8128
9337 8718 8297
8189 8425 9174
8330 8541 9090
8099 9317 8642
9341 8994 7914
9377 8897 8024
8893 8181 8923
8668 9505 8037
8560 9312 8433
8650 8192 9079
8140 8846 9094
9161 8477 8613
8242 8361 9197
8535 9511 8245
8994 8559 8679
9095 8165 8779
9062 9154 8135
7994 8689 9119
8113 8969 8944
8526 9481 8315
9386 8747 8289
8030 8858 9035
9055 8795 8492
9007 9195 8146
9181 8590 8527
8460 9350 8534
8052 8676 9132
9353 8924 8119
8297 8458 9148
8362 8585 9001
8292 8918 8895
9460 8806 7883
9500 8725 7977
8988 8313 8843
8312 8277 9193
8106 8898 9012
9520 8651 8110
8812 9143 8425
8682 9438 8253
8487 9516 8268
9301 8992 7923
8248 9257 8643
8789 9385 8177
8587 9405 8338
8783 9170 8377
8216 8529 9161
8494 9415 8402
9428 8830 8005
8043 8979 8947
9054 8376 8738
8071 8515 9168
8252 8342 9180
9209 9111 7955
8552 9475 8312
9049 9223 7934
8871 9272 8257
8822 9014 8546
8584 9363 8410
8099 8452 9186
9465 8779 8056
9185 8405 8608
8370 8568 8994
8143 8600 9156
9486 8752 7998
8464 9454 8357
8191 8647 9111
9469 8742 8088
8333 8632 9042
8282 8381 9175
8414 8542 9064
8429 9443 8380
8063 8674 9116
9254 8985 8080
9052 8826 8468
8646 9245 8452
8889 8306 8887
8385 9051 8722
8860 8358 8865
8730 8531 8915
8168 8964 8961
9115 8553 8604
9040 8247 8814
9117 9121 8152
9249 8548 8407
8632 8319 9009
8400 8737 8910
8309 9400 8458
8975 8245 8870
8515 8301 9121
8948 9234 8218
8394 8786 8881
8482 9432 8360
8755 8734 8759
9001 8227 8836
8820 9346 8122
8896 9274 8206
8041 8627 9153
9430 8765 8111
8234 8344 9204
9272 8824 8346
8972 9233 8156
9316 8776 8191
8279 8617 9082
8198 8722 9097
9198 8481 8574
9507 8717 8039
9204 8593 8503
9214 8337 8650
9092 8390 8727
8853 9336 8107
8431 8253 9144
9135 8933 8335
8805 8211 8979
9132 8619 8488
8485 9304 8509
8697 8638 8809
8383 8803 8919
9155 9076 8085
8334 8411 9171
8956 8466 8768
9245 8938 8104
9151 8959 8226
9423 8867 7918
8184 9203 8765
9263 8263 8507
8734 9376 8292
8410 9430 8454
9121 8188 8674
8847 8462 8818
8654 8171 9056
8791 9340 8266
8268 9223 8699
8629 8981 8668
8674 9038 8594
9287 8727 8324
9403 8840 8065
8478 8829 8803
8915 8797 8634
8234 8929 8901
9196 9059 8125
8901 8266 8909
8420 9291 8563
9237 8847 8251
8261 9025 8856
8645 9165 8499
9089 8679 8510
8271 8691 9068
9230 9036 8078
9093 9125 8231
8121 8871 9005
8768 9426 8132
9068 9133 8099
9468 8804 7950
9457 8664 8148
8663 9331 8382
8882 9278 8196
8855 8660 8714
9225 9103 8000
8444 8931 8793
8572 9488 8286
9212 9042 8021
8572 9030 8657
8544 8493 9022
8388 8430 9102
8233 8597 9128
9292 9010 7968
8670 9449 8199
8449 9218 8535
9267 9021 7944
8222 8864 8974
8931 8328 8860
9166 8438 8578
8549 9418 8350
8416 9519 8428
9169 9065 8124
8881 8280 8954
8911 8176 8903
8374 8508 9074
8718 8323 8990
9412 8891 7992
9486 8711 8053
9013 8941 8473
8521 9397 8397
9456 8768 8060
8421 9192 8662
8619 9369 8392
8080 8625 9134
8301 8509 9108
9024 8775 8539
8989 8163 8863
9173 8605 8475
8427 9416 8421
8319 8444 9137
8624 9458 8244
8367 9136 8761
8077 8575 9166
9393 8919 7979
8173 8904 8943
8830 9119 8398
8333 8853 8876
7959 9006 8977
9443 8761 8122
8389 8332 9125
8002 8712 9111
8034 8695 9106
8525 8720 8934
7989 9001 8980
9420 8866 7973
8502 9357 8486
9325 8578 8303
8612 9461 8201
8440 8433 9071
9226 8991 8114
8546 9158 8559
8420 8450 9077
8378 8349 9149
9291 8981 8028
8950 8812 8512
8662 8699 8780
8858 8362 8887
9188 8783 8459
9035 8472 8683
8634 9289 8477
8065 9140 8805
8644 9249 8462
8615 8504 8982
8542 9407 8391
8338 9327 8590
8316 9025 8850
8568 8722 8847
8844 9237 8276
9310 8296 8443
8397 9284 8580
8353 9063 8822
8918 8291 8871
8151 8730 9085
8987 9018 8394
8640 9032 8598
8357 8397 9141
9112 9118 8203
8999 8294 8855
8304 8281 9180
8437 8485 9024
8965 8616 8677
8005 8735 9099
9108 8394 8703
8737 9269 8358
8958 9259 8174
9324 8845 8187
9306 8603 8387
8761 9356 8313
8828 8217 8961
8203 8654 9093
8286 9128 8819
9419 8875 8015
8744 8850 8656
8414 8706 8939
9242 8921 8181
9312 8989 7940
8598 8652 8891
8727 8233 9033
9267 8926 8071
9014 9034 8331
8282 8823 8950
8621 9422 8321
9258 8975 8032
8751 9211 8417
8230 8742 9049
8763 8221 9015
9126 8581 8549
9283 8883 8164
9105 8579 8586
8596 9493 8272
8891 9188 8302
9417 8831 8016
8929 8962 8413
8850 8808 8690
8554 9204 8519
8376 9390 8482
9461 8682 8100
8575 9087 8570
8408 8340 9114
8185 8588 9162
9164 8454 8589
8565 9341 8419
8471 8955 8764
8208 8838 9027
8171 9055 8840
9029 8692 8615
8940 9215 8238
8325 8697 9029
8907 9265 8240
9142 9099 8095
8324 9280 8606
8936 8793 8600
8876 9120 8372
8609 8343 9045
8801 8489 8836
8433 8792 8841
8981 9129 8191
8964 9156 8224
8657 9015 8618
8922 9088 8354
8863 8676 8687
8815 9180 8320
9046 8867 8403
8868 8968 8462
8514 8519 8983
8838 8815 8682
9408 8872 8040
8507 9249 8511
9217 8941 8212
9007 8551 8733
8889 8513 8799
8579 9393 8344
8083 8487 9189
8605 8270 9067
8804 8287 8939
8485 9410 8441
8736 8773 8755
8581 8844 8731
8803 8470 8852
8262 8573 9131
9250 9057 7965
8579 9045 8525
8441 8878 8797
8622 8386 9015
8721 8881 8664
8344 8563 9052
9198 8655 8364
9021 8675 8646
8403 9244 8569
8389 8925 8825
9155 8943 8275
8445 9162 8686
9017 8893 8464
8979 8614 8742
9297 8496 8479
8664 9227 8375
8264 8787 8965
8767 8237 8978
9100 8441 8638
8557 8952 8693
8380 8256 9169
8455 9003 8749
9203 8884 8283
9147 9114 7996
9137 8977 8277
9005 9207 8090
8749 9096 8482
8953 8709 8636
8245 8855 9018
8220 8640 9085
8592 8444 8990
8926 8813 8539
8905 8834 8554
8497 9451 8353
8208 8876 8921
8774 9261 8303
8088 8724 9105
8781 8218 8962
8563 8899 8786
9314 8948 7984
8885 8520 8749
9370 8938 7930
8722 8887 8595
8669 8369 8984
8773 8524 8833
8505 9184 8555
9257 9043 7960
8651 8808 8744
8684 8869 8696
8355 9307 8551
8313 9159 8704
9440 8769 8072
8764 8746 8702
8753 8373 8957
8726 8300 8958
9357 8818 8184
8501 8960 8716
8337 9243 8620
9098 9047 8280
8083 9139 8815
9414 8760 8175
9261 8525 8408
9077 8998 8291
8933 9080 8411
9369 8794 8136
9127 8637 8525
9278 8953 8031
8349 9020 8831
8811 8291 8905
8600 8398 9043
8469 9212 8554
8743 8283 8962
9190 9101 8072
9277 9013 7989
8454 8541 8970
9035 8173 8829
8774 9179 8436
8662 9499 8171
8430 8451 9058
9149 9078 8140
9136 8895 8328
8745 8259 9018
8091 8628 9119
8551 8347 9085
9219 9001 8168
9210 8575 8445
9223 8999 8143
9222 8949 8208
8728 9132 8518
8504 9135 8672
8614 8336 9032
8574 9371 8386
9216 8909 8219
8769 9231 8307
8839 9214 8318
8563 8185 9106
8310 9083 8820
9206 9043 8041
8856 9108 8386
9030 9166 8092
8910 9174 8242
8723 9383 8222
9079 8727 8610
8605 9495 8186
9277 8951 8059
9296 8629 8352
8604 8389 8993
8874 9308 8077
9040 8282 8755
8405 9351 8519
8637 8439 8988
8149 8603 9119
9030 8401 8719
8150 8972 8883
9094 9191 8065
8612 8654 8788
8884 8815 8582
8521 9500 8281
8698 9492 8159
9283 9004 7982
8745 8496 8837
8582 9380 8358
8886 9227 8285
8771 8371 8863
8217 8648 9080
9372 8804 8076
9103 9132 7962
8452 9374 8445
9362 8877 8097
9123 8894 8362
9034 9095 8249
9131 9114 8093
8347 8600 9025
9143 9007 8241
