34077 1800.03
9216 8189 8235 7506
9058 7924 8559 7663
8677 8010 8600 8366
8632 8783 8048 7813
8597 8889 8350 7572
8482 7939 8967 7666
8448 8736 8694 7126
8316 8668 8674 7948
8964 8435 8705 7337
9026 8448 8101 7658
8695 8494 8164 8094
8464 8827 8434 7747
8364 8856 8474 7783
8933 8656 8465 7366
9147 8316 8252 7430
8385 8477 8428 8163
9192 8247 8177 7474
9013 8573 8091 7607
8407 8761 8518 7796
8333 8206 8922 8035
8611 8662 8062 7993
8360 8470 8876 7856
8434 8791 8174 7927
9180 8030 8253 7606
9032 8448 8226 7570
9156 8025 8410 7585
8625 8013 8610 8348
8589 8870 8381 7529
8499 8862 8441 7464
9083 8387 8314 7454
8971 8485 8205 7817
8420 8515 8829 7711
9110 8046 8508 7532
8595 8019 8503 8321
9089 8250 8339 7431
8748 7960 8596 8249
9139 8135 8285 7518
9065 8287 8335 7786
8449 8766 8342 7898
9186 8103 8283 7516
9102 8432 8236 7732
8981 8587 8321 7725
8504 8291 8263 8271
8972 8043 8377 8037
8322 8716 8550 7906
8440 8451 8879 7754
9125 8213 8190 7565
9125 8220 8343 7541
8614 8504 8835 7355
8674 8806 8511 7690
8531 8371 8814 8045
8998 8592 8260 7547
8918 8589 8369 7738
8585 8774 8504 7758
9062 8428 8360 7346
9051 8401 8304 7717
8728 7927 8547 8305
9182 8101 8291 7554
8571 8740 8296 7890
9093 8095 8474 7527
8518 8395 8231 8252
8535 8286 8841 8108
8718 8723 8510 7651
8428 8563 8808 7836
9036 8028 8623 7504
8691 8176 8958 7836
8877 8689 8411 7674
9146 8215 8433 7499
8613 8053 8897 8172
8544 8316 8849 8098
8946 8653 8197 7507
9088 8074 8561 7623
9000 8539 8270 7577
8495 8820 8527 7689
9154 8095 8183 7581
8751 8136 8932 7679
8489 8234 8239 8292
9116 7970 8536 7523
8934 8529 8454 7779
8719 7999 8868 8158
9115 8252 8201 7523
8512 8356 8774 8147
8625 8012 8552 8365
8735 8099 8941 7653
8575 8346 8901 7877
8784 8689 8529 7730
8793 8734 8426 7846
8687 8064 8723 8259
9069 8068 8616 7582
9078 8550 8356 7511
9155 8190 8355 7488
9048 8371 8416 7811
8694 8859 8294 7592
8995 8523 8393 7767
8862 8692 8579 7599
8925 8662 8277 7477
8773 8788 8635 7538
8626 8014 8799 8235
8645 8864 8394 7735
9025 8393 8248 7859
8564 8778 8499 7713
9081 8061 8398 7626
8723 8706 8566 7645
8631 8106 8577 8281
8673 7983 8639 8292
8968 8647 8241 7500
9046 8308 8361 7869
9140 8119 8311 7557
8630 8130 8733 8223
8835 8700 8266 7826
8944 8608 8348 7647
8800 8601 8652 7630
8801 8696 8320 7809
8766 8754 8352 7707
8600 8817 8462 7742
8707 8295 8818 8039
8969 8544 8389 7558
8653 8023 8782 8263
8494 8151 8950 7963
9021 8005 8655 7606
8680 8140 8681 8243
8961 8473 8402 7863
8938 7962 8702 8080
9018 8495 8487 7776
8549 8217 8775 8220
8638 8082 8549 8300
9076 7994 8572 7574
8826 8808 8239 7616
9084 8227 8460 7551
8899 8674 8316 7593
8723 8209 8698 8127
8553 8770 8684 7626
8606 8283 8919 7581
8523 8305 8834 8100
8668 8192 8771 8211
8924 8639 8308 7697
8623 8222 8915 8075
8838 8558 8655 7721
8798 7971 8784 8185
8516 8713 8433 7956
8672 8319 8893 7750
8591 8811 8309 7835
9071 8396 8534 7480
8662 8039 8691 8313
8689 8162 8945 8048
8634 8121 8887 8183
8717 8720 8576 7588
9045 8266 8498 7929
8905 8427 8695 7682
8636 8292 8845 8092
8638 8020 8601 8317
8606 8111 8764 8240
8805 8665 8500 7717
9062 8424 8391 7677
8932 8555 8385 7789
9002 8252 8192 7971
9015 8333 8606 7610
8892 8738 8471 7613
9028 8181 8544 7969
8952 8489 8275 7849
8700 8028 8541 8278
8932 8578 8246 7773
8670 8173 8713 8274
8981 8582 8462 7486
8893 8109 8618 8089
9027 8056 8642 7556
9075 8225 8469 7700
8993 8154 8484 7983
8720 8072 8717 8192
8812 8682 8480 7787
8897 8604 8397 7844
8733 7980 8827 8152
8760 8759 8480 7636
8578 8223 8954 7952
8788 7989 8784 8159
8611 8201 8938 8069
8595 8747 8631 7606
8887 8584 8616 7660
8557 8383 8909 7955
8567 8365 8640 8216
8656 7997 8927 8066
8770 8165 8757 8048
8610 8299 8838 8111
8318 8647 8449 8021
8647 8274 8906 7866
9054 8417 8480 7481
8652 8218 8804 8129
8661 8298 8857 8002
8814 7977 8712 8141
8777 8661 8448 7833
8923 8552 8449 7822
8730 8659 8401 7921
8651 8814 8318 7732
9034 8400 8357 7773
8608 8171 8807 8179
8587 8217 8781 8196
8685 8381 8790 7968
8598 8134 8584 8286
8790 8079 8649 8165
8901 8590 8507 7696
8760 8124 8606 8178
8827 8676 8498 7602
8921 8538 8466 7873
8896 8579 8445 7889
8728 8744 8490 7768
9055 8399 8427 7562
8916 8378 8587 7875
8845 8468 8431 7946
8919 8520 8585 7740
8740 8038 8599 8267
8775 8756 8486 7561
8907 8342 8186 8066
8560 8437 8765 8048
8709 8619 8542 7961
8846 8527 8450 7882
8629 8202 8861 8098
8702 8710 8596 7638
8565 8116 8777 8230
8955 8256 8609 7819
8553 8097 8631 8306
8716 8133 8731 8167
8962 8342 8435 7958
8717 8059 8882 8022
8802 8009 8628 8227
8663 8220 8895 7896
8841 8490 8421 7939
8744 8535 8595 7922
8936 8548 8251 7850
8817 8596 8663 7704
8580 8113 8513 8288
8602 8288 8865 7991
8669 8073 8872 8052
8714 8752 8521 7828
8911 8528 8524 7792
8746 8229 8794 8062
8764 8083 8754 8104
8903 8458 8654 7687
8619 8656 8688 7640
8579 8211 8891 8087
8758 8194 8726 8114
9010 8314 8554 7754
9008 8310 8589 7842
8705 7987 8720 8228
8687 8177 8831 8139
8809 8086 8629 8188
8761 8033 8843 8135
8573 8359 8801 8055
8991 8365 8541 7879
8639 8224 8911 7986
8721 8422 8711 7963
8713 8597 8613 7869
8808 8616 8457 7915
8850 8090 8610 8148
8874 8389 8406 8028
8618 8350 8824 8032
8742 8178 8808 8166
8604 8363 8729 8103
8633 8233 8890 8095
8737 7967 8833 8152
8656 8594 8493 8012
8949 8413 8525 7911
8816 8143 8693 8128
8757 8185 8759 8125
8910 8016 8732 7912
8793 8146 8730 8153
8577 8254 8854 8122
8821 8679 8461 7811
8883 8490 8495 7935
8624 8083 8682 8310
8879 8390 8555 7917
8895 8289 8620 8055
8748 8163 8761 8137
8739 8564 8607 7943
8867 8566 8502 7805
8646 8240 8781 8162
8521 8372 8742 8142
8558 8267 8926 7966
9023 8467 8511 7799
9006 8346 8520 7829
8677 8189 8708 8200
8676 8198 8768 8155
8987 8334 8497 7905
8615 8260 8670 8214
8715 8153 8815 8125
8617 8261 8873 8061
8616 8142 8755 8233
8849 8360 8665 7959
8822 8636 8382 7846
8789 8445 8489 8024
8777 8169 8706 8102
8729 8672 8502 7892
8975 8301 8555 7913
8655 8270 8721 8154
8828 8486 8515 8001
8772 8230 8660 8135
8797 8612 8576 7891
8909 8651 8513 7544
8725 8284 8718 8099
8620 8573 8613 7950
8671 8327 8852 8074
8875 8460 8567 7930
8803 8502 8584 7971
8780 8615 8519 7905
8868 8508 8512 7865
8795 8246 8688 8100
8785 8625 8556 7870
8687 8035 8852 8141
9004 8354 8539 7851
8902 8394 8463 7937
8696 8197 8827 8131
8816 8264 8715 8006
8736 8179 8672 8200
8731 8306 8615 8142
8870 8575 8459 7855
8708 8174 8849 8026
8703 8650 8572 7840
8642 8347 8739 8116
8958 8373 8518 7884
8904 8488 8505 7903
8834 8522 8558 7894
8814 8635 8569 7701
8616 8289 8666 8206
8959 8478 8347 7817
8842 8580 8538 7815
8667 8150 8774 8181
8874 8542 8481 7853
8756 8204 8654 8174
8826 8632 8478 7825
8796 8643 8479 7898
8732 8136 8691 8171
8959 8500 8461 7770
8752 8115 8821 8024
8891 8187 8582 8068
8830 8238 8657 8073
8681 8641 8545 7950
8900 8516 8441 7886
8799 8570 8482 7914
8988 8267 8526 7938
8966 8303 8565 7915
8563 8331 8758 8164
8977 8359 8472 7900
8683 8366 8736 8003
8983 8342 8504 7951
8978 8451 8510 7899
8666 8275 8745 8133
8953 8341 8513 7964
8948 8344 8540 7957
8710 8472 8582 8017
8692 8259 8783 8073
8936 8420 8517 7864
8771 8407 8646 8065
8844 8272 8631 8070
8870 8157 8611 8088
8820 8634 8432 7892
8806 8465 8643 7827
8782 8160 8770 8025
8753 8352 8590 8085
8854 8431 8656 7801
8627 8344 8557 8203
8802 8248 8658 8078
8753 8196 8741 8135
8698 8430 8680 8077
8860 8492 8511 7926
8859 8441 8549 7974
8650 8630 8597 7897
8824 8415 8689 7947
8800 8091 8673 8145
8852 8476 8523 7924
8791 8336 8676 7994
8603 8420 8763 8071
8760 8701 8520 7817
8702 8310 8638 8118
8822 8540 8531 7997
8928 8317 8598 7978
8906 8526 8503 7871
8644 8263 8724 8192
8872 8514 8442 7920
8581 8292 8884 8100
8765 8586 8475 7961
8714 8171 8761 8199
8660 8331 8787 8075
8840 8554 8489 7910
8941 8395 8512 7920
8890 8347 8591 7996
8592 8347 8769 8079
8926 8387 8563 7962
8640 8225 8822 8113
8588 8290 8862 8068
8985 8355 8452 7898
8913 8376 8522 8010
8932 8363 8424 7942
8743 8242 8752 8107
8897 8541 8409 7891
8880 8512 8491 7931
8786 8121 8651 8155
8832 8339 8621 8033
8756 8269 8750 8059
8832 8409 8678 7942
8854 8242 8625 8106
8825 8453 8596 8004
8746 8518 8594 7940
8867 8148 8666 8020
8832 8481 8574 7907
8582 8359 8749 8096
8831 8628 8486 7890
8686 8142 8778 8177
8755 8623 8504 7940
8915 8321 8599 7988
8750 8191 8777 8009
8885 8254 8632 8031
8871 8354 8560 8015
8833 8221 8747 8067
8767 8366 8669 8051
8771 8336 8701 8076
8620 8200 8856 8124
8943 8281 8626 7975
8858 8277 8604 8085
8842 8524 8506 7928
8824 8537 8593 7922
8886 8411 8508 7981
8783 8606 8532 7917
8742 8506 8630 8014
8705 8568 8595 7960
8857 8522 8493 7907
8863 8383 8580 7985
8930 8351 8536 7954
8918 8375 8567 7932
8759 8199 8683 8176
8872 8320 8592 8030
8830 8322 8617 8054
8813 8652 8452 7847
8710 8250 8687 8156
8632 8236 8833 8119
8771 8374 8734 7973
8812 8118 8701 8121
8808 8311 8749 7980
8775 8156 8683 8145
8645 8087 8729 8222
8873 8182 8570 8089
8755 8279 8746 7993
8933 8456 8553 7839
8651 8253 8745 8189
8819 8443 8538 8015
8708 8546 8533 7986
8550 8330 8778 8096
8956 8356 8501 7914
8838 8472 8483 7961
8647 8303 8707 8124
8738 8274 8744 8010
8682 8419 8738 8011
8674 8251 8793 8089
8951 8349 8532 7986
8650 8315 8747 8112
8606 8251 8948 8033
8931 8385 8548 7941
8855 8463 8608 7929
8811 8487 8586 7990
8794 8364 8634 8082
8787 8384 8644 8040
8737 8265 8786 7959
8881 8183 8605 8060
8706 8476 8602 8060
8697 8511 8557 8008
8627 8455 8656 7961
8762 8258 8725 8082
8848 8363 8536 8042
8928 8401 8453 7966
8704 8231 8719 8133
8839 8280 8632 8018
8818 8302 8598 8081
8807 8464 8603 7987
8781 8368 8552 8049
8779 8388 8653 7996
8745 8348 8724 7990
8900 8377 8492 7965
8885 8382 8564 7925
8841 8323 8637 8000
8835 8418 8640 7868
8817 8325 8627 8023
8797 8304 8676 8028
8858 8206 8635 8004
8752 8449 8580 8034
8800 8139 8729 8130
8734 8358 8656 8083
8886 8467 8594 7901
8787 8324 8673 7999
8778 8457 8668 7934
8703 8234 8706 8110
8832 8368 8575 8043
8768 8403 8648 7961
8762 8340 8650 8061
8726 8328 8788 8060
8864 8397 8498 8015
8760 8576 8477 7959
8774 8500 8603 7966
8695 8439 8599 8073
8643 8316 8704 8113
8866 8372 8652 7981
8882 8419 8494 7941
8698 8478 8546 8040
