6764 2045.31
28177 22168 23646 22152
25543 26636 23496 20301
24573 20581 22879 27113
24547 27197 21452 21322
24096 23017 28457 23156
22694 28028 23023 21216
21890 21907 23659 28225
21412 22034 24419 27693
24563 26985 21636 22735
24295 27439 21799 21662
21639 25738 24184 25503
23727 21045 23647 27602
24039 20753 23174 27371
24666 27058 23409 20410
23010 20857 23592 27854
23756 20683 23065 27575
22272 21199 23098 28172
21723 27954 22185 22033
22850 21570 23634 28103
21649 21307 23785 27945
25963 26142 23789 20614
26600 25484 21883 21833
23754 23084 28392 22170
25503 26145 24932 20476
25825 25706 22012 23737
23082 20624 24391 27692
27156 20963 24941 24005
24532 27273 22713 20560
25326 26675 23817 20519
26217 21108 23910 25464
23653 21529 23351 27639
23350 27478 22119 23034
25341 26537 21965 22513
25447 26248 24704 20679
28082 21810 23509 22645
26070 21232 23421 25729
22368 22079 22922 27955
22707 21534 23742 28066
22083 28021 22088 21379
28135 22770 23141 21084
28106 22973 22369 21504
22141 22384 23643 28007
21753 27931 22335 21868
21937 27486 23588 23262
24026 23717 28109 23422
25971 21922 22047 25915
21787 27863 22947 21675
23608 27541 23670 20749
21810 27930 22236 21586
22203 21985 23487 27933
22173 22303 23749 28053
24728 22801 28275 23925
21835 26587 23945 24373
27333 20951 24633 23473
25100 20913 23762 26818
25421 26503 21913 22146
24351 20885 24257 27129
25691 21325 24826 25927
21976 22498 23968 27731
23086 27821 22553 21818
24653 23254 28190 22535
23354 27886 23080 20945
28046 22776 24223 22097
22764 27900 22506 21361
23113 27934 22929 20804
21795 27999 22086 22047
22847 27773 22703 21911
22345 22004 23839 27873
26500 21357 23875 25480
26550 21263 25715 24610
22099 27599 22427 22930
22219 21722 23763 28021
24631 26503 21954 23577
22633 21557 24419 27815
24547 23573 28133 23266
26922 21365 25448 24210
22143 27690 22801 22595
21899 23528 24234 27395
25398 26188 22156 23329
24121 23120 28304 22784
25815 21516 22400 26074
22800 21161 23989 27846
22315 27961 22070 21261
23919 27494 24119 21036
22221 27968 22273 21289
22079 27945 21899 21462
23945 23017 28364 23514
25215 26759 23870 20896
24513 23269 28319 22763
25733 25648 25183 20956
24775 23142 28236 22999
25739 25964 25037 20831
23495 23101 25694 26949
26661 25419 23777 21001
23512 23367 28256 23246
26893 21777 25860 23486
23792 27391 24227 20978
22063 27983 22941 21246
23938 20905 23538 27520
26558 22433 25640 24602
24428 21714 24836 26978
28032 22855 23057 22025
28126 22725 23723 22478
27251 21440 25123 23991
22376 21883 24188 27791
23867 21141 23415 27539
26640 25902 23765 20825
22256 27903 22612 21669
22002 27610 22483 23179
22353 21825 24300 27878
22229 26740 22466 24498
23674 27101 22522 23583
22555 24523 24068 26971
23451 27716 23475 20863
26928 21208 25394 24192
22583 21574 23957 27900
22240 27797 23691 21235
27322 21123 25160 22953
21852 27108 24578 22714
25373 23515 27696 22720
23343 24169 24748 27002
25063 25969 22295 24237
25427 21180 25331 25859
24997 22548 27995 22525
23850 22907 24546 27086
26553 21283 25358 24972
27913 21456 22497 22904
22467 21684 24064 27940
26180 25532 24893 21094
27538 21787 24389 23258
25811 25856 22785 23480
22176 22914 22632 27728
27085 21692 25484 23448
25276 22409 26465 25523
24103 21464 26037 26584
22327 27495 22629 23468
22016 25520 23892 25727
23255 27710 22766 21795
22863 27584 22323 23030
22195 26933 23372 24464
24244 27282 23677 20882
23338 26603 22568 24089
21736 27161 21908 23908
22735 23995 23143 27144
21988 27603 23362 22780
27813 22688 23124 23347
24090 27408 24076 20704
22115 27720 22603 22779
22422 27506 23701 22601
25331 25813 22283 23665
24793 26989 23301 22566
25340 22555 27629 24410
24364 23276 27669 24840
21924 22498 23728 27766
23033 22788 25222 27166
28018 22884 22955 22515
26330 25705 24173 20720
23867 23600 28212 23554
27479 21661 24604 23233
22216 23703 24197 27466
24810 27035 22226 22462
23749 21387 24942 27237
24326 27309 22985 22450
22379 21896 24107 27825
27981 21961 23746 22179
27876 21453 23698 23211
27933 23213 22606 21630
26422 23303 22167 24810
22749 22676 23905 27714
21926 27870 22728 21889
27563 23920 23759 20790
21741 27917 22814 21728
23954 26907 25055 21519
27947 22286 23665 22733
21981 27727 23572 22381
24435 21653 24982 26768
23517 23043 27645 24904
24223 27187 24042 20680
24289 22375 25323 26776
27794 23553 23558 21327
22125 28001 22542 21446
24090 21148 23829 27291
22558 26261 22623 25136
23367 27484 24288 20768
22643 26445 22825 24870
22981 27154 23802 23577
24658 23893 28042 23178
23488 23810 25270 26898
25697 25960 22063 23858
23994 27102 24659 21076
22038 27343 23311 23307
22537 25069 23845 26367
23927 21550 24498 27483
24810 22196 24327 27031
24973 22881 28018 22771
24144 24316 26556 25143
25504 26243 24516 21134
22084 24835 24899 26124
22226 23033 23227 27658
22855 27747 22578 21921
23502 27802 23104 21692
22046 27648 22998 23005
23093 21834 25135 27222
25017 23649 26501 25410
24545 26164 22212 24146
27784 21880 23133 23066
24628 23272 28215 22794
22258 22224 24215 27780
22428 26942 25064 21744
22299 27661 23498 22541
26535 25306 23282 23083
28004 23076 23248 22284
23889 23709 27915 24784
23881 22640 26205 26387
24838 26654 24978 20918
23009 27766 23615 21181
27052 23092 22784 24121
22451 22883 23630 27807
22177 23070 24130 27580
22670 23524 23070 27364
27883 23177 23499 22202
26322 21423 26322 24355
23482 27353 24168 21861
27757 22140 23668 23071
24578 22651 24822 26885
22961 22973 27105 25394
22406 23208 23815 27562
27830 23536 22560 21637
21867 27726 22810 22754
23424 27302 24509 21117
24716 27144 23231 21462
25740 24915 25685 23721
22477 27856 23156 22262
23991 22900 28149 23744
27284 21270 24786 23707
22473 27918 23076 21535
22845 21642 23271 27912
26910 25048 22994 22666
27721 23884 23991 21916
24548 26995 22537 22605
26339 22307 26585 24028
25892 21408 25888 25267
24104 24056 28166 22695
24219 22001 24265 27052
21851 23119 23841 27812
27667 24034 23476 21539
25801 23252 26197 25278
24449 23143 27028 25339
24167 27347 22196 21858
25383 26662 24025 21201
24068 26737 25427 21056
23386 23686 24519 27068
22131 25863 23900 25600
22605 24352 26265 25625
24102 21806 24755 27102
24604 27115 24050 21348
27059 24725 23655 21121
23507 24106 24161 26844
22806 27829 23374 22555
23436 26490 23396 24476
23692 25662 24601 25648
27631 23982 23052 22873
24331 23091 28312 23287
23030 23203 25484 26872
25022 22968 26759 25419
22051 27496 22731 23235
25688 23124 27299 23173
27032 24642 23781 22196
22978 23732 24069 27181
23000 26933 22848 23952
22732 21600 23792 27845
22520 27942 22892 21498
25112 22779 24105 26283
23753 23097 28363 22861
22436 27928 22649 21659
27988 23348 22748 21064
23986 24311 24404 26494
23152 27634 22886 22427
21748 26146 25649 23793
27325 24082 24349 22244
27649 23482 24164 21869
22515 21831 23193 28011
23075 27700 23708 21214
23390 23849 25198 26794
23853 24039 24764 26995
25792 26256 23931 21906
23038 24796 24419 26377
24040 25915 26370 22621
25707 24689 26389 21406
23194 25340 25097 25668
22578 23552 23704 27412
22058 27492 23119 22907
23044 27690 23334 21455
24939 26013 22973 24248
22979 27791 23346 21795
27257 21188 25153 23208
25879 25148 22567 24194
23087 27551 23783 21878
27409 24489 24087 21804
24929 23148 27887 23333
23426 21630 23771 27754
23584 21922 24424 27517
22754 25586 25349 25495
25284 21864 26378 25702
22875 22056 22703 27764
24033 25037 27434 21995
22222 27863 22419 22266
24469 26500 23599 23450
23029 27589 23883 21807
23072 22437 25125 27210
22283 25479 23706 26004
23034 27909 23320 21060
22367 27544 22710 22766
24609 23909 27289 25033
23788 22666 26243 26278
27637 23504 24095 21754
25379 25797 22203 23650
24850 26885 22384 22337
22959 27680 23542 21338
25154 23234 27787 23889
26017 23184 26639 23764
22677 25426 24714 25599
27485 23531 23682 22740
26802 22328 24397 24952
24055 21815 24864 26931
26172 22984 26735 23618
27593 23096 24091 23150
22664 23659 24699 27201
27082 22810 24754 24432
22177 27672 23180 22844
24912 25616 26464 21583
23053 26304 24701 24321
24562 23036 28343 23478
24538 24241 27929 23526
21805 27714 22821 22745
22912 27258 24587 21447
23686 27652 23444 21445
27148 23219 23329 23753
24082 25142 25384 24860
26846 21134 25097 24384
23825 23866 28090 23231
23230 21931 24305 27710
23759 27097 24533 21872
23956 24034 23642 26597
24045 22022 25211 26982
22737 26685 23384 24309
25656 21297 24906 25867
23014 27638 23643 21268
26246 22168 25746 24865
25774 22832 26619 24661
26085 26053 22558 22629
22153 26831 23659 24106
23132 27839 22433 21610
23524 22343 26356 26406
25641 22133 25495 25621
27967 22816 23719 21460
23834 23950 24540 27040
27199 21611 25444 23989
25029 23405 27769 22706
26980 24203 25145 22955
22165 27855 22742 22392
24686 23765 27322 24994
23873 24242 27778 23595
24279 22617 25695 26521
22682 22620 24520 27502
21874 26613 23364 24965
27293 22511 24683 23418
24644 27007 23131 22166
24151 23200 27798 24260
22721 22693 24972 27351
24382 27375 23770 20781
23022 26544 22758 24825
25735 25782 24997 21733
23418 25566 26867 23075
24373 24289 22914 26404
24220 23148 27198 25312
26140 24856 24611 23572
23182 24138 24996 26697
26042 26116 24872 22089
23945 25074 26933 23531
26333 24215 25767 23550
23887 23453 27080 25677
25256 26754 24271 20935
26201 21736 26656 24223
24476 25501 22249 25055
24800 25108 26729 24092
22396 24387 24585 26710
22896 27617 23824 22082
23790 27287 23011 23126
27578 23067 24288 22000
24691 22991 26601 25735
26076 23636 26642 22522
23407 23617 25465 26572
22317 27877 23465 21381
23251 26729 22900 24044
23182 25628 26072 23932
27929 23325 23609 21878
23700 22257 26340 26192
22582 26220 24149 25370
27918 22568 23795 22458
22524 26625 22692 24575
22645 26890 22380 24125
26136 23400 26139 24267
25753 22737 27389 23340
23177 24851 27476 23779
22287 25519 23723 25950
27297 21319 24554 23882
24725 21967 26409 25946
24778 25283 25967 23970
24612 22029 23596 27059
24503 25115 26943 23322
24160 27458 22592 21491
27279 23923 24553 22107
24975 22461 28173 23214
25363 25922 25403 22398
23922 24960 27147 23706
22777 23399 24744 27431
25527 23330 27130 24151
26865 23056 26052 21650
25133 22314 25178 26456
24681 25638 26701 21417
22552 23982 23428 27130
24693 23371 27304 24622
27894 21887 23900 22154
23349 23466 25072 26921
24365 23245 23763 26826
27678 22297 24791 22583
26814 23829 24611 23670
23815 24248 27733 23934
24685 25804 22396 24426
24383 23893 28145 22885
23378 23626 25662 26695
24530 22151 27222 25397
23588 26701 22066 24066
24722 25993 22364 24443
24745 23563 27987 23560
25264 25570 25801 22823
22689 27245 24642 22120
24729 27119 22739 20691
24408 23754 25627 26227
22860 21856 22912 27833
27660 23399 22749 22421
27775 23482 23391 21389
24852 26973 23377 21930
23159 23812 24950 26940
22139 22715 24408 27674
24410 22011 23975 27168
24133 23040 26073 26414
22120 24477 24508 26477
23669 27400 24242 21689
22692 21843 23884 27768
26402 22402 26400 24000
23723 22785 25153 26921
25665 23674 25670 25577
28041 23068 23199 21612
23109 24498 24426 26531
25533 23020 25901 25680
23617 25907 26594 21815
24368 26547 24889 22494
26448 25670 23757 22230
25359 25378 26119 22439
23937 25175 24896 25485
28009 22887 23290 21888
23120 27464 23570 22239
26974 23289 23340 24156
27395 24775 23126 21311
22350 23487 26334 26007
23222 27233 22657 23252
22454 26775 24231 24164
25069 23954 26837 25383
23840 27014 23856 23294
24956 24727 26615 24048
25701 22919 26627 25493
27267 23604 24481 22291
23064 27441 23581 22531
24246 23105 27977 23950
25870 22623 25378 25495
22972 21202 24005 27759
22212 27671 23097 22916
23329 26585 24123 24347
22508 26609 22823 24869
23907 23055 28346 22817
24062 23714 27813 24391
24109 21300 23516 27306
24934 22124 27346 24716
22843 27955 23022 21114
22823 27656 22675 22727
22869 22274 23160 27750
27542 22739 24838 21952
24823 24538 24693 25535
23537 23770 28076 23372
24484 24345 27703 23256
27616 23049 23614 22895
23297 25742 26476 23499
25911 26163 22928 21186
27497 23607 24662 21958
26583 25159 23749 23413
23903 23226 27825 24676
23429 21720 25245 27472
27588 23162 24172 23299
25196 24329 27457 22719
24743 23663 26677 25714
24163 27129 24383 20693
23360 25631 24615 25716
22786 25770 24085 25709
26326 25671 24307 21275
25563 24923 26307 23050
26835 22618 25064 24138
25617 26589 22259 22058
26053 23449 25921 24724
26578 21762 25243 24793
26203 25536 24555 21045
24474 23873 26584 25543
25432 21822 25073 25882
24731 23686 27280 24387
24732 22824 27956 23878
27568 24278 23205 21482
22857 23344 25858 26654
25475 23500 23293 26077
23270 27665 22615 21850
24359 25715 22261 24981
22881 26610 22667 24898
23876 26612 22082 24296
27346 24016 24163 22343
24497 25948 25575 23466
23148 27680 23013 22529
26497 24670 24859 23144
25852 25762 24227 23622
22011 27219 23650 23538
26367 25078 23917 24295
26636 21752 25163 24911
22829 26911 25007 23110
25523 21950 27065 24696
27118 22472 24819 23538
26486 25499 23441 21723
23664 27755 23076 21461
22790 25891 22982 25673
26421 25768 23279 21473
27311 24551 23560 22563
26599 22764 25741 24298
26124 22094 26523 24503
24891 25491 26429 21617
24265 21941 26311 26354
27023 24715 23898 21253
23539 25589 25141 25154
22468 22489 23657 27920
22724 21913 23390 27915
24180 23981 28060 23014
22391 24284 24858 26607
24002 27362 23566 22191
26113 22317 26102 25005
25347 22542 23637 26324
27971 22781 23457 21665
25307 26263 25107 22121
22596 26658 25480 22756
24395 27207 22643 22211
26959 23576 22247 24117
23370 27672 23538 21421
24053 24592 23971 26017
24623 22282 26616 25828
22117 25753 25343 24838
24427 22897 27568 24674
24205 25469 25159 24938
26807 23344 24981 23827
27821 22098 24127 22653
24855 24118 27722 22749
22704 27488 24155 21767
22039 27396 23449 23122
27382 22379 24908 23217
26266 23192 26903 23544
26997 24657 24494 21359
26994 22357 25636 23841
24614 24999 26856 23155
22269 26847 24445 23962
25807 22812 26600 24904
25251 26028 22271 23345
27863 23223 23814 21294
26461 24142 24962 24481
23595 26477 22352 24713
24099 23981 27013 25216
25704 25430 21954 24122
23431 24026 26397 25770
24924 25458 23387 24914
27125 23605 24565 23347
26046 26241 23696 20882
27611 24387 23035 21164
27093 23515 24877 22877
27571 24120 23493 21560
24183 23358 25814 26728
27866 23470 23154 22109
26195 25850 23858 21925
21880 27698 22410 22828
25184 26568 23695 22136
25526 25610 25664 22526
23442 25623 25965 24422
25242 23644 23962 26245
23861 26599 22892 24082
23254 23302 24404 27389
24835 24529 27032 24593
27681 21830 24510 22730
26903 24692 22690 22843
23641 26459 25401 22900
26437 21421 25613 24707
24746 26153 22425 24294
26222 24219 26512 22709
24747 23534 25503 26203
23098 24484 24914 26449
25508 22108 24431 26611
23149 27577 24267 21157
23901 25747 26693 22435
22648 27855 23169 21649
23150 27645 22938 22275
22593 27837 23368 21784
23580 22253 24318 27441
23486 25323 24297 26214
26591 21471 25367 24739
24555 24994 26804 24528
26236 24950 25395 23311
25483 24291 26844 24493
26988 25118 23796 21589
23823 22097 24910 27447
23515 24620 26410 25508
24896 22866 24727 26510
25228 26037 22306 23311
23796 22104 23508 27524
23082 27850 23190 21000
27559 23669 24301 22035
25920 24864 25707 22924
22573 23398 23312 27562
24422 22959 25304 26891
26071 22080 25314 25256
21894 27745 23565 22182
27715 21989 24268 22390
27856 21717 23481 23265
24258 23419 27596 24664
24385 23285 27123 25048
26763 25168 24557 21920
23018 24535 26726 25021
27169 22231 25214 22766
27247 23057 24046 24315
22687 24577 24494 26645
24277 25596 26567 22630
24951 26821 23243 22017
26957 21505 23508 24469
26377 25323 23806 22976
25176 22806 26874 25564
24600 26884 22160 22633
25654 24076 26352 24695
23754 22570 25907 27022
24415 22996 27440 25236
27326 24383 23481 23273
27035 23280 25408 24078
27736 21780 24333 22808
23765 24293 24883 26361
24620 25374 26761 21303
24618 23339 24440 26743
24129 24869 25517 25697
24541 22372 25713 26717
23514 27724 23448 20989
23892 23283 26498 26133
25046 25088 24803 25120
25050 22458 27803 23261
25377 23618 27179 24236
27052 24589 23661 22581
26103 25332 24855 22981
24011 27317 23357 22650
25680 24306 27207 23484
23385 24463 24502 26603
25159 24263 27229 23868
23906 23362 27576 24721
26352 24704 24159 24619
25287 23113 27018 25001
26678 23352 25955 23897
24879 26428 25459 20777
27135 25213 22762 21982
23533 24871 26985 24636
25574 23312 26548 25132
24755 26846 24187 20718
27602 22438 24972 23146
23275 27028 24035 23227
24825 24968 26275 25233
24764 24235 25341 26298
24552 25008 26834 24283
26887 24332 23830 23386
25248 23901 27236 24705
25929 23243 26976 23634
23395 23947 27908 23590
23858 26923 23894 23028
26673 22862 23794 24996
25901 25360 25736 21384
25694 22396 25724 25554
25746 23247 27276 23586
26611 25391 24626 22019
26882 21577 25874 22949
25424 24957 25044 25319
22697 24153 25373 26551
25240 25870 24474 23942
25907 26395 23719 20863
24905 23346 27880 22342
22569 27937 23068 21052
25979 21314 25711 25210
23806 26722 25339 22271
25705 22484 26787 25071
23557 22522 25092 27664
26521 25474 25285 21603
26225 22404 25868 24869
22444 27583 22560 22893
26576 24506 25609 21707
24309 27191 22627 22623
24552 27087 24376 21163
22818 26642 23461 24367
22660 27542 22717 22728
26491 25199 25215 23319
26078 25886 24607 23134
23977 22898 24596 27253
24047 25523 26577 23751
23347 26421 25414 23055
27782 22597 24456 21511
26859 25016 23262 22167
26741 24156 25229 22864
23663 21503 25757 27095
22392 21640 24145 27736
25610 25473 22834 24439
24019 22869 27712 24799
27767 23216 23507 23024
25038 26389 24222 22486
27077 23866 22540 23675
27723 23027 24469 22265
25355 23914 26260 24882
23216 26781 23101 24105
24491 20953 23893 27092
25245 25975 22598 23325
25082 26520 23414 22160
26681 24267 22870 24080
25474 22910 23265 26271
25411 23589 25790 25374
26108 24743 26163 22293
25387 25326 26143 23212
25042 24182 25360 25684
23570 27517 23519 21236
25451 22724 27217 24405
26023 22565 27000 23437
24019 23874 28030 23381
25141 23745 27543 22850
25250 24063 27360 23160
23932 25165 25176 25672
22128 27324 23618 23325
24942 25991 25265 22896
25170 25952 25999 22750
24672 23738 25492 25982
23235 23132 25285 26857
22992 23272 24580 27421
25622 24192 25828 25258
24482 24274 25931 25604
22871 27475 23863 22341
25682 24977 23641 24556
25685 25694 25598 22002
22782 23843 23871 27234
23058 23396 25991 26467
22900 23032 24029 27531
27728 21618 24064 22894
27431 24128 24024 22049
26326 25786 23408 21193
25886 23300 26754 23724
22665 27921 22500 22211
26088 22539 26993 24219
23737 23924 28022 23037
25759 22447 26308 25092
26287 22336 25240 24978
22804 23403 24439 27378
27501 21411 24909 23472
22890 27388 24197 22937
22488 23457 25012 27129
23210 22570 23797 27691
22308 27594 23511 22884
24897 26855 22428 22758
25202 24135 27370 23658
24627 26872 22445 23100
27420 22545 24039 23652
22621 26399 25737 23230
22882 27380 22916 23078
25377 25185 26361 22475
23302 27406 24127 22789
24121 27413 23872 21506
23413 25067 26654 24273
25495 25742 25958 22726
24632 22200 27398 24774
27044 22046 25450 23641
27510 23473 24361 21719
27663 22551 23959 23302
22361 21986 24243 27818
26513 24303 25321 21771
23644 26565 25120 23958
23930 26060 26211 23459
24229 26731 25050 23045
26606 24104 25442 23105
22681 26361 25928 22571
27335 21397 24480 23920
27692 23208 24061 22354
24584 26072 26051 22054
24227 24225 23095 26352
26145 26098 23836 21139
23126 27448 23739 22456
23654 22877 24681 27404
25912 24961 26138 22412
27900 23010 24021 21942
24835 22673 27522 24542
26030 24760 24960 24076
23909 25159 22898 25944
24888 24582 24692 25391
24183 24423 26964 25085
25125 26879 22531 21482
23563 25147 27070 23624
27374 21863 24623 23452
26918 24108 25281 23161
25926 22852 25654 25327
24847 22672 25524 26408
25318 25927 23110 23892
24953 22930 27973 22942
25096 23719 27581 23122
26442 25738 22841 22367
24595 24231 27901 22730
25406 26452 24632 21673
24202 27274 24292 21039
23621 24355 26402 25170
25463 24378 27055 23571
24762 22074 25894 26486
25272 23596 25563 25814
26347 25707 24115 22671
25933 23939 26295 24739
24769 26094 25883 21557
24962 23006 27966 23174
26856 23520 24526 24198
26542 21476 25792 24439
24727 22246 25137 26662
23399 26316 22480 24788
26964 25227 22543 22315
23820 26224 22348 24437
22827 22603 25252 27208
27462 23883 23951 22800
27679 23288 22669 22503
26058 21762 26719 24384
22356 26708 22966 24647
23470 27522 23039 22824
24526 23465 28245 23343
24474 24413 27335 23932
26549 21482 25823 24298
25490 24197 24212 25465
27001 24981 23670 21680
23775 25540 25658 25105
22839 22054 24101 27711
27565 23858 23467 22959
27101 23753 22993 23910
23205 25069 26954 23770
26146 25548 22860 22740
25727 25257 25390 23444
25611 22158 24848 25918
27699 24114 23175 22070
25107 26551 23369 22216
22499 25777 24227 25428
24709 23580 26238 25960
27904 23273 23454 22506
25384 26015 22485 23296
25259 22041 27662 23847
24525 23807 27532 24208
23010 27696 23475 22420
25142 25349 22818 24735
26850 22291 25988 22701
24793 26771 24229 21370
25121 26940 21902 21610
22518 26979 24244 23626
27299 22145 24613 23366
25916 22949 24367 25833
24675 22562 25837 26337
22489 26749 23220 23940
25425 25555 26085 22692
25290 25135 24834 24033
25666 24091 23819 25129
26250 21724 26591 23851
24974 26385 24701 20991
24505 24240 24200 26232
23562 23603 24917 26689
23661 26444 23135 24363
23540 22873 27269 25237
24231 27135 24136 22364
22569 27850 22608 21800
25782 25489 25253 21592
23079 27702 23551 21293
24844 23936 27820 24018
24744 24789 26883 24086
24340 26530 24290 23329
25976 24234 22589 25042
23283 21743 25147 27333
26668 22806 25730 24126
23743 24222 25634 26472
22064 27383 23064 23748
27475 23833 24215 21512
25899 23962 25350 25060
23824 24369 23909 26681
26303 22016 25840 25115
24661 26593 24809 21283
25604 26203 23139 22143
22404 27738 23546 21832
26251 23297 26418 24584
25261 24495 24697 25521
25463 26680 22432 21680
24159 25840 26189 23594
23580 24931 27211 23686
24108 23756 25375 26674
26478 22926 26297 23989
22952 23643 24594 27027
22944 23047 23943 27494
24720 26338 22861 23522
24354 26066 25730 22745
23395 23933 25296 26715
25473 25319 24638 23353
24411 26273 25201 22854
23307 22701 26667 26046
24690 23066 26080 26093
27818 21837 23700 23604
27452 24058 23664 22130
25768 23906 24514 25615
26585 22594 26456 22680
24501 26741 22682 23042
25302 25879 26148 22327
23585 26955 24441 22674
27728 22913 23880 22468
22913 27314 24277 23506
24831 23954 27421 24232
23442 24663 23907 26496
25086 22867 26029 26305
24477 23337 28180 23463
24303 22718 26484 26165
27272 23294 24721 23389
22928 27742 23583 21685
25468 23762 24413 25775
25714 23445 27189 22694
23056 26176 25616 24564
27134 22982 25025 23424
24203 26838 25084 21175
26767 25315 23402 21147
27886 22439 23820 22825
26750 22490 26318 23430
25011 23748 26068 25770
23339 24765 23237 26639
26875 22165 25532 24179
25601 22264 26328 25804
25180 23471 27023 25207
22923 27067 23149 23930
24699 25264 26276 24255
25844 24011 25297 24987
26166 22241 26927 23211
24759 25815 24711 24065
22983 24806 27035 24363
25451 26108 24537 22639
27109 24616 24903 21921
26701 24983 23079 23665
25739 26189 24867 21299
23503 26513 23236 24419
22611 25751 25627 24545
25243 23803 26114 25527
25334 23412 27085 24758
22793 27127 22680 23902
22917 27411 23060 23033
23157 25243 26035 24874
26787 23168 25604 23977
22968 24461 25590 26185
25000 24339 25058 25367
23575 24100 24651 26817
23488 22867 28088 23986
22954 26827 22741 24465
24477 26790 22452 23436
26940 24964 23654 21953
22160 22444 24236 27840
26494 22075 24675 24956
24104 27430 22476 21660
22831 27471 23627 22539
25590 25908 25569 22279
26394 22173 26039 24863
24723 22110 25585 26664
23416 25745 23593 25872
26711 25113 23528 22213
25671 24688 26134 24154
24557 24792 26911 24296
26276 23610 26111 23789
26650 25200 23089 23331
22804 25179 24733 25759
23476 22782 24280 27486
25434 26287 23462 22997
25190 25316 22408 25073
23697 26575 24928 23338
25284 22078 26096 25825
24577 24815 27186 23536
25515 25509 25940 22611
27849 21756 23551 23177
26776 24189 25272 22361
27028 23758 24815 23239
22417 23728 23361 27284
25766 23397 27174 22665
26010 22734 27039 23579
25631 25438 26048 23004
23224 27564 23627 21414
23837 26788 25196 22606
23828 24550 26044 25751
24014 22793 24461 27192
24117 24749 27240 24580
23963 25044 25825 25068
26307 25407 25027 21838
25763 25249 26007 22984
23607 23547 25676 26543
22655 21686 24425 27698
26472 22841 26386 23711
24043 23030 27968 23979
23613 22116 24967 27255
23991 23727 27758 24168
22730 24943 26563 24765
25703 24389 26249 22702
26318 22751 26166 24101
26500 21782 26490 23435
23034 27321 23529 23585
27730 22237 23957 23229
24869 23792 25036 26625
24417 23824 26793 25978
27241 24608 23214 21502
25577 24449 25882 24449
24979 24117 26848 24250
22068 26652 23185 24558
25413 26632 22345 22042
23712 25012 23872 26345
25344 24635 26546 24276
24839 22924 26934 25436
24716 24419 27448 23599
24111 22706 27806 24291
26688 23135 24960 24700
22762 22399 25341 27347
24085 26180 24583 24623
24316 26345 25762 22153
26250 25845 22802 21800
25944 23459 26703 23976
24248 24446 27765 23715
27468 22453 23420 23781
25227 21689 25510 26035
23149 23675 23941 27275
24187 24136 25972 25842
26122 22188 25205 25212
22902 27667 23570 22075
22775 24817 25028 26064
23893 27263 22855 23023
24150 25444 26898 23309
26639 23881 25705 23756
27957 23197 23456 22293
25111 24355 25542 25362
23595 26470 24052 24218
23666 22703 24818 27224
23657 23429 25774 26510
23556 26297 23115 24613
23196 27421 23705 23016
24857 26284 23999 23767
23371 26924 24473 23048
25951 25658 25144 22310
27230 22379 25087 22719
25598 21532 23954 26187
26320 21493 25325 25271
25588 22935 24514 26194
23289 23393 25600 26805
23042 26040 24812 24893
27834 22962 23791 21972
25628 25803 25193 21566
26343 22374 26826 23150
24404 24747 25493 25325
24902 26186 24975 22776
23619 26859 25242 22404
27515 23856 23908 22224
25473 25847 23923 23184
23804 25889 24619 25261
23782 22176 25224 27128
25864 21956 25545 25358
27638 22547 24959 23209
24235 24813 25415 25864
23716 26319 25232 24050
22991 24886 25651 26059
27439 23187 24987 21981
23597 22441 25952 26616
23897 21612 24848 27261
22797 23815 24720 27188
26733 23662 23523 24425
24287 21487 24380 27139
26944 24147 23866 23489
25857 22560 26534 24922
24344 24997 27262 23410
23882 22272 24414 27331
26441 22940 26005 24360
21978 25093 24708 26108
24919 23799 27467 24124
22988 24339 25677 26140
24931 26865 23996 22660
23868 25338 24237 25461
23962 23210 25102 26933
25094 22722 27328 24711
23731 23742 25712 26130
22459 26641 24954 24008
22081 21853 24311 27680
26562 25054 24783 22939
25090 22683 25095 26184
23455 23319 28344 22551
23179 24572 23366 26525
24464 26508 22932 24115
22937 26104 24810 24878
25894 22981 26741 24335
23144 26961 23690 23663
27523 23391 23989 22189
24111 23955 23741 26799
26575 25560 22186 21979
24605 22776 26508 25798
24962 26550 24313 23090
26083 22102 26335 24719
24232 24287 27380 25177
25549 25930 25181 22345
23165 27715 23106 21625
24256 25362 25308 24890
26965 21617 25308 24097
26828 23657 25206 23243
26933 22678 24778 24149
23462 25332 26776 23963
24522 24548 27450 23688
24593 26812 24508 21331
27061 22048 25007 24121
26603 22529 26453 23701
23104 25805 23182 25504
23727 23385 24459 27335
25440 25222 26243 21416
24061 21390 24338 27316
27707 22180 24179 22540
23591 22985 26215 26333
27818 23558 23761 21227
24439 25601 25906 24107
23973 23588 25780 26251
25118 24267 25657 25408
24239 22597 26268 26267
24168 22227 24317 27243
23813 24763 27413 23163
27177 24844 23004 22795
26291 23077 24416 25150
23951 24978 26207 24643
22432 24557 24364 26741
27018 23616 25432 22688
26950 24576 25127 21428
25415 23074 26025 25566
26727 22269 26011 23618
25338 24609 26232 24478
22976 25091 26441 24822
22869 21890 25111 27236
26587 25303 22410 23149
25658 23525 27396 24118
27728 22209 24538 22348
27142 23794 24201 23382
26048 24719 25819 23427
24515 23328 23715 26851
25392 23185 26003 25474
24883 24593 26814 24961
24705 23564 28071 23193
22969 25333 26199 24944
23734 27051 24434 22391
23461 23757 26892 25472
23200 26310 24740 24296
26707 22664 25936 23398
25297 23079 27724 23478
25557 23149 27658 23726
25166 23319 25941 26148
24767 23251 27546 24380
27709 23519 23774 22064
22618 24677 23773 26757
23428 26718 22952 23891
26281 25940 24080 21732
27107 24572 24082 22221
26256 23230 24542 25005
23999 24534 26344 25348
22513 26693 24167 24105
23888 27162 24498 21104
26356 22324 25668 24770
23785 24630 27356 24020
25453 21916 25064 26088
25485 25422 24249 24171
26675 25144 22846 22103
23855 24019 25581 26314
26445 25363 24422 22353
25416 24008 25986 25205
22398 27435 23308 23205
26757 25182 23476 21960
26745 21854 25532 24488
25738 24174 26062 24582
26231 23361 26644 23196
23268 27434 24153 21989
27258 23107 25075 21657
22989 23532 24440 27264
24369 23541 26922 25198
26510 22953 25460 24704
22708 24292 24706 26635
24126 21474 24199 27256
25123 22452 27854 23101
24537 22469 26106 26043
25161 24324 27192 23125
24068 23972 24196 26603
24137 24543 25645 26067
26545 24326 24776 23681
24432 24432 25231 25819
24943 22504 28047 23389
23605 26483 23722 24323
26209 25688 24416 21859
24954 24904 25871 24461
23536 25832 25131 24798
23740 27218 24352 21265
27290 21811 25082 22402
24456 24639 27731 23866
23499 25052 26771 23887
24815 22759 28020 22886
26780 25056 24460 21543
27088 23654 25379 22450
24022 26001 25946 23477
25253 23291 27470 23568
23366 26628 24904 23541
24171 27139 23815 22869
26976 24520 23926 22516
26086 22066 25696 25284
22994 27270 24448 23456
23164 25021 24997 25762
23907 24710 27653 23963
23345 22496 25260 27118
26274 22699 26254 24515
25940 22783 23664 25644
22654 23062 23654 27499
24851 23704 27561 23796
22851 23850 25896 26099
25990 23461 25852 24755
26508 24433 25420 22085
23713 23498 27195 25288
22895 26194 24886 25366
25483 25579 25975 22321
24991 24945 26408 23361
24210 25035 26299 24441
26220 23584 26013 24680
24395 23968 28028 22407
24381 24936 27335 23399
24005 25908 24991 24521
24040 25526 26894 21570
26524 23987 25699 22965
25584 24679 26433 23816
25311 26695 23017 22848
24340 22999 25100 26419
23923 26416 25391 23616
22359 25667 23430 25939
26385 24564 25470 23732
24863 24209 26344 25558
24878 23935 27603 22547
23968 23468 25877 26112
24966 23072 27864 23696
25075 25720 26152 22669
22466 26632 23256 24547
27743 22469 23674 22772
24636 24396 23080 25900
27338 21859 24951 23319
23635 24087 26524 25691
24665 23979 27552 23966
25863 22717 27256 22535
24295 26805 25166 22008
24085 26437 24652 23785
23912 24102 27934 23376
24832 24828 27459 22297
25455 24438 25164 24928
26470 24887 25518 21436
22410 23949 23969 27310
27772 23378 23718 21694
24793 23358 27867 23101
27179 23330 22723 23708
26903 23624 24330 23616
24210 24233 27949 22915
24169 25404 27104 23441
23406 24848 27669 22657
26398 21657 25849 24800
24528 22607 27613 24508
24160 27340 23503 21426
23593 24652 25948 25660
23157 27613 23630 21241
24848 26133 25210 22578
23043 27225 24536 22316
24868 25506 26428 22444
24311 24298 25434 25609
23909 26158 24738 24145
26773 22893 25319 24633
23544 27216 22943 23836
22817 23798 23210 27280
23408 27715 23162 21086
26799 21388 25375 24336
26384 23693 25544 23759
24670 26305 25796 21549
22261 23992 23795 27297
26409 23469 25552 24305
23526 26578 23280 24325
24881 26515 25177 22328
22813 27466 23074 23249
27527 23457 24028 22116
27548 23168 24623 22524
27355 22695 24355 23837
22514 24171 25646 26325
24571 25275 26447 23990
24756 24067 27538 23629
27847 23434 23493 21106
25502 22925 24882 26053
25215 22398 25718 26315
27368 23437 24645 22890
26187 25808 22961 22417
25007 22859 26192 25912
25586 24479 23699 25017
22708 26095 23307 25386
26693 22241 24709 24860
26039 21588 25373 25581
22263 27366 23277 23243
23370 25196 24392 26310
24994 24928 25353 25178
25887 23864 26798 23271
25609 25498 22492 23962
25478 23628 27097 24376
25058 22346 27170 24848
26012 25273 23172 23904
22308 24397 26159 25571
24311 23519 28248 23677
26004 26088 23059 22621
25982 23622 25703 24789
24215 24491 27783 23342
25348 23212 27588 22970
22369 27372 22738 23409
27734 23342 23963 22016
25541 22154 25466 25858
26798 25097 23728 22441
23565 24061 25908 26070
22160 27577 23269 22906
24899 26969 23822 21868
22860 26621 22531 24612
27306 22396 25045 22830
22609 26815 25052 23093
26780 24037 24769 23561
25136 23137 25993 25581
24923 22756 27311 24672
25208 22922 25892 25868
22619 22722 23739 27745
26099 21995 26631 24768
25263 24852 26765 22536
23122 23335 27090 25431
27558 23196 24406 22251
23464 27467 23897 22131
23322 26393 25439 23515
22403 27482 22748 22990
27103 23680 25138 22080
22742 26674 25434 22682
27503 23919 24159 21938
26421 22014 25328 25010
25572 24258 27484 22761
25851 26487 23128 23171
25421 25900 23124 23470
24421 24701 24970 25699
26360 22796 26160 24650
23495 26048 25558 23664
25310 23359 27116 24577
23648 25560 26293 23873
24290 24000 26574 25275
24818 22966 27697 24352
26767 24892 24528 22753
23780 24898 24719 26300
26658 23598 25275 23547
26644 22445 25798 24136
25152 24546 26963 23689
24229 23593 26821 25420
23552 23491 24948 27250
23349 24780 24953 25991
23498 23537 27991 23701
25489 24013 26132 24918
26062 21858 25460 25444
23298 24408 24049 26755
24608 22986 27517 24531
25445 25836 25018 22369
26590 23944 26064 23251
23831 27332 23806 21995
22934 22582 24985 27405
25270 24805 25342 24949
25368 25575 26152 21574
25271 22534 27102 24920
25528 24366 25579 24672
26531 22153 26092 24206
25618 25656 22590 23925
24349 25938 25592 23500
23403 27642 23491 22112
24367 24912 22744 25948
27747 23324 23105 22314
27114 22302 25438 22736
23970 24779 24716 25936
23506 24834 24798 25962
25315 22217 26533 25603
22311 23408 24304 27343
23124 27529 23614 21833
24193 27349 22456 21329
24798 26624 24654 21823
24100 23663 27649 24242
26426 25717 23485 22090
26260 23904 25747 23832
25121 23789 27549 23772
24840 23312 26236 25965
25838 23155 24372 25450
25709 25342 25509 22804
26168 26157 23041 22423
22494 25170 24704 26123
24667 26650 23085 23377
24336 26646 24663 22991
25356 22837 26122 25635
23804 26582 23425 24280
24514 27083 23405 21765
23914 23791 24431 26997
24383 25729 25709 23936
27215 22626 25698 21712
24734 25464 24260 25062
25757 24074 26921 24728
25256 25053 22868 25091
27335 23734 24411 22010
25697 24515 25454 24568
24595 25454 24918 24740
22534 27062 23085 24254
24829 23467 27837 23916
22739 26462 25790 21794
24151 27238 23947 22797
25008 25422 26146 22921
26185 23061 25078 24909
24451 26494 24560 23830
23227 24953 27265 23391
25087 27039 24164 21234
26234 25192 24273 23791
26207 21580 25479 25502
24807 22965 26368 25808
27211 24602 23720 21435
27955 22894 23321 22636
23140 21641 24346 27692
24598 22592 26711 25976
27164 22248 24938 23876
25070 25029 25795 24944
25062 24021 26067 25317
24261 22983 25225 26491
25647 23786 25624 24969
24518 24230 26467 25352
23278 25272 26029 24552
24392 23053 27865 24052
24582 24399 27462 24991
22767 26380 24500 24536
24466 27332 23360 21854
26452 25353 23609 22319
24786 23675 27946 23730
24811 22707 26564 25844
27747 22685 24353 22259
25536 25854 25316 22302
24352 26666 24114 23370
27006 21589 24858 24261
24846 24550 25389 25306
25481 21454 25031 26031
23369 23153 24378 27374
24673 25252 26684 23555
26098 25522 24795 21762
24308 24966 27530 22933
25910 26209 24293 21738
23863 24212 24152 26498
22815 22901 24286 27446
24691 24737 24186 25550
26258 23415 26443 23612
26126 22580 24807 25694
26425 22958 25063 24856
22527 26913 24449 23146
25244 26656 23018 22253
25343 22574 24885 26091
26792 23187 26388 23202
23172 25702 25140 24795
25328 25895 23577 23436
25065 22692 25054 26339
23576 27242 23334 22813
24153 23418 27836 24014
22909 27697 22657 22704
23966 21896 24160 27397
24791 22556 27350 24779
24724 22612 26632 25786
23967 24165 24888 26557
23362 21466 25311 27246
24774 25642 26541 21992
27469 24194 24322 22009
24944 22503 24728 26864
25049 26916 23706 21893
23134 25395 25209 25212
24842 23555 25437 26101
27242 22711 25372 21570
26124 23047 24386 25586
26632 25436 22459 22179
22801 25412 24974 25837
25152 26021 24668 23288
27173 23512 24678 23663
27753 22838 23556 22430
24254 27169 23778 21779
26654 23470 26363 22987
23548 26426 25230 23463
24269 22833 26091 26184
25113 25456 25157 23984
24762 24996 23844 25187
23373 25037 26621 24345
27318 23509 25022 23082
25639 25002 25678 23413
26000 24909 25486 24228
23682 27232 24503 21878
25788 23487 25301 25567
27427 22709 23980 23463
27839 22068 24012 22120
26788 23651 23274 24230
24752 23825 27272 24278
24887 25399 25015 24420
25126 24844 26915 23370
25782 22745 25889 25328
25558 23592 27400 23460
25940 24882 22584 24558
24387 26766 23748 23372
24250 25093 27062 23375
24060 25096 23408 25783
25970 22790 26661 24305
24483 24769 23812 25742
23279 26251 22970 24910
26840 24408 24935 23313
24861 24599 27368 23232
27317 21848 24884 23686
23082 24281 24466 26621
24500 25874 24757 24050
24805 23536 27491 24434
23898 21656 24663 27324
23203 26556 24400 24788
27066 22828 25411 22890
23962 27453 23590 21172
23130 26006 23556 24872
26152 23749 24809 25413
25312 24797 26678 21977
23224 25345 25120 25631
26715 22558 25555 24232
25789 23412 26669 24334
24664 25406 22310 25146
26192 22517 25875 24796
24722 23025 27738 24398
27155 22821 25379 22563
23959 26505 25507 21720
25633 22530 25081 25820
23620 24040 24629 26565
24638 24892 26374 24574
25517 25517 25865 22357
27402 22018 24465 23240
27203 23238 23510 23676
25458 26034 23230 22704
23263 24722 25349 25999
26280 23157 26473 23327
27399 23086 23833 23775
26162 23957 25299 24500
24032 21485 23942 27283
25467 22532 26955 24950
22464 27567 23325 22635
23243 21900 25309 27166
24980 25548 26164 21399
25247 23809 26695 24786
23784 25727 24191 25433
24174 27341 23327 21614
22771 26170 26018 21790
24858 23263 27376 24557
26919 21657 25723 23638
25966 23424 26330 24591
26026 23360 26637 24617
27305 22221 24508 23512
24094 27445 22316 21691
25155 24098 26407 24751
22925 26894 24298 23673
25601 25834 24486 23141
24779 26355 22437 23900
23055 27650 23046 21704
26847 24072 25728 22322
27287 24511 24181 21251
27041 23507 25114 23070
22584 21808 23956 27873
23531 25268 21911 25884
25131 26728 23238 21789
23581 25085 26448 24227
24714 25925 23720 24350
24535 23697 27951 23248
22562 26674 22535 24629
24242 26595 23061 23646
27210 23257 24572 23653
25494 23930 27439 23864
25365 26479 23629 21732
26104 23565 26868 23662
23917 25605 26046 23710
24566 24342 25631 25547
23637 23009 24265 27660
25994 25152 25787 22207
27074 22463 24790 24177
23199 27443 24110 21726
26283 22847 25184 25003
25967 22129 26210 24790
24880 26025 26382 22267
23434 25219 25689 25456
26572 23190 24796 24188
24649 22515 24559 27025
24738 26761 24808 21067
24461 27166 23609 22783
25819 23392 27244 23493
27116 24153 23026 23276
25316 24418 25914 24641
24872 26375 23975 23407
23708 26819 24709 23152
25083 23854 25289 25931
25301 23583 26017 25468
25994 24307 23446 24775
25756 26370 23787 21217
24284 23534 27784 24597
27694 23784 23982 22235
26729 24237 24644 24212
25007 22706 24549 26504
26557 25100 24373 22101
25145 26125 24755 23246
27359 24178 23622 22836
25214 25278 26747 22750
26213 22633 25856 25103
23865 25193 26366 25477
23799 24898 25531 25711
23917 27557 23436 22554
25884 24991 24828 24284
24509 26433 24570 24436
26685 25418 23431 22028
23845 26356 24831 23857
24858 24358 25752 25399
24338 25120 24930 25243
23241 26546 25365 23131
23084 25806 25940 23946
24683 24488 24725 25591
23749 26005 24339 24746
22972 26136 24049 25253
25352 23634 26170 25301
23311 24041 25076 26732
25137 24005 26367 25441
22575 26897 25252 22590
24457 27175 23519 22886
25400 26041 24922 23019
25443 23087 27357 24130
24397 24186 25854 25893
24105 26536 25080 22833
24932 23305 27127 24710
27162 23484 25250 21546
25829 23851 27093 24175
25481 22183 24003 26231
27237 21884 25402 23429
24361 25427 26855 21934
23239 27194 24667 22385
24558 26963 24255 22233
27220 22014 25404 23493
22301 23577 23247 27405
26208 23548 26313 23852
26627 24345 23849 24332
24192 26460 23443 24160
23600 26889 24831 23140
27454 24206 23736 22009
24363 26334 25134 23394
25073 26327 23557 22714
25047 26710 21913 22207
22835 26749 25238 23754
26948 23824 23030 23744
27176 24522 24019 21374
27497 23917 24013 21986
23159 22781 25778 26867
25885 22006 25864 25226
24610 26081 23148 24404
21869 27740 22318 22602
24759 25910 25359 23114
24588 25684 25966 23844
23633 26235 22942 25099
26516 22096 26322 24051
24663 25464 23726 25333
26685 25064 24476 23127
27904 23049 23840 21776
25997 25269 25430 21083
26330 23842 26055 23813
25453 24251 25588 25036
24323 25634 23985 25225
25443 24612 26189 24394
23527 21884 24032 27669
22439 27477 23050 23240
24093 26213 23094 24456
22319 27792 23416 21693
22883 22434 24016 27706
26464 21594 24514 25182
25610 23474 27043 24840
27225 24271 23994 22174
24412 25182 23619 25655
23279 26122 25538 23862
25054 23568 25852 25905
24989 26090 25129 23822
24182 25387 25450 24750
24376 23416 27082 25219
23872 25792 25570 24589
25597 22612 27437 23320
26116 25574 24689 21659
23624 26751 24775 22636
24233 23952 24656 26820
23571 22462 24735 27229
22412 26951 24490 23376
24970 22979 27833 24051
26720 24699 24940 22484
22657 22490 23910 27683
26314 22621 26425 24115
25883 24381 26806 23906
22566 27428 24055 22090
26412 22008 25899 24631
25275 23480 27626 22950
27988 22835 23348 21805
25553 26396 23116 23266
24984 25181 26851 22372
24859 23992 27742 22862
23630 25850 26517 22731
24982 23683 27711 24048
25645 26322 23178 22033
25124 26884 23520 21351
24771 23707 26252 25791
27386 23486 24772 22631
27553 23997 23838 22049
26872 22593 24413 24850
25033 24187 27306 23123
23568 26689 24171 24057
22979 24752 24966 26198
26219 23630 26416 23537
26475 23597 25997 23949
24290 24360 24240 26081
23396 26653 25172 22798
24519 24360 27613 23629
23769 23689 27940 23704
27792 21966 24268 22285
26718 23489 25234 23503
24162 27046 24278 21884
25235 24075 27409 23235
23705 24479 26829 24875
24379 24818 27006 23493
27480 24178 23902 21900
26842 22660 24175 24517
25717 25710 25284 22538
22878 27124 24163 23586
24561 25481 24590 24634
22533 25804 23581 25517
23259 27740 23317 21457
25398 24453 26460 24466
23829 26293 25979 23520
26121 23682 26173 24067
25395 22223 25229 25919
25213 26169 24444 22691
26622 24425 24773 23372
25206 26352 24384 22428
24663 24254 27749 23678
27371 22352 24255 23307
24964 22851 27884 22968
22564 27632 22440 22835
25176 24862 26451 24631
26093 24764 25759 21713
22885 26798 24562 23929
25351 22634 27316 24824
24391 23010 26801 25658
24198 23418 23885 27102
25357 24161 26220 24558
24819 22959 27972 23598
26526 25207 23584 22602
23921 25127 22450 26042
24096 26497 25536 21766
23844 25446 24573 25302
24757 24457 27405 22769
25200 22169 26850 25406
23621 24651 27859 23169
25615 24840 26350 23076
24958 26237 24009 23621
23285 25673 24199 25424
26232 22122 25497 24874
25148 24518 26181 24657
24527 22658 26855 25850
23870 23578 25312 26807
25569 22314 27471 24100
24580 25803 25345 23838
27184 22590 24878 23323
25296 23778 27168 24480
26998 22339 25490 23467
22666 27431 23986 22870
22457 27668 23715 22294
23508 26898 25117 22407
23961 23802 27555 24256
25003 24002 27489 23285
25625 25262 24946 24021
26555 23847 22962 24692
24909 26290 24845 22478
26754 24876 24666 21629
25649 21739 24494 25871
25389 24789 25288 24655
27092 23559 25596 22787
26296 21727 25629 25180
25605 21846 25187 25834
24802 27065 22737 21221
22892 25795 25012 24916
26300 24441 25614 23494
26155 23762 25411 24447
23327 26257 23226 24813
25720 25873 25187 22304
26280 24676 25513 23341
26619 23472 25623 24038
24938 23115 27518 24356
23312 24763 25692 25720
25609 22265 25256 25670
26106 25309 25211 22068
26213 22954 26530 23777
26045 24370 26423 22892
24642 25980 24132 24424
22461 27633 22735 22559
22814 27092 23211 23950
23602 27343 24334 21139
27536 21491 23977 23518
26962 24682 24320 21949
25039 26737 23732 23097
23590 24301 26057 25637
25691 26254 23235 22078
24786 22752 25069 26424
24787 26617 24722 22053
27430 21926 24605 23785
25150 26281 23738 24049
23444 26077 23271 24764
22930 24538 24983 26463
24508 26411 25416 22788
24610 24897 26998 23184
25972 22361 26664 24518
25260 24985 26327 23901
25045 23460 26625 25733
24252 22348 24022 27188
22906 22843 23214 27664
24575 25556 26714 21922
23870 24649 27254 24036
23024 25776 23547 25516
24314 26083 25164 24191
24902 22978 28026 22307
24057 24649 26346 25066
26928 22648 25526 23335
25078 23712 25529 25725
26424 21758 26380 24287
24223 25800 24910 24807
24482 27050 24072 22576
26531 23756 26316 23608
25537 25215 25396 23222
27385 23910 23854 23268
25582 22630 26112 25773
23304 24395 26254 25807
24293 25515 26684 22574
24989 25208 26648 23011
23393 22496 27497 25192
24866 23480 25544 26209
25407 25825 23459 23466
23821 21988 25642 26763
23622 24017 25754 25956
26464 24404 23505 24409
25457 24939 24220 25525
24920 26266 24150 23954
24207 24335 25602 26034
27446 22187 23989 23514
24150 25651 25336 24716
23608 27335 23094 22986
24267 23739 25195 26503
24459 22766 27450 25386
26732 24318 25144 22807
25149 25146 24647 24744
25306 24046 24608 25956
24496 24734 24948 25971
23695 23122 26134 26150
23678 26405 25449 22336
24239 27264 23185 21968
25942 22825 27154 23809
24440 25104 26762 23912
24275 25994 24666 25097
25402 26572 23041 21641
24195 24511 26118 25571
24233 27077 23635 21792
22491 26367 25071 24046
23362 24802 27162 24031
23447 24927 23716 26365
26609 25290 23507 22134
24324 22388 23621 27107
24021 26043 25547 22866
23729 24302 25112 26545
23658 23492 24202 27489
22899 25505 23711 25856
25487 22160 24957 26426
25168 22746 25460 26171
24489 26903 24510 21179
22411 27422 24262 21867
25482 23180 27615 22590
24498 24473 24033 26167
27247 22932 24236 24057
26684 25316 23613 21147
24456 22516 26149 26155
23906 27035 24496 21701
25220 22214 24142 26736
26261 24342 25889 21831
25382 26331 24725 22335
24981 24379 26271 24831
25906 22493 25383 25640
26618 23612 25919 22152
25905 25545 25151 21975
23952 24517 23836 26181
23180 23036 25276 27133
25214 25051 22443 25201
23842 27211 24964 21477
23211 23802 27616 24186
24152 25234 24157 25297
24092 22287 26079 26461
23570 27455 23540 21845
23657 22296 25352 27062
24629 24685 23665 26052
24174 22587 24013 27087
24620 24272 26127 25764
24293 23433 27027 25514
24920 24888 25688 25232
24103 27285 24039 22041
27155 24468 24336 21646
25260 25589 23810 24043
23657 25726 26593 22926
26007 24755 25472 23382
24051 25664 26651 23071
27363 23860 24106 22726
23532 25504 27128 21756
25516 25647 24984 22881
25660 24423 26950 23907
23922 25132 27117 23718
24259 23420 26063 26259
24383 21587 26400 26056
23401 24562 24440 26382
27532 23118 24964 22897
26331 25235 25128 21824
25103 24720 27246 24171
26928 22123 24284 24685
24443 24111 27499 24126
24482 25371 26912 21948
25529 23729 25038 25293
27702 23007 24355 23300
26824 22715 26040 22940
22714 26910 24177 23924
26234 24482 25797 21489
24913 23800 27603 22366
22716 23954 24402 27131
22589 22834 24310 27501
26956 24168 23693 23315
22156 24734 24864 26405
25676 23007 26747 24772
26365 22828 24425 24931
25580 22975 27418 22788
24197 23831 27483 24284
23972 25636 26782 23664
22999 25510 26008 24627
24211 24722 27158 23580
24535 24875 26993 23191
24139 24050 26174 25726
27012 22026 25275 24105
27006 23964 25806 23146
26456 25228 24177 23799
24442 25002 26992 23742
25867 22489 26831 24572
23809 26306 25033 23984
27609 23909 23516 21319
24510 25888 25476 23426
27140 22642 25039 23283
26159 25784 24687 22069
24116 27134 24297 20928
25790 25473 23607 23988
25223 25140 23901 25068
26569 24818 24395 23923
24492 26509 23490 23533
23632 26097 23288 24727
26131 23004 26168 24629
25831 24155 26437 24670
26931 22368 24779 24421
26272 22484 26717 22470
25952 23875 26233 24960
27853 22186 24259 21836
23489 24379 24382 27115
24598 24568 27165 24284
25957 23947 27151 22773
25834 23345 25570 25151
26071 23228 26628 23672
26091 25532 24451 22269
26188 24030 25343 23929
26058 24905 24141 24201
24273 24254 23071 26173
24935 24782 27120 23453
26304 23411 24801 24811
25679 24504 26083 23462
25531 25397 24483 23993
23215 25961 25764 23641
23112 27265 24358 22771
24634 27072 23264 21902
24614 24758 27509 23099
23975 24206 27512 24666
22816 26009 25618 24037
24591 22933 26967 25481
24425 22907 27265 25455
24015 24881 27040 23937
25842 22144 25413 25549
25375 24748 26286 23693
24320 22714 27351 25464
25984 25289 25593 23166
24876 23036 24915 26447
24377 23260 26968 25423
25932 22977 25566 25247
25808 24595 25925 24288
26827 25112 24344 22260
25029 24558 23674 25894
26697 24428 23184 23742
23246 27046 24702 22815
25175 26230 24734 22897
23973 24446 27666 24149
25034 25121 24204 24819
23800 25303 25595 25706
23323 26580 23317 24625
25353 23992 24100 25886
23578 25038 27155 23145
22723 27767 23417 21902
26270 23926 24739 24651
25189 25259 24330 24457
24004 22728 26184 26422
25298 24771 26539 23181
23352 26335 23851 24554
25156 26400 23374 23271
27405 23785 23657 22818
23579 24253 26817 25426
27225 23597 24806 22643
27071 21941 25455 23629
25895 25318 25660 21509
27182 22113 25332 22358
25237 25897 23928 23745
23233 26380 25426 23920
26849 24539 24923 21899
24000 25216 26788 23510
25308 22948 27209 24806
23875 27080 24620 21786
24588 26716 25257 21674
27359 23837 24669 21741
24398 26797 23692 22995
26257 23370 23199 24958
24861 24122 23653 26166
25430 25562 25680 23647
24115 25677 24936 24737
24838 22849 27852 24096
24333 26568 24840 23363
25145 23443 24122 26070
27038 21146 23687 24662
24848 24073 27844 22387
25522 25058 26244 22368
25163 24577 25482 24853
22392 26840 24598 23433
25466 23820 25760 25452
26355 25450 24301 22169
27060 21893 25675 23740
26507 23267 26488 22960
24582 23285 26177 25969
24542 23494 26886 25056
25358 25819 23043 23605
24287 27018 24736 22111
25929 22638 26763 23835
22740 21945 23833 27754
27787 22391 23459 22951
24065 25314 23415 25346
25886 25094 23890 24202
25248 23544 26227 25416
23562 26350 25066 24169
23886 27205 24295 22694
23753 24626 27276 24225
24624 25066 25927 24941
24023 24376 27331 25111
23682 23724 25679 26136
23362 26554 24810 24057
24789 22367 26244 25930
26205 25855 22671 22014
26187 24830 24788 24751
27177 25028 23650 22031
25830 22943 25633 25435
22824 25933 23358 25466
24453 22774 25659 26445
24902 23260 26811 25402
23414 25702 24792 25040
26448 25597 24232 21643
22437 27558 23764 22115
24210 26980 23414 23119
24317 26476 25556 22143
25053 26524 23100 22769
26453 22662 24366 24817
24908 26664 24631 21221
23237 27424 23442 22286
25401 25089 26402 23059
23316 27679 23925 21052
26819 23981 24182 23836
27284 22882 24043 23806
27773 23383 23662 22186
24533 26842 24745 22598
24967 25820 26056 23061
25408 25239 22749 24645
26634 24825 25167 21430
24814 23431 27404 24511
22670 22040 23630 27755
24255 23801 26264 26040
25374 23266 25811 25799
23470 27364 24009 22059
25691 25365 24254 24505
25083 26488 24452 20930
22906 26562 25366 22687
22825 25494 25244 25283
22988 26610 22958 24453
26077 24054 23711 25022
22502 27626 23523 22208
23057 25482 23338 25907
27846 23107 23668 21841
26682 23422 25114 23994
23486 24189 25785 25995
23922 26801 24599 22742
24708 22359 26291 25888
23418 24773 24830 26359
22938 25996 25199 24734
27662 23158 23621 22858
24004 24695 25613 26025
24377 27173 23997 21717
27161 24152 25117 22510
23226 27572 23541 21895
24565 23329 28053 23212
26040 25850 25034 21394
23150 27629 23929 21232
24181 23957 24270 26437
27567 23331 24585 21448
25946 23107 27020 23543
26311 24862 25504 22079
27435 23407 24365 21978
27099 22162 24950 23641
26335 25700 24163 20921
23711 23430 25252 27122
24008 23493 26796 25563
27015 23093 25417 23628
24708 22889 28066 24115
24575 23404 25586 26158
25310 22800 25252 26176
22405 24653 25038 26440
23290 26373 25607 22097
24417 23245 27620 24973
24401 24621 27410 24149
21852 22688 23961 27738
24980 24633 24337 25592
23421 27696 22857 21722
27899 22214 23138 22973
23747 26813 24523 23726
24798 26744 24909 21068
26565 22210 25603 24719
24147 22593 27001 25706
25674 23710 26127 25206
25172 23042 27821 22066
24087 25118 26515 23912
24706 25323 27051 22923
24506 25493 26481 24225
23890 24770 27046 24200
26614 24236 25380 22768
22466 23097 24222 27479
25219 24757 26981 22969
22591 24713 25936 25702
26662 24502 24932 23093
25723 26036 22681 23262
24095 25393 26687 23519
26877 24286 25091 22673
26127 23587 25976 24228
24292 25981 25834 23624
26570 22993 26259 23537
27253 23542 24370 22974
26467 24220 25717 21313
25960 23581 25429 25269
24738 25715 22341 24627
25904 25665 24670 22780
25405 24066 25885 24921
24946 24403 25073 25329
24662 25358 26077 23616
23113 24825 24035 26431
23390 23121 26155 26135
22536 22700 23938 27713
26381 22791 24814 25146
23477 27059 24790 21816
26720 25286 22688 22583
26359 22111 26519 23807
25972 25299 25085 22824
27423 22172 24312 23642
23927 23588 27902 24391
23827 24049 27560 24301
25041 23242 27500 24485
26198 25519 24144 23656
26506 22172 25987 24595
24168 24450 26305 25451
25066 23859 27504 23316
24263 27347 23434 21248
26647 25388 23037 22262
25216 23539 26431 24830
23485 26560 24031 24156
27120 24502 24152 23051
26418 23120 26646 23403
24346 24501 25813 25484
26049 24470 25431 24519
26886 22321 25746 23709
23612 26931 23906 22828
25963 22293 26419 24667
25568 26275 23978 21416
23733 27023 24524 22601
26501 24544 25324 22608
25408 24544 25845 24802
24308 23426 26949 25333
24987 25712 22810 24397
26650 24605 23251 23339
23100 24326 26055 25934
27216 24088 24594 22087
25955 24823 26042 22119
26608 23567 23119 24484
25566 24800 26622 22345
24912 21594 25561 26421
23900 24879 26340 25113
22942 25681 26117 24240
27205 21729 25075 23637
25251 23690 27586 22972
24718 22977 27504 24639
26432 22570 25149 24973
25836 22213 26212 25031
23647 25246 25838 25331
25162 23218 26469 25285
24791 24838 27251 23081
24183 25256 26193 24648
23596 27026 23055 23581
24487 22124 24018 27107
27025 24598 24219 22324
26183 22545 26443 24533
24307 22887 25715 26416
23024 27271 24320 21848
24870 23408 26526 25745
22797 27479 22733 23224
27771 23354 24341 21965
24539 25788 23938 24669
22941 24554 26011 25701
24193 23326 27839 24075
23299 23244 25457 26762
25060 25679 25399 24196
22762 26295 24636 24460
26204 26017 22965 21585
22993 22147 24067 27729
25998 24754 25738 23418
23306 24261 24562 26606
24752 26950 23584 22001
26425 22100 25520 24954
23886 26362 25550 23847
27477 23707 24047 23200
24214 24289 25437 25612
27633 23440 23928 22561
23975 24963 26889 23820
27636 23225 23967 22431
25791 25138 24276 23490
24619 25173 23809 25404
24003 24809 26726 24972
23444 24788 27312 23750
23225 27528 24011 22208
25368 22887 26708 25026
26542 22498 26251 24107
24013 26844 24990 21243
23109 26972 24534 23064
26522 23699 23982 24804
22950 21498 24536 27706
22802 27707 24013 22030
26077 25081 25470 23679
26061 23359 25547 24692
26617 22492 24318 24924
26337 22295 25152 25106
24301 24582 25299 25896
23416 26394 23241 24763
24732 24177 26435 25029
25566 25368 26225 22099
24082 27627 23251 22697
25129 24148 26042 25721
24905 22613 25150 26480
22691 27452 23277 22721
25230 23316 25787 25579
26331 23128 26708 23503
25512 23336 25786 25500
26389 24326 24823 23376
24320 26866 22914 23116
23790 25296 25922 24299
25057 26620 23658 22005
24403 25413 26601 23894
23834 23764 27849 24112
24352 25232 25539 24683
24117 23976 26617 25966
22874 27872 23679 21599
24185 27274 23789 21087
23406 27625 23517 21741
24378 21742 26175 26247
26508 24782 24956 22648
25433 23111 24630 26001
24543 22989 28075 24216
27194 23399 24359 23329
22729 22884 26288 26146
25752 23404 24206 26123
25128 23472 27607 23925
23022 26395 25875 22379
27392 24049 23747 22269
22397 27718 23656 21698
24538 24026 27834 24023
27464 23527 24224 22525
27008 24113 22946 23315
24303 26931 22863 24036
26464 22657 24447 24902
27160 24498 23917 22110
25278 25907 23224 23429
26880 22401 25278 24097
25343 24983 23110 25129
23167 26372 23518 24960
27165 22130 25267 23577
25477 24346 25983 24727
24773 23172 27939 23984
22491 22792 24988 27426
23574 23116 27942 23908
26697 23045 25680 23477
26721 24453 24297 22955
25847 25894 23311 22849
23247 25499 24731 25176
22470 27794 23688 21461
25293 25887 23853 23489
25988 21944 26168 24823
23468 26331 24958 24241
22949 27426 23436 22758
27186 22131 24870 23510
26215 24641 26218 23202
23894 25219 26280 24380
25511 24821 26104 23253
26440 24518 22406 24545
24969 23173 26772 25423
24299 25020 26632 24373
23924 27206 23685 23569
23893 24963 24218 26117
23439 23107 24292 27343
24783 26797 24765 21940
23447 27679 23453 21314
22841 27212 24568 22550
25829 22355 25553 25562
23315 26684 25259 22440
25379 23482 26019 25414
24162 22879 27756 24632
27787 23629 23229 21903
26630 25077 23706 23253
24188 24348 24916 26075
23702 27212 24988 21592
25978 23468 26281 24570
25055 24440 24059 25691
25579 22502 27171 24278
24660 24227 27149 24193
27190 22186 24822 24302
25550 22850 26852 25248
25305 24400 26214 24758
24639 26954 24795 21036
23387 25973 25222 24656
24207 22954 27752 24606
26166 24579 25918 23702
24600 23985 27847 23521
24499 26473 23145 23954
26264 23728 25119 23871
27588 23914 23325 23357
27226 23408 25312 22183
26133 25245 25562 22461
25368 26249 24955 21571
24357 23821 28075 23637
24107 23773 27064 25431
23424 26140 25330 23906
24157 21856 24541 27141
26296 25513 24209 23703
24538 25203 25809 24647
27355 23390 23778 23357
24782 23498 28049 23859
24564 24350 27656 24113
27551 24540 23613 22994
22728 22774 24951 27318
24985 24596 23951 25561
23072 25288 26350 24606
22939 27570 24217 21703
26421 21904 26540 23223
25003 24258 25913 25194
26708 23835 24936 23404
25485 25128 24492 24768
24545 25998 25362 23411
24379 26197 25240 22960
25537 23949 27232 23002
23531 26266 23259 24565
27567 23988 23315 21787
23498 26167 25168 24468
23676 24178 25142 26482
27769 23724 23011 21798
26378 24276 25545 22219
24585 24837 26518 24828
23271 23927 26902 25275
23121 26226 24661 24486
23908 25983 24721 24420
24627 22895 27314 25174
22493 23605 23735 27320
26416 25343 24015 22725
25072 26475 24677 21317
27635 21499 23812 23587
27038 22582 24844 24126
25060 24107 25425 26386
24376 25697 23336 24793
23272 24277 25361 26208
22562 26595 24060 24132
27115 22441 24463 23982
26586 25122 23113 22281
26232 24299 25950 21965
27069 23331 24447 23800
24334 25014 25333 25313
22850 26573 24427 24072
27188 24354 23829 22164
25059 22895 27403 24399
25708 23781 25147 25195
23559 23949 26788 25542
26439 25313 24541 22177
25302 23005 26784 25357
24153 23154 26542 26026
23290 25144 26636 24559
26932 24557 24454 22095
23099 27008 23101 23692
25350 23508 25316 25796
25079 26008 24831 23279
24058 25229 24689 25240
26526 21997 24369 24977
24701 23346 25859 26019
26648 24499 24218 23563
22937 27369 24369 22474
24781 23490 25760 25922
24457 26379 24607 23010
24238 24189 26554 25567
23931 23810 25607 26260
27162 24421 24809 21597
27516 23134 23541 23621
23620 27210 24322 22249
24702 23776 27496 24545
22817 23524 24329 27301
23362 21893 23865 27832
23682 24042 25087 26560
25281 23230 27460 24378
23772 25393 25891 24378
23317 25666 26290 23754
24059 24002 27525 24465
24642 24006 27371 24200
26428 23244 24239 25443
26415 24562 24532 23345
27206 22835 24843 23533
25231 23392 27331 24375
25192 22644 25922 25673
24737 26745 23702 22795
22769 27069 24747 22695
27138 24188 24342 22930
25522 23776 27270 23921
23374 25436 26902 23212
23833 25700 24437 25318
25053 23388 27765 24240
26768 25493 23114 21601
25004 23992 27578 23283
26285 24696 25017 24230
25843 25714 22505 23628
25159 25124 26224 23936
26432 24241 26398 23157
27842 23381 23893 21247
24149 23935 26535 25745
22874 24483 27248 24502
24649 26097 25488 21931
26297 24730 25360 22342
24771 22647 26979 25268
27835 22628 23906 22637
26044 23545 27126 23118
23081 24442 24063 26741
27844 23069 23680 22051
26158 23071 24302 25303
23885 22890 26198 26558
25194 26209 24106 22815
27537 23275 24861 23216
26875 24411 25191 22582
24322 24285 26273 25674
25625 25319 24478 23207
23534 23476 25630 26756
23212 24771 25800 25824
23678 26738 23052 23787
27694 23117 23875 22470
25941 22729 25835 25346
26364 22640 24317 25251
25076 26323 24479 23168
27430 24375 24112 22066
24356 25711 25334 24070
25622 26258 23373 21371
24284 26904 23976 22853
23807 23496 27082 25350
