29582 1080.36
18957 19077
18823 19223
19373 18513
18868 19177
19464 18311
19253 18707
18893 19153
18612 19422
18915 19126
19230 18750
18783 19264
19093 18918
19051 18968
19022 19007
18660 19379
19157 18841
19057 18961
18745 19299
18918 19124
19272 18676
19147 18849
18932 19106
18851 19196
19178 18813
19400 18448
19197 18787
19223 18755
19133 18866
19179 18810
19184 18802
19145 18859
18587 19441
19445 18373
19429 18410
19137 18860
18018 19838
18362 19623
18436 19565
17935 19879
19114 18896
17888 19899
18224 19718
19513 18199
18408 19589
19049 18971
18374 19613
19509 18209
19523 18177
19337 18573
19271 18683
19502 18232
19494 18237
19418 18429
19391 18477
17981 19857
17967 19864
18509 19510
19355 18539
17838 19919
19347 18562
17972 19861
19080 18940
18354 19627
19131 18874
19192 18793
18379 19609
19073 18950
19449 18365
19189 18796
19006 19028
19306 18629
19053 18963
19298 18640
19361 18523
19463 18340
19198 18781
18210 19724
18350 19628
18658 19382
19247 18723
19165 18837
17922 19881
19120 18885
19335 18580
19163 18839
19570 18076
19309 18626
19113 18900
19436 18400
19330 18604
19525 18172
19439 18390
19409 18439
18465 19542
18782 19265
18583 19452
19526 18161
19517 18180
18014 19840
18765 19282
18781 19274
18761 19294
19546 18081
18812 19236
17861 19907
18675 19374
19081 18938
18929 19116
17961 19866
19363 18514
18867 19183
18797 19255
18839 19209
18630 19409
18365 19621
18751 19297
18714 19331
19554 18079
18849 19200
18248 19702
19360 18530
19001 19032
18899 19145
18857 19194
18996 19038
18809 19248
18639 19402
19396 18459
18266 19689
19061 18959
18954 19099
19265 18694
18239 19708
18755 19296
18476 19539
18567 19461
18621 19418
18863 19190
19056 18962
18450 19557
18536 19494
18448 19564
19542 18130
19276 18675
18955 19084
19476 18297
19213 18772
18119 19777
18822 19231
18569 19460
18829 19220
18393 19602
18494 19525
18523 19502
18727 19322
19052 18967
18625 19414
18159 19757
19527 18154
18116 19778
18262 19691
18310 19660
18662 19378
18503 19519
18618 19421
17987 19852
18699 19349
18556 19478
18081 19807
18280 19680
18566 19464
19233 18741
18937 19100
19398 18458
18169 19756
18277 19681
18245 19703
19152 18845
18586 19449
18359 19625
18611 19426
17683 19960
18693 19356
18738 19317
18777 19279
18887 19166
18315 19658
18153 19765
18697 19350
17699 19954
18850 19197
19015 19016
18059 19820
18459 19556
18721 19325
18504 19513
18742 19301
18345 19638
17744 19946
18183 19744
18924 19121
18263 19690
19387 18484
18090 19799
18524 19498
19012 19026
19471 18301
18150 19770
19048 18973
19314 18615
18987 19050
18338 19642
18046 19825
19115 18887
19383 18489
17870 19904
19128 18878
19485 18267
18089 19805
18824 19222
18409 19583
19481 18289
18959 19076
18114 19786
18922 19122
19331 18593
18652 19391
18741 19303
18707 19343
18762 19288
18874 19176
19206 18776
18631 19406
18410 19582
18607 19436
19182 18803
18109 19793
18067 19809
19352 18544
17919 19884
18908 19140
18540 19485
18898 19151
18179 19750
19027 19001
18391 19603
18051 19824
18212 19722
18348 19630
18520 19509
19045 18985
18095 19796
18681 19366
18400 19599
18817 19232
18202 19730
18787 19261
18657 19384
18241 19707
18593 19439
17921 19883
18491 19526
18507 19512
18740 19309
19170 18824
17913 19886
18576 19456
18786 19263
18299 19668
18495 19521
19294 18660
19020 19008
18035 19826
18847 19204
18032 19836
18432 19574
18286 19674
18232 19717
18140 19773
17954 19874
18970 19066
18466 19541
18730 19318
18933 19103
19236 18734
18464 19550
18928 19119
19380 18511
18526 19495
18935 19101
18995 19042
18563 19471
17809 19933
18646 19401
18198 19736
18097 19795
18008 19846
18061 19816
17856 19911
18914 19131
17885 19903
18488 19532
17986 19856
18258 19694
18238 19712
18197 19739
19281 18664
19240 18726
17774 19936
18956 19079
18325 19646
18417 19581
19078 18942
18828 19221
19208 18773
18594 19438
17558 19982
17667 19962
18875 19168
17629 19972
17943 19878
18319 19655
19032 19000
17721 19951
17614 19974
18283 19678
18978 19055
17906 19889
19092 18921
18969 19072
18838 19210
19175 18822
18977 19062
18403 19594
18115 19784
17652 19964
18710 19334
18592 19440
19315 18608
19087 18933
19248 18708
19359 18533
18608 19429
19350 18555
19166 18829
17692 19958
18729 19319
19194 18792
18216 19720
18384 19607
18571 19459
18627 19411
18835 19216
18656 19388
18320 19651
18297 19673
18547 19481
19261 18706
18346 19631
19225 18753
18132 19775
19199 18780
18647 19395
17761 19941
18669 19376
17577 19978
18499 19520
19411 18433
18726 19324
18477 19536
18327 19645
19040 18994
18271 19688
18257 19699
18833 19218
18007 19850
18798 19249
19185 18799
18367 19618
18981 19054
18429 19580
18306 19661
18489 19527
19486 18238
18261 19692
18561 19474
19220 18764
18193 19740
19066 18955
17895 19894
18405 19592
19106 18905
19016 19013
18372 19617
17647 19967
18713 19332
19121 18883
18471 19540
19105 18913
18720 19326
18931 19112
19046 18974
