1020 60.8566
33161 33136 32822 32785
33117 33128 32852 32669
33091 33061 32874 32919
33162 33367 32433 32877
33335 33071 32767 32837
33274 33192 32731 32939
33113 33393 32400 32541
33076 33357 32638 32796
33144 32994 32814 32975
33256 33069 32799 32819
33272 33145 32672 32945
33119 33024 32848 32877
33097 33079 32669 33036
33080 33229 32678 32965
33146 33088 32866 32874
33255 33228 32588 32935
33202 33147 32699 33033
33127 33176 32799 32842
33204 33047 32745 32944
33192 33117 32824 32921
33308 32922 32657 32888
33060 33288 32738 32938
33257 33211 32577 32941
32938 32936 32701 33078
33138 32999 32871 32859
33074 33108 32869 32810
33032 33208 32841 32765
33372 33235 32560 32861
33317 33225 32717 32703
33269 33246 32695 32930
33210 33152 32406 33043
33100 33345 32846 32730
33035 32908 32849 32938
33030 33359 32651 32757
33300 33128 32703 32983
33286 33258 32642 32903
33284 33134 32659 32994
33276 33208 32835 32686
33263 33274 32749 32812
33153 33164 32775 32908
33316 32837 32667 32888
33157 33199 32655 32948
33370 33062 32638 32881
33215 33104 32750 32928
33194 33071 32764 32882
33156 33209 32693 32949
33152 33054 32839 32794
33087 32899 32909 32726
32996 33014 32617 33102
33193 33183 32756 32879
33138 33178 32638 33020
33110 33110 32788 32936
32966 33103 32863 32934
33215 33111 32742 33003
32974 33377 32648 32798
33247 33255 32545 32935
33179 33122 32839 32788
33309 33269 32615 32918
33343 33159 32654 32982
33214 33022 32783 32910
33030 33095 32920 32800
33354 33020 32659 32871
33228 32834 32809 32762
32838 32979 32551 33113
33120 33127 32835 32849
33029 33035 32923 32855
33341 33265 32680 32866
33184 33198 32705 32906
33069 33190 32725 32969
33066 33285 32660 32926
32995 33230 32775 32855
32977 33212 32895 32781
33309 33241 32720 32796
33140 32915 32935 32618
33100 33152 32684 32980
33269 33266 32661 32796
33126 33266 32661 32969
33094 33361 32606 32892
33087 32985 32878 32815
32993 33170 32730 32968
33188 33304 32723 32793
33144 33171 32643 33018
32978 32966 32926 32489
33184 32986 32852 32832
33132 33305 32731 32787
33229 33307 32689 32873
33224 33201 32751 32825
33181 33164 32804 32854
33131 33014 32847 33043
33106 33126 32437 33092
33070 33043 32800 32931
33065 33113 32836 32866
33281 33116 32513 33056
33116 33063 32733 33027
33210 33133 32714 32964
33187 33146 32734 32962
33142 33349 32725 32774
33348 33210 32607 33004
33309 33135 32610 33047
33219 33130 32616 33057
33184 33276 32586 33048
33054 33345 32797 32779
32901 32873 32924 32698
33406 32898 31985 32310
33122 33347 32569 33079
32944 33094 32787 33039
33205 33335 32595 32974
33183 33348 32595 32777
33253 33344 32494 32900
33170 33224 32755 32904
33160 33373 32571 32824
33435 32761 32310 32771
33203 33002 32800 32841
33133 32946 32720 33018
33143 33342 32714 32876
33383 33078 32623 32876
33397 33005 32508 32590
33190 33272 32761 32799
32946 33237 32668 32939
33279 33273 32656 32912
33023 33201 32772 32845
33127 33379 32504 32721
33059 33387 32490 32661
33186 33219 32843 32740
33387 33015 32787 32826
33289 33237 32515 33033
33271 33203 32662 32944
33151 33141 32781 32965
33202 33270 32619 32947
33101 32946 32376 33124
33305 33241 32676 32919
33382 33236 32462 32713
33170 33052 32664 33060
33112 33118 32580 33099
33288 33215 32650 32929
33271 33174 32612 33018
33163 33354 32487 33027
33103 33362 32541 32894
33045 33451 32680 32737
33019 33090 32668 33046
33071 33204 32718 32988
33238 33325 32609 32969
33214 33249 32801 32831
33118 33195 32793 32867
33071 33075 32717 33040
33244 33295 32740 32905
33145 33332 32745 32713
33303 33049 32782 32908
33158 33230 32703 32911
33002 33147 32647 33044
33150 33270 32765 32934
32980 33031 32833 32971
33215 33242 32627 32977
33067 33030 32676 33058
33366 33034 32673 32666
33183 33208 32706 32906
33059 33458 32391 32573
33324 33178 32747 32860
33270 33297 32507 32714
33020 33428 32537 32870
33124 33185 32791 32899
33109 32947 32639 33077
33011 33114 32877 32654
33242 33342 32562 32843
33246 33359 32580 32807
33214 33253 32532 32992
33040 33361 32421 32912
33306 33175 32640 32916
33248 33059 32545 33122
33220 33223 32591 32994
33277 33176 32634 32954
33182 33333 32630 32995
33262 33213 32519 33040
33191 33185 32700 32954
33160 33277 32765 32838
33153 33349 32708 32889
32894 33170 32711 33021
