21180 3424.29
9635 7752 7936 6831
8219 6470 8471 8353
8161 8840 8701 5846
7943 8159 6521 8352
7855 9769 7537 6723
7676 7292 9934 7157
7449 6916 7609 8990
6835 8360 7873 8355
8068 9147 8410 5909
7739 6509 7830 8866
7902 8129 6610 8442
9596 7935 7951 6492
8255 6553 7743 8658
7960 8106 6571 8402
7471 7392 9891 7006
8104 8208 6535 8245
6887 7833 7805 8755
8014 9211 8457 5965
8338 8113 6563 8009
7624 9408 6877 7464
8868 8531 8416 5929
6860 7655 7733 8786
8603 7657 6797 8138
6865 7600 7657 8863
8647 7923 6850 8015
7608 6499 7997 8809
7615 6629 8221 8689
8256 9442 7931 5938
8320 7261 6750 8478
6838 7767 7768 8804
8136 7940 6657 8401
7991 8228 6821 8258
7618 8896 6710 8069
6920 7747 7914 8714
8043 7660 6689 8507
7830 8186 6724 8370
7865 6606 7662 8788
7784 6692 7681 8849
7701 8004 6675 8549
7875 9762 7596 6865
9492 8095 7892 6845
8178 6770 8395 8389
8015 7927 6621 8431
8547 9245 7936 6077
7620 6569 8362 8689
7564 6601 8704 8521
6899 7591 7835 8818
8334 7827 6924 8246
8968 8141 8679 6147
9504 8032 7810 6956
7815 7761 6767 8564
6971 7745 7890 8721
8479 8953 8459 5985
7417 7295 9864 7353
8478 9454 7840 6088
8023 9143 8481 6107
8053 7791 6632 8477
7690 6583 7525 8879
8033 6556 8383 8462
7442 7053 9790 7393
7686 6590 8000 8780
7819 8364 6913 8365
7593 7213 9877 7291
8178 9125 8470 5978
6933 7682 7716 8780
8553 6835 9046 7623
8854 6808 8871 7479
6907 8768 7953 7959
7873 8551 6683 8144
7020 8304 8538 8245
9000 8489 8343 6032
8559 9182 8016 6042
8223 8654 8792 6233
7891 7097 9497 7829
8212 6705 7470 8661
7028 7661 7750 8769
9580 7781 7860 6787
8093 6818 7592 8737
7924 9170 8056 7225
8195 6643 8602 8351
7728 7415 9799 7147
8492 6679 8452 8131
7966 9688 7591 6793
7536 6781 9143 8204
7986 6637 8404 8371
9590 7527 8052 6601
8097 7713 6715 8470
7893 8025 6893 8448
9048 8319 8318 6135
7861 8277 6739 8280
7943 8077 6770 8422
8609 9335 7580 6100
8978 8277 8511 5999
6940 8148 8011 8505
7364 8818 7081 8115
7611 9723 7514 6996
7987 7428 9615 7515
7874 9680 7398 7017
6947 7451 7462 8912
8878 8942 7922 6007
8897 8472 8393 5992
7512 6789 8262 8760
7457 7056 7479 8949
9567 7736 7971 6471
7122 8929 7937 7873
7901 8213 6781 8269
9126 8176 8426 6048
8418 9401 7964 6694
8463 9136 8284 6255
8165 6796 8080 8599
7649 9160 7210 7720
7111 7667 7723 8792
8486 6926 7700 8357
7937 9730 7744 6740
7037 8437 8224 8156
7866 7262 9671 7469
8170 6764 7677 8660
7612 9717 7475 6981
6913 7688 7739 8780
8012 6665 7618 8716
8086 9646 7297 6683
7906 6499 7946 8725
7989 8762 7154 7865
7881 9749 7441 6712
7655 6888 9394 7975
7249 7203 9761 7546
9382 7853 8385 6832
7920 8136 9412 6990
7734 7487 6969 8743
8397 7429 9422 7320
9545 7942 7995 6662
9184 8067 8550 6133
9026 8828 7227 6382
8678 8663 8521 6165
9536 7767 7859 6911
7050 7739 8090 8696
9122 8691 8121 6295
8281 9563 7670 6437
7393 7029 7721 8942
7193 8491 8422 8013
8818 6949 8877 7456
8376 7396 9441 7134
8626 6986 8940 7681
7631 7239 9377 8038
7636 8616 7644 8102
8600 8124 7068 7838
6960 7927 7490 8749
8429 6874 8434 8234
7537 8144 7303 8503
8599 6956 8997 7701
7318 8215 9157 7693
9479 7956 8120 6539
7063 8662 7803 8140
8679 9241 7529 6332
8340 6815 7594 8584
7335 8244 9031 7657
8425 6657 8021 8396
8153 6802 8064 8597
8484 7235 9338 7013
7761 7141 9676 7561
7173 7240 8559 8577
7976 6729 7688 8783
7944 9370 7263 7334
7805 9749 7526 6905
7746 8325 9040 7500
7602 7268 9846 7282
8573 7941 6830 8084
8086 6863 8852 8264
8670 9183 7836 6319
8227 7780 6649 8369
8403 7943 7016 8075
7514 7581 9176 8214
6980 7565 7381 8892
9365 7878 7449 7127
8290 7589 9452 6853
9046 8374 8358 6364
7443 7299 9886 7026
8146 9547 7971 6210
7715 8890 7606 7812
7478 7276 9833 7351
7607 8170 7025 8490
8082 9295 8140 6975
7768 6879 7924 8728
7530 6871 7602 8981
8957 8971 7574 6306
6963 7715 7631 8825
7952 8899 7131 7738
8780 8608 8568 6021
7369 7102 7548 8971
7958 9693 7537 6530
8174 9307 7945 6965
9200 7635 8578 6654
7351 7150 7260 8930
9335 8216 8130 6771
8253 9477 7826 6395
8560 9318 7760 6230
8394 9081 8356 6867
7699 6736 8299 8659
7946 8127 6639 8398
7339 7009 7851 8954
9315 8380 8074 6470
7362 6651 8220 8783
7499 7969 9372 7662
7465 8891 7137 8108
8173 8111 7224 8346
8125 9048 8508 6016
7361 7087 7465 8977
7645 9078 7372 7724
7502 8097 7096 8565
8389 8983 7488 7270
8294 7090 8283 8333
9062 8354 8388 6011
7687 6752 7796 8840
6901 7711 7504 8849
7912 8628 8944 6402
7948 6973 7726 8704
8008 9419 8111 6729
7459 8757 7657 8035
7482 6892 9780 7449
8124 7789 6847 8447
9511 7976 7873 6642
8427 8821 8634 6012
8218 7403 9521 7299
8346 9376 7335 6933
7798 6833 7503 8839
7153 8266 8801 7936
9463 8162 8034 6537
6935 8171 8204 8435
7888 8998 7521 7685
8081 7196 9630 7474
7483 8678 7055 8179
8901 7496 9043 6702
7892 9739 7434 6688
8045 7067 9711 6918
8121 9141 8637 6792
8685 7031 9026 7436
7797 7148 9838 6896
7463 7343 9860 7214
8251 6758 7902 8639
7674 8322 9262 7212
7949 7493 9640 7381
7113 7877 7898 8690
8076 7208 7179 8629
8017 7171 9659 7137
7825 9536 7339 7314
9517 7894 8190 6738
7220 7263 7752 8912
7946 9059 7004 7611
7601 8546 7200 8268
7951 7663 6824 8560
7802 9098 6928 7748
8755 7174 7930 8108
7688 8054 6645 8536
9325 7806 8241 6979
7622 7310 9879 7019
7259 8605 8409 8071
8826 9034 7958 5970
8293 8786 8360 7052
7353 6970 7623 8988
9264 8422 8001 6207
8783 9014 7943 6531
7182 8219 8482 8385
8043 8198 6739 8311
8405 9192 8143 6634
9079 7912 8612 6458
8708 9097 8047 6057
7955 7514 9364 7707
7241 8406 8838 7705
8326 6921 7652 8624
7236 7594 9430 7905
7683 7873 9362 7835
9009 8482 8345 6027
8184 9123 8440 5938
7501 6937 7794 8959
8729 9181 7927 6071
8090 7049 7581 8666
7374 8495 8336 7971
7418 9254 7267 7598
7579 6883 7877 8934
9207 7683 8505 7031
7328 7294 9360 7992
7765 9157 8123 7181
7104 7835 7674 8770
8521 9441 7665 6240
8155 8916 8596 6123
8458 7439 7163 8387
7992 8212 6908 8301
7553 9005 8752 6608
8073 6839 7407 8739
7899 9322 8305 6113
7841 9250 7809 7564
7923 7865 7245 8530
8917 8286 8595 6117
8211 6825 7706 8656
8321 9207 8262 6278
8208 9382 7552 6861
7668 9432 7675 7256
7182 7439 7351 8916
8008 6574 8351 8429
7835 9767 7429 6782
8465 6849 7413 8536
8045 6576 7613 8730
8056 9007 8209 7498
7644 9629 7753 6823
7940 7480 9610 7487
7056 7636 7725 8807
8894 8919 7869 6110
7889 8688 6984 8042
8781 7100 8842 7639
8542 7244 9252 6914
8706 8096 7072 7802
7522 7406 9828 7067
8077 6646 8656 8312
7583 7374 9854 7130
7780 6791 9089 8188
7818 9337 8329 6505
7774 9718 7353 6907
8622 7659 8974 7472
7703 8368 7174 8383
7551 7529 9717 7511
8233 6671 7838 8665
7685 9709 7432 6952
8206 9427 7512 6897
7981 8590 7324 7938
8425 9482 7576 6296
7847 8191 9342 6536
8185 8813 8677 6785
7807 8008 9512 7570
9459 7678 7494 7206
7166 8332 8760 8121
8119 7381 7091 8589
7962 8017 6834 8537
9557 7857 7835 6768
9530 7957 7932 6840
8233 6866 8198 8424
8341 6711 7728 8500
9525 8014 7984 6581
8200 8415 7192 8112
8428 7576 7000 8454
7264 8476 8714 7988
7186 8530 7991 8258
8741 9003 7326 6974
8062 8178 6838 8306
8596 7350 9108 7306
7946 7405 9561 7568
7960 9623 7279 7112
7620 8317 6790 8433
7431 7691 9166 8177
6950 7892 7560 8781
8122 8136 7204 8249
7615 7449 9767 7322
8932 8992 7664 6218
8499 9127 8341 6263
7906 8441 6886 8212
9434 7813 8117 7023
7157 7442 8539 8614
6986 8411 7793 8398
8008 6749 9050 8044
7008 7784 8439 8491
6977 7856 7510 8778
7096 8623 7450 8330
8838 7446 7385 7993
7137 7627 7737 8813
8193 8355 8993 7616
9211 8409 8183 6630
9317 7478 8367 7102
9104 7629 8686 6438
8877 8956 8028 6017
8696 9085 7983 6275
7306 7723 8536 8518
7475 7616 9827 6904
8958 8967 7692 6092
8106 9299 8337 6506
6994 8047 7637 8700
7275 9126 7377 7695
8567 7188 9278 7499
9110 8622 7718 6715
9034 7774 8704 6225
8466 9352 7897 6325
9435 7849 7972 7090
9091 8790 7673 6356
7787 9657 7648 7021
9124 7640 8678 6848
9193 8555 7925 6336
8391 8174 8834 7397
8132 8516 7121 8082
7812 8702 8867 7102
7384 6996 8792 8524
9023 8455 8225 6756
8512 6917 9401 7087
7762 8090 9205 7538
8848 8540 8722 6759
8389 9163 8239 5970
8324 7770 7374 8326
8502 9024 7416 7298
8436 7137 9073 7921
8260 9554 7816 6583
7712 9674 7569 6871
7640 8902 7456 8002
7434 8472 9228 6991
7348 7080 9605 7797
9099 7651 7833 7650
8464 7525 7310 8275
7941 7178 7695 8541
7535 8990 8690 6779
7343 7392 7649 8870
8821 8921 7300 6619
8565 7523 9153 7258
7582 7672 9607 7663
7378 8060 9462 7237
7065 7557 7294 8939
9183 8406 8203 6159
8117 9413 7642 7193
8689 9149 7646 6588
7852 9635 7791 6774
7670 7814 8114 8485
7751 9703 7307 6936
9573 7686 7983 6719
8267 8155 9304 7294
7810 7836 9529 7283
7181 7559 7589 8908
8071 9664 7715 6742
7700 6844 7566 8874
7643 9064 7342 7982
9240 7274 7383 7583
8323 7322 9386 7369
8027 8734 7238 7843
8817 9018 7702 6867
8091 9258 8304 6932
7315 8933 8069 7723
8107 7111 9678 6981
8119 8336 9106 6310
9145 8696 7674 6422
8747 7994 7320 7972
8433 7965 6841 8239
8304 8201 9029 6171
7485 7728 7345 8773
8623 9272 7438 6067
7741 9507 7597 7140
8084 7472 9622 7214
7858 9347 8229 6843
8368 9165 8096 7229
8765 7205 9210 7355
8328 7699 9353 7159
8172 7030 9698 6752
8013 8265 9094 7173
8804 8771 8398 6367
7433 7995 8174 8238
7157 7742 7579 8793
9521 8092 8080 6592
8401 6930 9267 7606
8618 8164 8957 6378
7680 7923 9577 6686
7413 7517 9817 7204
8767 8987 8035 6658
7713 6936 7656 8859
9150 7356 8526 7273
7725 7023 9842 6965
7967 9652 7576 7015
7171 6969 8002 8831
8272 9486 7828 6217
8052 9515 7800 6777
7929 6706 8092 8694
7834 6786 7724 8841
7594 9132 7322 7888
7340 7079 9729 7573
7584 6674 8538 8582
8786 9056 7472 6624
6944 7960 8253 8480
7856 7720 9776 7244
7759 7240 9669 7639
8205 6853 8443 8365
7860 7987 6900 8426
7562 7273 9770 7380
7921 6720 8094 8684
9443 7755 8334 6443
9296 8016 7562 7170
8983 7940 8719 6790
7145 7666 7922 8745
8187 7597 9514 7229
7649 7778 6887 8609
8432 7864 7042 8114
8676 9013 8152 6480
8771 7545 9067 6814
7917 7474 9526 7715
7900 8529 6962 8157
9447 7759 8091 7086
7058 7011 8048 8843
6982 8586 7770 8213
6975 8526 7958 8295
7739 7859 7452 8446
9549 7946 7949 6512
6912 8385 8475 8134
8717 7966 8796 7357
8080 7586 9568 7095
8016 7812 9519 7004
7743 8330 6995 8304
8894 7959 8026 7698
7586 7425 9701 7624
7886 7004 8651 8509
9043 7326 8844 7205
7188 7952 8313 8549
7625 7590 9645 7317
8974 7036 8898 7399
7775 7287 9554 7708
7972 7750 9506 7684
6955 8314 7704 8436
8000 7843 9472 7267
7692 7423 9585 7734
9576 7617 7993 6664
9292 8121 8244 6265
8034 7269 9651 7279
7779 7399 9625 7653
9427 8083 8041 6883
8949 8246 8485 6150
8640 8911 8490 7000
7010 7887 7658 8742
9258 8446 8018 6378
9222 8184 8359 6316
8213 9500 8003 6248
7312 7757 7668 8767
7125 8012 7908 8607
7192 8347 8835 7763
7695 7527 9852 7007
9004 8578 8225 6656
7068 8534 7817 8273
9401 8172 7619 6750
8659 9204 7872 6746
7616 7210 7737 8889
7211 7975 7656 8674
8945 8199 8141 7339
8531 7692 9258 7097
8508 7760 9195 7241
9055 7113 8692 7109
8373 8660 8718 6921
9081 8504 8290 6594
8954 8942 7437 6357
8446 8419 8910 6260
7319 8011 7868 8632
9096 8680 7635 6551
7496 9298 7877 7362
8730 7330 8907 7595
7556 7576 9709 7491
7445 7626 9455 7853
9362 7554 7639 7251
9174 8396 8266 6372
8779 8973 8170 6476
8648 7251 9207 6926
7628 7421 7813 8671
7544 7332 8742 8374
7325 8356 8598 7941
7246 8294 8550 8147
9314 7998 7930 7081
8356 8429 7425 8000
7824 7544 8138 8527
7558 8781 8290 7848
7910 9655 7650 6907
7756 6994 8664 8483
7310 7752 7846 8652
9162 8234 8380 6385
8881 8271 8631 6045
8846 8975 7933 6406
8325 8716 8735 6725
7567 7473 9062 8184
8890 8222 8540 6700
8354 6793 7906 8481
6953 7809 7910 8702
8999 8868 8088 6413
7067 7108 8007 8886
8056 9532 7424 7071
9202 7612 8575 6291
8888 8394 8573 6253
8862 8328 8107 7349
8810 7896 9027 6270
8582 7134 8467 8087
8528 9216 7956 6546
7510 8501 8522 7961
9049 8847 7858 6284
8738 7074 8539 7930
8690 8961 8343 6556
8135 9659 7804 6203
7305 7468 8277 8755
8422 7816 9170 7600
7632 8390 9178 7529
7036 8392 8274 8173
7509 7020 8431 8644
8569 7643 9242 6498
7327 7946 9162 7926
9016 7681 8372 7422
8657 7447 7878 8057
7871 8524 7608 8054
7546 7471 9714 7620
9036 7485 8789 6963
8856 7456 8983 7374
8420 7142 7410 8552
7345 7151 7582 8967
9355 8240 7988 6900
7400 6944 7997 8901
8725 7686 8392 7794
7338 6963 8000 8826
7359 7570 7854 8719
8719 8556 8653 6575
8580 6873 9289 6901
8461 7400 9128 7700
9343 7674 8396 6892
8723 7048 8996 7457
8587 9305 7797 6617
8585 6968 8420 7944
8449 7081 7187 8450
8448 8893 8599 6895
7416 7289 7788 8883
8959 8674 7893 6916
8775 7115 8815 7799
8203 8876 7722 7677
7988 9542 8020 6251
7542 6966 8521 8676
8672 7763 7140 7977
8514 7246 9335 6648
7763 8770 6910 8085
9547 7944 7772 6863
8741 7393 8081 7953
8138 6995 8761 8195
7231 7301 7699 8951
7219 7467 7401 8905
9473 7924 8212 6887
7398 6947 9822 7403
7180 7702 8582 8423
8714 9094 7916 6340
8712 9061 7731 6705
8668 9119 7862 6258
8632 9228 7861 6455
7401 8449 8566 7964
7341 8845 7355 8172
7380 8476 7166 8299
8735 8300 8470 7121
8257 9009 7307 7606
7803 9444 8063 6691
8416 7556 9120 7669
7284 8280 9098 7897
8243 7277 9327 7793
8037 7805 6938 8454
7519 8434 7188 8470
7315 7045 7555 8974
9124 7926 8600 6649
8511 8523 8818 6415
8274 7676 9260 7532
8063 8270 8620 7833
8572 8926 7752 7073
7884 9324 7482 7419
7568 8945 7235 7985
9070 8937 7719 6259
8515 9363 7733 6221
8283 9472 7812 6269
7554 9261 8187 7247
7547 6980 7927 8872
7463 8783 8451 7764
8577 7860 9219 6784
7681 7545 9147 8112
8001 9288 7560 7309
8431 7619 9116 7733
8417 7622 8999 7604
7542 9284 7248 7585
7532 9294 7088 7566
9209 8483 7909 6483
8561 9178 7938 6247
8320 7426 7170 8409
7893 8965 7720 7688
8694 9220 7427 6547
8285 8705 7257 7803
7826 9733 7341 6875
7661 9524 8002 7059
7585 9574 7643 7025
7740 7500 9757 7253
7377 8099 9484 6912
7092 7401 7219 8940
8901 7921 8828 6127
8729 7312 8749 7673
7945 8102 9188 7821
7869 7954 6979 8479
7735 9095 8326 7220
7409 8327 7161 8474
7342 7127 9127 8254
9268 8479 7905 6370
8474 9373 7781 6176
8343 9232 8228 6968
8565 8817 7747 7740
7247 6679 8402 8723
8019 9618 7920 6818
7861 9606 7342 7200
7802 9640 7779 6718
8414 8320 8924 6657
8244 8132 7460 8220
7961 8035 7252 8387
7833 8549 7315 8244
7473 7653 8968 8400
7321 7331 9824 7412
8079 9420 8135 6534
9000 7540 8865 6467
8271 7103 9427 7301
8019 8843 8570 7152
7963 9463 8202 6565
7731 9202 7523 7625
9057 7311 8658 7202
8078 7377 9632 7373
9151 7871 8502 7037
8623 7522 7065 8209
8372 7344 9315 7723
8190 7184 9150 7969
7591 8285 9369 6794
7573 7744 9571 7442
8427 9467 7771 6293
8015 6639 8349 8553
7466 7159 7445 8924
7956 9020 7086 7550
7844 7824 7283 8493
7794 7298 9493 7862
7495 7685 7394 8784
7283 7214 9773 7428
8273 8427 7159 8149
7935 7548 7223 8650
7801 7099 9803 7092
7664 9739 7507 6928
7660 9178 8129 7496
7564 9314 6973 7557
7361 8210 9131 7543
8029 6604 7678 8688
7886 9667 7370 6816
7572 9405 7406 7388
7634 8019 7106 8480
8114 9570 7565 6934
7870 9697 7545 7084
7695 6663 7730 8843
8780 7290 9063 6878
8195 8120 6942 8281
7593 7731 9655 7364
8453 8658 8254 7148
8153 8737 7134 7844
8103 9355 8257 6513
7785 9522 7707 7047
7590 9612 7183 7210
9563 7917 7868 6562
9561 7720 7999 6420
7013 8028 7765 8655
7690 7382 9733 7572
8114 7169 9544 7399
8032 7095 9692 6929
7587 7466 9820 7151
7527 7608 9664 7296
8258 7257 8869 8064
7043 7247 8440 8731
9289 8243 7843 6788
8432 7300 9345 7395
8232 8062 7208 8342
7850 7908 6898 8506
7984 9041 6958 7539
7933 8126 9398 6764
7572 7266 9856 7179
8562 8178 7051 7875
8098 7398 7100 8592
8035 7700 9636 7287
9301 7711 8339 7233
8952 8947 7818 6268
8501 7638 9114 7329
9309 7551 7940 7227
9250 8066 8292 7034
9117 8610 8136 6330
7224 8089 8341 8474
9456 7671 8376 6628
9360 7802 7640 7276
9305 8319 8005 6573
7428 7679 8000 8680
9468 8073 7985 6794
7148 8925 8006 7762
8110 8435 6976 8120
7000 7780 7795 8735
7696 7386 9564 7712
7655 7304 9557 7757
8942 7593 8824 6873
9454 7808 8318 6560
9101 8114 7355 7371
8935 7823 8922 6391
7080 7224 8185 8798
9108 8487 8243 6434
9279 8118 8291 6053
9482 7860 8252 6881
9396 8306 7767 6548
9484 8202 7837 6451
9471 7888 8098 7001
9338 7531 8568 7019
8727 8440 7642 7665
9378 8128 8083 6621
9006 7857 8371 7533
8972 7411 7432 7787
9417 7945 8169 6817
9332 8135 7561 7032
9179 8329 8251 6461
9120 8600 7958 6640
8940 8051 8757 6429
8777 7511 7630 8077
8534 7113 9295 6743
7388 8264 7517 8373
7257 7677 8524 8540
7077 7870 7522 8751
8746 8653 8447 6125
8352 7514 9486 7187
7448 8053 9400 7512
8397 6736 8461 8231
8095 8061 7416 8269
9380 7507 7973 7290
9170 8499 7977 6530
9165 8505 8036 6509
9067 8536 7756 7460
8845 7579 8918 6951
8815 8295 8249 7575
8991 8940 7718 6333
7526 9113 7674 7597
9142 8667 7986 6173
8923 7484 8829 6807
8156 8906 8611 6063
7597 6992 8061 8815
7178 7359 7634 8904
9475 8033 7941 6653
9176 8502 7933 6586
9063 8548 8246 6412
8997 8085 7560 7527
8424 7135 7537 8500
7436 9354 7787 7344
7298 7148 8000 8868
7233 8339 8280 8263
6952 8533 8164 8129
8976 8282 8450 6940
7754 9075 8076 7333
7390 8128 9190 7678
8854 8234 8693 6060
9376 8381 7912 6612
9255 8248 8110 6520
9253 8041 8357 6781
8835 8805 7298 6841
8806 7632 8878 6858
8721 7518 9206 6747
8674 8537 8486 6986
8634 8574 8179 7632
7349 8155 8317 8278
7235 7419 8453 8601
7127 7422 7653 8927
7070 8166 7572 8617
9449 7928 8161 6538
9051 8602 8028 7269
8349 8885 7872 7429
8297 9434 7419 7051
8216 7614 7371 8555
7317 9108 8562 7012
7098 9105 7993 7578
9177 8376 8302 6948
8993 8133 8632 6885
8163 8259 7030 8169
7135 7209 7960 8864
9058 8768 7989 6572
8722 8967 8185 6228
8517 9342 8105 6187
9368 7709 8279 6943
8882 8477 8524 6890
8880 7351 8816 7391
8812 9030 7505 6757
8769 7553 8843 7265
8550 9192 7883 6629
8545 9190 7919 6886
8450 7164 8657 8026
7927 7111 8382 8420
7905 8773 8585 7490
7524 7431 9448 7966
7461 7937 8831 8199
7402 8651 8813 7482
7278 7786 7701 8697
7828 9512 7983 7119
7653 7506 9695 7409
7302 7429 8905 8463
9282 8476 7900 6272
9230 8129 8446 6568
8548 7631 8142 7894
9346 7570 8102 7188
9334 7636 8473 6465
9259 8057 8432 6652
9213 8173 8348 6528
9137 7783 7567 7437
8662 7118 9198 7385
8614 7700 7485 7968
8605 6909 9217 7150
7903 8601 8964 6951
7717 7874 7033 8570
7697 7657 8109 8598
7254 8641 8161 8151
7091 8564 7632 8335
9548 7509 8111 6811
9236 8667 7585 6191
9139 8457 7774 7218
9080 8746 7818 6281
8989 8542 8374 6179
8530 9301 7847 6152
8183 7820 8736 8022
7663 7218 7782 8800
7890 9152 7918 7341
8833 7129 8377 7874
8350 8599 8774 6464
7916 7796 9443 7376
7376 7664 8903 8307
7365 7181 9574 7793
8677 8598 8592 5996
7252 7921 8258 8513
8974 8123 8219 7336
8403 8369 8872 6479
8235 8653 8093 7908
7599 7782 9502 7655
7209 7662 8045 8763
9146 8069 7626 7313
8955 7821 8720 6802
8852 7271 8989 6944
8663 9175 8145 7026
8653 9020 8158 6653
8873 8882 7969 6624
8570 8022 7712 7767
7800 9361 8420 6112
7657 7346 7961 8791
7452 7176 7984 8919
7352 7605 7867 8777
7162 7063 8190 8789
9393 8182 8031 6627
7679 7198 8826 8457
8840 7784 8771 6806
8692 7680 8895 7209
8750 7992 9136 7039
8724 9101 7425 6660
8672 8853 8298 6610
8413 9493 7601 6644
8229 8788 8339 7338
7908 8684 8800 6993
7724 8475 7107 8323
7421 8451 8500 7974
7397 7232 8246 8754
7210 7476 7514 8856
7914 9580 7570 7109
7304 9217 7886 7578
8161 7094 8699 8255
7918 9291 8373 6389
7840 9552 7440 7115
7806 9567 7667 7043
7776 6898 7821 8814
7638 7388 7465 8855
7134 8995 8079 7802
8134 7946 8683 8029
8006 7585 9269 7920
7208 8067 7047 8642
9280 7836 8087 7260
9149 7734 8685 6576
9034 8722 7605 6578
9022 7382 8703 7637
8785 7207 9152 7254
8749 7385 8985 7191
8651 7038 8937 7561
8586 8093 9081 7093
8384 7516 9355 7460
8336 9060 7749 7324
8284 7305 9537 7216
8232 7215 8950 8089
7994 7137 9713 6825
7912 6985 7710 8687
7596 9055 7468 7642
7451 9029 7786 7755
7371 8209 8933 7783
8067 9671 7503 6605
8830 7085 9098 6837
8733 8751 8237 6907
8330 9386 7157 7070
8236 9072 8425 6264
8197 7818 8817 7800
8035 9582 7285 7008
8010 9367 8122 6829
7999 9557 7967 6796
7894 8592 8911 6984
7857 9087 7235 7600
7796 8512 7215 8296
7523 9189 8095 7274
7474 7163 8365 8734
7395 6976 9521 7859
8151 6906 9062 7982
7827 6893 7558 8818
7782 9311 7543 7318
7517 7394 9707 7753
8206 7255 7434 8586
7656 7696 7322 8548
9196 7825 8584 6797
8709 8388 7784 7281
8652 6924 7343 8394
8607 7216 8932 7646
8588 9328 7808 6116
8576 7039 7375 8414
8259 7939 8563 7915
8186 8964 7464 7559
8171 8562 7116 8055
8152 7308 9488 7362
7975 7220 9075 8377
7895 9237 8078 7168
7804 8739 7628 8074
8703 8595 8366 6486
8453 8904 8554 6346
8201 8765 7915 7502
7886 7001 8346 8571
7785 8839 7526 7927
7276 8521 7482 8284
8122 9270 7659 7123
8038 6939 8344 8560
7882 9603 7641 6956
7864 6990 8873 8380
7355 6902 8707 8564
8571 7755 9197 7143
9350 8473 7735 6421
8892 7830 7312 7860
8686 9090 7365 6677
8308 7638 9085 7743
8230 9054 8429 6661
8202 8743 7010 7772
8067 7479 9550 7207
8004 7973 9014 7706
7982 8414 8725 7414
7980 8337 9168 6874
7971 8040 9001 7900
7965 7227 9118 8174
7877 7153 7288 8735
7854 8541 9282 6655
7600 7348 9806 7372
7492 8906 8607 7022
8000 9281 8342 6354
7950 8707 8886 6855
7684 8408 7712 8236
8248 6742 7403 8670
8043 8865 8705 6473
7692 9578 7318 7206
7372 7064 9785 7407
8857 6999 8863 7555
8748 7319 8410 8315
8643 8631 8250 7272
7825 9559 7973 6206
7771 9246 7379 7667
7753 9469 7989 7186
7492 9068 8297 7517
9127 7861 8529 6936
8460 7558 9180 7518
8355 8962 8493 6472
7439 7200 9753 7462
7100 7878 8436 8434
8256 7876 8588 7948
8098 9381 8272 6069
9236 7971 8477 6154
8050 8236 8668 7966
7851 8447 6937 8322
7842 8383 9104 6689
7487 9150 6972 7757
7093 7455 7600 8892
7995 8778 7903 7610
7978 6930 7820 8761
7901 8636 7433 8110
7733 9274 7944 7452
8030 7794 7195 8398
7531 8753 8928 7412
8329 9186 8317 6457
8042 9267 8308 6535
7536 9393 7562 7351
8591 8136 7079 7867
8262 7686 9405 7010
7738 7333 9814 7222
7590 7697 9535 7589
8596 8082 6980 7940
8154 7756 7390 8251
7412 7546 9743 7354
8873 6903 8880 7417
8735 8840 8227 6335
8554 8700 8716 6453
7732 8387 7412 8216
7713 9529 7681 7163
7605 7464 9756 7346
7071 8413 7419 8428
8307 9340 8259 6805
8077 9331 7798 7088
7745 9380 7714 7192
7738 9518 8010 6448
7570 7669 9682 7258
8331 6725 8112 8404
8862 7484 8628 7519
8004 8080 9257 7630
7709 7201 7454 8835
7583 7828 6988 8664
8609 8949 8496 6413
8470 7194 9185 7488
9075 8730 8131 6251
8250 9589 7660 6526
8022 9613 7551 6789
9057 7691 8672 7135
8668 7834 8021 7751
8496 7661 9306 6697
8015 8064 7114 8379
7957 8466 7036 8189
7748 7856 9225 7823
7673 8246 9437 6767
7394 8377 9254 6755
8966 7364 7220 7840
8611 7512 8820 7880
8255 7898 8698 7765
7944 8467 6990 8086
7908 7003 9272 8048
7732 8426 7271 8285
8328 9173 8324 6579
7927 9459 7509 7195
8624 8064 8846 6712
8561 7224 9160 7607
8334 7535 7046 8466
8279 7414 9389 7540
7832 7008 9374 8124
7771 7495 9724 7367
7696 7282 9690 7773
8364 7694 7404 8223
8622 7838 9141 6744
8184 8699 8776 6620
7858 8334 6949 8281
7749 7073 9809 7064
9592 7639 7939 6597
7206 7295 8163 8810
7117 8159 8980 7901
7844 8054 9382 7358
7772 7834 9647 6999
8151 6911 7975 8677
7850 7180 9433 7851
7835 8859 7232 7887
8718 7370 7289 8121
8187 7325 8783 8160
7805 7445 9747 7455
7801 8585 7062 8259
9554 7788 7951 6776
7861 9345 7690 7277
7885 6982 9739 7196
9466 8019 7722 6998
9430 8143 7914 6891
9386 8222 8018 6527
8316 7875 7629 8090
7031 8363 7765 8412
8938 7966 8084 7486
9373 8192 7985 6575
6990 8516 7373 8352
7639 8013 7007 8608
8904 7980 8232 7461
7837 8090 7058 8499
7655 7573 9721 7330
9076 8723 7674 6418
9421 8118 8019 6834
9357 7884 8173 6924
9132 8609 7768 6553
6987 8145 7962 8469
9508 8001 8001 6667
9487 8146 7789 6798
8824 7532 8956 7450
7119 7536 7666 8877
6992 6872 8150 8847
7043 7957 7486 8684
9275 8007 8231 7099
9413 8100 8064 6551
9266 8117 8291 6491
8752 9032 7881 6387
7103 7560 7582 8850
8895 8672 8195 6961
8562 8952 7801 7576
7406 7226 7868 8823
8788 8277 8520 7132
7226 7833 7799 8670
9271 8346 8054 6515
8791 8065 8892 6579
9488 8028 8103 6502
9375 8115 8062 6707
9195 7316 8462 7164
9098 7792 7566 7467
9088 8206 8341 6820
8589 8229 8910 6651
8579 9221 7934 6516
7721 7734 8097 8534
7437 8806 8359 7774
7308 8278 7900 8544
7121 8481 8063 8256
7094 8349 8085 8320
8964 7408 8155 7691
8159 9489 8057 6427
9217 7564 8642 6749
9134 7359 8806 6494
9072 7687 7613 7736
9030 7883 8238 7447
8800 8381 8281 7077
8635 8992 8165 6305
8088 9119 8033 7382
7490 8261 8287 8219
7367 7447 8192 8563
7300 8881 7518 8127
7273 7500 7815 8833
7195 7198 7420 8960
7003 8027 7623 8662
6837 7610 7397 8875
9392 7708 8329 6946
9344 7905 7479 7284
9321 7076 8037 7243
9291 8400 8100 6439
8820 8799 8151 6416
8733 8717 8250 7085
8522 9342 7540 7189
7074 7772 8645 8397
9285 7768 8513 6213
8916 8306 8587 6195
8884 9036 7846 6095
8804 8912 8042 6030
7769 8708 7694 7776
7415 8186 7517 8574
9322 8018 8286 6701
9224 8178 8132 7024
9166 7787 8569 7061
9148 8546 7824 6613
9140 7973 7349 7493
9090 7620 8772 6591
8850 7850 8483 7590
8617 6983 7242 8381
8381 7803 8919 7614
7455 8395 8464 8136
7383 8370 7564 8509
7331 7962 7400 8604
7262 8183 8560 8346
7230 8289 7923 8417
6962 8352 8423 8160
9281 7841 8334 6869
8887 8204 8586 6432
7150 8796 8459 7595
7603 8261 8330 8020
9261 7835 8116 7182
8716 8557 8407 6487
8483 7350 9016 7690
8241 8186 7173 8142
7439 7980 9547 6672
6998 8345 8147 8288
9065 8375 8311 6198
9347 8292 7907 6675
9242 7751 7804 7509
8967 7577 8265 7660
8475 8809 8041 7104
8391 7434 8953 7871
8040 9564 7881 6988
7635 8656 8008 7945
7357 6982 7619 8962
7291 8749 8364 8010
8797 7572 8736 7368
8646 7132 9132 7464
7521 8794 7992 7863
8710 7768 8649 7359
8109 7564 9542 7570
8252 8115 7368 8181
7814 7275 7777 8622
7505 8317 8043 8202
7458 7564 9487 7727
7322 7768 7691 8612
9039 7354 8155 7603
8828 8954 7947 6475
8803 7433 9056 6540
8333 8538 7077 7741
8144 7078 9533 7480
7974 7462 8832 8137
7931 9456 7741 7005
7706 8163 9470 7044
9348 7228 8401 6902
8886 7265 8284 7841
8787 8708 8364 6445
8629 8852 7611 7434
8591 7885 7549 7980
8468 9239 8149 6312
8371 8458 7400 7761
8221 8643 8855 6543
8141 9395 7802 7063
8005 9409 8004 6920
7845 6909 8048 8698
7770 6842 8292 8634
7702 9302 8280 7199
7610 8894 8383 7581
7238 8310 9017 7541
8210 7107 7846 8507
8538 7379 9174 7684
7493 7700 7387 8709
7674 7788 7539 8363
9263 8189 8296 6303
9228 8606 7697 6196
9050 8607 7703 6765
8996 8424 8231 6623
8988 8188 8630 6343
8920 7192 8876 6949
8737 8646 8591 6375
8658 8728 8688 6181
8595 9238 7624 6460
8510 7983 7693 7933
8454 7704 8937 7682
8378 9558 7686 6720
7838 9324 8333 6909
7820 8638 7194 8066
7722 8231 7108 8465
7678 8071 9349 7049
7642 7368 8310 8628
7540 8770 7672 7997
7424 8076 7182 8619
7232 7481 8487 8616
9086 8670 8151 6313
8816 7033 8088 7913
8504 7070 8922 7808
8343 9285 8214 6670
8301 6857 7918 8488
8282 9497 7716 6693
7942 9643 7678 6879
7759 7120 7893 8830
7580 9495 7665 7293
8841 7673 7041 8004
8675 8011 8837 6828
8602 7626 7442 8164
7998 7348 9445 7810
7777 8167 7444 8344
7704 7630 7259 8589
7545 8097 9367 7343
7538 8233 9100 7627
7520 7914 9457 7644
7358 7803 9133 8091
7356 8609 7171 8290
7708 7166 9195 8131
9351 7868 8282 6851
9329 8237 8231 6399
8602 7646 8044 8050
7837 8811 8855 6097
7587 8165 7742 8406
7506 6942 7469 8964
9546 7910 8233 6737
9144 7337 8823 6593
8961 8688 8182 6496
8910 8950 7775 6125
8667 8262 7492 7821
8610 8886 7254 7177
8583 9111 8278 6240
8441 8804 7863 7554
8287 8866 7254 7578
8168 6740 7563 8744
8116 6860 8949 8145
7968 6958 7889 8774
7922 6747 7943 8729
7863 6841 8149 8771
7818 9279 8172 6958
7786 9474 7349 7438
7766 7411 7918 8725
7658 9053 7987 7544
7626 9293 7524 7401
7575 8644 7456 8251
7548 7501 7669 8786
7237 7281 9490 7909
7217 7550 7423 8895
7072 8312 7655 8449
6955 7740 8461 8416
8273 9422 7989 6064
7991 9520 7992 6168
7985 6828 7355 8747
7766 7191 7838 8802
9220 8462 8065 6425
8447 7059 7855 8493
8142 9586 7731 6643
7964 9130 8248 7079
7675 9450 8091 6910
8377 8591 8610 7029
7795 7437 7457 8638
7622 8385 9248 7288
8917 8881 8223 6243
9472 7539 7515 7120
9203 8272 8205 7107
9187 7907 8541 6462
9105 7202 8514 7510
9061 7210 8728 7016
9007 8036 8741 6739
8908 8824 8126 6252
8871 7222 7212 8073
8867 6925 8733 7495
8809 8534 8315 7068
8594 7911 8750 7445
8592 8104 9012 6760
8544 8293 7014 7912
8501 6984 9411 7297
8430 8298 7135 7949
8366 7714 8982 7839
8249 8660 8728 6815
8222 7407 9446 7673
8127 8991 7756 7485
7977 7367 9715 6706
7934 7902 9477 7137
8162 7503 9436 7832
7943 8855 7746 7586
7639 6817 7492 8898
9535 7950 7894 6540
8994 8460 8370 6465
8884 6898 8946 7064
8167 7125 7087 8591
8101 9637 7331 6832
7996 9620 7491 6757
7705 9244 7541 7608
7930 9448 8019 6684
7846 6886 7615 8838
8858 7437 8708 7745
8807 7533 9011 6602
8650 8077 8778 7211
8541 7298 8965 7740
8535 7761 9249 6836
8489 8233 8786 7545
8485 7642 9265 7194
8240 6992 7347 8558
8226 8261 9079 6735
8133 8481 6904 8084
7862 7037 9481 7865
7848 8409 9003 7350
7711 8153 9357 6983
7292 7631 8647 8492
8469 6957 7431 8494
7985 8351 8744 7647
7935 9039 7364 7785
7913 7369 8640 8459
7726 8253 7481 8193
9192 7840 8531 6946
8829 7122 8758 7499
8313 7800 7336 8212
8049 7366 9490 7603
7714 7417 9813 7209
7609 9283 7356 7446
7296 6863 8615 8602
8239 9043 7666 7506
8220 8419 7371 8062
8181 9411 8047 6509
8137 9545 7546 6762
8137 7155 8319 8411
7855 6761 7882 8795
7779 7083 9138 8161
7566 8497 9138 7056
7736 9704 7531 6981
7282 8266 8731 8119
7701 9700 7537 6883
7629 9677 7716 6889
8383 7380 9288 7504
8151 8336 7028 8191
8026 8359 9054 7076
7938 8452 7358 8078
7626 7130 7761 8853
7425 7159 7529 8922
9217 7442 7332 7539
8911 7979 8625 7140
8771 8030 8768 7318
8584 7690 8269 7690
8455 7222 9292 7354
8199 8828 8671 7414
8060 7747 7120 8393
7979 7999 9464 7179
7694 7387 9350 8145
7407 7126 9496 7862
9191 7335 8192 7441
8766 7583 8901 7045
8650 8553 8455 6669
8571 7491 8856 8005
8471 7108 8743 8117
8421 8861 8561 6938
8323 9206 8408 6860
8147 7212 7530 8610
7696 9672 7625 7083
7684 8634 8921 7521
7565 8639 8208 7703
7533 8665 8441 7917
8025 9116 8334 6957
8009 6722 7743 8779
7677 9660 7629 6970
7673 9708 7559 6974
7495 8711 8978 7264
7181 6745 8057 8846
8009 7384 9687 6810
9087 8564 7498 7147
8540 7166 9183 7742
7880 8402 6711 8233
7354 7584 9477 7742
7252 7037 9600 7844
9329 8130 8207 6678
8551 7043 9037 7749
8239 8975 8534 6169
8147 7056 9696 6722
8120 9619 7436 6709
7865 9161 7186 7628
7733 9036 7181 7790
7601 8052 8331 8225
7470 8226 7317 8526
7433 8005 7213 8580
7425 7328 8399 8576
7414 7764 7234 8706
7142 7241 8518 8654
7877 8268 8735 7770
9008 8619 8195 6522
8306 7230 9367 7430
8176 9145 8464 6567
7928 9505 8039 6764
7898 9631 7751 6521
7749 9600 7596 7178
7742 7026 7975 8829
7506 8862 7193 8016
7335 8775 7654 8166
7878 7210 9735 7123
7489 8067 9300 7614
8379 7145 7616 8369
7978 9538 8062 6413
7625 8582 7149 8300
7839 7612 7117 8626
7742 8139 9330 6814
7731 8232 6784 8438
7719 7575 8553 8455
7947 8021 9391 7639
8251 8258 8346 8060
8987 8002 8763 6514
8662 8048 8909 7040
8555 8624 8491 6982
8554 9313 7285 6563
8275 7866 7034 8297
8117 7340 7243 8569
8102 8398 8126 7975
8079 7054 7396 8645
7995 9118 7273 7506
7943 7798 7294 8413
7809 8469 9135 7451
7586 9734 7421 7142
7217 8677 8197 8094
8459 8109 8991 7044
8459 6960 9223 7553
7929 9051 8325 7377
7928 9389 8050 6838
7566 9549 7414 7267
7554 9195 7980 7322
7295 9351 8070 6940
8385 7920 7360 8152
7572 8207 7240 8516
8718 8214 8810 6409
8559 7754 7274 8278
8474 6993 9406 7108
8303 8350 8745 7477
8302 8193 6787 8063
8263 7249 8622 8331
7951 7829 9241 7735
7950 8074 9144 7747
7921 8742 7477 7891
7896 7493 9551 7752
7872 7157 9386 7998
7793 7363 9480 7850
7729 8205 9324 6954
7551 8075 6954 8568
8470 8836 8546 6351
7656 7990 8059 8310
7373 7160 8875 8429
8286 7016 8309 8369
8234 6871 7277 8625
8039 7480 9597 7266
7745 7537 9238 8072
7665 7639 9501 7721
7637 8724 7145 8123
7588 7324 9834 7228
8471 8404 8711 6887
8258 7649 6961 8380
8041 7046 8807 8137
7772 8633 7363 8157
7411 6942 9588 7824
9409 7788 8172 7149
7665 7270 9532 7816
8495 7283 9333 7195
8415 7415 9276 7149
9515 8020 7821 6662
8148 8167 9037 7028
8002 7459 9704 7461
7834 8161 9213 7180
7443 8226 7123 8532
7960 8575 6933 8093
7003 8122 7623 8642
8216 7645 9459 7463
7785 8908 7039 7940
7709 7846 9589 7069
7506 8255 9311 7446
7177 7585 7228 8858
7649 8238 9071 7675
8063 8242 9191 6581
9298 8573 7469 6643
9531 7943 8033 7047
9414 7962 7924 6939
9319 8500 7830 6972
7228 8677 7764 8130
7129 7561 7904 8832
7085 7528 7811 8861
7083 7634 7424 8858
7047 7625 7631 8867
7017 8150 8306 8391
7016 7558 8052 8722
7791 7499 8383 8527
8296 7299 9098 7901
9534 7967 8106 6742
9524 8168 7957 6456
8865 7242 9093 7006
7789 8679 7817 8027
7214 7463 7597 8861
7202 8812 7855 8055
9015 7664 7585 7759
9507 7634 7875 7096
9328 8185 8166 6526
8929 8591 8201 6221
8773 8801 7609 7084
8524 7931 8879 7483
8438 7534 9208 7455
7652 8164 8970 7933
7385 8020 8424 8299
7131 7797 7550 8771
8556 8238 7437 7950
8452 7624 7469 8167
7469 8181 7497 8487
8842 7600 8858 6768
9429 8128 7968 6703
9363 8280 7730 6826
9244 7762 8035 7454
9198 8376 8017 7035
9161 7341 8680 7002
8869 8911 7961 6185
7507 8942 7549 7885
7141 7875 7851 8692
9277 7918 8445 7127
8311 6760 7782 8581
9342 8182 8100 6348
8946 7200 7949 7716
9419 8273 7857 6544
9407 8119 8121 6600
9273 7895 7858 7391
9156 8156 8475 6689
9025 8649 7825 6783
8831 7077 8186 7883
8299 7130 7672 8367
8112 7633 8006 8287
7816 7703 7149 8657
7293 7936 8941 8132
7285 7915 8363 8498
7250 7914 8350 8647
7243 7187 7884 8899
7200 8525 7759 8322
7081 7644 7759 8788
8739 9091 7939 6458
8276 8626 7355 7756
9389 7625 8307 7014
9312 7795 7683 7168
9303 7883 7970 7360
8665 7594 8920 7712
8655 7608 8803 7410
8637 7975 9023 7406
8598 8542 8864 6172
8558 7684 7949 8065
8313 8359 8990 6474
8149 7963 8822 7882
7504 7715 7572 8594
7420 8346 8053 8372
7244 7253 7682 8938
7164 7023 7995 8879
7076 7480 8076 8741
7047 7687 7440 8854
7034 8138 7758 8641
7630 8384 8150 8099
9399 7603 8345 6718
8934 7041 8366 7708
8798 9233 7725 6115
7757 9047 7836 7691
7087 8340 7802 8425
9143 8345 8306 6286
9053 8871 7704 6360
8707 7398 7652 8017
7262 8356 7826 8341
9440 7562 8066 7098
9424 7919 8222 6789
9286 8094 8294 6934
9234 7922 8484 6424
9083 8153 8411 6911
8981 8810 7745 6744
8921 8912 7884 6603
8644 9037 8178 6017
8630 8741 7582 7279
8456 8147 8995 6665
8399 8826 8194 7428
8358 8151 9074 6693
8265 7765 9061 7699
7467 8969 7575 7753
7270 7897 7990 8645
7268 8091 8458 8304
8254 7862 9386 7524
8704 8514 8656 7061
7422 7520 8049 8710
7099 7401 7126 8931
8139 7718 9024 7954
8059 7555 8449 8221
7330 8599 7389 8297
7142 8128 7537 8644
9387 8098 8189 6361
9288 8105 8354 6400
9121 7303 7590 7551
8960 7948 8572 7154
8898 8962 7769 6156
8859 7908 8862 6242
8792 8850 8090 6430
8478 7832 7879 7924
8444 8081 8672 7782
8442 9252 8186 6440
8359 8086 7437 7995
8309 7342 9319 7602
8300 9112 7634 7249
7897 8807 7359 8031
7614 7567 7534 8752
7450 7250 7880 8797
7404 8309 8707 7957
7314 8834 8218 7890
9155 8507 7935 6575
9070 7013 8582 7061
8519 9333 8091 6953
7688 8831 7725 7911
7576 9235 7529 7613
7486 8923 7619 7956
7323 8755 7957 8049
7301 7260 7826 8900
9240 7569 8616 6450
9231 8291 8133 6646
8965 8185 8712 6352
8915 8403 8548 6350
8875 8747 7839 7124
8621 7449 7012 8217
8529 7827 9164 7057
8065 8358 9008 7106
7859 7474 9594 7522
7672 7453 8700 8561
7569 7302 9810 7303
7336 8259 8532 8126
7088 7506 7713 8893
7008 8591 7621 8241
9245 8366 8068 6719
9159 7538 8666 6635
8764 7880 9006 6887
9151 8438 8311 6051
9233 8050 7744 7157
9128 8719 7912 6410
9065 8274 8350 6598
8978 8043 8513 7403
8712 8713 8150 7118
8627 9109 8396 6580
8593 8798 8699 6775
8488 7069 7298 8404
8266 9501 7408 6888
8238 8452 8051 7983
8180 9609 7663 6491
8128 7279 8978 8008
8126 9499 7694 6671
7822 7890 8060 8260
7750 7776 7887 8309
7671 8848 8517 7526
7534 9425 8044 6959
7460 8735 8243 7990
7410 6946 8019 8824
7408 7353 7697 8862
7272 8703 8537 7593
7073 7729 8616 8431
7605 9398 7440 7513
8410 7537 9329 7197
7484 7767 7064 8678
9423 7689 8322 6597
9406 7665 7717 7176
9304 8353 7895 6635
9204 7872 8548 6288
9110 8471 8215 6468
8919 8308 8419 6280
8825 7719 8805 6935
8775 8039 8980 6371
8611 8724 7982 7592
8518 8641 8498 7424
8491 9033 7311 7202
8486 8034 9137 7365
8407 7963 9178 6785
8387 9407 7728 6332
8386 8907 8544 6488
8361 8016 9170 6854
8176 7435 8923 8133
8110 8749 8780 6428
8075 6748 7532 8740
8072 6741 8146 8593
8051 7438 8916 8097
8028 7773 9503 7477
8022 8572 7611 7923
7887 7916 9512 7375
7784 6606 7819 8872
7730 8030 9105 7955
7669 7736 8814 8243
7562 7578 8994 8118
7559 8152 7964 8332
7540 7384 7822 8784
7368 7868 8986 7999
7360 7032 7569 8988
7280 8358 7774 8384
7276 8728 7430 8207
7258 7611 8352 8693
7225 7334 7547 8877
7126 7432 7241 8923
6996 7494 7834 8845
8973 8935 7663 6567
8698 8726 7865 7208
8261 9436 7856 6793
7867 9576 7857 6921
7726 9023 7911 7658
7344 8545 8282 7993
8220 8646 8790 6330
9311 8056 8235 6599
9274 7566 8267 7377
9268 7738 8014 7280
9010 7812 8626 6640
8625 7666 8888 7415
8551 7739 8953 7489
8521 7248 8414 8027
8481 7063 7256 8471
8467 7569 9230 7260
8217 7436 9595 7308
8061 8813 7031 7819
8048 8774 8811 6873
7972 7760 7249 8415
7970 7766 7226 8385
7799 7643 8799 8228
7389 7171 9742 7492
7309 7906 7929 8583
7160 7777 8639 8395
7057 7684 8516 8533
9398 8045 8248 6518
9183 8470 8164 6302
9010 7418 8861 6558
8871 8753 8098 6393
8247 7654 7660 8187
7969 7671 7249 8453
7882 7790 9273 7671
7734 8550 8991 7237
7677 7153 8046 8765
7443 8880 8225 7846
9197 8297 8261 6155
9114 8106 8401 7098
8861 8344 8641 6614
8793 7027 8104 7954
8782 8377 8765 6275
8574 7470 8260 8352
8490 6826 7616 8403
8406 6860 8861 8040
8339 7461 9282 7780
8336 7726 8162 8139
7747 9488 7594 7184
7248 8443 7870 8311
8246 7599 9122 7809
8113 8178 9216 6963
7666 8143 8466 8105
7577 7948 7378 8497
7297 7610 8242 8713
8948 8307 8557 6468
8925 8223 8681 6361
8794 8187 8543 7245
8698 7243 9008 7119
8516 7458 9203 7284
8412 7621 8987 7652
8225 8063 8956 7400
7723 7398 9754 7309
7667 7599 9378 7819
9128 7984 8537 6637
8743 7360 7934 7876
8367 8508 8822 6290
8216 8871 7888 7529
8196 8567 8472 7791
8059 9304 7441 7305
8042 7338 7837 8472
8031 9215 8410 6481
7976 9596 7696 6942
7877 9736 7360 6734
7822 7058 8603 8551
7666 7022 7847 8895
7584 8465 7539 8211
7473 8997 8418 7444
7071 7490 7308 8927
8237 7612 9428 7313
9152 7777 7328 7480
8426 7326 9233 7410
8365 8158 8977 6416
8310 7307 9060 7920
8228 7967 9318 6553
8002 7618 9426 7575
7933 7314 9082 7950
7659 7618 9402 7887
7197 8684 8618 7763
9441 8055 8217 6799
9387 8088 8442 6590
9153 7807 8634 6446
8385 8873 8184 7065
8141 9633 7647 6276
8046 7648 9356 7919
7930 6664 8293 8620
7781 9736 7615 6732
7761 8899 8893 6408
7729 8559 8137 8104
7599 9038 8489 7426
9191 8570 7874 6390
8849 8510 8567 6323
8329 8485 7810 7658
8148 9503 7940 6426
8089 9584 7438 6752
8080 9197 7642 7327
8076 9462 7542 7041
8016 9255 8220 6969
7888 6738 8244 8643
7853 9264 7904 7442
8748 8623 8590 6219
8376 7789 7146 8292
8230 7275 7127 8538
8177 7472 8787 8170
7981 7355 7330 8604
7709 8012 7587 8325
7639 8337 8901 7804
7837 7323 7098 8684
8868 7014 9017 7155
8555 8802 8029 7112
8505 7182 8912 7916
8401 9424 7686 6419
8385 6830 8913 7970
8340 8909 8076 7416
8272 8874 8229 7175
8251 9475 8008 6154
8177 8879 8387 7080
8129 9457 7829 6830
8029 6922 7495 8732
7920 8180 7308 8335
7907 9277 7428 7379
7694 9089 7636 7591
7594 8433 7776 8143
7442 9099 7766 7879
7373 6856 8555 8567
7297 7732 9602 7323
8046 9429 7939 7156
8034 9510 7915 6573
7591 6711 8714 8505
8262 7736 9101 7892
8250 7564 9286 7697
8995 7504 8655 7183
8846 8366 8738 6931
8788 7252 8739 7564
8548 7044 9139 7728
8519 8103 8636 7332
8496 9225 7556 6997
8341 9406 7483 6994
8196 8058 9186 7328
8158 7255 9469 7361
8122 8113 8507 7631
8063 7452 9602 7494
8020 7330 9573 7558
7967 7641 6788 8549
7924 7253 9467 7744
7885 7413 9273 7990
7874 7651 9321 7730
7589 7977 9538 7407
7411 7291 9789 7394
8912 9027 7621 6456
8411 9069 8501 6155
8247 6880 9200 7807
8085 8888 8099 7302
8026 9316 8139 6972
7907 9045 7538 7483
9075 8059 8695 6288
8387 7196 9423 7481
8294 6903 9450 7435
8271 7181 9053 8032
7957 8017 9172 7642
7913 7556 7215 8602
7898 8207 6955 8286
7839 8193 7265 8294
7815 7622 9618 7396
7775 7412 9787 7248
7660 7725 6905 8640
7538 7697 9656 7549
7470 7586 9782 7079
8143 8824 8265 7550
7784 7372 9801 6906
7778 7488 9726 7456
7574 9396 8158 6620
8785 8977 7978 6794
8306 8519 8512 7161
8497 7827 6992 8221
8494 7812 9124 7114
8275 7328 9593 7278
7868 8045 6951 8418
7842 7736 7076 8556
8966 7738 8935 6682
8614 7234 9284 6745
8494 7233 8890 7762
8307 7519 9077 7837
8129 7991 6934 8425
8052 7588 8930 7969
7832 8921 7111 7883
7695 7721 8177 8238
8623 8612 8333 7042
7944 8959 7590 7854
8767 7219 7150 8081
7927 7293 8593 8337
7739 6991 8469 8649
7572 8230 9234 7389
7898 8792 8866 6682
7884 9123 8285 7061
7536 7007 8040 8794
8768 7559 8663 7532
7868 7153 9749 7189
8117 8980 7336 7734
7588 7609 8972 8319
7400 7801 8962 8166
7677 9601 7466 7122
7892 9199 8645 7008
8411 7581 9380 7050
7463 7475 9309 8039
7921 7987 7269 8300
7641 7724 9581 7400
7771 7753 6842 8602
9002 7791 8749 6552
7139 8473 8112 8303
9580 7609 7546 6880
9490 7537 8237 6475
9452 8257 7907 6643
9340 7823 8258 6923
9040 7879 7976 7436
9028 7792 7814 7574
8987 7587 8586 7196
8269 8045 7623 8068
9247 8149 8339 6710
9450 8228 7966 6731
9394 8145 7996 6680
9390 8144 8038 6603
9227 7573 8472 6803
9188 8026 8381 6795
9115 7900 8603 6666
9106 7544 8693 6673
9093 8137 8373 6835
9032 7731 8374 7166
8970 8027 7816 7704
8901 8529 8363 6823
8743 8248 8644 7161
8688 7209 8799 7753
8394 8437 8562 7513
7560 7566 7801 8633
7392 8092 8556 8293
7346 7575 7787 8848
7239 7673 8004 8733
7215 8099 8103 8596
7159 7437 7976 8844
7151 8045 8220 8489
7133 8079 7818 8647
8760 8620 8111 7033
8347 8763 7881 7431
9168 7639 8311 7235
7287 7634 7790 8723
8305 9500 7718 6222
7831 7763 7619 8338
7647 7584 8150 8317
9575 7758 7953 6776
9437 7716 7811 7096
9336 8139 7715 6904
9324 7882 8071 7114
9181 8290 8194 6495
9037 7978 8060 7329
8899 7881 8831 6515
8613 7133 9092 7379
8536 9280 7867 6541
8476 8197 8917 6585
8440 8431 8856 6351
8362 8970 7488 7308
8288 8196 6933 8180
7549 9040 7896 7664
7290 8596 7603 8242
7199 7712 7696 8813
8493 7982 7968 7779
9403 7630 7638 7257
9330 7982 8014 6905
9012 7942 8488 7027
8701 7458 8213 8046
7480 7865 9295 7910
7288 7520 8621 8554
7267 7617 7966 8805
8703 7377 8155 7818
7624 7011 7537 8937
7552 8973 7355 7796
7529 9529 7666 7286
9418 8150 8017 6614
9130 7970 8533 6489
9085 7499 8189 7580
9053 7920 7932 7326
9018 8774 7988 6182
8924 8466 7780 7432
8607 8059 8072 7710
8526 8056 8801 7384
8345 7533 8311 8200
8099 7188 8745 8197
8092 7333 8615 8205
8020 9449 7996 6500
7613 7589 9742 7405
7396 7555 7692 8810
7333 8253 8170 8461
7295 7210 7765 8919
7218 7429 7882 8828
8278 8715 8605 7156
9066 8577 8308 6315
8318 7296 8946 8047
8209 7846 8565 7963
7595 9073 7879 7548
7370 7439 7778 8821
9398 7746 7615 7171
9354 8424 7981 6347
9349 7669 7897 7221
9255 7395 8630 6510
9214 8142 8422 6448
9209 7459 8407 7424
9169 8267 7874 7174
9060 8528 8163 6915
8990 8747 7864 6858
8947 7655 7828 7980
8926 8257 7801 7439
8909 8431 8556 6293
8891 7401 8567 7525
8875 7521 8020 7738
8795 9156 7543 6324
8762 8721 8195 6687
8714 8068 7921 7636
8656 9252 7911 6256
8620 7647 9093 7275
8543 7953 7780 7861
8481 8245 8477 7849
8443 7668 8384 7881
8370 8946 8533 6184
8364 7328 8719 8175
8331 8611 8813 6680
8318 8000 9200 6876
8158 7158 9208 7852
8130 8850 7850 7617
8018 9102 7186 7427
7919 8787 8431 7594
7821 9455 7359 7290
7753 7933 9090 7837
7719 8445 8337 7899
7621 7947 7887 8343
7571 9636 7497 7117
7453 8671 7576 8150
7444 7376 7495 8805
7427 8348 7916 8367
7423 9175 7157 7806
7333 7185 7981 8820
7279 7794 7814 8682
7194 8753 8037 7898
7066 8160 7856 8557
8204 6783 8033 8567
8074 9492 7847 6880
8069 8587 8855 6673
7983 9366 8220 6528
9483 8158 8057 6497
9475 7689 8216 6940
9441 8266 7871 6204
9405 7861 8247 6314
9369 8318 7962 6524
9269 8360 8072 6691
9229 7660 8462 6525
9206 8445 8168 6463
9205 8161 8413 6386
9138 8065 8335 7018
9084 7795 8694 6501
8980 7884 8412 7608
8928 7080 8887 6960
8918 7805 8883 6638
8866 8638 8499 6298
8759 7723 8827 7331
8758 7192 8340 7967
8695 7381 7470 8207
8632 7906 8885 7653
8473 8441 7710 7914
8434 7794 8288 7922
8054 8276 8565 7816
7879 7982 7013 8392
7808 9449 7612 7166
7481 7219 9202 8252
7281 7355 7866 8783
8886 8833 8306 6298
8857 8247 8672 6338
7778 8740 8185 7634
9262 8224 8297 6424
9224 7706 8224 7292
9059 7601 8565 7156
8472 9359 7865 6256
8379 9223 8030 7012
7773 8288 7650 8180
7661 9644 7796 6492
7607 7444 8313 8731
7381 7851 7540 8831
8342 9438 7888 6635
7691 7270 9811 7295
9008 8394 8466 6215
8469 8318 8863 6190
8369 9358 8167 6322
8143 7157 8138 8636
7211 7324 7769 8882
9031 7349 8667 7196
9021 7934 8353 7127
8913 7042 8027 7772
8834 8037 7705 7910
8666 7698 7999 7790
8382 8666 8289 7205
8182 7204 7475 8400
8169 8832 7554 7765
7936 8835 8643 6667
7744 7515 9230 8124
7737 7891 7487 8310
7718 6830 7688 8874
7604 7900 7783 8371
7578 7597 9684 7721
8686 8361 8565 7347
8860 9155 7854 6422
8207 9454 7763 6876
8115 9625 7864 6682
7253 8342 7921 8423
7500 7914 7763 8544
8872 8969 7954 6410
8628 7311 9005 7439
8509 7797 7125 8330
7997 8438 7148 8228
7884 7341 8944 8139
7517 8041 7848 8393
7454 7560 9436 7800
9413 8332 7825 6375
9368 8252 8079 6434
9269 8251 8200 6267
8928 8385 8066 7111
8835 8575 8371 6385
8677 8801 8572 6177
8505 7981 8644 7475
8504 7604 8882 8024
8224 7420 7413 8467
8089 8157 7228 8314
7990 6782 7793 8775
7665 7129 8136 8707
7645 8646 7373 8095
7629 7122 7838 8935
7577 7278 7667 8836
7568 7525 8606 8377
8245 7362 9448 7302
8234 8371 8956 7386
8085 9669 7611 6723
7655 8687 8606 7465
8435 7210 7129 8412
7647 8261 6946 8423
9158 8561 7480 6698
8795 8558 8375 6550
8224 6856 9166 7878
7746 8078 8802 8101
7739 8232 9201 7138
7580 8286 8386 8081
8736 7358 7423 8122
8717 8916 8065 6820
8676 7167 8917 7466
8367 9388 8010 6343
8345 9480 7758 6115
8303 8565 7764 7746
7881 7285 7505 8703
7748 9276 7519 7340
7641 8897 8772 6930
7589 9565 7542 7231
7471 7118 8418 8709
7393 8195 7831 8595
8539 8028 8320 7714
8024 8445 7156 8033
7963 8186 9293 7126
7809 7597 9618 7618
7533 7355 9022 8261
8263 7806 9348 7161
8077 8096 8631 7824
9227 8597 7823 6387
8912 7197 7927 7869
8826 7315 8454 7780
8617 8915 8430 6511
8421 8006 7415 8040
8402 8134 9164 6945
8383 7170 9278 7560
8364 9386 8089 6647
8321 8552 8915 6955
8155 7206 8295 8369
8102 7375 9684 7053
8100 7199 8946 8111
8041 8527 7533 8025
8031 6720 7586 8819
8011 7246 8766 8302
7994 8955 7544 7569
7969 8276 9090 6923
7849 7371 9800 6985
7685 8004 8713 8233
7663 8260 8303 8046
7565 8560 7831 7994
8539 9229 7554 6719
8100 9627 7424 6635
8025 9594 7896 6544
7607 9328 7408 7282
7414 6977 8354 8751
9018 8133 8724 6618
8926 7248 8780 7484
8821 7659 8941 6838
8488 8375 8854 7232
8181 7520 9547 7321
8162 7901 9466 7230
8130 6994 8369 8419
7984 7766 9245 7666
7870 7305 9727 7387
7782 7523 9686 7553
7641 7412 9504 7767
7588 7778 9085 8044
7574 7762 9323 7858
7267 8399 8271 8253
8195 7186 8133 8439
8849 7844 8734 6802
8402 8914 8234 6609
8286 7903 7011 8259
8053 7595 7519 8540
8039 9374 7979 6665
8024 9358 8240 6204
8012 8779 7850 7741
7896 8584 8688 7257
7872 7749 7899 8396
7853 7317 8085 8580
7466 9104 7497 7701
7459 9543 7110 7368
7449 7931 7109 8597
7345 6870 8508 8684
8801 7551 8756 7246
8411 7398 9236 7709
8103 7525 9223 7729
8054 7777 6986 8426
7637 7240 9843 7235
9424 7695 8300 6745
8690 8071 8859 6422
8444 7510 8948 7664
8200 6793 9020 8076
8110 7932 7684 8064
8011 7831 6947 8403
8001 9162 8155 7025
7892 7307 7368 8609
7846 7722 6783 8554
7781 8313 9298 7033
7664 9633 7534 7089
7530 7450 9784 7215
7500 7593 9805 7005
7499 8044 9297 7699
8272 9479 7880 6341
8256 9263 8277 6365
7855 8767 8829 7263
7394 8683 7607 8131
9009 7718 8753 6697
8237 7517 9540 7263
8062 8396 7169 8141
7990 7870 6943 8391
7527 7879 9580 7268
7618 7379 8979 8158
8717 8856 7782 7184
8387 9213 8106 6585
7782 7757 8119 8229
8519 9225 8113 6423
7620 8250 8894 7886
8085 9592 7559 6776
7586 9527 7718 7013
8302 7568 7141 8352
8201 7551 9409 7533
8121 7802 9664 7019
8369 8872 8576 6971
8364 7960 9245 7402
8103 7984 9313 7116
7781 8320 7229 8304
8686 8744 7027 7268
8024 8648 7237 7983
7881 8568 8952 7109
7527 7811 9019 8076
7853 8279 9057 6876
9370 7559 7939 7220
9238 8403 8066 6755
9173 7901 8161 7171
9186 7624 8422 7160
8906 8264 8598 6279
8191 8879 7590 7675
8638 7499 7490 8198
9013 8714 7940 6609
9555 8079 7920 6389
9438 7917 8243 6662
9353 8026 7584 7028
9284 7966 8167 6944
9220 8182 8308 6784
9190 7568 8592 6906
9135 7600 8598 6711
9112 8053 8094 7292
9020 7664 7808 7756
8962 7534 8520 7612
8757 7763 8815 6910
8700 7653 7836 7851
7101 7436 7992 8778
7089 7935 7879 8730
9094 8381 8275 6502
8643 7731 8884 7215
8189 7725 9456 7533
9130 8572 7924 6712
7710 8190 8158 8163
9215 8281 8181 6456
8506 8826 8587 6940
7033 8650 7779 8160
8619 7734 7706 7932
8065 7298 9319 8007
9248 7952 8444 6643
8801 8808 7922 6730
8762 9028 7546 6564
8497 8656 8033 7226
8398 7705 8060 8135
9404 7887 8214 6804
9351 8132 8071 6541
9310 7750 8218 6995
9113 8561 8046 6523
9074 8190 7875 7242
8979 8138 8498 6452
8969 7384 7888 7645
8893 7616 8862 6761
8693 7563 8586 7869
8408 7506 8181 8097
8279 8720 8384 7071
8270 8298 8274 7652
8198 7833 6904 8382
8166 8720 8105 7567
8096 7380 8485 8308
7324 8558 7760 8280
7163 7563 7789 8808
6995 7561 8426 8591
9242 8150 8188 6561
8604 7980 8791 7319
8360 7868 9259 7141
8179 7359 8571 8363
8070 7401 8962 7962
8047 7581 8767 8289
7404 7784 7584 8682
9232 8316 8097 6806
9017 8859 7746 6677
8914 8315 8554 6191
8907 7505 8381 7807
8853 7717 8517 7431
8812 7769 8606 7180
8742 9222 7742 6495
7938 8941 8319 7380
7618 7284 8914 8166
7528 8402 8873 7574
7488 8087 7969 8242
7271 8331 8173 8175
8572 7533 7498 8266
9356 7302 8276 7027
9289 8317 8180 6302
9253 8148 7379 7089
9182 8285 8393 6203
9100 8734 7603 6184
9073 7295 8545 7317
9047 7642 8804 6473
8808 7725 8456 7636
8751 7678 8970 7245
8575 8121 8690 7208
8526 7599 9092 7302
8409 7796 8845 7806
7793 7270 9780 7161
7202 8291 8604 8141
7197 7970 8200 8558
7161 8078 8715 8131
6997 8473 7409 8420
8995 8442 8393 6597
7686 8539 8582 7857
7381 7574 7760 8685
9158 7482 8680 6643
7337 7952 9431 7612
9288 8130 8051 7054
9282 8465 7992 6442
9048 7791 8038 7315
8766 7528 8042 7731
8495 8137 9143 6801
8415 8557 8914 6158
7849 7475 8030 8476
7321 8500 7770 8226
7314 9102 7957 7855
7254 7142 7602 8953
9210 8169 8355 6448
9153 8305 8417 6573
7813 7453 7558 8536
7426 7314 8476 8684
8120 9597 7694 6425
8736 8598 8314 6736
8032 8399 8882 7366
7634 8118 9320 7547
8205 9609 7581 6638
8768 8038 8764 6711
