3115 360.492
18569 16436 16433 15274
17859 17120 17003 14626
16999 16733 15293 17195
16684 18202 16336 15986
16517 15326 17187 17465
16018 16604 18590 16266
15911 16012 16404 18466
15046 16658 17491 17530
15080 16853 17702 17044
16517 15621 16843 17771
15130 16665 17378 17408
16965 17877 16201 16272
18524 16443 16375 15194
17591 17212 16164 15859
17887 17058 17048 15014
17764 17159 17111 14700
16401 15583 17018 17636
15198 16714 17546 17291
17332 16795 15310 17077
16153 16601 18318 16426
16605 15351 17007 17484
15150 17113 17659 16985
16052 16563 18540 16394
16631 15427 16939 17435
17122 16726 15343 17154
16576 15502 16908 17481
15758 16614 17833 16779
16028 16543 18362 16599
16586 15405 17063 17581
15238 16864 17742 17042
17851 16724 17099 14654
17946 16896 16887 14810
17028 17172 15910 16916
16608 15391 16847 17563
16504 18016 16501 16172
16905 18045 16537 15878
16831 17082 15637 17131
16957 17848 16397 16109
18000 16916 17040 14770
16800 18093 16406 16024
16131 16662 18521 16338
15222 16981 17498 17242
16857 18184 16339 15736
17566 17332 16696 14882
15381 16539 17816 17185
16109 16579 18461 16348
15903 16089 16520 18454
15504 16048 17337 17514
16761 17440 16272 16549
15180 16635 17519 17353
16445 15686 16550 17871
17005 16937 15930 16903
16941 17963 16712 15447
18218 16514 16069 15696
15973 15867 16845 18036
16268 16381 18159 16610
15415 16564 17281 17587
17918 17111 16883 14729
16786 17910 16365 16169
16009 16661 18438 16421
17841 17105 16946 14929
17040 17703 16213 16191
15454 16243 16744 18094
18488 16333 16330 15305
16593 15369 17062 17512
16108 15872 16638 18173
16265 15786 16621 18065
16539 15436 16739 17666
16075 16431 18292 16559
17647 16769 17320 14861
17455 16897 15997 16320
17612 17299 16811 14981
15585 16696 17631 17068
16693 17949 16180 16253
18309 16366 16173 15487
16308 15636 17438 17181
17086 16869 15397 17179
16145 15962 17444 17368
15489 16611 16967 17788
15661 16245 16726 18148
17101 17415 15544 16552
16281 16164 15894 18079
15290 16572 17173 17672
16245 16534 18483 16374
16157 17612 17341 16237
18443 16463 16530 15210
16121 16229 16240 17928
17216 17892 16364 16158
16233 16558 18497 16295
15642 16777 18033 16711
15359 16842 17684 17126
17118 17982 16518 15903
17216 16738 15447 17137
17510 16822 15774 16617
16534 15481 17124 17487
17021 16251 15871 17265
17935 16546 16219 15756
16314 15937 17765 16958
15954 16143 16383 18364
15541 16824 17857 16942
17828 17132 17030 14751
17734 17189 17070 14911
16922 17185 15943 16686
17721 17088 16956 15049
16656 17536 16885 16092
15435 16388 17540 17305
15847 16135 16419 18278
15990 16094 16350 18378
18467 16467 16253 15368
18372 16569 16489 15235
18225 16322 16450 15533
15684 16540 17405 16967
18033 16843 16940 14767
16150 16039 17393 17220
17343 16984 15423 16888
15786 16153 16721 18191
15793 16000 17314 17428
17310 16855 15363 16937
17121 17547 15848 16415
18261 16747 16648 15152
15826 16086 16573 18307
17751 17232 16797 15007
17825 16407 15989 16195
17193 17302 17263 15096
15344 16682 17426 17322
17361 16988 15679 16594
17415 16807 15497 16742
17622 17280 17076 15066
16732 17762 16863 15916
15912 16081 16434 18409
15775 16189 16785 17993
16375 15890 16889 17749
15861 16728 18257 16429
17425 17326 17031 14684
16338 16055 17798 16880
17782 17046 16999 15035
16216 15835 17572 17123
16362 16265 17984 16609
16465 16795 17945 15812
15781 16639 18375 16527
15305 16718 17582 17284
16645 16222 15888 17639
16225 16324 18278 16511
15807 16965 17430 16816
17197 17721 16666 15610
16653 18129 16323 16137
16009 16618 18567 16334
17967 16910 16734 15462
17163 17748 16440 15769
17568 17322 16585 15709
15724 16735 18126 16653
17346 17401 17044 14842
16752 17933 16475 16063
18337 16309 16079 15567
15931 15949 16551 18049
17083 17016 15530 17048
16703 18121 16396 16081
16868 17969 16358 16152
17004 18029 16407 15851
17799 16579 15760 16283
16836 16644 15566 17373
16616 15462 16910 17494
17094 17832 16583 15606
15838 16297 16607 18212
15762 16167 16373 18258
16071 16078 16842 17947
16489 15729 17330 17233
18392 16588 16544 15082
17169 17456 15963 16223
17379 16979 15504 16852
16967 17804 16190 16223
17397 16783 15787 16694
16748 18188 16299 15970
16323 15980 16931 17648
16569 15456 16994 17595
15905 16066 16565 18230
17256 17627 16534 15558
16429 17584 16871 16207
16915 16943 15773 17157
16042 16204 16548 18241
16394 16976 17917 15930
18167 16117 16316 15646
16748 17026 15796 16925
16463 15954 16700 17704
17808 16501 16075 15807
17166 17775 16640 15491
16820 17653 16228 16373
17678 17200 16902 14716
18047 16470 16367 15832
16703 15478 16888 17449
17747 16508 16835 15421
15879 16579 17282 16856
16272 15805 17134 17550
17662 16925 15889 16497
17098 17287 15975 16472
16499 16343 15868 17862
17262 17421 16766 15601
17960 16801 16588 15652
16412 15755 16994 17692
16810 15705 17080 17331
15572 16776 17817 16994
16611 17817 16596 16358
16088 16529 18196 16667
15918 16027 16422 18388
16101 16586 18395 16411
15716 15854 17473 17360
15915 15987 16356 18429
16450 16618 18186 16113
16057 16273 17624 16874
17145 17155 15692 16789
17486 17255 17158 14828
15620 16124 16948 17904
15752 16106 16910 17809
17521 17148 17278 14891
16766 17928 16267 16310
15948 16009 16407 18342
16892 17066 16201 16891
16844 18160 16383 15990
15871 16283 16691 17957
15656 16654 17218 17361
17479 17344 16525 15642
16423 15655 17245 17389
16237 16179 15912 17918
18069 16295 16417 15682
17353 16428 15613 16998
16047 16567 18564 16232
17106 16726 15388 17145
16504 16704 18225 16010
15840 16389 17958 16698
17095 15519 16774 16876
16528 15675 16972 17684
15727 16231 16936 18024
18449 16492 16274 15458
15867 16725 18418 16408
17576 17139 16785 15293
18121 16874 16766 15230
16729 18142 16388 16037
15799 16145 17590 17199
15991 16617 18216 16485
17725 17231 16850 15090
16355 16633 18091 16106
15251 17075 17635 16933
16047 15921 16572 18131
16998 17684 16613 16001
15906 16218 16985 17737
18192 16642 16288 15630
16913 18061 16429 15883
18357 16517 16569 15224
17597 16995 16266 15786
16733 17458 16897 15944
16318 16307 17933 16720
17341 17272 15801 16264
16943 18113 16319 16061
17868 16425 16731 15572
16301 15971 17326 17275
16063 16106 16510 18062
15960 16014 16428 18335
15696 16399 17607 17194
17696 16862 15688 16388
16627 15571 16883 17525
17190 17752 16485 15749
16557 15666 16947 17617
16696 17642 16701 15962
16058 16031 16480 18163
16254 16410 18107 16540
15600 16528 16567 17623
16297 15817 17302 17384
15485 16807 17899 16838
17458 17395 16408 15673
16286 16301 17971 16660
17787 17370 16461 15156
16290 17311 17181 16057
15428 16669 17575 17345
17271 16773 15578 16828
16172 15706 17267 17600
16169 15662 17032 17756
18504 16395 16499 15296
17485 17373 16914 14974
17407 16958 15912 16670
15560 16737 17860 17088
16071 16283 16059 17767
17480 17308 17017 14949
16542 15650 17050 17456
16038 16362 16313 17826
18283 16478 16305 15508
15334 17040 17385 17021
16416 16447 18244 16218
16077 15899 17133 17533
16741 17657 16039 16442
16599 15762 17340 17114
17516 17357 16129 16031
16034 16031 16455 18291
16956 18080 16345 15980
18297 16421 16426 15557
16721 17352 16034 16582
15815 16104 16555 18322
17907 16774 16412 15785
17145 15558 16598 16797
16115 16397 16134 17716
16929 16384 15732 17462
15478 16946 17711 17033
16619 17267 17290 15977
18173 16309 16442 15600
17061 18072 16390 15891
17816 16836 16109 15705
18104 16754 16321 15585
16743 17314 17105 15744
16126 16515 18310 16474
16135 16531 17886 16794
17692 17035 16875 15433
16545 17295 16831 16799
16671 15530 16985 17413
16953 17594 16878 15823
17281 17738 16153 15912
16982 17942 16310 16046
17112 16913 15525 16955
18396 16566 16402 15141
17471 17325 17172 14826
16283 16236 15814 17898
16341 16173 17642 16895
16224 16288 18079 16716
17946 17195 16751 15192
17289 17132 16984 15375
16988 17699 16632 15888
18063 17124 16717 15274
18139 16825 16287 15472
17309 17574 16762 15341
15878 16102 16440 18433
17141 16651 17171 15432
15946 16437 16375 17838
16572 15538 17041 17542
17075 16430 16006 16770
18247 16775 16688 15182
18345 16520 16460 15397
15170 16659 17419 17381
16016 16527 18406 16461
15368 16627 17487 17421
16137 15718 16755 17975
16230 15931 17153 17339
17855 17108 16954 14670
15631 16368 16920 17784
15610 16555 17725 17099
15754 16213 16705 18009
15866 15821 17462 17225
17545 16913 17022 15839
15322 16949 17783 17037
17057 17115 17120 15384
15138 16640 17484 17506
15314 16847 17787 17078
16455 16481 16861 16811
16210 17734 16553 16381
17104 17666 16027 16185
16373 16400 18047 16524
16609 15544 17089 17384
15519 16719 18175 16666
15940 16262 17244 17315
17573 17008 16688 15441
17401 17380 16951 14902
16677 18171 16310 15990
16206 16248 18249 16639
16252 16485 18062 16526
15175 16876 17595 17360
17418 16875 15480 16652
17292 16547 15374 17154
17065 15748 16613 16962
16953 16396 15652 16991
17498 16564 16091 16126
17328 17410 16642 15411
15708 16968 17354 16846
15680 16315 16705 17995
16178 16178 16078 18118
17238 17545 16703 15369
18054 16737 16827 15106
16871 15765 16837 17054
15265 16730 17456 17301
15138 16753 17359 17474
17597 17267 16557 15265
16436 15795 17142 17277
16397 15567 17090 17654
16901 17576 16746 16254
17281 17110 17228 15126
17297 16884 15414 17084
17532 17404 16654 15359
17180 17197 16014 16629
16300 15831 16675 18002
16491 15844 17116 17619
15834 16140 17244 17470
16859 17675 16542 16065
16716 16478 17920 16213
16199 16799 17774 16580
17407 17051 16973 15225
17213 17782 16398 15550
16712 15909 17194 17080
16190 16754 18014 16165
15765 16454 18068 16715
18433 16679 16533 15058
16947 17784 16429 16299
16315 16385 18124 16573
17370 16918 15461 16922
18156 16695 16824 15298
17435 17085 16246 16143
16775 16550 17508 16290
18149 16788 16515 15077
15281 16693 17304 17379
15741 16376 17529 17097
16886 16339 17355 16154
16455 16681 17875 16100
16565 15738 16850 17334
16214 15719 17207 17528
17010 17240 16686 16284
15277 16745 17806 17037
17528 16698 15723 16846
15787 16275 17373 17232
16282 15865 16490 17977
16306 16666 18039 16403
16332 16708 17586 16498
16584 16023 17455 16921
17147 17390 16123 16453
17151 15778 16889 16724
18221 16415 16025 15660
17678 17244 16397 15576
16736 17557 16352 16547
17070 16994 15610 16951
16621 16357 17558 16505
17049 17061 16990 15851
17018 17223 16679 16103
17054 17382 15957 16554
17301 16397 16804 16246
16175 16890 17678 16360
17091 17597 16582 15878
17361 16833 17138 15314
18089 16361 16770 15507
16683 18002 16443 15888
15631 16135 17671 17330
18086 16784 16799 15341
16473 15652 16782 17688
16978 16980 17469 15287
16786 17996 16418 15948
18200 16792 16458 15074
18412 16332 16279 15346
16276 16349 16876 17254
15920 16173 16610 18103
17225 17253 16891 15159
17843 17106 16775 14856
17371 17486 16809 15357
15614 16335 16917 18016
18099 16553 15822 15926
16099 16401 18172 16476
17558 16318 16060 16471
16274 16621 18232 16040
15813 16066 17024 17648
16382 16130 16096 17898
17983 16197 16553 15613
17391 17474 16232 16128
16159 16466 18110 16517
18324 16597 16494 15278
15743 16766 18096 16375
16480 17804 16735 16292
17437 17141 15837 16487
17284 17515 16594 15796
18420 16625 16454 15124
18321 16264 16092 15475
17780 17091 16953 15402
16706 16398 18016 15909
15701 16178 17135 17571
18006 16917 16724 14955
16992 16543 15865 16934
18241 16750 16354 15351
15797 16595 17805 16769
15377 17256 17639 16908
18517 16403 16512 15153
17224 17092 15742 16576
15944 16649 18195 16588
15814 16491 17995 16755
17005 15995 15960 17016
16187 17292 17019 16445
17388 16969 15571 16506
17324 17527 16913 14989
17143 17143 15709 16729
17215 17562 16953 15164
17672 17241 16639 15256
18285 16342 16497 15520
18094 16689 16409 15634
18132 16720 16278 15660
17246 17495 16458 15879
16400 17795 16933 15762
16710 16831 17506 16466
16249 16093 17199 17025
17183 16849 15474 16955
16377 16922 17867 16282
17173 17509 16144 16210
16848 16148 16111 16976
16361 17469 16677 16311
17551 16760 16659 15952
17208 16869 17272 15328
18048 16884 16212 15333
17440 16912 15708 16534
17202 17133 15664 16676
16908 17366 16576 16134
17703 17098 16784 15135
