98441 3361.12
17121 20204
17511 20104
17161 20198
17262 20182
17334 20155
17482 20110
17761 19994
17193 20193
17238 20184
17519 20096
17673 20035
17619 20055
17136 20203
17367 20146
17475 20111
17574 20074
17721 20012
17355 20153
17308 20166
17273 20171
17537 20093
17227 20185
17284 20167
17778 19989
17315 20157
17151 20200
19414 18514
17781 19984
17609 20060
17564 20078
17407 20134
18798 19275
18151 19787
17684 20027
17862 19946
17738 20009
17456 20117
17386 20142
19249 18748
19430 18484
17889 19934
17918 19921
17747 19998
17416 20132
17806 19973
19382 18562
19394 18538
19230 18779
18804 19267
18161 19782
19024 19026
17659 20037
17636 20052
17394 20138
17210 20187
19515 18326
19193 18821
18683 19383
18199 19755
18115 19808
18770 19300
18393 19620
17878 19939
17999 19877
17970 19890
17961 19893
17797 19979
19398 18529
18670 19394
19296 18680
19197 18812
18944 19122
18309 19685
18937 19128
18872 19204
18640 19421
18635 19428
18780 19297
18481 19558
18537 19511
18401 19616
18701 19368
18145 19793
18135 19794
17872 19941
17952 19896
17843 19954
17444 20122
17429 20126
19468 18417
19116 18920
19353 18599
19245 18759
18407 19611
19064 18978
18605 19451
17922 19914
18715 19354
18647 19417
18548 19501
18528 19515
18312 19678
18129 19800
18691 19370
18383 19631
18326 19671
18287 19697
18206 19750
18045 19849
18123 19804
17979 19887
17929 19910
17894 19929
18419 19602
18030 19855
19310 18663
18783 19290
19018 19032
18876 19194
19401 18522
19294 18690
18688 19377
19156 18865
18900 19171
18749 19322
18485 19550
18165 19776
19162 18860
19033 19022
18994 19062
18895 19176
18810 19262
18652 19411
18386 19625
18334 19666
19101 18935
18611 19446
18542 19506
18438 19586
18729 19338
18411 19604
19406 18516
18373 19634
18301 19690
18472 19560
18321 19675
18296 19693
18068 19833
18040 19853
19307 18672
19344 18621
19327 18637
19283 18698
19259 18731
19358 18594
19092 18946
18960 19103
18859 19211
19096 18940
18490 19546
19215 18793
19203 18808
18744 19329
18665 19401
18444 19581
18525 19521
18448 19576
18053 19844
18890 19182
18467 19565
18455 19572
18248 19724
18241 19728
18864 19205
18236 19732
18014 19867
18343 19657
18264 19715
17905 19923
17985 19879
17689 20024
17207 20190
19233 18769
19281 18706
19324 18644
19153 18872
19171 18851
18856 19217
18823 19249
19278 18712
19133 18897
19111 18927
19053 18996
19008 19048
19003 19053
18976 19082
18360 19648
17823 19961
19150 18878
19143 18881
19070 18974
18955 19109
18932 19133
18722 19349
18616 19441
18362 19640
17944 19899
19304 18677
19288 18693
18904 19164
18883 19184
18600 19457
18228 19735
18192 19760
18790 19280
18572 19479
18460 19568
18170 19770
18109 19814
18063 19839
18024 19859
17361 20150
18220 19745
17654 20041
17426 20127
18212 19746
17819 19972
19361 18587
19348 18606
18912 19154
19059 18985
18725 19345
19189 18828
19088 18952
19081 18960
18989 19069
18911 19163
18837 19238
18225 19740
19166 18854
18999 19058
18707 19363
18427 19598
18336 19660
19107 18930
18851 19222
18578 19473
18505 19535
18018 19862
18517 19524
17936 19906
18077 19832
17597 20061
19321 18650
19173 18842
19454 18437
19207 18802
19140 18887
19128 18902
19057 18989
19017 19040
19374 18571
19137 18892
19046 19004
18879 19190
18786 19282
19377 18566
19338 18628
19209 18797
18710 19359
18283 19702
19182 18838
19041 19009
19012 19043
18814 19256
18765 19306
18494 19539
18628 19432
18433 19591
18350 19654
18594 19459
18370 19639
18182 19766
18005 19869
17904 19927
17700 20020
17710 20016
17194 20191
18947 19115
19076 18966
18922 19142
18839 19232
17312 20163
19257 18738
18917 19151
18589 19463
18509 19530
18269 19711
19331 18631
19313 18657
18971 19088
18819 19254
18082 19829
18737 19336
18353 19650
18188 19763
17854 19950
17543 20084
19239 18760
18279 19706
18255 19717
18177 19769
18095 19820
17552 20080
17821 19969
19127 18908
19370 18576
19234 18764
17541 20087
19120 18914
19084 18956
19048 18999
18586 19467
17638 20049
19319 18656
18827 19243
18657 19406
17942 19905
18621 19437
18562 19488
17799 19978
18831 19242
18272 19707
18056 19840
18499 19538
17852 19952
17712 20015
17699 20022
17447 20121
17279 20168
17830 19959
19034 19015
18920 19146
19074 18969
18963 19097
18003 19873
17984 19882
19364 18582
18846 19225
18844 19229
18739 19332
18253 19720
18986 19072
18950 19112
18582 19471
18513 19527
17643 20044
18087 19821
17646 20043
19441 18457
19345 18615
18758 19312
18086 19825
18428 19593
19123 18912
19037 19012
18761 19308
18753 19317
17744 20003
18660 19404
18099 19817
19176 18839
17551 20081
17455 20118
18103 19815
19347 18611
18966 19095
18565 19484
18980 19078
18967 19089
19368 18580
18981 19075
17740 20004
18625 19435
18566 19480
17388 20140
19336 18630
18756 19316
19697 17940
17452 20120
19446 18450
19653 18049
18636 19422
17596 20070
19580 18194
17837 19958
19093 18942
19194 18818
19702 17923
18995 19060
19251 18740
19767 17652
19009 19046
19757 17755
19674 18001
19665 18033
19497 18376
17652 20042
19386 18551
19724 17839
19669 18005
18901 19165
19506 18350
19592 18176
19349 18604
19513 18337
17512 20097
19729 17825
19718 17859
19558 18245
19131 18898
19576 18221
19187 18830
19525 18315
19695 17957
19554 18261
19571 18225
19286 18694
19715 17887
19276 18720
19505 18355
19460 18434
19608 18162
19537 18296
19473 18414
19758 17672
19560 18237
19688 17970
19593 18170
19707 17890
19151 18877
18674 19388
19734 17807
19705 17919
19644 18081
19390 18548
18929 19137
19615 18149
19453 18449
19635 18098
19440 18475
19589 18190
19636 18092
19627 18111
19583 18193
19185 18834
19675 17995
19058 18988
19607 18165
19678 17974
19491 18385
19535 18302
18046 19846
19481 18389
18860 19206
19464 18432
19419 18502
18196 19759
18896 19174
19520 18325
19747 17793
19541 18294
18557 19497
19617 18132
19326 18638
19656 18039
19222 18787
17962 19891
19546 18280
18975 19083
18457 19570
19509 18344
19444 18455
19566 18234
17702 20017
19357 18597
19480 18408
17674 20034
19619 18124
19422 18498
19274 18726
19201 18809
19175 18840
