74598 1380.21
3513 3143 2993 2892
3414 3411 3058 2688
3118 3120 2627 3533
2851 3082 3646 2992
2844 2813 3425 3396
2771 3955 2810 2983
2720 2930 2847 3669
2588 3061 3506 3431
3153 3653 3167 2726
3016 2859 3250 3464
3193 3669 3147 2770
3428 3334 2656 3081
3105 3161 2653 3541
3064 3137 2683 3580
3088 2985 2696 3598
2874 3178 2860 3636
2863 3348 2789 3616
3508 3244 2985 2857
2961 3139 3595 2982
3027 3440 3477 2795
2824 3014 3579 3073
3495 3330 2857 2817
2633 3039 3448 3468
3089 2883 3179 3409
3472 3113 3054 2980
2699 3046 3111 3649
2931 2995 3613 3039
3254 3212 2711 3426
2839 3931 2908 2990
2808 3131 3155 3610
2743 3920 2966 2897
2773 3057 3634 3117
3418 3559 2792 2807
3118 2900 3295 3378
2820 3053 3620 3037
2766 3735 3094 3101
3213 2936 2898 3475
3303 2912 3064 3313
2790 2966 3047 3660
2805 3155 2894 3640
2832 3946 2779 3027
3344 3022 3330 3005
3487 3381 2912 2900
3461 3070 3059 3025
3482 3239 3069 2865
2893 3896 3013 2975
2941 3393 3548 2886
2727 2991 3560 3255
3113 2895 2983 3520
2905 3529 3004 3504
2979 3889 2976 2865
2652 3011 3606 3263
2642 2978 3438 3459
3374 2943 2957 3290
2591 3075 3543 3390
2926 3782 3187 2815
2864 3056 3627 3028
2948 3150 3563 3151
3034 3815 3075 2779
2954 2960 3301 3463
2872 3010 2977 3656
2659 3503 3518 3008
3439 3318 2694 3081
3206 3174 2715 3446
3225 3679 3074 2811
3024 3094 2786 3605
3448 3256 2945 3015
3492 3327 2935 2862
2846 3287 3080 3563
2943 3310 3311 3354
2665 3525 3465 2971
2734 3716 2940 3472
3474 3180 3009 2989
3249 3516 2878 3178
3222 3445 3182 3054
3272 3216 3171 3200
3390 3444 3089 2911
2860 3768 3205 2890
2914 3079 3600 3037
2688 2952 3390 3489
3315 3263 3251 3019
3013 3412 2727 3508
3087 3085 2868 3544
3435 3236 3145 2944
3029 3540 3399 2855
3331 3170 3320 3002
3093 3812 2970 2826
3069 3337 3194 3294
2720 3938 2873 2967
3020 3570 3091 3329
2935 3429 3534 2833
3036 3499 3333 3034
3072 3056 2865 3590
3424 3053 3124 3071
2901 3069 3571 3157
2957 3505 3068 3454
2849 3453 2760 3568
3004 3194 2842 3576
2915 3663 3327 3051
3228 3034 3364 3133
2676 3415 3500 3181
2929 3819 3127 2987
3208 3109 2722 3489
2630 3137 3473 3395
2949 3379 3527 2944
2788 3206 3223 3565
2735 3252 3368 3403
2687 2973 3403 3480
2888 3758 3234 2906
2649 3607 2966 3536
2996 3729 3266 2840
2616 3098 3395 3486
3008 3477 2816 3501
3459 3423 3020 2866
3442 3308 2734 3112
2971 3512 2960 3435
3350 3293 3237 2980
3292 3403 2748 3337
2613 3051 3470 3455
3324 3150 2729 3410
2696 3681 3292 3090
2779 3746 2997 3412
2762 3864 2836 3058
3127 3830 2885 2958
3427 2924 2853 3236
3190 3123 3105 3378
3279 3552 2712 3167
3399 3076 2773 3265
3158 3003 2936 3517
3164 3522 2904 3355
3059 3876 2928 2875
2951 3116 3531 3186
3262 3175 3136 3220
3174 3714 3064 2786
3151 3094 3376 3259
3275 3005 3210 3277
2923 3334 3310 3335
3378 3322 2846 3189
3362 3515 2686 3088
2706 3518 3241 3398
3108 3546 3220 3014
3363 3341 2874 3176
3065 3904 2922 2901
2703 3320 3424 3383
3402 3535 3043 2934
2777 3531 3444 2997
2880 3281 3142 3548
3260 3754 2929 2888
2763 3769 3126 3066
3250 3790 2890 2859
2843 3710 3217 3159
2760 3357 3422 3238
3070 3776 3115 2845
3033 3439 2766 3501
3155 3133 3362 3206
2609 3347 3461 3339
2919 3847 3112 2860
3235 3702 2880 3093
3100 3106 2739 3573
3411 3489 2952 2824
2605 3094 3495 3408
2674 3190 3439 3451
3052 3742 3157 2904
3055 3157 3482 3129
2875 3364 3013 3551
2600 3018 3390 3493
2868 3198 3191 3560
2984 2927 3341 3422
3125 3637 3269 2942
3236 3165 3006 3386
3439 3026 2842 3245
2967 3714 2852 3319
3040 2947 2839 3602
2653 3429 3518 3169
3044 3692 3290 2937
2721 3726 3011 3375
2757 3860 2968 3223
2980 3575 3101 3262
3273 3260 2849 3399
3454 3326 2770 3037
3325 3031 2691 3426
2670 2964 3403 3510
3421 3359 2821 3045
2784 3058 3547 3228
3308 3226 2866 3352
3242 3360 2747 3405
2817 3829 2841 3292
3244 3060 3078 3347
3134 3713 2938 3011
3386 3101 2919 3267
2716 2987 3463 3417
2896 3534 3459 2953
3036 3551 3382 2830
3182 3665 2745 3148
2776 3901 3076 2877
3201 3613 2873 3208
3446 3135 3041 3117
3136 3874 2901 2883
3380 3585 2918 2994
3337 3221 3344 2899
3140 2889 3103 3438
3080 3828 2989 2782
3294 3046 3298 3098
3257 3601 2781 3162
3038 3911 2919 2851
2878 3527 3023 3511
3286 3071 3027 3325
3442 3304 2795 3142
3034 3168 2764 3583
3282 3185 2897 3422
3204 3532 2805 3278
3097 3492 2733 3402
2836 3805 3134 2966
3441 3354 2839 3076
2772 3882 3069 2907
3357 3458 2689 3107
2774 3608 2834 3570
3413 3092 3145 3059
3060 3362 3494 2973
2988 2990 3279 3466
3146 3399 3257 3104
2813 3168 3227 3529
3042 3855 2980 2823
2992 3548 3104 3304
2855 3787 2796 3321
3265 3508 3236 2898
2883 3569 3003 3525
3296 3042 3119 3306
3149 3462 3387 2861
3170 3127 3492 2928
2838 3649 3030 3434
3478 3113 3040 3031
3175 3808 2813 2894
3150 3733 3066 2821
2743 3008 3577 3203
2830 2963 3431 3386
3293 3496 3262 2846
2992 2949 3317 3433
2738 3387 3418 3355
2725 3803 3177 2982
2810 3370 3366 3380
2692 3632 3189 3351
2663 3248 3211 3572
3268 3018 3286 3218
2647 3070 3576 3272
3305 3018 2990 3343
3199 3203 3051 3384
3338 3401 3248 2897
3233 3510 3268 2803
2680 3077 3408 3488
2767 3573 3410 3062
3285 3712 3003 2840
3000 3351 3120 3443
2831 3837 3133 2880
2700 3394 3406 3377
3090 3778 2770 3017
3408 3622 2778 2803
3268 3583 2788 3166
3395 3529 2829 3014
3143 2980 2857 3552
2622 3441 3271 3421
3095 3419 3436 2921
2731 3633 3372 3000
3084 3688 2786 3285
3146 3844 2917 2907
3365 3677 2797 2910
3075 3464 3445 2905
2644 3389 3412 3340
2829 3822 3149 3022
3246 3673 3121 2914
2792 3556 2854 3589
2828 3514 3467 2914
3329 3397 3273 2954
3103 3553 2800 3367
2885 3749 3247 2977
2845 3627 3243 3274
3016 3485 2861 3498
2973 3588 3285 3127
3312 2918 3060 3323
3330 3245 3163 3131
3383 3660 2826 2901
3197 2897 3278 3255
3114 3072 2803 3557
2749 2972 3186 3587
2725 3460 3416 3297
3319 3189 3172 3086
3447 3295 2744 3069
3114 3420 3426 2903
2685 3217 3388 3494
3098 3230 3204 3316
2758 3764 2950 3362
3376 3343 2868 3254
2663 3154 3485 3393
2974 3004 3259 3477
2869 3089 3307 3495
3318 2886 2957 3365
2709 3796 2953 3382
2963 3773 3189 2836
3133 3799 3039 2807
2863 3210 3420 3389
2987 3145 3481 3267
3185 3763 3036 2931
2625 3063 3434 3458
3452 3094 3133 2957
2807 3276 3419 3287
3220 3081 3374 3163
3237 3614 2837 3235
2617 3648 3175 3352
3114 3304 3497 2976
3113 3866 2927 2882
2780 3666 3310 3138
3014 3440 3487 2836
2672 3234 3232 3513
3300 3068 3023 3361
2595 3233 3483 3360
3257 3059 3248 3240
2886 3642 3359 2870
3173 3203 2756 3498
2970 3116 3479 3303
2781 3825 3164 2986
2684 3353 3464 3320
2597 3032 3504 3430
2918 3298 2981 3568
2830 3623 3246 3212
3353 3269 3150 3087
3195 3455 3252 3042
2770 3602 3402 3032
3218 3625 2752 3160
3214 3626 2818 3192
2645 3466 3257 3425
3079 3586 2850 3390
2815 3472 3510 3026
2718 3291 3491 3323
2857 3593 3365 3151
2899 3641 3354 2917
2698 3564 3454 3087
2807 3674 3017 3453
3367 3267 3252 2984
2866 3774 3198 2940
3139 3391 3444 2850
3393 3457 2861 3116
3214 3096 3370 3108
3191 3603 2812 3244
2707 3631 3357 3079
3141 3620 2910 3268
3049 3788 3116 2935
3076 3279 3515 2902
3031 3635 2973 3315
2933 3290 2952 3559
2823 3494 3505 2879
2834 3019 3538 3226
3216 3565 2777 3256
2838 3826 2800 3251
3231 2973 3098 3364
3189 3751 2999 2819
2899 2994 3325 3486
2712 3700 3020 3423
2661 3375 3421 3380
2980 3471 2809 3530
2795 3747 3265 2968
2945 3306 3313 3358
3287 3772 2762 2847
3232 3469 3212 3036
3182 3652 2743 3227
2797 3696 3025 3376
3140 3518 3196 3112
2997 3417 3523 2924
2799 3686 3323 2990
3224 2975 3308 3235
3180 3282 2917 3458
3306 3104 2787 3457
3082 2914 3173 3438
3321 3723 2811 2924
3422 2969 2866 3280
3093 3242 3260 3309
3368 3270 3326 2944
2795 3738 2982 3392
2910 3004 3351 3449
2749 3791 3025 3262
2745 3098 3343 3547
3048 3596 2977 3333
3350 3551 2852 3047
3333 3267 3174 3084
2862 3763 2964 3284
3359 3654 2871 2918
2753 3638 2887 3519
2796 3061 3573 3064
2615 3043 3503 3421
3130 3456 3396 2882
3403 3066 3148 3074
3022 3591 2996 3311
2802 3614 3347 3120
3355 3610 2914 3000
3317 3619 2948 2887
2793 3658 3200 3302
3406 2979 2845 3288
3062 3136 3441 3219
3055 3083 3450 3183
2689 3718 3048 3362
3157 3137 3514 2946
2826 3556 3461 2960
2902 3875 3034 2982
2789 3773 3084 3266
3226 3450 2754 3353
3144 3066 3530 2880
3346 3266 2839 3312
3245 3640 2750 3125
3297 3231 3351 2982
3289 3064 3161 3262
2853 3467 3516 2867
2723 3596 3459 2904
3231 2981 3315 3232
2757 3388 3472 3214
2740 3718 3002 3406
2917 3821 2942 3197
2711 3629 3381 3035
3107 3451 3398 2929
3051 3590 2988 3289
3326 3730 2810 2909
2673 3096 3521 3372
2775 3582 3351 3154
3203 3114 3083 3297
3171 3043 2718 3551
2938 3406 3216 3400
3345 3683 2888 2923
3066 3667 2870 3247
2990 3024 3339 3441
3193 3020 3357 3194
3229 3611 3061 2945
2850 3824 3130 3029
2710 3807 3170 2963
2678 3436 3441 3273
3072 3236 3208 3345
2984 3698 3281 2938
3143 3592 3305 2955
3127 3538 2740 3357
2915 3184 3546 3149
3047 3693 2751 3234
3003 3433 3495 2895
2980 3551 3276 3096
2776 3128 3472 3415
3336 3341 3230 2990
3188 3375 2775 3409
2651 3407 3414 3329
3250 3163 2716 3495
2673 3755 2902 3429
2911 3449 3508 2786
2714 3763 2971 3355
2654 3070 3315 3565
3126 2920 3338 3283
3371 3669 2857 2853
2806 3545 3210 3426
3126 3563 2737 3378
2864 3871 2825 3141
3254 3150 3450 3003
3047 3877 2933 2975
3103 3888 2896 2867
3133 3835 2896 2930
3311 3632 2944 2848
3010 3359 3518 2908
3382 3060 2955 3253
2946 3081 3561 3172
2803 3552 3140 3432
3225 2997 3111 3361
2940 3325 2925 3600
3187 3657 2809 3173
3211 3329 2752 3429
2813 3642 3282 3205
3072 3580 2894 3369
2756 3196 3435 3370
3045 3381 3501 2820
3395 3061 2931 3248
2696 3358 3509 3269
2892 3423 3522 2987
2889 3853 2835 3126
3393 3080 2843 3299
3334 3062 3183 3256
3176 3596 3259 2961
3092 3101 3365 3308
2832 3605 2923 3540
3194 3510 3203 3030
2694 3720 3045 3359
3391 3571 2847 3004
3161 3706 3102 2926
2998 3140 3462 3301
3116 3118 3120 3441
2747 3720 2899 3464
3168 3674 3160 2780
3407 3323 2780 3153
3160 3465 3185 3122
3394 3646 2834 2871
3143 3629 2883 3280
2739 3645 3180 3314
3264 3017 2988 3404
3041 3431 3489 2883
2767 3537 3131 3438
3002 3708 3275 2938
2679 3656 3349 3128
3322 3202 2810 3363
3147 3859 2880 2878
