2586 120.084
9304 8402 8129 7300
8778 8867 7789 7603
8377 9496 8256 6888
8376 7478 8812 8374
8327 9396 8413 6732
8206 7733 8682 8595
7748 8184 9530 7775
7539 8687 9094 7692
9100 8711 7848 7342
8388 7489 8784 8401
8525 9314 8349 6749
9236 8417 7945 7477
8351 7522 8767 8454
7552 8678 9105 7669
8934 8759 7869 7559
7602 8738 9017 7674
8585 9329 8282 7048
7886 8183 9518 7699
7628 8607 9175 7704
8754 9007 7897 7138
8415 9450 8196 6817
8825 8614 7868 7691
7583 8585 9187 7649
8382 9468 8250 6864
7573 8621 9160 7734
8501 7609 8710 8282
9133 8308 8116 7462
8151 7775 9036 8308
7608 8835 8980 7472
7877 8237 9451 7814
8079 8152 9112 8106
8267 7673 8719 8546
8674 9156 8308 6911
7649 8732 8956 7742
8138 8081 9079 8194
8139 7550 8775 8535
9103 8118 8216 7621
8271 7759 8730 8531
8148 7885 8708 8554
7853 8213 9356 7912
8127 7814 9274 8102
8240 8922 8664 7395
7796 8055 9216 8082
7673 8370 9231 7883
7991 8240 9333 7786
8926 8974 7906 7233
8469 9273 8472 6732
7706 8192 9512 7708
9166 8649 7981 7350
7724 8329 9250 8007
9125 8779 7957 7226
9246 8268 8214 7455
8772 9026 8226 7014
8357 8071 8851 8084
8434 9354 8460 6987
8641 9063 8464 7061
8884 8927 8017 7293
7682 8422 9311 7800
7732 8608 9072 7648
7961 8247 9258 7985
8084 7923 9323 7948
8125 8047 8949 8256
7903 8199 9508 7640
9146 8572 8164 7277
8560 7796 8552 8333
7824 8146 9490 7806
8335 7615 8621 8501
8129 8638 9055 7495
9185 8511 8046 7378
8873 8493 8446 7557
8423 7688 8757 8464
8518 9226 8373 6759
9032 8832 7916 7241
7869 8376 9301 7680
8445 7781 8982 8295
9081 8706 8037 7282
8420 7855 8831 8303
8321 7700 8583 8512
8325 7743 8961 8336
8236 7827 9201 8031
7786 8272 9477 7793
8545 7867 8719 8041
8573 9240 8314 6802
8630 8534 8522 7569
8409 7625 8903 8337
8290 7764 8640 8498
8969 8844 7935 7206
7860 8308 9481 7766
9202 8566 8031 7206
8333 7940 8702 8361
8108 8167 9170 7876
8344 7721 8689 8481
8259 7961 8930 8300
9044 8403 8284 7491
8466 9283 8479 6898
7915 8128 8955 8199
7805 8205 9443 7882
7660 8579 9143 7707
9210 8486 8082 7343
7653 8593 8936 7962
8574 9185 8470 7075
8571 7820 8770 8019
8589 9280 8298 6847
9271 8427 8137 7343
9020 8695 8052 7377
9255 8508 8026 7286
8836 8964 8004 7220
8155 7831 8789 8440
8286 9479 8270 6858
7898 8173 9466 7858
8446 7664 8633 8341
9155 8659 7973 7143
8105 8037 9189 8159
7842 8360 9289 7902
7829 8205 9342 7951
8422 9390 8382 6915
8395 8033 8915 8138
7742 8494 9152 7819
8479 9409 8244 6957
8305 8910 8573 7337
8359 7908 8717 8275
8657 9206 8267 6859
9260 8391 8180 7318
9072 8709 8040 7198
8834 9084 8203 6923
7618 8589 9151 7782
8450 8057 8858 8227
8368 9375 8451 6784
8356 9432 8280 6874
8189 7954 8663 8432
8699 8819 8177 7386
8231 8744 8888 7160
8346 8716 8654 7549
7757 8344 9404 7733
8100 8430 9110 7718
8273 7601 8610 8502
8304 9258 8503 6982
8264 7864 8735 8492
7835 8132 9500 7810
7817 8338 9413 7734
7951 8300 9412 7739
8276 9458 8263 7032
7771 8345 9398 7577
8536 7705 8704 8247
9221 8439 8120 7361
8726 8987 8441 6774
8281 7584 8567 8522
8023 8407 9142 7664
7908 8264 9325 7969
8552 7554 8798 8239
7845 8517 9174 7563
7779 8390 9227 7876
8228 8190 8872 8246
9056 8573 8388 7440
7717 8341 9308 7916
8310 8059 8892 8130
8761 8372 8600 7610
8244 7694 8684 8578
8340 7717 8820 8414
8052 8102 9249 8048
8747 8502 8415 7437
7692 8366 9350 7783
8248 7977 8820 8386
8427 9381 8359 6975
8684 9145 8193 6907
9003 8775 8054 6999
7922 8147 9473 7869
8328 7898 8849 8407
8244 9234 8515 7077
8477 7634 8814 8323
9197 8469 8147 7364
7841 8291 9433 7788
8664 9036 8279 7089
9292 8350 8133 7358
8038 8232 9316 7599
7691 8445 9221 7830
8413 9366 8497 6840
9224 8355 8155 7419
8350 7881 8676 8429
8534 7583 8476 8375
8554 9252 8364 6881
8759 8999 8284 6993
8489 9362 8383 6822
7969 8278 9280 7879
8226 7835 8632 8572
8511 9032 8492 7113
8371 9444 8363 6836
8287 8357 8764 8051
9179 8558 8124 7248
8584 9259 8321 6768
9162 8579 8071 7273
8792 8961 8297 7025
8013 8454 9265 7715
8273 9484 8288 6838
7774 8319 9182 7927
8815 8890 8102 7251
8880 8948 7960 7195
8005 8429 9283 7619
8434 7642 8562 8449
8250 7933 8990 8427
8961 8890 7924 7274
7865 8359 9392 7669
8077 9041 8543 7315
8257 7805 8734 8509
8097 8757 8896 7536
8706 8689 8141 7534
8634 9067 8411 6883
9231 8494 8102 7263
8255 8732 8861 7536
8401 7844 8990 8134
9048 8366 8463 7573
8685 9133 8192 7022
8317 8853 8766 7103
8975 8957 7920 7256
9256 8421 8088 7346
8517 8798 8580 6937
8252 7711 8904 8392
8844 8940 8172 7211
8733 9057 8320 7069
9068 8675 8186 7223
8252 7866 8578 8559
8717 9151 8330 6790
7979 8261 9132 8025
8798 8850 7966 7384
8541 7857 8747 8066
9012 8759 8234 7098
8956 8883 7983 7219
8851 8815 8435 7055
8378 8020 8592 8276
8625 9114 8526 6972
8371 7540 8881 8351
7947 8139 9385 7918
9065 8750 8127 7164
8927 8306 8548 7483
8350 9304 8357 7065
8199 8872 8376 7590
8426 7561 8644 8469
8359 7749 8874 8346
7943 8310 9236 7873
8875 9006 7929 7229
8130 7925 8741 8460
8465 8043 8612 8180
8898 8826 8404 7153
9176 8545 8326 7368
8202 7793 8674 8583
8161 8795 8834 7331
8783 8690 8392 7412
8314 7641 8887 8418
8496 9218 8235 7272
9112 8578 8231 7114
7712 8344 9362 7891
8387 7752 8644 8369
9115 8682 8094 7144
8362 9074 8380 7367
7999 7966 8909 8405
8230 7947 8908 8326
8860 8831 8343 7262
8361 9197 8421 7052
8635 9081 8353 6943
9194 8424 8286 7407
9010 8435 8399 7466
8549 7872 8715 8120
8770 8905 8272 7349
7938 8619 9010 7689
8307 8112 8519 8166
8716 7986 8394 8004
8523 9341 8330 6964
8452 8942 8541 7084
8301 7592 8733 8506
8215 9050 8642 7115
8900 8295 8149 7696
8403 7839 9032 8210
7873 8194 9419 7854
8826 8787 8233 7369
8056 8651 9029 7514
7834 8319 9424 7760
9212 8531 8065 7219
8457 9192 8449 7200
9088 8348 8331 7319
8062 8198 9210 7981
8749 9163 8189 7109
8914 8186 8303 7757
8312 9269 8427 7002
8067 8307 9157 7728
8402 9423 8386 6867
8621 8376 8659 7865
8887 8878 8063 7303
7867 8139 9166 8074
8415 7648 8532 8476
8476 8483 8605 7530
8256 7904 8758 8443
8527 7861 8796 8090
7975 8376 8966 7956
7790 8384 9347 7748
9095 8193 8199 7581
8858 8970 7965 7254
8401 9175 8518 7119
8186 8204 9064 8029
8667 8444 8713 7847
8697 9091 8241 7187
8395 7789 8814 8316
8147 9345 8457 7106
7812 8369 9303 7855
9059 8806 7899 7184
8045 8566 9004 7632
8328 7974 8614 8357
9118 8754 8044 7139
8739 8990 8362 6929
8035 8309 8958 7998
7956 8693 8988 7595
8445 9372 8364 6826
8689 8698 8528 7454
8967 8399 8346 7524
8250 8937 8749 7167
8353 9003 8623 6950
8018 8212 9231 7976
8144 8217 9077 7824
8659 9017 8408 6893
8639 7835 8420 8231
7895 8182 9386 7823
9241 8478 8136 7319
8159 8254 8953 8043
8169 7978 9175 7934
7968 8093 9459 7898
7848 8529 9155 7667
8246 7650 8660 8591
8086 8395 9223 7626
8507 9343 8331 6797
8025 8443 9048 7942
7766 8364 9361 7759
7949 8446 9083 7902
8294 8134 8986 8150
8756 8991 8237 7008
7984 8406 9241 7853
8347 8804 8742 7267
8719 8064 8627 7736
8124 8364 8939 7841
8693 9047 8206 7201
7931 8239 9365 7779
8842 9001 8109 7152
8282 7901 9091 8066
8117 8554 9078 7686
8085 8012 9209 8016
8301 7534 8924 8343
8112 8009 9206 7925
8509 8585 8645 7358
8026 8264 9268 7812
8937 8945 7985 7129
9008 8587 8207 7192
8240 7725 8924 8434
8031 8325 9305 7539
8987 8875 7913 7235
8110 8026 9197 8174
7893 8569 9070 7780
8438 9296 8336 6836
8120 8667 8995 7412
8519 7582 8838 8241
8036 8216 9101 8122
8263 7850 8971 8276
8546 8061 8774 7992
8721 8433 8602 7586
8461 9229 8241 7121
7846 8318 9370 7852
8197 9128 8505 7298
8012 8476 9169 7653
8166 8461 9094 7771
8296 8248 8970 8046
8996 8725 8291 7359
8581 8765 8494 7335
8778 8861 8154 7443
8650 8283 8769 7750
8480 7578 8597 8472
8369 8094 8921 7966
8891 8658 8284 7404
7857 8286 9431 7874
8042 8270 9194 7804
8300 8223 8984 7657
8804 8956 8246 7068
7979 8090 9381 7730
8879 9005 8021 6960
8711 8401 8691 7653
7795 8256 9459 7835
9282 8397 8137 7324
8592 8107 8614 8143
8176 8924 8752 7298
8365 9399 8275 6908
8216 8131 9120 8175
8091 8603 9134 7519
8778 8522 8345 7469
8341 9231 8558 7012
8619 8784 8265 7507
8549 7570 8769 8140
8813 8669 8360 7236
8598 9029 8484 7008
9123 8653 8058 7029
8365 7852 9002 8076
8613 9013 8343 7116
8508 9117 8507 7089
8421 9417 8263 6891
8072 8312 9126 7750
7993 8117 8998 8207
8047 7985 9206 8061
8907 8324 8451 7604
8832 8887 8425 7214
8553 8451 8507 7602
8807 8990 7990 7189
8281 7678 9053 8372
8059 8633 9122 7433
8494 7991 8637 8172
8426 7731 8780 8354
8186 8039 8567 8252
9061 8718 8004 7286
8855 8631 8526 7431
8379 9109 8581 7175
8196 7995 8559 8568
8579 7656 8738 8214
8044 8176 9373 8062
8564 8785 8550 7323
8397 9095 8468 7120
8996 8786 8259 7260
8946 8286 8143 7597
8451 9428 8188 6969
8178 8893 8695 7428
8184 8464 9049 7615
8523 7924 8793 8203
8978 8822 8059 7365
8250 7941 9024 8264
8895 8405 8455 7541
7723 8207 9494 7761
7997 8235 9243 7932
8250 8002 9011 8217
9194 8581 8010 7282
7804 8221 9495 7757
9021 8439 8439 7425
8726 8909 8077 7243
7913 8277 9466 7730
8601 9102 8313 7116
8917 8822 8216 7149
8780 8889 8385 7038
8738 8846 8367 7314
8485 8108 8847 7986
8608 9209 8337 6959
8795 8983 8314 7017
8015 8499 9163 7552
8661 9109 8179 7133
8384 7574 8843 8352
8172 8176 9010 8111
8603 8016 8599 8097
9282 8476 8112 7323
8890 8380 8328 7711
8478 9224 8418 6928
8492 9247 8352 7037
7755 8403 9344 7754
8559 8494 8498 7640
8481 9261 8318 7030
8941 8107 8317 7629
8590 8954 8456 7170
9029 8355 8310 7578
8163 8363 9150 7737
8605 8839 8537 7246
8910 8622 8403 7423
8428 8880 8585 7246
8217 7656 8797 8475
8776 8980 8294 7152
9149 8561 8093 7314
8345 9291 8479 6909
8233 8700 8630 7677
8394 9438 8274 6851
7975 8843 8884 7448
8071 8543 9040 7710
8180 8538 9018 7660
9012 8702 7971 7339
7993 9010 8667 7178
8692 8771 8443 7482
7909 8202 9347 7937
8472 8018 8364 8185
8598 9144 8431 6952
8405 9213 8547 7038
8120 8208 8989 8060
8115 8738 8938 7545
8203 7823 8739 8457
8394 8085 8982 7960
8832 8652 8159 7528
8597 9167 8309 7038
8990 8838 8008 7255
8984 8818 8167 7423
8729 8691 8429 7293
8291 8982 8483 7288
8850 8660 8339 7310
8339 7782 8685 8338
8487 8148 8816 8113
8260 8663 8808 7519
8616 8762 8540 7191
8180 8547 9053 7327
8751 8584 8393 7498
8138 8289 9074 7890
8651 8672 8215 7554
8177 7714 8783 8524
8905 8724 8313 7265
8716 8923 7994 7324
