18 0.730839
15287 14803 14895 14484
15250 14553 15312 14189
15536 14970 14458 15138
15191 15549 14715 14282
14855 15515 14488 14743
14832 15409 15048 15210
14643 15627 14985 14474
14592 15512 14995 15077
14495 14986 15092 15415
14459 14855 15836 13982
15709 15207 15105 14415
15634 15365 15226 14439
15546 14485 15240 14253
15493 15507 15281 14009
15421 15536 14620 14466
15317 15186 14474 14665
15290 15108 14689 14587
15198 15496 14640 14302
15067 14806 14455 15274
14916 15508 14969 14546
14728 14231 15864 14449
14697 14454 15475 15293
14455 14191 14863 15491
14434 15620 14930 14538
14280 15270 15374 15536
15816 14443 14578 14906
15581 14515 14911 14519
15517 14774 15282 14948
15493 14812 14770 14620
15484 14938 15293 14347
15466 14419 15321 13957
15458 15209 15651 13771
15457 14975 15247 14382
15443 15174 14891 14526
15431 15408 14460 14699
15373 14926 14781 14669
15310 15173 15238 14061
15277 15308 14673 14632
15267 15051 14459 15036
15245 14872 14801 14610
15234 15450 15319 14934
15223 14791 15363 15020
15221 15372 15808 15190
15094 15412 15367 14109
15046 15651 15056 14168
15045 14799 15860 14961
14970 15524 14971 14498
14881 14580 14971 15315
14850 15517 14880 14906
14638 15486 15167 14601
14617 15654 14378 14755
14605 14865 15792 15217
14486 15372 14994 15367
14423 15427 15325 14708
