112643 2820.67
19286 16349 15819
17266 15381 19070
17092 19114 14359
15831 19685 15532
15571 15903 20013
14355 18796 17903
17952 18497 14558
14412 19108 17509
14481 18949 17746
18019 15575 18212
14528 18620 18060
14814 19270 17013
14577 19136 17165
16527 15646 19479
17552 15406 18692
15169 19086 17182
18993 16934 15970
15899 15841 19864
17128 15859 19226
17881 16713 17658
16877 19234 14875
16475 19427 15176
17630 15679 18585
17663 15602 18619
18552 16975 16740
16732 15638 19439
15148 18911 17618
16139 16502 19363
17870 18352 15203
19217 16664 16071
18043 18025 15355
14597 17940 18764
16510 15496 19625
16494 16048 19400
17906 17430 16605
16669 18589 16316
18067 18235 14662
15342 16372 19721
17826 15432 18325
15852 15814 19931
15184 16360 19755
18424 17145 16600
16196 15526 19643
16117 16141 19565
18337 17696 15408
18232 15534 17847
15780 19659 15787
18398 16065 17373
15570 19211 16619
16432 18425 17023
17076 19100 14600
17420 18775 14795
18357 17991 14943
18327 18131 14978
18917 17195 15492
16480 15928 19579
14756 19065 17576
18382 17836 15241
15201 18703 17754
17369 17228 18251
14623 18870 17882
18490 17685 15133
15593 16104 19951
17506 15801 18600
14365 18669 18084
16963 15586 19312
15071 19361 16864
16727 15459 19460
19127 16734 15628
17776 17532 16675
16220 17482 18484
18584 16036 17281
17992 18142 15435
16251 16115 19608
18623 17587 15256
15616 19461 16613
19075 16675 16224
15775 16150 19804
18006 16390 18107
14834 18467 18373
16601 19403 14994
16578 19294 15013
16152 16878 18945
16716 18973 15884
15234 18444 18124
17061 17709 17343
16761 19277 14912
17224 18851 15129
18663 16675 16755
18676 17585 15217
19063 16777 16131
17562 17545 17381
18813 17297 15620
14848 18398 18132
15803 19538 16114
18443 17791 15325
14497 18877 17702
14647 18114 18570
16705 19120 15506
19151 16714 16007
16155 15877 19823
16011 16649 19490
16748 17951 17512
15652 15955 19976
18135 17923 15698
15887 16012 19907
18276 17295 16510
17648 16543 18190
16391 16215 19520
17688 15893 18301
16989 19139 15287
16002 16892 19022
15103 18941 17452
18955 16456 16695
16611 16987 18783
15048 17310 19075
15038 19200 17030
17162 18511 15593
15297 17826 18659
16235 19475 15449
18610 16207 17209
15422 17567 19061
15749 19028 16651
17247 15702 19156
16040 18544 17496
16824 15722 19250
15435 18888 17291
18784 16832 16412
18304 17645 15943
15362 19254 16709
17204 16915 18286
16559 19320 15327
15739 18893 16931
15007 17154 19105
16291 19418 15455
16263 17011 18864
19271 16448 15845
15960 19552 15300
18031 18196 14925
18779 17118 16087
17801 18483 14892
16695 16492 18849
19239 16453 15816
16061 16068 19777
17851 18067 15580
18460 17172 16563
15217 19563 16424
14779 18489 18030
18932 16513 16547
17480 17419 17469
15450 18044 18339
19050 17081 15912
16342 17325 18752
15777 16089 19897
17519 18726 14819
17456 18733 15064
15844 19637 15551
15017 19021 17596
15879 19496 16068
14747 17108 19210
15943 19523 16067
16625 16765 18893
14929 18061 18572
18261 18177 15113
15931 19612 15709
15720 16261 19730
15834 19675 15575
15729 15840 19993
17105 18387 16270
16167 16818 19327
17308 18825 15043
17176 19031 14654
17336 18810 14619
17374 18005 16483
15225 19003 17399
18704 17013 16457
17533 16268 18532
18543 16995 16878
17145 18258 16996
19036 16873 16209
16109 19186 16399
18374 17670 15441
16303 18714 16982
17041 19044 14771
16795 16172 19260
15594 17372 18910
15557 18981 16951
16906 17847 17350
17394 18583 15150
18897 16625 16766
15364 18571 17639
16488 16193 19279
16956 15467 19343
19097 16568 16150
17585 17359 17582
17300 16079 18993
17788 18217 15727
17944 17876 16501
16783 15993 19408
15094 18363 18230
18183 16233 17550
18693 16318 16896
16021 18414 17863
15625 18285 17923
17448 16018 18705
14715 18783 17684
16926 17390 17900
15512 18794 17318
16648 17312 18226
17816 18014 15751
14494 17642 18979
16081 16842 19009
17602 17470 17122
17474 16280 18545
14660 18919 17639
17976 18343 14723
18104 18377 14577
17807 15779 18470
17160 18757 15398
18945 17024 16047
17713 17784 16671
17229 16755 18725
15819 18039 18073
19107 16786 16038
17378 17657 17781
17546 15753 18507
17359 17348 17798
14362 18645 18160
14926 17270 19180
16769 17258 18243
17765 18308 15379
17006 16326 18965
14869 18719 17875
15269 19449 16786
17427 18748 14702
17965 16562 17695
18468 17506 15886
17622 18706 14730
14917 17979 18632
16850 16814 18511
17634 18035 16184
18082 15831 17931
18179 15735 17872
16859 16910 18362
17349 17715 17047
17182 17384 18059
16970 18660 15858
15691 19574 15927
17709 18258 15764
17016 17343 18093
15562 16403 19703
16943 18295 16840
16320 17518 18035
18860 16729 16269
16132 15969 19630
18283 18059 15008
18740 16783 16533
14696 18269 18457
14688 18683 18004
16183 15940 19677
18572 17034 16519
16916 18843 15548
17001 15984 19124
16782 19054 15342
15682 19588 15991
16888 18477 16575
18824 16730 16577
15411 19164 17137
17576 16805 17743
18557 16690 16776
15330 18574 17927
17579 18665 14839
14900 18185 18540
17252 15483 19090
16096 19489 15637
18758 16308 16812
18634 16201 17230
15648 17762 18393
18003 17899 16100
17696 18678 14834
16195 15906 19616
16546 19045 15660
15671 17067 19485
15866 17767 18199
18640 16809 16718
16368 17449 18381
15785 18636 17150
16792 16922 18350
16902 19255 14674
18801 16302 17113
16502 19145 15871
15301 19365 16726
16698 16291 19190
15705 18832 17067
15273 18324 18323
18326 17402 16356
16834 16467 18978
14708 18524 17996
15086 19343 16829
18967 16604 16236
18200 16534 17330
16028 18090 18014
16009 16175 19667
15492 18122 18085
14924 18769 17678
17406 15779 18816
14988 17593 18858
16296 19384 15653
17512 17097 18014
15015 17130 19136
16948 16434 18876
15642 19626 16323
17727 17571 16910
15576 18614 17333
16364 15859 19595
16175 16793 18920
16316 19166 15981
18579 17184 15931
15919 16252 19692
16373 18933 15893
18998 16482 16382
15519 18192 17937
16075 19308 15928
16740 16858 18636
14900 18693 17914
17644 18500 15557
15685 18598 17154
18496 16220 17267
17526 15763 18837
17206 17238 17821
18313 17861 15290
15914 19152 16452
16210 17458 18560
15749 16184 19920
15260 17883 18737
18148 15707 17926
15125 19275 16988
15290 18265 18171
18451 17553 15535
15393 18087 18494
15434 17619 18805
16584 16578 19042
15650 16192 19842
19188 16362 16174
17932 16520 17826
18870 17513 15469
19169 16469 16211
18240 16851 17071
14967 17254 19093
16341 18001 17837
18160 16861 17500
17283 16719 18463
19182 16236 16272
16541 17217 18560
17339 18658 15100
16243 18805 16250
17313 18993 14581
17165 15592 19271
16998 16330 18926
18349 15949 17723
18225 17774 15688
15087 19060 17433
16449 17121 18797
15771 16692 19550
17334 18803 14749
18208 17244 17246
16360 17809 18030
15528 16353 19787
16574 17967 17909
18883 16620 16809
15991 17208 18996
19013 16994 15961
15393 17616 18811
15252 17250 19093
19230 16318 15901
17331 18217 15802
16325 16365 19347
14735 18615 17962
15972 17333 18711
18253 17663 16023
16864 17752 17890
18598 16472 16911
15084 19129 17221
17085 18016 17100
17755 16744 17969
18033 17892 16143
17495 18748 14673
15946 18684 17079
17031 17812 17529
16097 19353 15919
16399 16635 19178
15501 18420 17848
18728 17122 16154
15536 19035 17092
18697 17161 15845
17312 18160 15827
16813 17914 17485
16589 16476 19034
17746 17454 16925
16185 17739 18134
15472 17862 18415
17465 18152 16062
17830 18495 14693
18507 17412 16059
15636 18908 17266
18110 17938 15302
15804 18814 16869
18798 17331 15488
16113 16627 19420
14635 18790 18011
15464 17910 18438
18169 16345 17783
14777 19105 17416
17679 18076 16110
17541 18626 15091
17737 17120 17561
15759 18557 17256
16079 18051 17986
18844 16981 16240
15265 19233 16834
15118 17726 18808
16201 19015 16343
17195 16309 19019
15675 19603 16028
18358 16339 17405
17434 17935 16294
15476 17769 18613
17386 17925 16367
17441 15769 18716
17026 18315 16298
15921 19132 16447
18193 17580 16329
18978 16364 16383
17982 18196 15075
17821 18552 14768
15216 18631 17812
15544 18990 17060
17682 16398 18425
16362 15975 19534
14865 18294 18438
15936 17019 19168
15112 19393 16818
16580 16597 18899
17253 18322 15685
18841 17155 15723
16643 18168 17404
16730 18527 15953
16312 18226 17828
15984 17051 19142
17240 15721 19205
17327 18458 15645
15550 18181 17959
16298 17606 18144
17608 16598 17971
14967 17748 18852
18412 16515 17258
16053 17209 18828
17035 15959 19043
16185 17496 18592
16806 18332 16820
16256 16612 19201
15984 19192 16280
15305 18982 17331
18523 17036 16336
16556 17086 18448
18509 16634 17191
18516 17376 16015
14658 17975 18677
18099 17062 17420
18212 16417 17481
17326 16098 18675
18723 16912 16401
17672 18445 15160
17761 17057 17635
16381 18830 16205
16262 19414 15470
16459 17355 18445
17838 17880 16349
16384 17471 18179
18351 17045 16796
18533 17618 15388
16015 16416 19546
16160 15884 19695
15407 18301 17885
14987 17866 18810
15531 18251 17933
15720 19594 15797
17954 16425 17723
17963 18313 15310
18454 17428 16172
16629 18563 16537
18180 16520 17713
17287 17843 16538
17261 19020 15050
16410 16099 19455
16054 18446 17040
19012 16447 16365
15556 17813 18145
16412 18629 16784
16567 18337 16803
