111528 2940.71
19781 17685
16958 20292
19755 17811
16987 20288
19771 17720
17024 20285
19757 17767
17092 20272
17049 20273
19681 18017
19777 17687
17227 20230
17152 20249
17134 20261
19558 18308
19770 17747
19746 17827
17250 20228
17110 20265
19549 18323
17659 20081
19685 17997
17680 20077
17048 20282
17178 20246
19713 17920
19719 17908
19562 18295
19677 18035
19732 17874
17197 20241
17143 20255
17260 20222
17570 20116
17516 20141
18824 19281
19697 17970
19739 17835
17475 20151
19733 17856
19703 17949
17844 19993
19702 17962
17276 20214
19696 17984
17374 20190
17322 20201
17318 20203
19262 18776
18833 19273
17961 19929
17928 19947
17754 20040
17618 20096
19720 17894
19646 18102
19711 17935
17489 20149
17292 20212
19111 18962
17757 20031
17949 19931
19613 18175
17820 20003
17300 20207
19464 18478
17770 20030
17340 20197
17690 20066
17210 20233
19635 18126
19535 18344
19762 17751
19662 18071
19016 19075
18863 19237
19602 18206
19137 18931
19001 19091
18788 19313
18795 19306
18116 19836
18892 19212
18489 19576
18318 19704
18227 19765
18141 19818
18371 19663
17935 19940
17829 19999
17703 20062
17723 20051
17099 20267
17435 20166
19424 18544
19329 18683
19689 17989
19344 18659
19105 18969
18994 19098
19214 18833
19090 18987
18723 19375
18696 19400
18591 19494
18386 19654
18536 19537
18446 19612
18400 19644
18393 19648
18158 19808
17855 19985
18380 19659
18177 19797
18029 19887
17524 20137
17890 19964
17882 19968
17271 20219
17628 20091
19563 18281
17183 20243
19285 18740
17499 20142
19593 18226
19369 18627
19350 18652
19587 18233
19532 18353
19209 18841
18940 19159
19126 18943
18916 19186
19221 18829
19149 18911
19131 18937
19020 19067
18494 19569
18885 19219
18801 19301
18451 19605
19037 19050
18734 19364
18476 19589
18431 19619
18135 19825
17874 19972
17810 20006
18910 19193
18742 19359
18510 19559
17943 19937
18066 19866
17992 19909
17731 20047
17713 20054
17413 20174
17918 19950
17554 20118
19612 18187
17636 20090
17398 20181
19644 18117
19475 18451
19540 18336
18968 19127
19707 17940
19526 18358
19352 18644
19300 18718
18899 19208
19542 18329
19298 18727
19283 18750
18928 19176
19225 18821
19119 18957
19097 18982
18703 19395
19392 18587
19364 18635
19306 18713
18729 19369
18716 19380
18365 19669
18920 19180
18628 19462
18554 19523
18517 19554
18233 19759
18094 19846
18219 19770
18049 19876
17999 19904
18437 19615
17405 20178
19670 18049
18466 19592
17446 20163
17356 20192
19761 17763
19507 18394
19426 18537
19576 18257
19515 18377
19671 18039
19465 18468
19121 18950
19480 18443
19335 18678
19311 18707
19173 18888
19143 18924
19100 18975
19728 17882
19325 18692
19314 18700
19236 18806
19061 19023
18861 19247
18596 19487
18189 19788
17966 19921
19418 18553
19380 18610
19085 18994
18880 19223
18690 19406
18631 19456
18571 19504
18568 19510
17682 20067
19276 18753
19168 18895
18952 19145
18324 19698
19358 18638
19044 19044
18763 19337
18543 19532
18265 19735
18184 19792
18600 19482
18407 19638
17911 19953
17807 20013
17206 20235
18854 19249
18109 19841
18021 19890
17984 19912
17898 19960
17836 19994
17453 20162
18275 19732
17342 20195
19633 18136
19584 18240
19492 18421
19653 18092
19665 18060
19607 18201
19524 18367
19723 17886
19242 18800
19399 18582
19244 18794
19027 19063
18522 19549
19567 18277
19256 18785
19184 18869
19055 19029
19010 19082
19191 18866
18847 19254
18609 19479
18548 19528
18251 19749
17777 20025
18778 19322
18658 19435
18638 19451
18258 19745
18213 19773
18122 19829
17584 20111
17461 20157
18310 19709
18074 19856
18015 19894
17905 19958
17382 20185
18341 19687
18207 19778
17611 20101
17465 20154
18102 19843
17387 20183
19738 17847
19655 18082
17604 20102
17360 20191
19609 18193
19388 18593
19145 18918
18836 19266
19596 18215
19573 18271
19266 18768
19064 19017
19622 18158
19519 18371
19459 18487
19076 19002
18990 19104
18973 19120
18771 19327
18458 19601
18417 19632
18783 19319
18757 19341
18193 19780
19320 18695
18933 19165
18677 19417
18619 19466
18871 19232
18670 19422
18333 19689
18295 19715
18288 19720
17646 20086
17797 20014
17531 20132
17421 20171
18240 19756
17978 19916
17579 20113
17426 20168
18086 19855
17740 20041
19632 18143
19503 18404
19489 18430
19448 18499
19401 18576
19051 19033
19656 18076
19513 18386
19452 18494
19404 18569
19339 18665
19272 18760
19049 19041
18753 19346
18661 19431
19374 18615
18985 19108
18769 19332
18281 19730
18073 19862
19641 18119
19471 18464
19006 19085
18875 19230
18706 19388
18665 19424
18643 19448
18329 19694
18712 19386
18347 19683
18036 19881
17707 20058
19162 18898
18649 19439
18247 19754
18165 19802
18578 19499
18583 19498
18058 19870
18039 19879
17648 20083
17537 20131
19574 18265
19474 18459
19337 18670
19617 18167
19435 18517
19372 18620
19447 18507
19433 18527
19649 18096
19429 18528
19205 18847
18283 19722
18263 19741
19231 18817
19195 18860
19156 18906
19071 19008
18982 19114
18966 19135
18957 19140
18611 19473
18460 19595
18089 19852
19442 18510
19080 18998
18807 19295
18686 19411
18351 19679
17869 19978
17591 20105
17495 20144
17794 20019
18169 19801
17970 19917
18128 19828
18900 19198
19669 18058
19233 18812
18929 19167
19411 18562
19384 18604
19202 18851
19483 18438
19414 18555
19199 18857
19176 18882
19068 19011
18810 19293
19251 18789
18561 19515
19497 18413
18424 19625
18008 19897
18006 19901
17544 20127
18946 19150
18529 19542
18480 19580
18413 19636
18149 19814
17864 19979
17594 20104
18199 19779
19386 18600
19628 18149
19627 18153
19502 18407
19290 18734
18942 19151
18647 19442
19580 18250
18839 19260
18560 19518
19291 18731
18748 19355
18617 19470
18977 19117
18681 19414
18500 19564
18360 19674
18151 19812
18053 19871
17858 19983
17738 20043
18902 19195
18815 19284
18503 19563
17786 20020
19595 18218
19583 18249
19181 18876
19736 17851
19618 18163
18814 19286
18750 19352
19508 18388
19487 18434
19269 18764
19157 18902
19455 18488
19438 18515
19408 18565
18526 19543
18422 19626
19031 19054
18843 19258
17553 20122
18960 19136
18356 19675
17781 20021
17546 20124
18305 19711
18300 19713
19029 19056
18479 19582
19493 18414
