67035 3241.46
30032 24916 24471
28762 27033 23674
27878 22650 28086
26016 28908 24834
25198 23788 29636
24005 25203 29224
28506 22910 27553
27760 23055 28167
24062 24846 29310
25380 24001 29564
24251 25390 29098
27058 23284 28766
29697 25725 24476
25053 24451 29460
24389 25889 28806
24726 24664 29488
24628 25295 29205
29438 26388 23810
29152 26580 24283
29404 25966 24418
24168 25318 29108
24129 25315 29176
24676 24758 29325
29481 26228 23785
27014 28378 23711
25841 27703 27011
28383 25365 27056
27672 23217 28286
28942 24110 27041
27374 28222 24036
24458 24791 29322
25063 25766 28707
29105 23353 26782
24518 24259 29594
28502 27386 23832
28646 27156 24519
29288 23815 26491
28837 25827 26510
26702 23104 28997
27872 23590 28102
25853 27079 27452
27678 27932 24393
27805 27100 26460
29918 24378 25152
29808 25538 24100
25258 28467 25817
29956 25438 24632
29984 24850 24960
28703 23694 27215
27597 28032 23992
24351 26345 28459
24552 26614 28228
25331 25203 29104
27537 23663 28436
25528 26120 28392
28051 27460 24819
26301 28675 25014
29312 26522 24189
27185 26699 27364
28338 27543 23963
27943 25548 27390
26246 28814 24205
26334 28558 25766
26019 28834 24702
29024 25997 25550
24586 26187 28473
26640 28518 24794
29008 24562 26811
28603 26601 25598
28134 23555 27895
26975 28323 23922
27918 24247 27922
28329 27508 24223
28249 25798 26952
25562 27248 27718
27023 27977 25840
29248 25606 25863
26442 28568 25046
24304 24876 29287
25479 26375 28213
28563 24204 27405
28087 25465 27520
28624 26754 25168
26225 26488 27600
25170 24230 29515
27951 23747 27928
29218 26619 23867
26141 28864 24658
29048 26263 25484
28565 27185 24046
28996 25845 26184
24738 26303 28470
25623 27794 26872
25231 23757 29608
26817 28486 24645
27309 23536 28653
27148 27587 26197
24333 25082 29273
27463 27478 26280
26758 28022 25742
25130 24355 29439
25072 26638 28023
26422 28089 25975
26312 28647 25321
28739 26558 24889
29729 24164 25698
26252 28064 26403
25661 27888 26739
28958 25569 26540
26002 28401 26033
29339 25663 25461
26281 28768 24859
28863 26185 26004
28950 26912 23848
27425 28138 24538
25763 28042 26601
28718 23130 27198
26121 24159 29053
26319 23979 29076
28903 26865 23977
24867 26708 28128
28328 27557 24134
26918 28272 24779
29595 25776 24327
25943 28686 25271
27723 27603 25517
25878 27697 27302
27008 24278 28848
27216 26202 27478
26406 24110 29027
28704 27123 23908
27880 25239 27863
29453 24520 26287
25977 27640 27084
26609 23483 28987
26888 28152 25431
27499 23377 28554
26774 27626 26266
27263 27431 26590
28529 24774 27253
27764 26685 26662
28678 23893 27172
27393 27947 24874
26680 27852 26081
25696 23926 29403
29551 25185 25697
29518 25909 24839
26502 28529 25290
28152 27650 24761
27512 24969 27934
28881 24346 26993
28656 24045 27238
25406 25656 28821
30015 24714 24624
26387 26795 27314
28480 23073 27653
26724 27724 26882
26594 28013 26090
28036 23525 28070
27991 23848 27820
26557 28039 26376
25304 26617 27956
25820 27878 26677
28669 23945 27434
26268 28729 24920
28833 26332 25636
27105 23185 28689
28306 24769 27419
25641 24700 29009
28128 25339 27336
27696 26963 26529
25539 28605 25399
25923 27358 27099
26124 26246 27881
29162 26414 24444
28038 23473 27902
27623 27727 25256
24255 24841 29352
25104 24790 29314
27529 25558 27698
26788 28426 24999
25574 27345 27356
27239 27041 26978
25905 26232 28113
26462 24715 28600
26584 28195 25903
26517 28391 25355
26938 23179 28911
29569 25026 25588
28702 23449 27285
28451 27372 24347
24524 25077 29247
28054 27288 25666
24957 25653 29040
27993 26439 26767
26220 28137 26050
27362 26928 26831
26133 28883 24642
29371 25589 25444
28693 25218 26680
27091 23246 28800
25148 26107 28481
28026 26984 26448
29972 24984 24906
26959 26729 27324
28316 27026 25938
27638 27961 24522
28271 24624 27489
26921 27815 25921
29473 25934 24595
28579 26468 26154
27342 27905 25714
26517 23341 29133
28712 25106 27132
25289 26990 27759
29199 25519 26074
24648 26676 28225
26660 26214 27666
25705 24733 28953
25671 27142 27641
24883 25137 29112
27284 25500 27839
25465 26190 28308
26262 28456 25780
29081 26766 24155
27651 23301 28355
26166 25864 28187
27128 27208 26858
26539 26779 27597
26706 28237 25570
28096 26815 25962
24845 24658 29343
25431 24024 29433
26804 24411 28672
29834 25476 24169
29229 26561 24412
29102 25177 26127
25218 26534 28048
28880 25869 26358
26005 23793 29189
24764 25012 29171
27743 24301 28037
27317 23151 28570
29364 24581 26428
27569 25415 27896
27974 24934 27769
29674 25740 24740
27388 28169 25183
27907 27850 24069
27528 26070 26971
28220 27412 24684
27826 25811 27267
26110 28707 25083
25545 24318 29393
29382 26019 25069
27343 23962 28536
29496 24881 25883
27621 27995 24673
26076 26845 27582
26668 23867 28882
29271 24798 26299
26484 28756 24371
26481 25151 28523
28760 27049 23887
29605 25889 24239
28362 27308 24726
28408 26875 25525
24380 26399 28252
27437 23767 28447
26733 27319 26863
28796 24390 26921
26502 24603 28616
27186 25625 27988
27857 27647 25125
26979 25486 28258
29785 25277 24985
25521 23776 29536
27899 23264 28072
28014 24267 27783
26573 23673 28922
27482 27688 25573
29583 24434 26018
27576 24374 28015
25772 28104 26579
25428 26282 28303
29889 25043 24963
26061 28801 24788
25893 26866 27563
28442 27171 25205
29532 24485 26006
28192 26412 26844
28237 26276 26224
25787 25318 28943
28795 23307 27118
27332 27328 26711
26607 24488 28672
27607 27830 25374
24286 24936 29283
28899 26126 26198
29590 26059 24113
26873 26328 27433
26995 24686 28555
27719 23221 28196
27415 26544 27162
26564 28291 25822
26153 27217 27243
28169 24382 27745
29575 26091 23708
26791 23329 28960
26220 28588 25473
27827 25621 27672
29348 25921 25306
29399 26146 24074
28786 25644 26584
25278 24812 29257
25784 24211 28969
28811 25930 26563
26622 28207 25829
26339 28116 26322
25453 26586 27818
25749 27212 27620
27015 27525 26436
29860 25198 25063
29534 25250 25650
26048 24888 28870
25188 24185 29445
29136 26477 24997
26897 27575 26349
25482 26085 28593
25798 26436 27630
28513 24902 27191
26098 24174 29061
25034 25310 28983
26199 26136 28085
27220 25059 28155
26361 23637 29268
29824 24675 25217
28360 23240 27790
28478 27062 24902
25739 25443 28895
28211 27237 25791
28522 26886 25336
28976 26461 25025
29648 25761 24358
26191 27422 26936
27047 23913 28641
29752 24593 25365
28113 26420 26155
25413 24633 29082
29850 24948 25100
28274 25128 27337
26543 28635 24683
27892 27171 26137
28930 24943 26773
26563 28342 25418
26186 27008 27451
24828 24289 29520
27698 27740 24581
27142 28258 25049
25810 28065 26469
24149 24805 29368
24900 24488 29508
27956 27882 23945
27117 24996 28346
26369 28785 24178
28814 25142 26702
28976 26802 24567
25493 24536 29294
24944 26882 27968
25965 24084 29375
26071 28185 26248
27037 25710 27716
29769 24895 25144
29664 25285 24968
25649 23908 29497
24348 26719 28136
25020 24069 29543
27839 26830 26629
28428 27269 24464
29001 24695 26641
29061 25402 26229
29037 26586 24334
28059 25735 27133
27547 27569 25991
29139 25141 26107
26769 28176 25505
25592 24557 29150
28419 26679 25615
27451 26761 26723
28282 23615 27836
24922 25525 29082
27293 25404 27976
28944 24188 26897
25610 28121 26474
28174 25684 27149
26427 23422 29169
29460 25780 25386
27706 23405 28170
29181 26026 24655
28285 27345 24455
24997 25489 28881
27075 28261 24618
24989 25788 28784
27782 24097 27962
25389 23626 29544
26641 26316 27827
25681 26161 28345
26837 25695 27824
27741 23160 28188
28706 26932 24699
28756 25187 26624
29299 26799 23787
24979 24553 29386
24483 24804 29280
26492 27756 26420
29021 26051 25533
29497 24782 25914
27615 26651 26913
26262 24949 28627
25724 24531 29102
29481 25450 25792
29225 26044 24614
27260 27766 25737
26854 27666 26226
26704 25754 28497
28464 26483 25607
29395 26098 24258
24642 25049 29164
29748 24922 25310
27545 24055 28375
26826 28415 24748
27578 24330 28149
24806 24648 29372
27055 23383 28787
28651 26959 25079
28176 27413 25230
28200 27684 24261
26566 27753 26172
30031 24969 24377
27256 26029 27584
24835 25948 28697
29638 25633 24750
28118 25371 27527
26276 26894 27207
27455 25161 28091
24779 24265 29552
25223 23780 29624
29322 24076 26490
29260 25018 26475
26474 26817 27104
29089 25606 26019
28239 25275 27289
26953 26748 27198
24789 25714 28860
27649 23418 28333
25431 25527 28685
27647 23680 28371
27584 27298 25992
26507 28359 25967
27960 24558 27797
24818 24917 29229
25270 26456 28060
26033 24079 29150
26895 28337 24937
26336 27006 27078
26270 25581 28572
26803 28366 25139
28369 25953 26295
27703 23883 28174
27346 23648 28484
25524 24091 29415
28977 25192 26336
26621 26452 27502
26850 28326 25273
28163 24829 27496
28481 25503 26708
29882 25071 24655
26931 25227 28339
24795 24742 29317
29071 26452 25112
26364 28614 25215
27201 26396 27271
29615 25749 24934
27842 27471 25230
25665 28716 24979
27354 25253 28026
29626 25442 24845
26372 27779 26677
24479 24805 29299
27790 25928 27143
27605 27678 25558
26116 27024 27546
26084 27280 27275
27385 26656 26777
26091 28178 26068
28431 26160 26257
25028 24540 29330
25933 28114 26330
27407 25711 27534
29608 24832 25716
