122351 3360.68
9538 8688 7978
9111 9279 7806
8812 8146 8997
8199 9749 8077
7913 8437 9366
7677 8972 9088
7700 9101 9007
8442 8214 9211
8634 8194 9136
9395 8970 7884
7733 9285 8803
8116 8240 9336
7750 9103 8994
7764 8869 9166
7726 9001 9086
9326 9065 7863
7844 8753 9234
8410 8562 9071
7776 9144 8945
8762 8170 9024
8905 8151 8952
8567 8182 9160
9187 8497 8605
8003 8259 9348
9060 9217 8061
9304 9094 7925
8079 8577 9311
8093 8651 9195
8249 9733 7969
9478 8815 8067
8190 9741 8095
8186 9546 8350
8418 9197 8577
7933 8729 9247
9388 8972 7893
9091 8709 8504
9042 8608 8710
9084 9274 7826
9171 9220 7990
8046 8468 9320
7891 8833 9149
8939 8282 8910
9527 8704 8043
8930 8325 8869
9264 9124 7909
8219 8432 9286
7785 9054 9034
9116 8829 8400
9358 9009 8001
8338 9707 8096
8729 8299 9077
8908 8414 8813
8741 8488 8897
8833 8337 8914
8403 9444 8399
7851 8725 9265
9472 8819 8031
8816 8369 8942
8766 9148 8463
9285 9028 8125
8878 8546 8873
8070 9478 8485
7962 8628 9301
8424 9620 8225
9164 8490 8648
8606 9578 7941
9191 8424 8599
9104 8637 8624
9177 8542 8553
8227 9080 8853
8128 8444 9300
9519 8768 8084
7826 9078 8988
9444 8683 8324
8508 9612 8134
8273 9685 8166
8140 8378 9306
8053 9074 8856
8383 9537 8302
9073 8171 8825
8898 8510 8817
9037 9317 8016
8901 9389 7849
9455 8764 8175
8263 9649 8189
8967 8758 8601
9096 9259 7853
8245 8664 9188
8956 8963 8427
7959 8605 9316
8843 9348 8004
9136 9235 7930
8378 9664 7951
8059 8247 9341
8453 9524 8286
8789 9463 8109
8018 8734 9208
8107 9423 8629
8990 8229 8861
8256 9580 8317
8166 8866 8998
8362 8316 9223
9069 9252 7956
8251 9593 8283
9002 9238 8082
8172 9586 8296
7946 8806 9156
8559 9012 8634
7952 9336 8671
8586 8326 9124
9383 8999 7837
8292 8356 9257
8890 8303 8921
8851 9173 8368
8592 8955 8724
8292 9643 8214
8951 8386 8839
8991 8272 8799
9340 8804 8315
8388 8928 8904
9241 8748 8437
9124 9069 8183
9225 9183 7989
8807 9354 8119
8708 9250 8442
9498 8740 8168
8479 9414 8412
8747 9345 8206
8582 8719 8828
8097 8623 9260
7836 9209 8877
8670 8291 9084
7994 8410 9352
8232 8529 9271
8064 9458 8490
9429 8946 7816
7985 8686 9222
8866 9181 8229
8733 9165 8376
9127 8223 8755
8371 8399 9175
8860 8463 8909
8360 8504 9202
8732 9016 8591
8315 9234 8613
8552 8383 9061
8856 9321 8111
8144 9522 8383
8334 9713 8034
9311 8617 8431
8286 9499 8394
9347 8634 8364
7896 9361 8675
9230 9034 8050
8353 9695 8124
8979 8359 8834
8942 9309 8089
8347 8358 9251
8753 8558 8853
8627 9437 8298
8183 9135 8822
8621 9558 7907
8644 8993 8643
9207 9057 8049
8774 8220 9021
7813 8920 9094
9132 8483 8659
8721 9510 8104
9433 8924 8013
8243 8591 9247
9266 9118 7898
9153 8618 8579
9011 9136 8221
8960 8817 8522
9372 8780 8252
9183 8680 8446
8329 9699 8114
8387 8779 8963
8309 8585 9104
8257 9598 8278
7918 9190 8826
8302 8538 9114
9276 9037 8025
7903 8878 9099
8829 9427 7947
8628 9472 8200
8578 9487 8274
7927 8702 9268
8151 8449 9278
9328 8522 8461
8888 8393 8843
8677 8348 9030
8416 8233 9171
8869 8453 8884
9513 8734 8145
8609 9357 8409
8087 9588 8352
9065 8425 8747
8553 9258 8495
7954 8883 9049
8839 9462 7816
9486 8774 8152
8428 8406 9144
8159 8851 9036
7795 8936 9121
8320 9711 8039
8209 8760 9161
8091 9294 8701
7951 8405 9357
8824 8598 8786
7804 9039 9046
8354 9691 8074
7822 8905 9132
8821 9341 8158
8953 9381 7858
8562 9234 8473
9321 8932 8232
8202 9378 8477
8410 9657 8151
8608 9466 8291
8657 8253 9097
9160 9002 8136
9072 8644 8571
8399 8897 8889
7872 9041 9020
9354 8660 8341
9127 8668 8563
8829 8979 8549
8640 8509 8955
8136 8858 9025
8638 8989 8656
8269 8655 9116
8268 9721 8095
9114 8264 8750
8919 9384 7842
8218 9452 8457
8049 9051 8930
8718 9329 8235
9440 8942 7902
8467 9066 8732
8289 9370 8528
8523 9504 8247
8653 8435 8968
8602 8311 9081
8277 9563 8261
9026 8243 8793
9019 9210 8128
8664 8600 8916
9461 8793 8106
8884 8292 8928
8537 9607 8012
8328 9603 8249
8923 8752 8740
8193 9727 8146
8986 9155 8265
8085 9306 8664
8465 8868 8748
9378 8956 7963
9201 8840 8347
8323 9461 8418
8123 8909 8993
8449 8455 9106
8997 8771 8531
8236 9667 8209
8872 9027 8504
8000 8360 9362
8104 8711 9180
8940 8941 8514
7800 9152 8936
8695 9433 8173
7992 9088 8955
8639 8515 8973
7859 9064 8978
9254 8996 8185
8918 8360 8864
9402 8945 7919
8367 8640 9042
8857 8312 8982
8579 8234 9130
8392 8957 8734
8120 8525 9275
9448 8880 7929
9233 9158 8008
9219 8790 8332
9141 9231 7831
8210 9533 8373
8570 9228 8484
8631 8863 8721
9057 9265 7974
8994 9261 8028
8261 9631 8218
7974 9170 8793
7867 8978 9066
8540 8532 8919
9198 8396 8597
8527 9205 8572
8406 9561 8258
8802 8255 9013
8448 8799 8810
8373 9670 7972
8011 9084 8973
8432 9578 8212
8257 8392 9294
8283 9680 8146
7840 8984 9024
7817 8789 9202
8772 8612 8786
8900 9368 7995
9147 8711 8479
8021 8550 9337
8516 8704 8938
7792 9035 9065
7977 8689 9230
8302 9482 8370
9424 8785 8191
8904 9246 8140
8572 9289 8419
7878 9034 8997
8091 8472 9291
9018 8247 8789
8384 9240 8587
9419 8850 8045
8145 8948 8977
9081 8716 8542
8972 8783 8566
8683 9004 8618
8704 9302 8270
8075 8910 8987
8158 8443 9283
8473 9511 8309
8487 9567 8215
8948 8898 8584
9297 8766 8380
8027 9081 8925
8882 8621 8742
8412 9596 8244
8196 9333 8558
8279 9244 8754
8916 8334 8918
8679 9140 8490
8597 9417 8389
8975 8633 8692
9024 9107 8169
8305 9517 8336
8566 9498 8181
8037 9006 9003
8011 8672 9216
9504 8744 8146
8345 9230 8646
8382 9177 8693
8599 8931 8716
9506 8693 8153
9012 8278 8784
9336 8975 8044
8949 8715 8689
8526 8551 9093
9316 9007 8009
9084 8810 8455
8539 9311 8434
8843 9131 8493
8619 9362 8359
8491 9635 8150
8102 9394 8652
9030 8728 8557
7969 8862 9052
8154 9278 8621
8545 9098 8698
8504 9625 8079
8853 8306 8995
8821 8875 8698
8533 8480 9005
9375 8996 7960
9459 8859 7919
8574 9062 8573
8800 9422 8037
8398 8736 8978
8674 9450 8247
8960 9218 8201
8784 8969 8638
8495 9515 8172
8038 8658 9230
9405 8900 8116
7937 8890 9067
7886 9398 8631
9331 8807 8194
8044 9125 8843
8671 8915 8652
7921 9210 8781
9413 8857 8099
7941 8986 9016
8332 9554 8334
8600 9530 7983
8046 9271 8763
9465 8676 8251
8907 8582 8808
8120 8601 9226
8548 8370 9113
8051 8835 9141
8563 9555 8070
8491 9400 8405
8617 9418 8312
8498 9113 8684
8549 9046 8610
8687 9410 8254
8503 9330 8516
8100 9267 8681
7918 8846 9131
9046 9128 8131
8178 9372 8545
8835 9289 8328
8748 9377 8147
8477 9489 8363
8471 8580 9018
8393 9623 8224
8614 9301 8363
9470 8836 7987
8701 8849 8800
8521 9373 8432
9257 8590 8533
8511 9511 8196
8030 9100 8881
8526 9294 8449
8780 8396 8950
8449 9571 8255
9410 8939 7947
8214 8697 9106
9245 9158 7830
9292 8881 8286
8648 9128 8555
7809 8966 9087
8153 9270 8664
9256 8870 8289
9013 8841 8390
9053 8888 8300
7907 8862 9105
8566 8329 9097
8450 8724 8894
7950 8692 9220
8654 8374 9054
8782 8348 9006
8381 9639 8155
7896 8900 9056
9108 8788 8482
8499 8699 9010
9492 8856 7950
9214 9065 8037
8265 9576 8267
9206 9149 8022
8080 9207 8771
9150 8590 8610
9401 8955 7834
9300 9115 7949
8734 8702 8879
9274 8466 8462
8702 9406 8267
8331 8986 8772
8029 8781 9190
8148 8486 9281
9198 8798 8428
8688 9529 7997
8671 9257 8339
7975 9019 9011
9048 8267 8785
8370 8473 9114
9054 8930 8241
9051 9267 8021
8926 9341 7979
8177 9025 8867
8912 9045 8440
8912 9023 8452
8486 9629 8155
8927 8557 8733
8174 8856 8934
8366 9117 8766
7882 8891 9102
9294 9087 7999
8532 9422 8337
9438 8774 8237
9353 8935 8192
8483 9434 8358
8900 9397 7843
8027 9235 8778
8359 9673 8169
8703 8723 8768
9246 8967 8192
8148 9402 8537
9063 8674 8640
8716 9100 8556
8615 9492 8211
9244 8482 8540
8235 8837 8965
8359 9119 8741
8692 8467 8948
8074 9027 8908
8062 8642 9216
9015 8670 8683
8983 8839 8402
8370 9684 8101
8727 9246 8330
8948 8954 8452
