58629 2941.26
9473 8169 8111 7391
8805 9197 7945 6688
8537 8312 7545 7986
8244 9550 8228 6986
8079 7128 8804 8459
7797 7358 8365 8838
7776 7654 9763 7591
7467 8040 9488 7736
9035 8521 7655 7555
8812 8475 7599 7785
7512 7857 9155 8215
7548 8071 9434 7707
8664 9089 8406 6734
8568 8015 7570 8136
8949 8856 7744 7145
8788 8764 8478 6712
9032 8556 7677 7527
8541 9056 8563 6775
8801 8498 7720 7732
9308 8339 7859 7446
8909 8883 7874 7232
8311 9538 8297 7093
9265 8319 7987 7484
8862 8304 7591 7856
8607 8861 8466 6752
7496 8346 8835 7943
7788 7382 8428 8817
7675 7897 9507 7696
9462 8182 8075 7418
9140 8638 7898 7405
8114 7282 8505 8656
8449 9133 8435 6888
8610 9059 8418 6864
8312 9513 8277 6993
8569 9245 8366 6832
7475 7983 9449 7893
7840 7170 9056 8389
8093 7371 9083 8237
9334 8403 8078 7319
7994 7237 8511 8754
8248 9419 8329 7008
7730 7639 8918 8467
9246 8263 8247 7246
9448 8251 8055 7381
7968 7458 8634 8674
7841 7453 8506 8714
7836 7767 9667 7729
7927 7504 8784 8525
7769 8067 9335 8001
8183 7448 8657 8555
7915 7819 9597 7595
8316 7130 8716 8429
8718 8899 8240 6925
8671 9152 8301 7072
7691 8012 9380 7823
9298 8149 8139 7532
8740 8565 8002 7598
9285 8414 8099 7452
8824 8647 8347 7068
8095 7837 9356 7604
8563 9265 8092 6855
8037 7330 8646 8734
9415 8234 8064 7438
8551 8985 8320 7124
7966 7952 9417 7778
7623 8047 9397 7804
8233 7254 8577 8565
8257 8947 8468 7476
8377 7238 8648 8352
7878 7475 8813 8571
9096 8699 7942 7284
8249 7200 8517 8494
8577 9271 8054 6918
9179 8622 7788 7210
8602 9209 8452 6818
7873 7409 8551 8729
7610 8453 9045 7599
9087 8371 7758 7667
8977 8968 7972 7101
8148 7218 8528 8648
8163 9478 8349 6904
8167 7248 8743 8542
8749 9019 8308 6784
8000 7654 9254 8114
7665 8338 9047 7710
9072 8735 7835 7348
8196 7617 8640 8595
8063 9291 8442 7076
7960 7538 9443 7836
9387 8222 8123 7411
8598 8932 8521 6879
8547 9044 8168 7087
7618 7839 9677 7611
7651 7856 9562 7742
7734 7825 9497 7661
7566 8138 9160 8003
9436 8159 8049 7457
8295 9505 8304 7004
8051 7290 8801 8594
8635 9124 8375 6828
8595 9071 8494 6844
7793 7707 9749 7543
8925 8749 8160 7133
8049 7394 8452 8697
7902 7303 8391 8830
7584 7898 9554 7807
8511 9328 8250 6893
7815 8129 9166 7955
8006 7492 8594 8691
8583 8604 8212 7570
8138 8030 8627 8143
7504 8094 9116 8039
8244 8117 9202 7537
8010 7597 9194 8220
8442 7465 8684 8290
8701 8378 8392 7551
7867 7396 8410 8804
7636 8007 9186 8147
7892 7435 8483 8781
7910 8034 9031 7892
8928 8781 7953 7364
8172 7407 9139 8024
8479 9384 8241 6967
8366 8156 8558 8133
7705 7961 9131 8186
8724 9009 8465 6789
7654 7671 9644 7775
9182 8482 7892 7478
7716 8080 9320 7939
8868 8977 7843 7336
8400 7799 8161 8298
8066 7496 8799 8484
9024 8648 7784 7558
8294 7150 8606 8477
9210 8504 8030 7329
8443 9321 8356 6943
8683 9180 8024 7101
9427 8199 8106 7399
7852 7524 8383 8764
8158 7268 8363 8622
8033 7353 9294 8080
8539 9080 7818 7339
8348 9490 8255 7040
8410 9256 8469 7189
7721 8430 8995 7827
7800 7689 8931 8412
8095 7468 8643 8576
9371 8225 8215 7389
8981 8462 7708 7654
9042 8808 7751 7312
8027 7482 9257 7967
7713 7828 9534 7755
8102 7599 8902 8405
8413 9361 8341 6909
7795 7623 9718 7614
9345 8241 8066 7482
8458 9170 8354 7027
9067 8744 7805 7435
7741 7813 9573 7617
7633 7846 9212 8181
8814 9185 7991 7185
8327 7155 8832 8244
7651 8038 9475 7467
8966 8546 7977 7573
9145 8397 8265 7324
7591 7995 9458 7794
8176 7269 8804 8371
8026 7317 8791 8533
8867 8823 8142 7188
9072 8526 7704 7507
7556 7901 9372 7985
8641 9137 8355 6804
8241 8179 8413 8125
7581 8179 9229 7960
7859 8198 9145 7925
7602 8152 8939 8243
7885 7533 8788 8536
8877 8615 8196 7251
8378 9305 8371 7055
8189 7795 9109 7689
8261 7596 8823 8234
7918 8801 8769 7256
7697 7791 9690 7736
8579 9093 8015 7240
8462 9314 8322 7109
9405 8204 8118 7469
7560 7938 9517 7855
8105 7375 8462 8631
8993 8713 8088 7278
8729 8957 8230 6956
9163 8189 8149 7556
8129 7811 9068 7896
8008 7403 8606 8749
8934 8756 7830 7444
8557 8769 8597 6810
8500 7487 8521 8397
7735 7626 9741 7617
8362 7261 8795 8197
8961 8752 7917 7493
9047 8617 8014 7470
8121 7723 8850 8435
8712 8865 8175 7277
8104 7413 8749 8603
7809 7724 9730 7586
8439 9281 8192 7194
7878 7631 9657 7676
9060 8483 7799 7581
8370 9410 8186 7059
9131 8453 8080 7225
8045 7998 8723 8050
9060 8532 7694 7530
9234 8356 8171 7349
9054 8468 8020 7427
8227 7637 8772 8242
8214 9035 8497 7221
7782 7988 9059 8176
8836 9016 7847 7313
7645 7652 9299 8034
8994 8508 7690 7622
7935 7673 9540 7815
8913 8656 8112 7328
9202 8256 7910 7503
7738 7745 9218 8260
7628 7862 8827 8280
8336 9396 8281 7046
8339 9370 8331 7061
8787 9026 8177 7079
7904 7421 8541 8729
7901 7384 8474 8775
8545 7990 8728 7751
9111 8497 7773 7413
8795 9013 7925 7260
8855 8608 7931 7628
8904 8906 8037 7409
7847 7679 9626 7632
8079 7488 8737 8668
8276 7777 8873 8159
8332 7306 8713 8421
8308 9549 8214 6949
8126 7278 8612 8606
8375 9485 8288 6999
8084 7249 8584 8628
8941 8815 7976 7166
8535 8926 8442 7197
8489 8626 8670 7206
8537 9346 8217 6798
8921 8889 8126 7161
8253 7584 8861 8169
8847 7807 8581 7725
8474 7896 8485 8256
7575 7908 9189 8183
8180 9158 8502 7016
8369 9471 8236 7032
8264 9107 8298 7344
9353 8341 8023 7411
8690 8871 8206 6979
7656 8074 8889 8105
7911 7323 8457 8790
8144 7756 9259 7715
7772 7603 9711 7642
9192 8449 8198 7440
8272 8920 8698 6881
9236 8466 7935 7419
8918 8764 7967 7302
8057 7985 9061 7847
8384 9352 8182 7236
8355 8457 8675 7374
7748 7650 9588 7735
9253 8250 8169 7399
8023 7692 8618 8453
8055 7968 9223 7842
8318 9376 8284 7113
9198 8196 8225 7422
7853 7869 9269 7818
7725 7786 9697 7584
7875 7600 9304 8089
7851 7849 9634 7575
8519 9274 8268 7017
7953 7514 8689 8646
7870 8023 8856 8094
8691 8367 7958 7763
8301 7473 8978 8208
8075 7932 9019 8030
7698 7890 9174 8048
7955 7540 9286 8015
8838 8099 8188 7879
8590 9223 8036 7044
8462 9234 8177 7200
8071 8128 9156 7637
8052 7213 8944 8339
7844 8739 8776 7305
8404 8493 8400 7682
9170 8163 8104 7492
9400 8246 8109 7379
7924 7579 9404 7900
8108 7379 9074 8228
9154 8348 8044 7477
7957 7716 8896 8325
8621 9173 8032 7157
7987 8626 8910 7417
8990 8572 8367 7176
7729 7777 9611 7675
7575 8112 9427 7813
8350 7191 8600 8461
7821 8280 8862 7973
8486 9432 8231 7041
8507 9340 7949 6975
8324 8174 8492 7888
8648 7740 8607 8032
9217 8281 8166 7441
8686 8287 8568 7773
8597 9162 8352 6849
7682 7737 9579 7758
8779 8995 7934 7356
9003 8421 7878 7578
7990 8724 8752 7344
8820 8931 8200 7153
8211 7295 8760 8360
7944 7772 9433 7657
9323 8072 8146 7535
8187 7843 8571 8451
8703 9148 8205 6936
8341 7207 8579 8443
8204 7521 8479 8512
8876 8103 7904 7679
8528 8486 8128 7796
8300 7554 8713 8315
7995 7442 9015 8343
8205 7890 9135 7563
8401 7912 8543 8074
8349 7958 8926 7791
8875 8296 8225 7624
8152 7175 8888 8377
9224 8421 8040 7486
7956 7678 8843 8441
9393 8258 8095 7377
8360 7571 9002 7746
7854 7555 8965 8366
8016 7879 9314 7578
9016 8793 7760 7395
8203 8385 9076 7449
8755 8770 7812 7520
8074 8597 8409 7545
7895 8018 8958 8040
8359 9462 8274 7004
7931 7548 8983 8323
8494 7649 8967 8066
7984 8205 8977 7681
8466 8911 8605 7289
7710 7875 9430 7992
8312 7700 8946 7975
8041 8084 8643 8085
8694 9085 8103 7168
9120 8055 8168 7749
8433 8097 8362 7927
7565 8038 9089 8076
9362 8272 7951 7366
7754 7685 8593 8479
8020 7546 8955 8343
9091 8550 8208 7204
9291 8409 7964 7449
8353 9440 8280 7034
8209 7588 8701 8385
8234 9359 8385 6940
7855 7730 8990 8285
8957 8662 8257 7149
7849 7669 9542 7628
8843 8860 8192 7050
8026 7515 9260 7912
8278 7152 8658 8504
9029 8674 8180 7118
8655 8726 8272 7355
7749 7838 9368 7944
8851 8538 8231 7215
7908 7338 8388 8802
7924 8099 9216 7869
8629 8018 8256 7858
8759 9060 8035 7274
7833 8089 9360 7308
8526 8665 8344 7462
8851 8834 8179 7267
8782 8998 8062 7204
8986 8840 7826 7262
7970 7903 9412 7584
9223 8444 8096 7430
9029 8058 8223 7499
8896 8292 8379 7264
8425 8003 8894 7786
8372 7929 8952 7692
7808 7776 9704 7671
9142 8364 7768 7587
8037 8578 8868 7373
8720 8435 8058 7665
8775 8275 8234 7920
7684 8164 9234 7949
9023 8562 8036 7291
8414 8773 8608 6983
7977 8110 9167 7602
7704 7876 9521 7884
8397 9451 8189 6983
7740 7548 8664 8609
9160 8325 8171 7514
8082 7661 8532 8453
7954 7752 9414 7863
8269 7878 9008 7939
8197 9224 8498 7179
8899 8215 8312 7500
7879 7967 9023 7918
9124 8724 7883 7332
8941 8754 7851 7393
8152 7183 8795 8425
7891 7451 9281 8069
8886 8470 8341 7345
9011 8544 8206 7316
8705 8843 8267 7270
7979 7342 8879 8406
7887 7719 8703 8463
8239 9141 8517 7058
8357 7703 8878 8099
7809 7970 9450 7894
8209 7915 8985 7905
8303 7179 8833 8335
8985 8795 7805 7352
8148 8043 9249 7642
8069 7562 9268 7731
8435 9450 8198 6955
8213 7324 9122 8150
8428 7837 8628 8198
8471 7944 8633 8008
9345 8274 8085 7388
7850 7994 9390 7485
9101 8676 7810 7506
7757 7942 8891 8273
8494 8790 8349 7553
8769 8686 8541 7369
8516 7547 8421 8247
8598 9204 7950 7021
8154 7608 9074 7936
7826 7917 8666 8157
7947 8328 9065 7457
7728 7859 9465 7998
8512 8706 8686 7177
8169 7827 9332 7339
8421 8962 8377 7169
8999 8761 7962 7223
8732 8730 8290 7091
7859 7634 9620 7677
8420 9066 8376 7160
8273 8440 8707 7648
8541 9299 8040 6969
8217 7510 8751 8541
8157 7608 8856 8362
7852 7578 9683 7640
8008 7665 9178 8111
7844 7591 9582 7826
7805 7386 8423 8799
8810 8690 8264 7346
7598 7965 9517 7795
8526 8062 8333 7981
7975 7731 9414 7683
8605 7429 8664 8228
8389 7975 8665 7800
8394 8076 8761 7786
8783 8323 8290 7811
8954 8848 7967 7155
7627 8028 9115 8081
7684 7816 9523 7772
8997 7977 8083 7761
7985 7394 9235 8153
8658 9197 7998 7034
7828 8179 9244 7654
8593 9112 8156 7123
8079 7574 9096 7992
8285 8684 8759 7210
9285 8426 7984 7485
8291 7859 8535 8271
7777 7714 9527 7901
8469 9394 8276 7147
9324 8361 8031 7417
9363 8215 8110 7453
9021 8730 8000 7243
9157 8492 7913 7360
8032 7563 9125 8065
7761 7805 9526 7814
8765 8590 7880 7672
8322 7711 8427 8335
8514 9300 8253 6815
8794 8143 7991 7691
8506 8472 8692 7326
8147 8838 8739 7024
7900 7777 8714 8309
8477 7864 8334 7973
7885 8088 9278 7808
7908 8011 9240 7917
8636 9118 8409 6785
7885 7759 9101 8267
8619 8370 8603 7367
9111 8531 8045 7258
8183 7889 8967 8053
7724 7921 9488 7796
