2167 723.185
26451 24817 26421 25604
26215 25195 26516 25115
26121 24559 26555 26021
25869 25662 26121 25536
25818 25296 25886 26084
25787 24668 26987 25257
25707 24792 26182 26330
25448 25024 26962 25498
26040 25234 26726 25244
25542 24589 26912 26001
26432 24951 26223 25581
26264 25330 25924 25670
25475 24987 26620 26185
25991 25225 25889 25976
25879 25625 26365 25291
25886 25650 26313 25427
26163 25216 25963 25919
25676 24860 26402 26323
25981 25596 26389 25351
26215 25201 25935 25805
25561 25039 26494 26186
26028 24612 26621 26009
26408 24967 26235 25664
25682 24804 26278 26295
25934 25628 26319 25444
25486 24899 26952 25823
26064 24569 26314 26092
25831 24966 26966 25414
25581 25213 26287 26178
26210 24639 26100 25929
25911 24634 26619 26101
26234 25195 26459 25273
25883 25570 26145 25754
25945 25553 26365 25439
25550 24952 26825 26097
26368 25034 26298 25597
26394 25200 26042 25464
26354 25184 26257 25591
25975 24759 26841 25406
26383 24941 26344 25566
25496 25147 26496 26161
26223 24926 26020 26006
26286 25160 26035 25823
25868 25380 26793 25344
25879 25136 26931 25777
25734 24709 26894 25981
26223 24656 26575 25762
26346 25165 26077 25613
26196 25413 25983 25565
26280 25304 26193 25399
25819 25590 26312 25519
25509 25076 26585 26178
26029 25579 26353 25679
25709 24700 26675 26169
26078 25045 26015 26043
26053 24944 26006 26078
25531 24847 26850 25965
26075 25488 26345 25287
25908 25211 26882 25622
26142 25446 26534 25453
26012 24600 26537 26085
25720 24747 26867 25938
26274 25400 26133 25334
26374 25115 26187 25442
26059 24938 26086 26110
26099 25241 25972 25869
25520 24938 26480 26271
26271 25322 26442 25418
26205 25245 26577 25466
26251 25346 26259 25374
26082 25549 26447 25251
25841 24746 26944 25676
26320 25334 26115 25429
26056 25232 26709 25301
26328 25206 26198 25630
26138 24676 26279 26049
26180 25427 26340 25497
26191 25363 26139 25523
26296 25329 25998 25520
26280 25056 26056 25778
26339 25259 26430 25383
25539 25174 26215 26229
25973 24956 26902 25714
26289 25256 26125 25736
25727 24597 26556 26255
25684 25506 26146 25897
26350 25325 26102 25415
26220 24783 26713 25507
26303 25105 26580 25310
26239 25445 26201 25479
25942 25023 26043 26140
26026 25514 26416 25531
25973 25522 26400 25320
26241 25191 26475 25336
25951 24877 26071 26234
25526 25146 26386 26167
25933 25150 26937 25488
25630 24954 26641 26187
25817 24839 26558 26220
26006 25114 26760 25659
26067 25486 25995 25615
26313 24868 26385 25602
26151 25347 26410 25348
25960 25072 26836 25325
26297 25318 26290 25390
25790 24767 26547 26265
26052 24851 26834 25491
25808 25470 26644 25333
25955 24962 25989 26161
26089 24680 26599 26017
26021 24715 26429 26082
26044 25539 26148 25389
26305 25089 26435 25538
26037 24764 26815 25586
26024 25319 26612 25475
26031 25393 26315 25716
25902 25302 26798 25525
25916 24725 26543 26094
25861 25545 26256 25793
25599 25429 26575 25766
26268 25127 26227 25827
25594 25103 26520 26133
25643 24916 26756 26060
26338 24694 26483 25427
25679 24994 26722 26070
26117 24737 26391 26046
26019 24719 26272 26197
25731 25180 26172 26109
26054 24760 26107 26122
26077 24822 26693 25832
26152 24731 26699 25806
26335 24852 26254 25703
25798 25061 26855 25812
25887 25476 26151 25782
25694 24776 26436 26281
25703 25242 26625 25991
26113 24989 25927 26033
26146 25473 26325 25694
25757 24842 26206 26285
26102 25141 26165 25942
26370 25273 26324 25352
25816 24729 26604 26200
25933 24834 26221 26289
26057 25250 26636 25433
25748 25238 26720 25872
26344 25314 26268 25350
26092 24793 26512 26036
25514 25152 26539 26128
25723 25104 26845 25849
26318 24670 26296 25837
25922 25387 26374 25841
26121 25316 26651 25359
26183 25321 26279 25482
26341 25066 26141 25737
25852 25043 26344 26174
26094 25108 26179 25951
25670 24862 26810 25994
25849 25535 26582 25550
26060 25367 26156 25905
25901 24841 26907 25909
26201 25484 26300 25366
26396 25126 26363 25306
26400 25185 26262 25369
26072 25403 26282 25697
25586 25154 26358 26160
26254 24844 26352 25769
26230 24709 26481 25819
25545 25113 26490 26154
26215 24800 26231 25926
26148 24871 26509 25827
26017 24780 26663 26071
25677 25012 26403 26280
25671 24964 26530 26193
25873 24908 26597 26116
25833 25054 26876 25779
25802 25241 26752 25762
26136 25312 26615 25573
25960 25362 26173 25971
25607 25143 26849 25809
25876 25085 26382 26125
25781 25262 26060 26100
25611 25502 26378 25829
26162 25341 26065 25673
25989 25285 26369 25972
25964 25049 26747 25824
25653 25519 26517 25622
26275 25174 26251 25728
25743 24948 26594 26155
25698 25439 26443 25785
26200 24859 26637 25513
25803 24976 26249 26251
26047 25018 26784 25546
25946 25423 26464 25689
26085 24829 26557 25912
25959 24787 26420 26172
26111 25530 26312 25550
25811 25526 26310 25686
26038 25215 26806 25388
26168 25138 26664 25544
25950 24730 26109 26204
26245 25206 26242 25758
26129 25442 26196 25769
25828 25356 26516 25914
26096 24963 26735 25748
26125 24769 26545 25857
25975 25118 26335 26000
25518 24977 26573 26194
26210 25073 26263 25870
25627 25130 26506 26102
26370 25198 26318 25458
26171 25162 26322 25790
25604 25277 26774 25914
25878 25384 26586 25719
26259 25055 26566 25528
26351 25033 25984 25610
25892 25126 26956 25618
26073 24731 26864 25771
26035 24973 26589 25920
26144 25478 26185 25572
25848 25465 26328 25833
25791 25299 26742 25699
25893 25268 26680 25684
26000 25091 26178 25974
25643 25018 26829 25949
25940 25410 26649 25711
25974 24743 26461 26164
25718 24811 26563 26240
25904 24683 26684 26047
26203 25339 26475 25363
26324 25098 26124 25741
25948 24929 26463 26025
25754 24893 26412 26261
25719 25158 26787 25900
25738 25056 26634 26040
25667 25145 26286 26159
26309 24980 26400 25576
26301 24886 26323 25616
25767 25125 26743 25958
25715 25374 26703 25753
25855 25029 26296 26228
26283 24662 26456 25802
26227 24981 26447 25835
25589 25346 26532 25944
26086 25129 26548 25767
25845 24975 26552 26087
25725 25020 26789 25980
26009 25375 26374 25643
25806 24738 26578 26120
26278 25312 26355 25626
26263 24912 26413 25691
25907 25137 26246 26064
26228 25331 26112 25751
25986 24905 26374 26138
26024 24857 26093 26159
25999 25496 26438 25606
25663 25038 26339 26234
25930 25318 26332 25907
25820 25169 26238 26151
26247 24855 26474 25890
26170 24818 26190 26011
26152 25014 26063 26032
25800 25247 26659 25749
25799 25291 26154 25997
26031 24691 26588 25953
25991 24689 26317 26129
25943 25397 26361 25775
25811 25208 26508 25923
25988 25500 26580 25619
26042 25452 26233 25779
26068 24772 26622 25897
25695 24922 26485 26270
26034 24920 26624 25880
25883 25043 26820 25773
26076 25432 26373 25681
25764 25108 26531 26078
25637 25269 26455 25971
25982 25460 26370 25633
26027 25281 26619 25561
26071 25353 26546 25588
26403 25038 26392 25442
25617 24897 26564 26287
26101 25334 26476 25554
25935 24809 26221 26146
25817 25458 26571 25636
25635 25334 26362 26091
25724 25032 26460 26249
25622 24978 26614 26173
25729 24986 26337 26243
26333 25183 26276 25672
25657 25123 26669 26081
25513 25034 26711 26077
25741 24946 26676 26062
26176 25181 26452 25718
26234 25228 26291 25721
26187 24921 26471 25799
25995 24988 26449 26023
25958 25101 26356 25978
26063 25084 26497 25855
25772 25227 26779 25826
26084 24796 26606 25877
25773 25370 26436 25889
25917 25073 26161 26134
26186 25171 26569 25501
26192 24798 26482 25757
25609 24996 26599 26181
25965 25030 26706 25710
25864 25423 26426 25724
25814 25047 26607 26056
25691 25237 26631 25917
26049 24806 26461 26041
25972 24882 26414 26067
26107 25121 26766 25627
25970 25007 26645 25936
25927 25406 26421 25818
26319 25067 26209 25730
25963 24928 26853 25894
25900 25275 26560 25846
25689 25203 26306 26106
26154 25155 26732 25533
25907 25430 26220 25821
25908 25449 26372 25662
25677 24902 26840 25934
25541 24868 26655 26218
25753 25001 26431 26207
25758 24933 26457 26214
25882 24957 26860 25654
26068 25025 26467 25883
25939 25136 26869 25570
25717 25135 26281 26239
25901 25069 26738 25744
25865 24791 26259 26229
26293 25229 26400 25658
25943 24913 26349 26030
25660 25166 26545 26072
25795 25086 26381 26129
25591 25003 26732 26014
25706 25462 26359 25753
26167 25144 26399 25914
25759 25132 26646 25964
25925 24915 26779 25970
26176 25265 26525 25663
26014 25176 26396 25864
25625 24865 26603 26287
26122 25343 26369 25786
25651 24976 26628 26190
26208 25066 26568 25652
26114 25400 26469 25606
25750 25224 26717 25862
25929 25198 26302 25979
25904 25013 26591 26015
25885 25398 26305 25919
26041 24708 26572 26021
26315 25033 26405 25509
26399 25081 26337 25512
26248 25063 26565 25649
25867 25094 26240 26142
25822 25095 26639 25983
25623 25149 26716 25955
26103 25059 26504 25831
25932 24969 26719 25902
25919 25250 26427 25903
25840 25116 26783 25853
25910 24720 26582 26098
26112 24961 26514 25797
25777 25327 26808 25729
25830 25310 26501 25758
25896 25419 26401 25798
26045 25211 26346 25874
26061 25122 26293 25939
25967 25290 26647 25747
25613 25270 26473 26113
25784 24895 26364 26212
25865 25149 26730 25795
25895 25077 26372 26052
25903 25132 26406 26000
26100 24866 26229 26065
25969 25295 26163 25985
25830 25156 26770 25848
26023 25161 26092 25995
25920 25468 26393 25648
26081 25455 26326 25537
25896 24874 26673 26005
25809 25223 26745 25707
25899 25444 26535 25646
26144 25308 26578 25580
26041 24879 26666 25788
25775 25416 26584 25876
26120 25289 26491 25584
25786 25493 26354 25639
25915 25350 26582 25735
26334 25185 26236 25485
25937 25373 26447 25814
26162 25366 26275 25557
26043 25082 26672 25668
25759 24930 26322 26259
25861 25296 26812 25505
25648 25280 26401 26067
26155 25252 26294 25676
25603 25021 26627 26089
26218 25076 26371 25803
25664 25176 26609 26016
26069 25193 26555 25818
25544 25524 26274 25856
25785 24998 26858 25917
25979 24896 26598 25956
26119 25006 26670 25653
25813 24983 26687 26061
25752 25204 26376 26022
25962 25254 26488 25787
26110 25052 26446 25796
26128 25183 26655 25559
25870 24937 26770 25840
26160 25031 26629 25677
25835 24914 26817 25947
25826 25124 26601 25946
25843 25288 26565 25845
25838 25170 26765 25679
26075 25297 26211 25820
25998 25408 26441 25732
25913 24911 26527 25996
25921 24889 26533 26012
25800 24826 26613 26101
26108 25150 26390 25763
25779 25098 26417 26039
25755 25106 26416 26119
25979 25082 26830 25501
25949 24989 26803 25707
25832 25099 26873 25783
25953 25186 26662 25759
25824 24937 26723 25886
25782 25257 26658 25761
26105 24888 26503 25910
25926 25189 26708 25754
25954 24849 26485 26036
25861 24958 26651 25959
25776 25493 26394 25674
26071 25080 26772 25609
25823 25187 26818 25702
26039 24924 26597 25843
25807 25179 26319 26020
25778 25306 26524 25861
26051 24877 26595 25931
25898 24859 26418 26209
25733 25014 26801 25859
25935 25071 26678 25866
25898 25004 26266 26158
26023 25231 26562 25741
26081 25293 26518 25657
26133 24916 26542 25806
25604 25011 26397 26293
25744 25212 26495 26021
25687 25140 26487 26067
25983 25220 26454 25970
25889 25228 26493 25854
25614 25142 26582 26115
25858 25202 26330 26006
26081 24686 26337 26091
25716 25435 26564 25917
26195 25093 26583 25742
25997 24898 26522 25934
25862 25278 26387 25864
26002 25218 26398 25852
25854 24940 26653 26057
25847 25481 26278 25926
25697 24970 26597 26086
26025 24917 26439 25938
25881 24661 26488 26189
26033 25143 26446 25851
25855 25258 26415 25896
25859 25121 26556 25961
25993 25058 26689 25917
25729 25022 26871 25928
26050 24901 26423 26013
25880 25164 26424 26003
25825 24913 26739 26073
25839 25035 26451 26163
26022 25064 26653 25732
26008 25167 26419 25868
25836 25196 26521 25878
25952 24820 26570 26054
25842 25027 26447 26123
25882 25093 26203 26213
26000 24990 26567 25837
25960 24663 26765 25982
25915 24986 26380 26136
25809 25057 26213 26197
25719 25265 26610 25924
25868 25004 26350 26149
25941 24980 26602 25987
26043 24931 26366 25968
26257 25090 26394 25741
25770 25137 26568 26075
25645 25203 26563 26053
26003 25000 26520 25893
26159 25098 26541 25644
25701 25023 26596 26182
25793 25073 26542 26143
25712 25183 26412 26075
25699 25036 26566 26114
25987 25188 26632 25825
