3450 30.0105
4019 3384 3281
3773 3173 3661
3657 3982 2939
3452 4071 3081
3335 3403 3862
3133 3787 3660
3150 3858 3611
3623 3989 2969
3605 4000 3009
3192 3955 3452
3625 3989 2952
3459 4061 3015
3208 3869 3607
4005 3452 3273
3196 3888 3577
3749 3188 3671
3236 3796 3652
3246 3894 3563
3430 3281 3847
3982 3524 3197
3541 3288 3801
3355 3305 3853
3748 3945 3056
4011 3371 3308
3401 3342 3826
3470 3249 3849
3931 3428 3470
3338 3394 3859
3579 4001 3037
3288 3652 3751
3493 3437 3794
3467 3699 3640
3838 3225 3597
3813 3235 3613
3898 3603 3322
3323 3411 3851
3976 3515 3278
3859 3775 3185
3825 3592 3421
3708 3926 3203
3730 3917 3158
3539 4024 3051
3309 3659 3721
3688 3912 3231
4016 3446 3235
3488 3544 3711
3853 3692 3310
3650 3377 3720
3213 3745 3703
3719 3263 3688
3647 3195 3758
3703 3671 3530
3331 3424 3838
3966 3462 3365
3761 3218 3654
3568 3363 3762
3811 3589 3485
3752 3618 3435
3372 3572 3756
3683 3981 3061
3845 3484 3496
3754 3852 3246
3826 3332 3595
3585 3469 3676
3569 4014 3079
3706 3927 3117
3516 3867 3426
3431 3329 3841
3593 4002 3031
3260 3687 3722
3695 3313 3723
3273 3742 3689
3215 3792 3656
3305 3777 3685
3847 3704 3216
3478 4048 3096
3699 3948 3083
3409 4054 3098
3902 3285 3521
3838 3202 3601
3953 3431 3412
3912 3502 3429
3936 3600 3263
3873 3703 3226
3835 3783 3182
3583 3477 3694
3530 3290 3829
3832 3832 3121
3502 4031 3163
3749 3901 3113
3665 3973 3068
3253 3858 3589
3758 3745 3404
3779 3339 3651
3906 3617 3280
3251 3857 3605
3223 3903 3573
3885 3348 3550
3745 3191 3672
3783 3677 3431
3999 3409 3361
3950 3580 3293
3602 3199 3777
3520 4019 3130
3800 3221 3627
3736 3231 3671
3298 3506 3798
3269 3890 3554
3933 3309 3476
3671 3631 3581
3543 3646 3682
3969 3417 3433
3366 3368 3833
3766 3879 3124
3412 3386 3821
3739 3258 3668
3426 4045 3169
3972 3548 3222
3529 3358 3779
3653 3253 3735
3946 3597 3287
3710 3714 3493
3444 3300 3833
3495 3973 3265
3510 4027 3133
3291 4008 3390
3617 3992 3020
3498 3540 3730
3793 3886 3105
3282 3672 3721
3888 3496 3453
3645 3934 3254
3841 3379 3589
3615 3449 3712
3808 3731 3284
3769 3381 3628
3643 3278 3739
3566 3274 3785
3742 3910 3100
3591 3317 3770
3482 3921 3465
3942 3335 3448
3404 3871 3523
3194 3812 3643
3764 3457 3582
3392 3498 3785
3342 4033 3314
3221 3991 3400
3921 3387 3479
3866 3576 3360
3715 3238 3691
3622 3400 3683
3448 3875 3481
3322 3854 3553
3314 3884 3557
3686 3804 3394
3599 3979 3145
3326 3831 3575
3606 3244 3770
3456 3817 3545
3901 3584 3333
3817 3509 3532
3772 3684 3415
3728 3899 3176
3659 3193 3743
3524 3803 3482
3475 3312 3831
3262 3512 3797
3970 3392 3409
3986 3443 3315
3938 3298 3459
3735 3757 3344
3660 3214 3738
3596 3419 3760
3527 3770 3537
3942 3639 3152
3916 3636 3249
3705 3721 3455
3507 4060 3022
3731 3521 3585
3922 3656 3207
3721 3762 3397
3697 3958 3073
3668 3953 3156
3654 3947 3179
3509 3806 3526
3465 4040 3137
3398 3999 3327
3319 3526 3790
3721 3798 3319
3523 4035 3074
3773 3826 3241
3598 3991 3026
4009 3440 3346
3678 3951 3095
3329 3820 3626
3774 3727 3347
3377 3669 3667
3957 3555 3306
3863 3653 3336
3312 3495 3820
4001 3460 3193
3821 3793 3209
3517 3759 3546
3427 4029 3252
3387 3781 3623
3351 3749 3652
3847 3623 3419
3960 3552 3233
3395 3720 3623
3935 3586 3307
3801 3405 3604
3740 3881 3254
3661 3352 3716
3641 3206 3742
3588 3422 3718
3522 3294 3811
3497 3808 3550
3364 3908 3512
3714 3267 3708
3948 3517 3330
3861 3445 3503
3777 3612 3440
3551 3842 3403
3414 3994 3348
3374 3724 3630
3345 3594 3773
3640 3209 3740
3989 3475 3256
3926 3649 3217
3856 3614 3364
3607 3538 3641
3548 3931 3401
3546 3604 3646
3484 3582 3708
3456 3691 3644
3292 3873 3569
3963 3534 3269
3631 3930 3311
3612 3471 3673
3580 3822 3459
3380 4032 3302
3370 3525 3781
3229 3849 3620
3458 3257 3838
3365 4042 3196
3927 3479 3384
3560 3319 3766
3325 3835 3579
3919 3395 3487
3815 3713 3337
3348 3707 3701
3857 3518 3467
3727 3625 3490
3806 3846 3187
3789 3707 3369
3786 3677 3387
3663 3862 3341
3609 3723 3510
3578 3860 3374
3534 3941 3297
3803 3387 3591
3711 3937 3065
3618 3425 3705
3610 3987 3045
3431 4040 3219
3556 4011 3141
3458 4051 3148
3389 3946 3463
3731 3951 3043
3979 3404 3394
3294 3807 3648
3997 3493 3211
3461 3602 3725
3247 3766 3689
3945 3295 3465
3723 3240 3686
3590 3642 3603
3473 3465 3773
3279 4037 3279
3985 3513 3291
3871 3435 3531
3464 4010 3299
3858 3627 3347
3373 4058 3142
3877 3321 3559
3810 3243 3608
3805 3734 3346
3796 3844 3209
3747 3717 3419
3545 3271 3806
3344 3837 3557
3914 3686 3166
3904 3644 3238
3894 3710 3130
3830 3758 3251
3453 4034 3238
3339 3481 3818
3267 3841 3609
3726 3213 3687
3651 3487 3657
3534 3491 3714
3487 3561 3726
3917 3527 3331
3717 3634 3491
3666 3864 3259
3620 3986 3090
3604 3271 3776
3575 3895 3358
3571 3578 3670
3532 3823 3475
3397 4052 3165
3368 3976 3395
3357 3967 3446
3989 3504 3204
3929 3507 3353
3407 3829 3571
3923 3570 3328
3725 3558 3588
3724 3198 3698
3557 3251 3812
3499 3748 3548
3485 3984 3284
3869 3508 3438
3843 3454 3517
3733 3852 3260
3684 3957 3094
3629 3963 3269
3587 3531 3664
3535 4021 3109
3419 3492 3808
3362 3504 3793
3277 3814 3636
3818 3674 3378
3884 3356 3520
3712 3767 3417
3698 3784 3377
3512 4022 3135
3367 3905 3513
3558 3740 3543
3435 3498 3768
3695 3610 3535
3584 3995 3085
3361 3954 3499
3275 3534 3787
3446 3799 3566
3901 3712 3127
3559 4021 3049
3477 3532 3746
3910 3553 3346
3227 3784 3667
3563 3276 3785
3993 3472 3305
3382 3886 3547
3233 3709 3725
3416 3706 3647
3424 3395 3818
3421 3637 3719
3788 3336 3647
3751 3307 3661
3526 3695 3547
3317 3779 3628
3300 3664 3715
3974 3478 3294
3938 3502 3371
3353 4054 3211
3303 3685 3713
3449 3959 3433
3443 3666 3650
3834 3529 3450
3794 3433 3573
3573 4017 3021
3562 3978 3227
3555 3442 3741
3450 3940 3442
3400 3965 3450
3281 3839 3603
3265 3850 3600
3994 3471 3286
3827 3723 3257
3894 3563 3372
3868 3467 3454
3674 3738 3447
3593 3546 3648
3433 3327 3825
3968 3461 3321
3874 3613 3335
3854 3763 3191
3761 3891 3222
3634 3966 3125
3594 3989 3175
3537 3439 3774
3472 3577 3749
3301 3952 3539
3218 3969 3444
3572 3302 3780
3485 3753 3577
3734 3892 3146
3656 3825 3382
3513 3473 3728
3511 3937 3301
3503 3814 3478
3446 3371 3810
3433 3915 3473
3316 3913 3501
3822 3806 3151
3737 3554 3507
3891 3736 3168
3389 4005 3355
3770 3916 3091
3636 3956 3110
3598 3827 3380
3553 4004 3213
3538 3862 3409
3876 3534 3405
3714 3923 3171
3558 3608 3637
3528 3764 3516
3718 3349 3632
3636 3313 3753
3515 3425 3806
3476 3710 3617
3695 3607 3561
3736 3911 3101
3556 4015 3088
3713 3439 3680
3385 3709 3656
3504 3662 3603
3955 3565 3231
3891 3458 3452
3438 3834 3567
3418 3550 3764
3360 3718 3651
3218 3568 3781
3231 3713 3717
3652 3971 3095
3625 3536 3640
3446 3878 3503
3892 3650 3299
3882 3680 3232
3791 3610 3502
3674 3320 3734
3638 3812 3473
3633 3397 3749
3576 3551 3631
3549 3923 3383
3506 3969 3235
3481 3505 3763
3358 3639 3709
3290 3632 3727
3954 3324 3443
3844 3557 3420
3792 3448 3568
3670 3354 3710
3639 3207 3764
3611 3865 3357
3596 3481 3665
3514 3679 3559
3439 3726 3606
3315 3769 3650
3962 3456 3389
3440 3650 3658
3320 3890 3524
3831 3681 3356
3669 3752 3432
3481 3963 3370
3378 3696 3666
3970 3434 3350
3880 3637 3305
3664 3829 3342
3619 3976 3142
3435 3396 3814
3378 3821 3586
3278 3846 3599
3264 3828 3626
3390 3460 3824
3798 3324 3621
3713 3848 3295
3669 3398 3692
3568 3996 3194
3798 3803 3291
3778 3387 3615
3677 3940 3228
3818 3688 3362
3275 3897 3551
3822 3456 3506
3770 3852 3190
3572 4003 3173
3528 3530 3698
3504 3355 3815
3498 3532 3733
3593 3998 3063
3924 3486 3433
3628 3507 3636
3879 3567 3372
3818 3840 3109
3676 3595 3567
3500 3860 3512
3442 3328 3820
3436 3633 3686
