2394 600.924
27541 24707 24621 24529
26443 24681 23441 25864
26056 26492 26064 23094
25692 26927 25665 23644
25520 23068 25474 26822
24782 24673 27731 24693
24119 23934 25494 27795
23568 24499 25663 27234
25155 23171 25590 26740
26624 24874 23555 25511
25494 23185 25706 26421
23589 24636 26039 26836
25120 23266 25590 26701
26541 24854 23628 25534
24630 23828 25287 27330
26238 26314 25901 23150
27116 25333 25071 24096
26583 24894 23569 25516
25848 26390 26175 23298
24968 23360 25629 27140
24187 23919 25501 27692
24202 24048 25618 27548
24596 24352 27210 25433
23655 24301 26171 27084
25234 24659 27459 24961
24493 23756 25716 27572
25856 26538 26092 23246
26839 25255 24107 25070
26069 26599 25583 23346
26498 25268 24457 25056
24507 23733 25731 27520
24885 24783 27433 25253
24272 24630 26347 26302
26972 24899 23855 25187
27042 24613 24228 25281
25017 24360 27714 25094
25688 25768 26527 23519
25032 24569 27669 25064
24576 24253 25246 27253
25540 23609 25040 26587
23660 24603 26012 27073
24760 23317 25773 26788
25022 23390 25742 26708
26812 24954 23737 25404
26735 24906 23775 25386
25789 25637 25187 24919
24059 23910 25574 27736
25045 24962 27251 24716
26534 24549 24157 25490
24318 24476 26628 26173
24873 24520 27554 25114
27091 24994 23931 25011
23862 24108 26324 26859
24766 23571 26358 26367
23696 24500 26298 26968
25361 23528 25135 26608
25074 25087 26718 25583
25803 26703 25744 23854
23920 24076 25916 27422
25010 23559 25979 26433
25260 23288 25567 26578
26790 25328 24425 24600
24986 23450 25636 26994
27416 24818 24817 24446
24238 23795 25499 27595
24231 23978 25609 27506
24415 24002 25497 27619
25635 23310 25239 26338
27372 24843 24619 24619
26021 26484 26082 23178
25933 24089 25252 25806
25085 24534 27082 25172
23878 24244 25835 27208
23803 24330 26006 26947
26927 24847 23879 25220
25713 26876 25725 23817
25974 26440 26126 23201
24740 24159 25373 26764
26472 24812 23895 25442
24947 24757 27500 24845
23734 24593 26048 27098
25342 25308 26581 24938
25094 25049 27316 24683
26769 24887 23723 25448
24726 25611 25955 24866
24091 23914 25495 27770
25622 25368 26871 24274
25414 23797 25654 26551
25726 26826 25760 23800
25809 26625 26086 23323
25217 25265 27061 24377
27231 24892 24908 24154
23833 24367 26267 26793
25522 23582 25052 26477
23978 24450 26383 26682
25547 26175 26314 23950
27014 24786 25224 24408
26384 25679 24881 24255
24556 25010 26023 25877
24537 24587 27026 25617
24131 23954 25474 27714
26127 26454 25994 23203
25331 24414 24292 26258
26510 25215 24063 25099
26734 25055 23939 25217
27273 24789 24779 24700
24820 23898 25392 27217
26946 24947 24678 24483
26765 25203 25160 24878
25707 25850 24731 24895
26843 25080 24179 24779
25758 26813 25789 23584
27438 24797 24587 24460
25269 25543 26905 24578
26744 24875 23653 25502
26984 25172 24919 24215
25533 25781 26188 24310
26045 25490 25358 24513
25540 23489 25089 26660
27321 24723 24481 24738
25171 24955 27185 24977
23776 24823 26062 26514
24382 23862 25542 27431
26320 24921 24150 25596
24173 24158 25642 27398
27330 24573 24407 24798
25878 26651 25785 23538
24899 24379 24898 26718
25056 24024 25309 26539
24395 23851 25709 27235
26749 24926 23838 25352
25605 25445 25021 25199
26884 25457 25152 24207
25373 25223 26950 24712
26441 25356 24637 25034
27049 24822 23804 25049
23775 24230 26021 27139
24020 24287 25897 27033
23893 24360 26317 26813
26006 26522 25971 23545
26031 26463 25877 23558
25423 24939 27293 24663
24638 23975 26253 26358
25836 24647 23978 25994
26907 24976 23955 25246
26853 24879 23709 25442
24257 24652 26647 26050
24012 24303 26691 26385
24935 23416 25663 27168
24843 24122 26556 25905
26596 25757 25343 23693
24967 24807 27146 25293
25357 25392 26981 24354
26570 24965 24043 25410
26337 25464 24818 24554
24207 23963 25725 27450
26218 26112 25693 23483
25850 26088 26373 23603
26469 25126 24194 25357
26488 25242 24493 24858
25118 23703 25964 26460
27285 24646 23826 24869
26719 24412 24442 25649
25655 26361 25998 23771
26868 25228 25343 23839
24069 24623 26614 26116
24299 24190 25949 26885
26615 24566 24124 25520
26349 25292 24280 25259
26672 25473 24959 24212
25293 25830 25876 24759
26364 24508 24084 25760
24439 24029 25806 27049
24543 24417 26808 25974
25626 25807 26482 23752
24289 24520 26081 26327
24684 23631 25560 27293
24753 23691 25658 27039
25185 25068 25131 25846
27061 25317 24805 24107
27140 24827 25024 24496
25800 26854 25773 23703
26169 24136 24287 26190
24218 23961 25280 27662
24701 24381 25882 26236
26037 26505 25918 23227
26862 24911 24241 25158
24609 24220 26553 26279
25069 24561 27517 25002
24962 23515 25318 27109
26261 25559 24402 24716
26964 24617 24640 24776
26630 25644 25413 23987
24156 24199 26031 27031
26802 25509 25364 23805
24845 24731 27471 25308
24946 24544 27334 25224
26014 26580 26070 23370
26226 24275 24204 25889
24097 24980 26156 26063
24969 24641 27655 25025
24921 24714 27402 25116
24003 24801 26433 26270
27389 24862 24826 24385
25937 26286 25552 23966
26650 24527 24001 25412
25001 24674 27585 24860
25386 25164 27100 24583
26278 25580 24308 24580
24361 24225 25944 27227
25437 25380 25265 25514
24331 24395 26710 26276
23996 24340 26276 26907
25157 24795 27381 24806
26762 24535 24441 25374
26685 25036 24018 25309
25764 26905 25648 23773
26130 25791 25009 24627
25313 25210 26209 25193
25582 25519 25427 25131
26310 26192 25810 23439
27207 25082 24799 24195
26110 26195 26174 23310
26283 26427 25491 23731
24089 24419 26670 26378
23717 24586 26136 26905
25108 25604 26232 24476
25640 25910 26352 23871
25028 23427 25693 26673
25953 26563 25855 23477
26694 24761 23689 25648
24040 24205 26167 26831
27511 24675 24829 24510
23850 24390 25768 27189
24249 24209 25817 27348
24603 23505 25382 27393
24592 24108 25232 27125
27347 24918 24601 24431
23757 24267 26103 27084
24960 24872 26328 25916
25870 26727 25752 23471
26176 23838 24711 25567
26832 24439 24654 25018
25594 26329 25316 24314
26058 24281 24928 25708
24669 23644 25736 27183
24485 24499 26961 25633
24298 24471 26499 26419
24981 23477 25422 27047
25441 26344 25962 23910
26408 24264 24371 25930
27361 24672 24029 24756
24847 24243 25929 26030
26196 24821 24214 25852
24772 24648 27636 24754
24138 24363 26377 26534
25374 26219 26139 24047
26118 24692 24608 25694
24540 23935 25578 27272
26082 26142 25189 24058
23962 24718 25955 26482
24863 25056 26200 25632
26284 26035 25822 23395
25560 26083 26442 23760
24429 24070 25603 27357
25812 26129 25205 24638
26243 25350 25628 23829
24400 24774 25533 26646
25713 26070 26160 23791
25039 24835 27269 24948
24525 23830 25430 27285
23903 24554 26438 26598
25569 23633 25479 26220
24830 23872 25097 27218
26519 25183 23890 25474
25646 26205 26295 23427
24223 23961 25683 27465
24933 24978 25460 25788
26707 24672 24322 25281
24834 23661 26222 26526
25273 23683 25219 26697
25807 26751 25908 23611
27538 24644 24686 24428
25753 26782 25763 23794
24868 25029 27195 24725
25143 24597 27608 24837
23853 24372 26234 26848
24422 24906 26286 26086
23754 24429 25826 27005
25598 26124 26182 23917
25827 26653 25715 23996
27103 24947 24539 24438
25676 25949 25887 24010
25756 25987 24876 24668
25204 24213 25669 26495
25148 25136 26927 25091
25612 25747 26465 24110
25848 26674 25797 23708
25193 24408 27012 25235
26184 25720 24679 25019
26592 24753 23818 25540
25854 26531 25945 23413
25502 23652 25088 26405
23941 24389 26112 26738
26293 23951 25108 25423
26304 25798 25412 24294
27190 25179 24855 24183
25102 24529 27614 24981
25442 25655 26832 24374
27318 24739 24581 24740
27256 24867 24917 24491
24790 23981 26411 26194
26377 24143 24637 25549
27215 24993 24753 24256
24918 23546 25650 27014
26043 25838 25514 24523
24830 24766 27532 25056
25283 25782 26508 24076
25242 24936 27298 24896
25651 25810 26451 24178
25349 24586 26748 24853
24165 24493 26402 26263
24568 24206 27113 25646
26228 24931 24251 25623
26297 25595 24770 24445
26365 25970 25130 24334
25772 23625 25032 26294
25743 25881 25696 24502
24113 23880 25643 27722
24338 24124 26347 26672
25969 25899 25114 24393
25447 25153 26848 24489
25889 26803 25549 23487
26480 24125 24745 25369
27457 24888 24917 24228
25811 25703 26447 24048
24670 23891 25839 27143
25997 25893 26066 23671
25474 23783 25214 26455
23819 24080 25961 27082
25784 26372 25734 23884
24655 24512 25385 26439
26461 24761 24588 25271
26271 26152 25838 23377
24372 24308 25727 27379
25524 25288 26660 24588
25132 23990 25853 26121
25212 25140 25418 25812
27065 25164 24916 24231
27186 24840 24522 24752
25979 26385 25599 23780
27300 24892 24760 24430
26318 25992 25888 23506
25020 24740 27570 24991
24057 23954 25675 27646
24474 24168 25847 26918
24457 24218 25834 26900
25648 23514 25406 26105
26141 26146 25523 23960
25340 26163 25924 24651
24985 23405 25544 27065
25933 25916 26530 23452
25735 26791 25940 23810
27485 24737 24785 24631
25236 23726 25049 26782
24512 24149 25537 26945
25964 24487 24382 26113
23822 24392 26180 26935
25856 26764 25773 23816
26366 25420 24979 24418
25552 25316 26244 24817
26423 25145 25635 24045
25470 25730 26459 24404
25855 26738 25659 23933
26897 24563 24511 24944
26557 24504 24624 25349
25453 24262 25402 25669
26173 24555 23790 25860
25730 26912 25774 23727
26101 26316 25164 24133
23726 24356 26184 26953
25777 24174 24547 26347
26005 26205 25687 23567
25815 26240 25845 24001
24936 24530 27419 25160
26208 25280 24840 24998
27508 24703 24740 24491
25823 24511 24954 25729
25368 26377 26264 23866
25724 26547 25745 24019
27165 24777 24984 24535
24908 24173 25781 26143
25767 26015 25510 24127
24869 24952 26889 25262
26029 26280 25973 23500
25918 24435 24932 25755
25759 26682 25812 23831
24806 24851 26764 25313
24710 23743 25827 26763
24642 24769 26791 25637
24793 24308 26801 26157
25720 25547 24838 25082
25488 25920 26218 24021
24538 24984 26797 25837
26014 24988 24869 25610
26417 26000 25885 23718
25210 24567 26996 25082
25384 25873 26274 24173
26569 24876 23663 25531
24895 24743 27164 25411
25159 25117 27273 24285
25907 26248 25125 24231
25668 24503 25292 25738
26277 26300 25976 23327
26089 26039 24883 24387
24972 24277 25702 26315
24954 23544 25398 27060
26329 26022 25512 23219
25732 26400 25780 23938
24195 24846 26505 26213
26796 24880 23681 25468
25368 24066 24968 26519
26822 25132 24553 24953
25864 25688 26322 23637
26567 24678 24058 25307
25096 25410 26520 24974
25885 26588 25616 23659
25805 25398 24690 25121
24954 23269 25663 26920
25060 25693 26615 24190
25479 23481 25329 26378
26155 26051 25246 24136
26940 24375 24530 24894
25461 24389 24264 26404
24408 24142 26054 26625
25747 26722 26005 23658
26179 26003 25000 24119
24689 24607 25858 26435
25393 25803 26635 23997
25563 24932 26733 24587
25405 25433 26865 24207
24794 24826 27139 25341
27153 24883 24562 24485
26372 24383 24071 25680
26660 25384 25248 24648
26714 25666 25294 24039
26200 25858 24863 24727
26123 24460 24136 25946
26046 24057 24352 25965
24640 23677 25916 26761
26838 24915 23997 25233
25934 26058 25146 24404
24066 24056 25577 27671
25250 25528 26857 24699
25654 26232 24987 24830
25306 25728 25648 24789
25983 26410 26001 23622
27178 24856 24736 24728
25521 23759 25499 25885
25086 25104 25871 25762
27402 24679 24751 24636
25433 24623 26148 25062
25198 23724 25216 26620
24046 25000 26107 26013
24423 24464 25432 26639
25739 24348 24890 25935
25881 26575 25802 23669
23944 24497 25901 26620
26665 24490 24710 25243
24773 23666 25681 26565
25251 24595 26777 25466
24894 23748 25637 26972
26454 25975 25511 23483
26248 23889 24572 25968
26300 25962 25799 23743
24080 24722 26050 26410
25255 24977 27394 24543
24602 24196 27069 25782
24419 24571 26469 26075
24788 24328 25338 26982
26211 26418 26002 23453
26150 26411 25663 23601
26235 24319 24759 25146
25399 24478 25348 25672
24467 24514 25660 26488
26640 24804 25285 25145
27002 24986 25031 24164
25876 26506 25439 24283
25566 25568 26785 24060
26582 25043 24384 25008
24368 24689 26896 25943
26044 26264 25399 23893
25302 24700 26802 25332
25801 25399 26158 24242
26212 24148 24351 25991
24721 24422 26700 25994
26936 24997 24946 24360
26581 25127 23966 25159
26183 25651 25447 24074
25209 24191 26393 25684
