153633 3360.69
19213 16460 16285
17939 15068 18542
16758 19154 14758
15824 15516 20017
15489 19610 16162
14357 18444 18265
14469 18670 18038
17819 15206 18739
17588 18725 14801
17672 15137 18755
14505 18600 18156
17384 16391 18523
17777 18557 14883
17666 15126 18775
19039 16760 16004
18628 16878 17115
14536 18374 18308
16254 15814 19829
17604 15075 18857
18181 17265 17312
18993 16165 16839
17345 18894 15108
16220 18124 17746
14868 17897 18961
14576 18109 18665
16129 17922 18231
15186 19066 17290
18946 16980 16031
16504 19134 15640
18447 17631 15678
14933 17675 18982
16166 15654 19902
16560 19187 15616
17898 15249 18570
17875 16605 18338
17048 18877 15809
17079 17290 18253
18684 17039 16540
14726 18862 17798
16868 15454 19488
18859 16040 17239
17503 15276 18877
17858 15901 18607
19129 16134 16491
17889 15377 18438
14977 19120 17153
18460 17622 15727
17293 18858 15487
16370 19341 15710
18123 15964 18166
17719 17803 17421
18961 16221 16914
14563 18098 18764
18205 15979 18127
18221 16348 17837
14647 18036 18757
18377 17730 15667
18067 15426 18355
17970 15394 18387
17487 16840 18294
18030 17741 16347
14614 18842 18011
16823 15236 19559
19164 16505 16237
16590 17399 18538
16640 19262 15233
15742 19564 16029
16803 15353 19591
15927 19546 15849
16281 19144 16330
16944 19041 15075
18800 16898 16849
17146 15477 19333
17097 18523 16277
16993 17508 17855
14895 18022 18498
15456 19515 16393
18726 16099 17228
15038 18613 17985
18271 17706 16186
17837 15838 18682
17931 17479 17080
16000 19421 16024
18007 16307 18135
14670 18885 17718
16812 16176 19193
15082 19029 17411
15570 16329 19839
15289 17570 18817
17178 15730 19175
19115 16153 16480
19079 16654 16590
16141 19479 15359
16694 15715 19378
16717 19076 15584
17467 15416 18940
16106 16254 19691
18406 15934 17573
15469 19587 16215
15793 16824 19406
19098 16406 16560
18246 18149 14913
15111 18979 17369
15347 16720 19770
17121 15770 19307
15781 16740 19451
17028 15684 19324
15942 17029 19160
16037 16230 19720
15005 17995 18559
15844 15992 19953
18791 16469 16983
17132 15329 19387
17165 17067 18427
15987 19471 15972
14784 18540 18218
17041 18600 16047
15832 17979 18316
19177 16463 16149
15102 18563 18032
18163 17421 16884
15617 17869 18476
15068 17769 18929
16491 18708 16643
16878 19053 15053
16183 16920 19366
17770 15950 18585
17304 18290 16653
18980 16852 16304
16381 16960 18840
16675 18931 16358
16043 15676 19925
15631 16434 19748
17976 17792 15920
14905 18794 17593
15202 17174 19286
15149 18254 18285
16608 19211 15514
18434 16425 17535
16473 16294 19426
15723 18969 16920
16536 16138 19539
16946 18130 17479
14852 18579 18068
18482 16618 17360
17473 15309 18881
15591 16807 19497
18669 17492 15326
14955 19095 17523
15059 17779 18971
16752 17858 17704
19042 16658 16131
16894 17330 17948
15363 18950 17061
16551 15885 19655
18778 17158 16302
18643 17205 16253
14689 18163 18645
16355 16816 18957
14919 18466 18188
16509 18681 16756
16708 15572 19695
17139 17099 18399
15805 17372 19031
18476 17601 15539
18868 16491 16823
17705 18453 15146
14769 18981 17654
17329 16206 18789
15523 18089 18360
17155 15725 19245
18366 17876 15033
18308 17020 17040
15554 19464 16470
15311 15634 20007
16494 17557 18118
15443 17692 18781
16852 17731 18101
18635 16339 17457
16213 19353 16125
17202 17844 17689
16336 18739 16610
18298 15915 17900
18289 18077 14996
17683 18245 15904
18078 18314 15022
17944 18061 15603
15824 19295 16380
18839 16671 16733
17569 18406 15835
15665 17826 18603
18136 18175 15405
17370 18814 15380
18256 17969 15221
17574 18491 15342
18760 16241 17210
14702 17461 19228
17452 18821 15009
17398 18183 16744
14598 17548 19141
16067 18773 17004
16933 15342 19517
14975 19318 17188
18603 17124 16789
17733 17085 17839
15514 18008 18506
18585 15777 17676
15774 19018 16861
16923 15999 19114
15229 17281 19210
16616 15610 19624
16275 15548 19871
17032 18995 14782
17951 17647 16781
18045 17787 15872
18153 18066 15162
15951 18636 17129
16025 15762 19865
17598 16279 18489
16860 18958 15789
18654 17600 15740
16268 19328 15767
16193 19415 15376
17619 18657 15246
16385 18696 16900
15167 17326 19256
17560 16863 18203
15380 18333 17926
14833 19038 17607
17430 15284 19176
15320 19388 16671
15603 16629 19609
16328 15788 19763
15332 17118 19513
14944 16729 19601
18301 15843 17822
18423 17192 16445
17474 16532 18462
18767 16595 16964
18363 16662 17338
15760 17944 18373
17652 18550 14930
16314 16246 19571
14739 18307 18452
16159 15538 19912
15425 17385 18993
15714 15848 19992
17636 17348 17527
18711 17537 15295
16679 15863 19505
15264 19366 16895
15991 16023 19887
15126 17941 18751
16041 16091 19733
16741 18828 15987
17226 18942 15280
18787 16545 16966
18080 17836 15562
18387 17756 15438
17229 18781 15892
14800 17594 19070
17692 18616 14905
16325 17437 18726
16789 19080 15175
16881 19016 15190
17550 18474 15441
15707 19441 16276
17920 17934 16070
16835 17526 18274
16296 16916 19108
18261 17014 17393
16735 15498 19551
15715 19502 16205
18220 18191 14976
17790 18079 16674
17995 17813 15753
15328 18276 18176
15487 16029 19951
15254 18393 17961
15701 17490 18694
18923 16868 16170
18335 15620 18087
18733 17232 16081
15855 18357 17914
16293 15585 19856
18107 17356 17248
17420 18752 15311
16174 16061 19803
16205 18845 16951
17251 18266 16780
18023 17584 16565
18538 15832 17641
17520 18150 16217
18874 17058 16170
16445 19307 15530
18049 18478 14977
17219 18575 15947
16077 16555 19649
15906 19207 16177
15868 16077 19817
15407 18646 17862
14629 18757 17966
16447 16148 19472
17704 17297 17883
16907 15440 19336
17866 17006 17922
15306 19332 16716
18890 16942 16671
18329 16723 17406
18883 15496 16946
17418 15561 19073
17823 18382 15821
15016 18761 17561
15449 18912 17450
19175 16523 16093
16057 17684 18441
16771 18432 16585
15543 18868 17032
17917 18429 15126
16427 18049 17624
16912 16244 19055
16346 19223 15711
15141 19112 17204
15656 18622 17485
14753 17609 19002
15275 16868 19526
16079 18341 17500
16829 18670 16522
18512 16192 17546
17356 16651 18624
18341 17640 16199
16840 15584 19461
17313 16316 18824
18813 16189 17050
15890 19453 16233
18906 16794 16402
15854 16582 19637
15221 19105 17177
15538 19241 17016
16727 15604 19441
17465 17213 17890
15864 19588 15566
15413 19399 16501
16623 19236 15412
16337 17256 18870
16810 16502 19011
16646 19180 14931
17735 18448 15258
16460 17577 18482
16155 16114 19669
18093 17454 16937
16519 18444 17258
16510 16567 19395
15866 15758 19977
16666 16961 18559
15664 16700 19559
15916 16322 19678
14805 17947 18704
18697 17294 15494
17993 17841 15459
16802 19002 15423
18745 17192 16426
17272 17378 17443
15684 16268 19821
17192 18228 17075
18559 16484 17452
15594 19377 16459
17423 17146 18046
18591 17223 16419
17266 15523 19219
16796 16265 19337
15769 19289 16810
15253 18503 18082
18910 16925 16311
15044 17541 19151
17321 18205 16605
17410 17360 17768
16970 15827 19301
16090 18624 17278
17526 16142 18504
15239 18232 18405
17198 15597 19135
18092 15298 18291
15887 19158 16696
15924 17931 17773
15881 16771 19429
15767 16412 19790
14818 18632 17973
18576 17143 16597
17214 16202 18856
18213 17886 15389
15395 18843 17510
16955 16112 19091
17905 17531 17169
15357 17713 18799
17929 16580 18065
16552 19282 15289
17445 18047 16750
16306 18998 16629
17239 18859 15206
16322 17468 18591
15210 18510 17971
18701 17169 16436
16599 18591 16839
16687 16645 18991
17245 16790 18713
16419 15875 19754
17805 16016 18400
15688 18365 17723
14710 18161 18497
16987 18881 15786
15896 19531 16026
17256 18415 16406
16405 16776 19423
14903 17986 18654
17826 18299 15133
17757 18495 14887
16135 18211 17553
17763 16030 18411
16097 18340 17663
17350 18330 16536
17974 17134 17580
18418 17759 15183
18545 16526 17489
17622 17891 16710
17779 18485 14795
15170 17425 19220
15025 17393 19392
17355 15753 19003
15861 19487 16140
15509 18891 17269
17021 16012 18909
19092 16467 16577
16652 16630 19318
15789 19246 16428
16031 19419 15936
15810 18717 17159
16430 18241 17441
15735 16888 19426
18354 17961 15285
16797 18803 16103
18148 15632 18183
17189 16936 18635
17016 18548 16263
17965 17413 17011
16392 19220 16012
18003 16992 17772
17751 17581 17327
18233 17448 16784
16411 19312 14942
18823 16689 16888
16263 19404 15256
16698 18922 15883
16630 18530 16699
17250 15822 19038
16175 19375 15856
18226 16072 17760
18532 17275 16235
15498 17341 19143
16976 15932 19267
15357 17241 19284
18517 17409 16009
17243 17245 18019
17001 18922 15398
16766 16927 18806
15954 16439 19672
16958 19090 14950
18564 17644 15446
16047 18420 17395
18497 16774 17157
15565 17306 19111
15403 18663 17732
16707 17957 17614
16305 18832 16727
15708 16127 19802
15898 16068 19782
17997 15925 18195
18828 17075 16005
15496 16448 19763
16693 16392 19087
16791 19112 14953
16418 19193 15947
16976 16433 18917
17428 18076 16687
18669 16674 17051
16749 18302 16793
17010 18587 16086
16634 18988 16111
16401 18865 16507
18387 17315 16110
15969 18210 17730
15819 18642 17324
14827 18331 18245
15861 17451 18902
18595 16684 17183
17570 18769 15061
17308 17355 17939
15978 15998 19922
16436 19183 16241
14750 17997 18638
