8235 420.417
16977 17329 16542
16869 16942 16943
16595 18084 16346
16126 17260 17499
15834 18354 16803
15555 17925 17420
16688 17011 17261
15952 18315 16696
15919 18351 16529
15581 17931 17415
15603 18150 17235
16205 17381 17439
16080 17290 17498
16955 17099 16716
16719 17956 16374
16174 18231 16494
16296 17516 17361
16780 17804 16651
16715 17932 16434
15823 17762 17449
16092 17415 17435
16889 17576 16611
16924 17340 16766
15681 17755 17479
16851 17719 16515
15809 17748 17469
16963 17025 16904
16653 17488 17123
16453 18156 16424
15862 17933 17349
16733 17832 16592
16786 17848 16382
16723 17916 16456
16684 18005 16413
16555 18019 16628
15870 18299 16862
16081 18250 16471
16225 17340 17467
16967 17055 16671
15722 18256 16997
16855 17154 16934
16911 17558 16610
16693 17979 16398
16185 18180 16688
16796 17037 17133
16945 17359 16550
16639 17997 16554
16812 17323 16951
16199 17400 17415
16373 17276 17350
15652 18012 17393
16035 18170 16915
15792 18180 17100
15776 17805 17366
15983 18236 16904
16629 17903 16737
16778 17116 17231
16974 17402 16479
15968 17960 17161
16596 17089 17323
16880 17468 16804
16584 17451 17190
15624 18191 17160
16484 17073 17388
15635 18028 17358
15873 18269 16808
16153 17705 17342
16048 18114 16983
15746 17772 17463
16633 18062 16568
16429 17194 17407
15673 17919 17444
16935 17138 16898
15899 18235 16915
15928 18246 16894
16575 18064 16579
15987 18287 16703
15942 18308 16722
15693 18149 17134
16497 17435 17312
15817 18051 17248
16540 17148 17303
16758 17602 16947
16862 17645 16603
16669 17775 16944
16013 17900 17256
16716 17223 17144
15747 18284 16918
15737 17813 17392
16791 17356 16910
16748 17127 17153
16657 17247 17191
16822 17268 16920
15828 17971 17335
16330 17310 17349
16588 17881 16926
16496 17066 17405
16263 17798 17225
16124 18022 17042
15712 17977 17376
16643 17206 17294
16613 17472 17140
16441 17186 17377
16707 17909 16463
16433 17179 17398
16732 17556 16958
16291 17612 17345
16229 17163 17465
15762 17986 17331
16417 17819 17031
16475 18028 16825
16126 17790 17269
16781 17404 16961
16796 17145 17089
16727 17678 16853
15800 18027 17278
16683 17163 17259
16944 17475 16757
15992 17857 17274
16681 18014 16487
16769 17849 16484
16666 17584 17047
16279 17729 17236
16582 17699 17002
16067 17900 17244
16721 17420 17085
16144 17736 17375
15907 18077 17232
16917 17329 16792
15704 18140 17165
16237 18001 16995
16095 18170 16704
15888 17936 17313
16105 17842 17301
16477 17965 16874
16568 17721 16990
16847 17715 16659
16782 17769 16730
16381 17197 17424
16129 18104 16889
16804 17649 16778
16001 18179 17023
16593 17984 16728
16624 17368 17255
16448 17577 17232
16425 18032 16769
15921 18264 16885
15748 17793 17399
16484 17947 16870
16123 17693 17387
16138 18069 16853
16285 17991 16918
16385 17604 17263
16027 18306 16616
16060 17653 17478
16759 17756 16834
16733 17175 17186
16618 17618 17017
16401 17656 17177
16346 17634 17300
16044 18133 16930
15700 17774 17430
16713 17443 17046
15915 18208 16971
16833 17213 16907
16356 17863 17148
15655 18217 17079
16598 18063 16520
16024 18071 17069
16159 17856 17237
15686 18026 17327
16392 17071 17427
16671 17217 17279
16524 17672 17119
16469 17788 17133
16235 17728 17277
16935 17537 16671
16800 17625 16838
16254 17810 17194
16655 18039 16544
16676 17977 16595
16693 17908 16666
16478 17992 16763
16649 17918 16699
16332 18185 16571
16824 17293 16842
16735 17186 17179
16698 17614 16967
16714 17892 16536
15767 17877 17372
16185 17850 17187
16366 17303 17418
16044 18195 16775
16407 17907 16988
16869 17589 16789
16646 17541 17057
15678 18305 16844
16545 17132 17331
16316 18093 16848
15936 18175 17111
16912 17331 16771
16838 17595 16793
16774 17767 16801
16329 18144 16625
16350 17697 17170
16694 17971 16406
16348 17532 17310
16834 17063 16980
16693 17122 17196
16745 17869 16492
15991 17947 17220
16330 17388 17344
16785 17367 16905
16626 17661 16950
15913 18223 16936
16704 17587 17011
16714 17448 17013
16473 17477 17241
16766 17520 16940
16636 17594 17067
16265 18197 16576
16157 18213 16679
16623 17675 16966
16323 18157 16703
16885 17239 16822
16248 17979 17043
16815 17758 16675
16418 17847 16999
16027 18202 16859
16846 17059 17021
16319 18088 16773
16570 17120 17356
16578 17205 17295
16547 17640 17092
16365 17273 17422
16324 18119 16761
16557 17684 17005
15881 18124 17197
16368 17607 17227
15886 18110 17189
16825 17603 16759
15662 18233 17050
16357 17540 17285
16426 18126 16709
15953 17978 17253
16820 17096 17106
16500 17229 17343
15754 18186 17077
16338 18046 16884
16875 17672 16601
16057 18019 17124
16743 17884 16467
16518 18048 16743
15937 17847 17289
16530 17668 17132
15996 18241 16822
16441 17816 17132
15740 18239 17008
15866 18304 16883
15773 18112 17212
16762 17386 17052
15986 18078 17116
16267 17536 17394
15932 18106 17192
16438 17843 17005
16308 17811 17185
16379 17882 17062
16795 17334 17048
16590 17951 16799
15669 18136 17199
16599 17660 16995
16884 17673 16600
16492 18137 16539
16403 17840 17160
16566 17630 17043
16532 18095 16608
16168 18105 16793
16882 17545 16620
16328 18190 16518
16060 18185 16709
16822 17212 16955
16474 17970 16873
16762 17626 16887
15931 18185 17073
16819 17562 16820
16450 17616 17181
15943 18217 16954
16463 18129 16617
16561 18086 16469
16639 17953 16657
16564 17742 16976
16563 17139 17322
16851 17238 16841
16519 17708 17117
16270 17681 17288
16510 18016 16755
16709 17519 17019
16549 17654 17054
16169 17713 17297
16074 18126 16779
16270 18028 16960
16745 17878 16406
16410 17643 17217
16564 17524 17152
16251 17569 17368
15770 18145 17127
15742 18211 17075
16114 18124 16797
16303 17975 17011
16133 17746 17286
16651 17981 16607
16765 17538 16879
16373 17898 17031
16518 18098 16685
16200 17887 17183
16487 17890 16975
16252 18189 16674
15866 17954 17308
16395 17693 17164
16345 18125 16750
15957 17789 17390
16459 17538 17213
16541 17688 17094
16472 17797 17059
16800 17056 17108
16619 17523 17103
16521 17706 17112
15878 17825 17317
16843 17691 16719
15624 18234 17071
16502 17517 17199
16392 18069 16787
16714 17549 16994
16693 17481 17107
16880 17562 16744
16747 17825 16602
16315 17767 17202
16300 17712 17206
16228 18053 16908
16018 17746 17398
16398 17864 17126
16279 17822 17179
15910 17926 17297
16639 17570 17075
15958 17853 17279
16507 17420 17278
16389 17875 17078
16739 17486 17010
15630 18232 17108
16606 17931 16809
16341 18015 16891
15660 18132 17224
16580 17933 16815
15936 18301 16746
16401 17846 17131
16793 17647 16805
15738 17960 17369
16155 17956 17114
16652 17219 17228
16111 18117 16969
15963 18056 17158
16632 17972 16717
16616 18019 16569
16120 17940 17202
16000 18229 16835
15632 18179 17151
16116 18110 16823
16018 18203 16781
16821 17757 16533
15669 18221 17049
16410 17486 17311
15994 17941 17165
16469 17771 17154
15697 17809 17396
16363 18095 16763
16144 17675 17423
15750 18199 17031
16794 17788 16457
15986 18260 16821
16844 17136 16936
15873 18229 16972
16553 18000 16743
16348 18131 16704
16612 17648 17025
16611 17909 16817
15698 18085 17306
16675 17233 17151
15880 18128 17204
15741 18201 17128
16415 18039 16812
16527 18035 16681
16778 17119 17098
16578 17658 17029
16666 17872 16792
16485 17945 16915
16674 17517 17044
15961 17757 17375
15947 18085 17091
15659 18157 17155
16746 17866 16578
16635 17423 17187
16411 17913 16980
16349 17591 17286
15671 18267 17018
16121 17957 17125
16848 17585 16810
16457 17822 16988
15948 18199 16909
16417 18063 16782
16594 17404 17208
16686 17230 17151
16790 17806 16457
15826 18019 17263
15834 18111 17235
16403 17987 16911
16072 18024 17075
16300 17874 17167
16200 18035 16993
16348 17404 17325
16544 17642 17169
15920 17939 17277
16508 17401 17238
16354 18138 16620
16743 17523 16949
16455 17810 17102
16202 17987 17105
16634 17944 16684
16624 17651 16997
16301 17988 16968
15671 18215 17068
16609 17929 16760
16576 18045 16608
16319 17691 17206
16570 17612 17060
16487 18036 16754
16429 17998 16848
16341 18087 16843
16574 17608 17096
16516 17978 16811
16377 17939 17010
16816 17596 16878
16614 18042 16577
16543 17739 17042
15929 18256 16835
16725 17871 16749
16491 17218 17368
15964 18113 17078
16439 18057 16749
16382 17547 17279
16464 18051 16744
16449 17976 16878
16352 17387 17327
16608 17596 17028
16393 17979 16930
16800 17608 16839
16821 17738 16683
16439 17914 16972
16355 18118 16748
16563 17544 17097
16351 18043 16799
16352 17686 17228
15754 17812 17377
16069 17882 17213
16530 17878 16937
16608 17934 16720
16472 17981 16851
16413 17998 16850
16018 18177 17070
16416 17260 17396
16250 17705 17262
16546 17928 16905
16378 18098 16749
16366 18037 16821
16812 17773 16577
16311 17577 17323
16201 17695 17377
15880 18199 16978
16330 18124 16753
16531 17956 16768
16719 17420 17095
16528 17972 16809
15768 17809 17393
16323 18137 16709
16312 17649 17313
15943 18138 17157
16507 17755 17054
15878 18138 17186
16816 17691 16753
16329 17933 17076
16496 17516 17238
16301 17934 17060
16515 17266 17326
16449 17806 17151
16113 17868 17261
16421 17465 17319
16046 18219 16757
