126068 2640.51
3481 3225 3014 2948
3375 3269 3225 2876
3337 2994 3297 3027
3335 3439 2756 3063
2992 3664 2948 3201
2980 3243 3482 3140
2969 3390 3108 3483
2743 3443 3171 3425
2787 3388 3299 3279
3244 3015 3343 3114
3352 3064 3029 3229
3285 3335 2785 3311
3148 3237 3456 3022
3385 3042 3062 3159
2868 3658 2840 3324
3079 3243 3472 3161
3188 3034 3276 3263
3353 3339 3190 2892
2808 3352 3294 3344
2790 3445 3201 3373
3467 3241 2996 3014
3435 3326 3069 2912
3073 3435 2859 3409
3285 3364 3258 2897
3255 3329 2794 3340
3267 3425 2809 3213
3200 3499 2823 3219
3380 3367 2850 3132
2844 3307 3209 3472
3426 3083 3085 3079
3314 3361 2868 3231
3019 3635 2880 3235
3129 3570 2833 3270
2867 3555 2842 3341
3349 3410 2813 3138
3112 3650 2990 3154
3118 3610 2899 3216
3369 3377 3176 2920
3403 3096 3146 3093
3047 3580 2891 3331
3196 3567 3048 2968
2975 3647 3059 3212
3099 3152 3447 3150
3464 3254 2934 3055
3127 3090 3401 3149
3010 3334 3065 3478
2999 3360 3056 3466
2837 3417 3261 3367
3461 3306 2875 3012
2887 3123 3225 3408
2947 3628 2974 3289
3114 3574 2877 3273
3364 3216 3245 2941
3447 3291 3019 3097
3371 3299 3216 2927
3397 3382 2959 2953
3354 3129 2829 3252
3241 3398 2895 3284
3394 3322 3139 2936
3225 3078 3252 3211
3449 3247 2966 3010
3408 3263 3180 2913
3231 3481 2977 3162
3456 3288 2789 3113
3090 3073 3255 3321
2989 3633 3045 3195
3187 3102 3259 3255
3022 3115 3342 3255
3348 3041 3082 3225
3166 3211 3389 3169
3120 3496 2930 3287
3245 3457 2886 3182
3136 3616 2914 3184
3104 3518 2953 3271
3390 3346 3071 3000
3432 3300 3067 2997
3315 3400 3248 2924
2928 3244 3151 3435
3365 3414 2972 2986
3261 3385 3279 2944
3402 3315 3166 3020
3315 3069 3328 2998
3167 3619 3033 3105
3382 3404 2956 2957
2937 3413 3086 3403
3022 3598 2987 3232
3068 3108 3372 3228
3049 3455 2908 3381
3000 3449 2980 3391
3108 3257 3436 3037
3006 3527 2999 3348
3439 3295 3110 2961
3451 3254 2964 3071
3025 3486 2904 3334
2812 3279 3274 3353
3434 3167 2910 3108
2881 3406 3303 3213
2948 3280 3443 3172
3097 3613 2942 3203
3308 3147 3247 3103
3073 3589 3055 3158
3061 3595 3106 3075
3027 3549 3160 3180
3219 3507 2982 3101
3020 3578 3015 3293
2860 3515 3112 3426
2938 3602 3125 3248
2830 3623 3002 3348
2940 3493 3156 3396
3103 3071 3405 3142
2951 3396 3285 3283
3169 3502 3012 3163
3085 3440 2972 3296
3294 3296 3280 2981
2985 3105 3176 3418
3127 3558 3009 3189
3046 3626 2985 3240
3030 3614 2927 3317
3459 3189 2926 3089
2832 3226 3256 3413
3188 3207 3409 3038
2817 3475 3245 3274
3081 3219 3347 3223
3124 3533 2919 3262
3117 3170 3439 3083
3005 3359 3068 3455
3134 3539 2924 3199
3345 3174 3288 3043
3208 3418 2941 3231
3279 3458 3212 2932
3319 3429 3059 3007
2978 3189 3180 3400
3212 3471 3177 3042
3358 3344 3100 3034
3355 3348 3057 2990
3008 3428 2991 3421
3373 3357 3144 2935
3237 3287 3359 3065
2959 3478 3017 3375
2953 3154 3250 3379
2872 3373 3175 3361
3185 3525 2920 3162
3360 3222 3174 3121
2919 3346 3154 3411
3147 3093 3368 3172
3081 3553 3079 3278
3025 3605 3006 3165
3248 3125 3169 3285
3139 3479 3024 3164
3065 3282 3330 3191
3405 3270 3094 3024
3217 3228 3269 3205
2877 3272 3241 3405
3303 3330 2880 3268
3102 3190 3426 3178
3145 3160 3422 3079
3423 3262 3020 3027
3455 3137 3032 3031
2857 3365 3178 3412
2826 3454 3227 3311
3144 3510 2916 3270
3419 3245 3026 3073
3416 3342 3049 3025
3252 3272 3211 3214
2895 3248 3404 3208
2972 3604 3031 3319
3180 3114 3249 3233
2847 3532 3185 3270
3257 3331 3287 3048
3060 3332 3093 3430
2934 3136 3338 3334
2958 3220 3430 3225
2815 3391 3140 3461
3378 3391 2962 3032
3170 3253 3412 3138
2950 3464 3059 3445
2942 3241 3204 3437
3249 3392 3242 2975
3129 3462 3108 3127
3320 3275 3262 2971
2922 3304 3269 3337
2911 3276 3152 3447
3309 3460 3069 2947
3292 3487 3177 2987
3137 3536 3160 3021
3409 3249 3149 2995
3190 3342 3314 3134
3367 3364 3144 2965
3074 3325 3199 3369
2900 3241 3215 3429
3204 3427 3081 3245
3053 3362 3073 3363
3193 3196 3123 3306
3177 3530 3129 3068
3095 3374 3126 3262
3079 3583 3001 3249
2998 3424 3150 3316
2965 3372 3159 3359
3049 3593 3061 3145
3209 3453 3165 3190
3102 3269 3418 3100
3015 3421 2993 3386
2862 3425 3120 3423
3058 3586 3092 3110
2901 3175 3275 3366
2873 3423 3172 3394
2841 3497 3124 3388
3100 3520 3047 3256
3034 3484 3132 3263
2982 3546 3064 3326
3376 3341 3076 3005
3009 3186 3395 3286
3214 3370 3338 3125
3311 3407 3158 3029
3291 3177 3127 3284
2931 3256 3193 3374
3042 3249 3379 3227
3122 3184 3336 3199
2943 3542 2921 3356
3330 3235 3229 3026
3055 3306 3349 3143
2889 3344 3322 3251
3128 3505 2955 3250
2995 3245 3234 3346
2823 3446 3195 3416
3333 3209 3203 3129
3060 3246 3416 3159
3072 3464 3132 3176
2944 3234 3353 3292
2892 3312 3280 3333
3439 3200 3041 3032
3411 3248 3036 3211
2987 3238 3340 3333
2885 3335 3283 3349
2820 3252 3312 3344
3069 3252 2989 3460
3323 3357 3215 3002
3282 3334 3193 3058
3078 3318 3027 3453
2865 3450 3068 3450
2852 3319 3305 3259
3209 3132 3095 3335
3011 3380 3078 3401
2922 3488 2959 3415
3002 3232 3302 3267
3103 3560 3109 3055
3357 3163 3198 3111
2974 3420 3039 3383
3346 3254 3170 3005
3108 3515 3115 3080
3032 3144 3301 3325
2831 3565 2966 3339
2829 3455 3159 3390
2970 3564 3066 3237
3003 3302 3097 3388
3175 3170 3351 3147
3023 3265 3131 3407
3162 3112 3324 3193
3149 3369 3238 3167
3396 3110 3122 3067
3221 3127 3160 3230
3158 3135 3252 3243
2929 3402 3263 3303
3153 3426 2949 3351
3028 3539 2932 3330
2917 3260 3320 3312
2906 3301 3356 3278
2840 3440 3186 3365
2976 3513 3157 3302
2914 3421 3279 3305
3288 3468 3052 3009
3156 3162 3272 3231
3388 3267 3102 3052
3361 3201 3172 3136
2909 3290 3398 3224
3399 3318 3083 3107
3244 3251 3323 3016
3088 3253 3049 3441
3294 3253 3300 3062
3322 3325 3258 2959
3321 3410 3231 2955
3107 3218 3239 3265
3084 3491 3122 3144
3139 3300 3423 3070
3380 3301 3105 3050
3325 3257 3239 2991
3182 3238 3142 3294
2907 3407 3257 3355
3147 3206 3308 3234
3077 3584 3000 3254
2950 3611 3064 3207
3425 3253 3136 2962
3386 3361 3103 2978
2983 3311 3103 3442
2926 3418 3113 3451
3108 3151 3197 3302
3132 3260 3386 3098
3078 3140 3296 3300
2904 3193 3370 3291
3284 3271 3254 3077
3281 3199 3222 3140
3219 3188 3350 3116
3160 3231 3304 3188
3146 3386 3119 3269
3343 3180 3190 3094
3342 3281 3138 3117
3299 3214 3142 3166
3192 3297 3207 3175
3116 3222 3138 3297
3091 3353 3238 3186
3077 3155 3314 3264
3037 3328 3179 3276
3013 3459 3139 3343
2964 3323 3236 3371
2961 3239 3267 3358
2925 3268 3319 3323
3203 3174 3305 3158
3004 3542 3115 3284
3017 3183 3278 3342
3226 3293 3006 3282
3084 3321 3327 3174
3026 3225 3099 3417
2980 3235 3397 3168
3258 3179 3054 3250
3185 3441 3011 3256
3413 3320 3114 2964
3337 3333 3143 3030
3328 3305 3121 3151
3296 3358 3196 3015
3276 3289 3191 3118
3228 3321 3374 3033
3223 3311 3104 3185
3041 3358 3162 3385
2815 3302 3244 3406
3222 3448 3148 3145
3186 3158 3164 3299
3161 3224 3334 3160
3064 3489 3088 3194
3014 3470 3200 3220
3011 3512 3232 3226
3152 3290 3118 3253
3039 3428 3113 3304
2968 3208 3274 3349
3414 3157 3124 2964
2903 3409 3128 3442
2897 3326 3276 3347
3244 3375 3022 3189
3053 3227 3429 3233
2921 3266 3331 3299
2849 3433 3216 3418
3032 3340 3376 3238
3288 3340 3043 3183
3114 3337 3136 3212
3059 3200 3393 3203
2904 3263 3384 3243
3302 3349 3003 3142
3143 3432 3090 3204
2957 3426 3367 3204
3421 3335 3046 3029
3271 3204 3209 3196
3340 3260 3128 3196
3028 3379 3049 3396
3069 3211 3150 3377
3182 3383 3231 3087
3274 3331 3306 2993
3255 3274 3316 3095
3324 3252 3289 2973
3286 3340 3112 3084
3114 3466 3111 3113
3299 3226 3286 2978
3227 3293 3228 3123
3139 3282 3168 3247
3376 3213 3199 3039
3145 3146 3064 3353
3021 3450 3161 3236
3046 3297 3215 3328
3015 3476 3178 3209
3302 3310 3155 3130
3276 3197 3226 3139
3058 3366 3167 3290
3034 3363 3019 3351
3326 3305 3234 3053
3246 3289 3319 3040
2991 3259 3095 3419
3310 3198 3276 3012
3165 3187 3227 3272
2989 3381 3165 3274
2854 3422 3223 3424
3193 3143 3244 3240
3090 3360 3038 3364
3369 3252 3221 3057
3351 3236 3233 2999
3329 3313 3089 3104
3274 3242 3281 3124
3121 3283 3313 3221
2954 3259 3293 3329
2886 3295 3373 3313
3258 3415 3017 3110
3289 3264 3208 3131
3279 3192 3184 3217
3272 3305 3057 3156
3259 3319 3219 3009
3082 3275 3130 3326
3057 3261 3224 3345
2912 3364 3219 3357
2864 3155 3276 3380
3155 3130 3289 3226
3052 3165 3297 3339
3172 3182 3236 3271
3177 3245 3318 3129
3174 3185 3271 3216
3305 3277 3084 3187
3230 3286 3333 3119
3201 3294 3251 3200
3199 3191 3039 3273
3110 3166 3393 3160
3050 3327 3309 3210
3025 3404 3147 3322
2908 3393 3371 3200
3174 3562 3060 3147
3255 3240 3287 3116
3212 3258 3224 3165
3063 3446 3206 3238
3141 3220 3140 3303
3307 3331 2887 3232
3301 3208 3290 3081
3295 3162 3292 3106
3094 3434 3117 3256
3037 3331 3325 3252
2949 3270 3402 3177
3383 3277 3137 3037
3106 3244 3332 3196
3070 3273 3362 3183
3043 3434 2982 3318
2962 3250 3266 3330
2946 3375 3218 3356
2854 3423 3184 3326
2851 3367 3277 3335
3318 3285 3246 3052
2878 3359 3156 3409
3250 3138 3218 3142
3051 3194 3310 3278
3269 3342 3188 3106
3200 3336 3187 3171
3043 3299 3218 3309
3132 3284 3101 3393
3351 3369 3208 2932
3100 3394 3106 3280
3209 3371 3189 3091
3049 3468 3096 3193
3307 3387 3179 3082
3286 3314 3220 3051
3205 3195 3300 3136
3199 3324 3150 3202
3164 3317 3192 3197
3153 3233 3223 3257
3137 3229 3374 3155
3088 3202 3241 3301
3002 3378 3182 3308
3125 3354 3267 3181
3069 3337 3034 3384
3303 3278 3242 3078
3200 3163 3152 3239
3183 3203 3140 3242
3135 3285 3355 3146
3020 3192 3235 3319
3230 3309 3205 3137
3335 3228 3195 3076
3300 3184 3163 3173
3283 3264 3299 3091
3243 3251 3228 3148
3189 3289 3194 3241
3173 3242 3204 3222
3101 3292 3207 3288
3098 3355 3118 3332
3187 3169 3355 3119
3135 3432 3088 3207
3100 3140 3246 3298
3069 3530 3125 3108
3021 3509 3093 3214
3197 3356 3179 3179
3256 3331 3316 3088
3264 3338 3178 3184
3126 3216 3282 3220
2918 3444 3161 3322
3263 3400 3139 3107
3281 3261 3074 3244
2917 3288 3360 3258
3307 3287 3107 3176
3304 3230 3181 3142
3233 3273 3213 3177
3202 3349 3267 3163
3168 3230 3307 3203
3163 3203 3201 3244
3132 3296 3214 3230
3033 3214 3294 3281
3238 3370 3198 3081
3132 3236 3175 3292
3093 3284 3206 3318
2923 3333 3278 3298
