69 1.95081
8536 8039 8226 7651
8139 7880 8285 8022
7807 8685 8008 7329
8122 8153 8540 7861
8069 7997 8803 7546
8389 8256 8356 7915
8438 8216 8141 7784
8320 8287 8040 7745
8501 8184 8170 7709
8224 8258 8242 7879
8199 8498 8423 7358
8197 8489 8081 7736
8178 8028 8732 7342
7985 8447 8547 7637
8637 7769 8286 7603
8316 7917 8820 7349
8439 7965 8556 7772
8349 8621 8297 7526
8230 8266 8670 7657
8190 8490 8208 7608
8142 8430 8320 7626
8109 8502 8419 7633
8591 8337 8402 7230
8256 8477 8382 7444
8235 8496 8463 7163
8174 8359 8131 7859
8154 8372 8324 7781
8092 8082 8389 7983
8452 8236 8471 7523
8445 8325 8371 7678
8341 7977 8444 7963
8169 8586 8166 7561
7952 7791 8312 8049
8437 8004 8719 7558
8431 8261 8416 7694
8412 8378 8680 7190
8407 8286 8621 7476
8402 8240 8258 7765
8372 8031 8531 7910
8346 8219 8474 7812
8268 8404 8386 7709
8207 7980 8769 7618
8156 8407 8532 7641
8122 8525 8230 7553
8074 8514 8295 7742
8017 8173 8764 7638
8608 8310 8161 7690
8591 8166 8452 7603
8590 8354 8563 7318
8579 8299 8222 7658
8520 8155 8596 7272
8489 7885 8394 7883
8437 8292 8277 7689
8387 8259 8333 7750
8314 7987 8261 7945
8287 8450 8248 7660
8160 8508 8204 7598
8124 8500 8507 7470
8085 8102 8183 7957
8654 7808 8142 7446
8543 8005 8301 7668
8539 8490 8488 7385
8518 7980 8388 7781
8480 8465 8462 7607
8453 8080 8642 7642
8413 8319 8587 7569
8225 7915 8788 7464
8152 8554 8354 7476
8102 8513 8508 7768
8094 8255 8606 7692
7883 8015 8490 7920
8739 8140 8599 7418
8586 8218 8195 7564
8559 8347 8590 7508
8512 8159 8507 7820
8503 7940 8581 7679
8496 8258 8664 7476
8481 7969 8386 7852
8478 7925 8725 7668
8462 8180 8526 7514
8397 8473 8534 7231
8384 8148 8413 7843
8374 8497 8362 7338
8321 8418 8647 7489
8257 8192 8425 7933
8199 8220 8633 7808
8195 8482 8377 7542
8151 8492 8132 7750
8139 8486 8396 7730
8084 8192 8517 7883
8079 8023 8432 7954
8634 8248 8420 7432
8617 8343 8386 7547
8587 8241 8332 7551
8583 8076 8459 7439
8567 8098 8693 7625
8534 8376 8270 7655
8499 7888 8672 7810
8447 8224 8748 7339
8408 8244 8725 7732
8407 8375 8502 7678
8407 8052 8731 7738
8401 8156 8393 7874
8373 8406 8469 7480
8328 8227 8676 7800
8316 8362 8597 7817
8219 7763 8543 7821
8185 8443 8703 7457
8165 8197 8406 7950
8086 8045 8797 7522
8045 8534 8062 7648
7870 7904 8589 7835
