4850 661.672
28666 26512 26470
28589 26294 26669
27895 27128 26752
27873 26479 27355
27707 26809 27182
28642 26430 26557
27739 26891 27118
27790 26623 27257
28602 26488 26571
28529 26580 26537
27969 27093 26729
28455 26710 26505
27818 26550 27317
27867 26503 27298
27922 27118 26788
28549 26327 26880
27979 26496 27272
28268 26940 26490
28559 26302 26832
27863 27071 26838
28507 26619 26552
28562 26577 26580
28271 26893 26599
28575 26461 26804
28535 26571 26660
28589 26537 26653
28068 26358 27267
28349 26834 26591
28449 26682 26618
27810 26571 27309
27951 26664 27238
28432 26711 26613
28134 27008 26570
28408 26419 26995
28412 26316 27027
28262 26427 27136
28176 26312 27213
27837 26697 27245
28510 26368 26870
28496 26633 26641
28234 26916 26631
28071 26532 27228
28514 26353 26846
28489 26639 26637
27943 26685 27215
28358 26360 27105
28178 26387 27198
27917 26721 27169
27801 26865 27152
27968 26547 27219
28031 26516 27251
28127 27055 26679
28527 26487 26669
28512 26596 26646
27823 27039 26905
27949 26704 27196
28369 26344 27067
27901 26821 27173
28582 26479 26797
28486 26338 26950
27849 26983 26990
28502 26585 26730
27907 26905 27089
28290 26396 27100
28330 26844 26691
28293 26922 26580
28224 26907 26682
28300 26886 26644
28407 26401 27017
27833 27034 26939
27817 27052 26916
27842 26727 27207
28422 26382 27002
28245 26331 27146
27876 27017 26976
27878 26707 27203
27897 27022 26891
28024 26870 27048
28459 26442 26965
27808 27002 26984
27826 26889 27106
28155 26436 27212
27922 27059 26833
28203 26333 27158
28420 26412 26972
28416 26474 26945
28171 26405 27216
28017 27067 26774
27979 26713 27179
28329 26452 27076
28400 26378 27018
28389 26640 26859
28395 26724 26734
28065 26752 27113
28477 26540 26851
28305 26791 26821
28451 26498 26867
28430 26601 26882
28343 26518 27042
27853 27047 26864
28351 26813 26658
28400 26525 26949
28522 26513 26755
27885 27047 26860
27852 27064 26877
28020 27027 26781
28410 26456 26960
28112 26342 27221
28487 26392 26874
28187 26469 27153
28083 26804 27077
28122 26989 26703
28201 26400 27177
28079 26880 26973
27864 27030 26891
28371 26645 26930
28170 26973 26674
28116 26698 27144
28480 26592 26764
28392 26765 26739
28185 26958 26641
28167 26552 27149
28063 27009 26763
28246 26749 26988
28396 26700 26759
28124 26941 26779
28277 26758 26920
27925 26850 27092
28073 26995 26812
27861 26918 27055
28078 26856 27028
27972 26975 26963
27931 26782 27163
27929 26968 26998
27937 26914 27027
27858 27042 26886
28293 26372 27106
28421 26446 26942
28118 26992 26736
28317 26529 27032
28225 26681 27051
28009 26520 27247
28383 26566 26952
28289 26799 26856
28239 26903 26665
28151 26961 26742
28423 26719 26714
28356 26789 26614
28213 26691 27039
28417 26757 26720
28150 26837 26971
28424 26728 26697
28110 26990 26766
27961 26841 27121
28193 26694 27036
27986 26986 26889
28437 26689 26694
28466 26638 26829
28322 26509 27069
28319 26616 26991
28280 26523 27087
28257 26785 26922
28474 26439 26886
28378 26543 26976
28347 26657 26956
28326 26652 26981
28440 26535 26907
28433 26645 26827
28147 26679 27110
28366 26730 26835
28109 26797 27041
28519 26536 26756
27935 26904 27065
28484 26411 26866
28263 26766 26913
27810 26919 27068
28101 26481 27185
27998 27012 26855
28384 26476 27022
28348 26559 27006
28292 26376 27145
28323 26659 26969
28104 26930 26876
28020 26632 27191
28092 26490 27186
28088 26864 26977
28361 26786 26700
27923 26878 27080
28255 26650 27043
28137 26853 26959
28098 26408 27223
28442 26562 26867
28478 26669 26678
28043 26959 26842
28284 26808 26817
28140 26440 27188
27984 26686 27184
27965 26855 27091
28381 26573 26947
28198 26676 27066
28204 26951 26633
28444 26668 26753
27963 26924 27019
27870 27028 26880
28456 26494 26940
28386 26389 27061
28163 26942 26769
28081 26605 27194
27956 26860 27084
27834 26967 27057
28251 26671 27001
28194 26876 26856
28034 26933 26949
27975 26996 26935
27953 27020 26956
27920 26945 27034
28448 26575 26848
28339 26729 26873
28038 26933 26911
27889 26950 27009
27841 26978 27010
27818 26984 27004
27879 26982 26982
28362 26689 26853
27802 26945 27106
28209 26717 27012
28318 26612 27004
28318 26501 27089
28101 26470 27222
28176 26445 27165
28132 26793 27044
28101 26578 27161
28269 26492 27123
28112 26899 26892
28450 26662 26797
28045 26753 27103
27924 26998 26957
28090 26411 27224
28415 26564 26917
28179 26769 27007
28151 26665 27116
28514 26514 26844
28311 26851 26773
28237 26510 27097
28205 26842 26918
28183 26648 27096
28059 26760 27102
27867 26779 27180
28307 26626 26994
28145 26744 27065
28103 26883 26936
28122 26955 26747
28273 26827 26794
28269 26884 26808
28226 26453 27126
28221 26915 26705
28310 26734 26910
28298 26598 27029
28295 26746 26942
28252 26736 26988
28173 26971 26709
28170 26928 26783
28126 26747 27058
28086 26910 26968
28010 26927 26954
28008 27003 26850
28001 26944 27016
27996 27001 26870
28164 26955 26728
28058 26966 26824
28052 26608 27211
28235 26906 26692
28066 26720 27156
27918 26924 27049
27988 26981 26937
27977 27011 26867
28220 26813 26901
28181 26816 26924
28094 26953 26791
28061 26569 27207
28376 26693 26845
28334 26590 27008
28331 26798 26814
28190 26787 26964
28096 26948 26909
28054 26699 27170
28335 26599 26982
28287 26820 26785
28027 26952 26926
27990 26956 26930
28516 26522 26804
28426 26679 26802
28303 26675 26975
27906 26973 26971
27893 27043 26870
28464 26512 26858
28221 26896 26763
28420 26464 26958
28293 26630 26986
28119 26584 27150
28407 26507 26982
28356 26609 26943
28234 26595 27076
28177 26858 26947
28115 26861 26961
28420 26721 26749
28348 26818 26722
28245 26533 27078
28159 26635 27107
28087 27005 26790
28272 26628 27026
28228 26621 27103
28089 27043 26720
28012 26587 27215
27957 26772 27153
28118 26575 27176
28413 26636 26932
28410 26443 26967
28211 26831 26888
28121 26963 26721
28114 26937 26826
28060 26872 27030
28033 26965 26887
28016 26826 27094
27983 26994 26912
27951 27041 26862
28374 26783 26731
28355 26494 27036
28189 26619 27111
28188 26740 27071
28180 26819 26979
28120 26902 26883
28099 26847 27059
28090 26703 27118
28044 26917 26934
28039 26762 27109
28393 26407 27015
28388 26781 26716
28367 26427 27024
28341 26603 26957
28206 26946 26749
28175 26824 26972
28041 27019 26839
27958 26568 27228
28211 26940 26724
28340 26710 26903
28100 26948 26805
27960 26689 27204
28470 26554 26812
28468 26655 26754
28312 26815 26771
28285 26692 26966
28259 26778 26897
28240 26845 26871
28208 26788 26937
28158 26709 27074
28048 27006 26803
28046 26900 26975
28021 26976 26864
28012 26921 27025
27869 26839 27155
28308 26585 27072
28254 26799 26869
28217 26639 27063
28215 26912 26719
28160 26885 26847
28057 27034 26775
27888 26977 26981
28242 26893 26667
28223 26488 27129
28472 26669 26748
28230 26829 26894
28015 26664 27193
28268 26809 26849
28262 26527 27094
28159 26742 27011
27960 27036 26862
28087 26979 26800
28177 26557 27132
28396 26464 27012
28361 26763 26783
28330 26555 27024
28292 26606 27055
28275 26666 27021
28224 26874 26820
28132 26543 27150
28028 26794 27122
27833 27050 26885
28028 26935 26916
28486 26591 26707
28353 26738 26819
28229 26773 26996
28221 26521 27134
28176 26614 27125
28119 26814 26993
28115 26828 26999
28043 26960 26836
28469 26389 26921
28414 26654 26846
28354 26806 26795
28353 26617 26943
28281 26774 26881
28260 26674 26985
28227 26701 27026
28183 26505 27155
28053 27049 26731
28166 26953 26711
28159 26942 26776
28084 26488 27227
28324 26767 26858
28315 26688 26906
28314 26731 26895
28297 26604 27031
28296 26891 26708
28214 26648 27062
28212 26901 26833
28209 26913 26787
28202 26866 26896
28172 26873 26875
28143 26985 26710
28138 26911 26872
28113 26893 26932
28101 27007 26716
28005 26962 26908
27993 26708 27158
27965 26761 27164
28152 26796 27001
27999 26969 26916
28425 26697 26768
28165 26454 27171
28117 26820 27014
28374 26553 26985
28360 26614 26935
28154 26768 27020
28006 26608 27212
27994 26846 27066
28084 26927 26927
28282 26738 26948
28198 26783 26980
28142 26698 27104
28023 26834 27086
27852 26966 27001
28019 27034 26816
28437 26664 26775
28004 26940 26961
27982 26774 27132
28237 26538 27074
28116 26833 26988
28370 26777 26756
28330 26809 26758
28269 26816 26839
28132 26733 27099
28370 26672 26921
28251 26811 26891
28229 26624 27083
28225 26848 26838
28166 26868 26881
28139 26589 27145
28478 26480 26860
28324 26725 26878
28262 26812 26862
28139 26890 26898
28116 26939 26786
28093 26954 26796
28093 26877 26955
28009 26956 26890
27879 26740 27188
28422 26703 26740
28314 26829 26717
28201 26655 27082
28092 26951 26830
28087 26907 26915
28480 26454 26855
28444 26504 26916
28382 26512 26954
28316 26569 27015
28261 26830 26827
28242 26839 26874
28239 26805 26936
28237 26867 26826
28051 26732 27133
28050 26949 26878
28049 26737 27133
28040 26822 27086
28032 26974 26885
28384 26688 26771
28275 26823 26799
28274 26725 26970
28001 26766 27131
27998 26829 27130
27992 26972 26916
28218 26860 26847
28156 26952 26756
28069 26889 26994
28030 26823 27067
28233 26703 27020
28144 26938 26814
28142 26906 26827
28101 26912 26899
28073 26774 27083
