244614 3420.4
3529 3068 2805 3057
3443 3256 2637 3196
3415 3405 2925 2818
3414 3015 3103 3073
2919 3244 3590 3074
2918 3883 2887 3017
2758 3246 2965 3622
2650 3497 2963 3526
3355 3370 3213 2842
2686 3356 3369 3338
3402 3373 3031 2871
3107 3453 2670 3429
2715 3560 3333 2982
3290 3591 2952 2887
2722 3397 3172 3479
3407 3321 3153 2900
3328 3289 2795 3260
3500 3210 2710 3071
2974 3635 2748 3337
3513 3132 2723 3089
2701 3438 3330 3283
3517 3197 2758 3043
2896 3868 2830 3172
3159 3284 2783 3446
3324 3408 3125 2925
3114 3038 3271 3288
3434 3143 2824 3147
3458 3153 2774 3236
2993 3234 3572 3056
3285 3498 2680 3214
2802 3717 2895 3366
2734 3264 3556 2947
3361 3043 3207 3068
2792 3872 2987 3004
3054 3826 2906 3059
2958 3881 2801 3098
2885 3301 3532 3135
3004 3677 2817 3260
2979 3860 2874 2932
3354 3502 2739 3100
3068 3282 3448 2918
3277 3066 3038 3310
3400 3057 2907 3235
3314 3562 3010 2913
2696 3400 3006 3525
3244 3632 2841 3016
2805 3822 2702 3226
3088 3117 3363 3238
3198 3457 2732 3372
2920 3770 2837 3185
2904 3026 3191 3485
2939 3233 3578 3101
2754 3300 3202 3524
2853 3830 2899 3188
3524 3272 2810 3026
3307 3173 3292 2995
3260 3414 3341 2881
3484 3297 2845 2968
2857 3841 2999 3031
3292 3026 2997 3300
3475 3231 3011 2988
2908 3292 3543 3144
3412 3093 2768 3237
2739 3800 2885 3255
2915 3249 3560 3041
3351 3079 3269 2936
2841 3298 3110 3556
2882 3089 3153 3509
2929 3754 2864 3299
3110 3235 3426 3010
2777 3304 2997 3603
3461 3159 2753 3169
2728 3191 3144 3563
3041 3650 3150 3095
2890 3343 3444 3141
3369 3108 3075 3249
3178 3746 2896 3058
3049 3787 2961 3077
2880 3846 2958 3076
3191 3307 3346 3151
3471 3242 2732 3158
2871 3807 2975 3232
3453 3125 2913 3166
3066 3333 3279 3269
3488 3199 2761 3132
3001 3463 2889 3440
3426 3401 2690 3012
3436 3245 2812 3118
3099 3784 2931 2902
2948 3324 3461 3129
3045 3047 3217 3375
3061 3671 3073 3087
3058 3255 3506 3152
3493 3211 3029 3080
3018 3740 2959 3251
3338 3115 3010 3265
2953 3101 3118 3532
3378 3111 3220 3037
3240 3418 3218 2958
3392 3055 3071 3192
3217 3555 2720 3223
3114 3707 2950 3125
3034 3721 2928 3220
3482 3279 2872 2990
3342 3454 3023 3085
2910 3836 2915 3141
3138 3408 2859 3380
2795 3265 3522 3173
2970 3147 2954 3582
3093 3256 3527 3014
3297 3579 2706 3107
2850 3374 2973 3571
3082 3442 2995 3354
3134 3524 2695 3327
3365 3344 3076 2950
2906 3248 3550 3205
2986 3293 3419 3300
2874 3369 2983 3586
2961 3775 3034 3121
3444 3119 3107 3051
3128 3513 2854 3305
3147 3220 2972 3420
2788 3586 3249 3221
2763 3206 3210 3501
3449 3202 3047 3045
3030 3763 2959 3178
3008 3467 2936 3421
3102 3750 2901 3024
3142 3258 2883 3458
3038 3736 2943 3117
3155 3704 3034 3026
2936 3791 2993 3138
2837 3855 2822 3195
3506 3272 2887 3010
2858 3504 3375 3064
3501 3132 2807 3091
3151 3137 3298 3285
2808 3149 3482 3289
2950 3318 3413 3199
2699 3200 3515 3226
3278 3403 3174 2954
2931 3372 3501 3001
3367 3335 3113 2877
3075 3253 3408 3281
3039 3133 3150 3410
3415 3359 2919 2906
3293 3487 3148 2940
2903 3730 3110 3062
3168 3628 3131 2917
2996 3172 3152 3467
3411 3294 3085 2986
3004 3098 3105 3503
3065 3668 3173 3093
2770 3639 3062 3373
3300 3212 3219 3039
3357 3189 3180 2960
2923 3075 3212 3473
2922 3780 2986 3167
3171 3663 3092 2934
3184 3447 3000 3295
3014 3814 3003 3120
2888 3818 3059 3137
2856 3863 2934 3044
3220 3597 3018 3063
2893 3384 3168 3449
3312 3123 3066 3282
3393 3406 2839 3020
2785 3555 2897 3492
2814 3603 2992 3444
2819 3809 2957 3138
2781 3577 3318 3186
3200 3302 3328 3107
2752 3692 3165 3275
2742 3486 3102 3464
3395 3158 3067 3202
2851 3687 2978 3333
2783 3541 3245 3317
2864 3390 3312 3234
3208 3278 3348 3002
2848 3146 3198 3483
3495 3243 2866 3090
3462 3347 2688 3176
2849 3402 3490 2949
3125 3225 3415 3204
3121 3165 3428 3072
2904 3295 2920 3613
3310 3363 3283 2963
2893 3216 3100 3597
3315 3484 2762 3145
3158 3206 3393 3161
2791 3239 3073 3592
3112 3193 3438 3085
2790 3404 2998 3560
2946 3188 3496 3215
2843 3569 3039 3455
2759 3305 3153 3538
3385 3366 2878 3188
2800 3523 3064 3405
3228 3577 3106 3027
2932 3519 3158 3368
2797 3552 3048 3426
3283 3237 3058 3217
2945 3278 3403 3320
2833 3231 3077 3595
2828 3451 3187 3391
3104 3181 3004 3471
3347 3537 2921 2906
3115 3581 3017 3270
2934 3216 3063 3576
3304 3443 3133 2878
3174 3311 3314 3104
3466 3353 2984 3006
2964 3849 2884 3055
2913 3796 3044 3216
2909 3715 3079 3113
3265 3276 3009 3358
2812 3411 3115 3461
3331 3389 2953 3196
3429 3150 3116 3004
3003 3529 3155 3308
3029 3330 3241 3293
3050 3084 3315 3330
2987 3593 3061 3340
2938 3768 3074 3237
3272 3464 2912 3175
3212 3167 3335 3007
3336 3282 2967 3275
2904 3853 2917 3049
2795 3760 3088 3145
2921 3178 3324 3422
3306 3204 3256 3041
3086 3564 3161 3247
3153 3464 3235 2993
3133 3401 3055 3318
3094 3572 3090 3315
3043 3630 2946 3243
3035 3320 3382 3127
3468 3208 2844 3121
2940 3386 3238 3312
3302 3279 3232 3022
3078 3252 3478 3179
2977 3185 3546 3114
2905 3209 3451 3298
2824 3378 3486 3139
2870 3313 3432 3225
3170 3342 3380 3132
2939 3327 3095 3490
3219 3351 3287 3138
2984 3296 3469 3214
3248 3462 3146 3033
3028 3289 3475 3205
2810 3550 2951 3535
2830 3387 3028 3588
2916 3618 2997 3418
2911 3626 3062 3262
2900 3393 3043 3550
3188 3549 3207 3122
2919 3804 3065 2944
2834 3680 3185 2977
2902 3337 2981 3608
2925 3558 3264 3111
2815 3470 3112 3442
3156 3250 3229 3156
3022 3501 3045 3335
3375 3187 3081 3109
3178 3266 3052 3413
3126 3611 3082 3103
2836 3799 3094 2946
3020 3584 3120 3341
3118 3699 3062 3091
2765 3532 3113 3406
3145 3439 2936 3378
3236 3642 3008 3131
3323 3414 3124 3047
3177 3600 3083 3126
3371 3127 3195 2943
3120 3686 3127 3037
2966 3476 3284 3182
3181 3712 2902 3011
3152 3410 2819 3389
2944 3259 2903 3544
2884 3409 3261 3277
3167 3489 3041 3207
2964 3287 3109 3476
3270 3167 2994 3362
3262 3514 2985 3159
3012 3508 3242 3054
3418 3145 3016 3189
3280 3291 3249 3099
3318 3176 3104 3198
2896 3658 2971 3360
3346 3085 3194 3075
2973 3424 3205 3325
3251 3094 3206 3230
3389 3358 2932 3224
2828 3698 3178 2983
2834 3253 3575 2937
2952 3270 2876 3528
3349 3287 2847 3290
3234 3550 3015 3050
3225 3391 3267 3031
3214 3434 2940 3252
3090 3485 3326 3015
3273 3280 3057 3315
2899 3535 3258 3307
3165 3251 3398 3048
3098 3346 3358 3117
3445 3254 2780 3083
3248 3432 2856 3288
3415 3376 2736 3206
2967 3260 2849 3566
2772 3173 3518 3267
2877 3215 3368 3341
3229 3446 3226 2973
3445 3240 2701 3161
3069 3143 3123 3401
3011 3316 3387 3244
3268 3518 3104 2977
3085 3642 2685 3320
2865 3196 3029 3604
3289 3473 3098 2970
2915 3250 3511 3140
2826 3365 3121 3512
2966 3338 2980 3505
3015 3190 3008 3520
3202 3183 3050 3377
2844 3473 3175 3407
3120 3413 3001 3351
2901 3341 3020 3514
2899 3469 3166 3357
2809 3426 3025 3516
3073 3614 3018 3303
3309 3223 3129 3193
2980 3163 3179 3464
3195 3645 3020 3088
2886 3710 3096 3213
2997 3472 3182 3273
2876 3482 2989 3518
2869 3221 3163 3542
2822 3421 2996 3566
3446 3194 2966 3142
3345 3387 3080 2983
2749 3416 3051 3485
3261 3379 2990 3170
2861 3517 3092 3431
3130 3416 3322 2999
3383 3399 3012 3018
3381 3166 3163 3136
2967 3546 3253 3267
2894 3726 3076 3275
3176 3076 3265 3256
3136 3544 3097 3211
3107 3500 3216 3128
2821 3440 3262 3249
3287 3267 3221 3067
2817 3656 2969 3361
3295 3139 2923 3329
2960 3410 3200 3347
3373 3310 3189 2934
3211 3580 2956 3247
2999 3429 3371 3130
2930 3309 3385 3314
3101 3723 2938 3159
3018 3328 2868 3463
3024 3047 3353 3307
3232 3352 3141 3294
2730 3271 3484 3223
3069 3383 3275 3176
2932 3322 3465 3201
2971 3175 3360 3312
3187 3322 3397 3068
3164 3194 2800 3418
3230 3368 2909 3211
2975 3232 3338 3308
2943 3185 3436 3270
2947 3160 3113 3546
2915 3175 3034 3578
3048 3261 3028 3493
2839 3292 3050 3575
2924 3153 3072 3609
2942 3146 3071 3551
2799 3415 3065 3497
3052 3140 3213 3364
2973 3428 3190 3415
3296 3475 2998 2957
3017 3444 3042 3438
3014 3326 3081 3432
3010 3571 3084 3346
3250 3273 3069 3257
2768 3479 3120 3435
3204 3339 3153 3180
3025 3423 2939 3385
2931 3128 3145 3482
3175 3492 3028 3302
2778 3681 3059 3399
3113 3395 2969 3423
3316 3227 3178 3184
2970 3336 3455 3141
2991 3391 3069 3470
3095 3318 3064 3451
2988 3262 3104 3436
3420 3270 3101 2991
3010 3654 3042 3331
2837 3733 3018 3253
3028 3569 3184 2997
3161 3436 3167 3264
2768 3496 3117 3393
3140 3608 3058 3261
3142 3480 3111 3164
3092 3263 3048 3474
3077 3362 3246 3241
2749 3431 3133 3460
3032 3151 3264 3321
2855 3292 3143 3530
3152 3647 3021 3119
3011 3689 2964 3171
3160 3371 3374 3066
3256 3361 3299 3025
3224 3504 2934 3279
2983 3458 3129 3316
2867 3161 3182 3532
2861 3405 3356 3287
2732 3437 3050 3476
3123 3405 3192 3228
3405 3352 2925 3022
2772 3328 3211 3370
3423 3230 3073 3082
3440 3150 3069 3141
3151 3693 3039 3139
3027 3091 3247 3399
3016 3171 3157 3405
3103 3538 3223 3163
3043 3490 3139 3259
3130 3525 3002 3291
2927 3606 3226 3216
3216 3201 3175 3291
2955 3589 3099 3235
3397 3305 3005 3140
2897 3684 3148 3249
3062 3446 3277 3209
2981 3249 3136 3444
2923 3234 3018 3618
2970 3377 3305 3254
2969 3460 3308 3198
3192 3233 3342 3162
2888 3525 2854 3430
2866 3234 3098 3568
2966 3139 3051 3541
3079 3641 3101 3153
3080 3621 3096 3108
3196 3226 2990 3394
3025 3566 3123 3304
2884 3858 2953 3082
3002 3756 2969 3244
3029 3415 2930 3382
3356 3312 3137 3115
3063 3357 2988 3386
3052 3494 3025 3338
3039 3449 3225 3197
3100 3508 3100 3178
3137 3478 3229 2936
2968 3348 3227 3349
3266 3364 3122 3187
3254 3191 3224 3203
3058 3399 3355 3191
3222 3417 3119 3166
3027 3622 3156 3152
3003 3214 3317 3326
2996 3666 3027 3210
2976 3481 3254 3230
2896 3394 3372 3168
3037 3215 2944 3528
3099 3335 3309 3190
2953 3229 3467 3231
3111 3315 3332 3217
3026 3540 3033 3340
3254 3368 3300 3134
3053 3417 3273 3227
2978 3243 2871 3519
3193 3427 3159 3202
3046 3305 3394 3279
2923 3396 3303 3359
3371 3324 3037 3192
2954 3351 3351 3216
3370 3272 2776 3297
3003 3461 3046 3396
3027 3433 3186 3322
3112 3420 3216 3245
3040 3317 3138 3343
3070 3313 3092 3310
3063 3130 3221 3370
2779 3557 3138 3343
3134 3615 3096 3024
3051 3430 3070 3350
3084 3665 3084 3098
3141 3610 3086 3067
3163 3189 3208 3332
3150 3557 3093 3209
2910 3486 3251 3320
3190 3533 3022 3176
