23092 2943.3
18752 16611 16404 14982
17619 17093 17292 14371
17230 16884 15304 16730
16577 18428 16315 15823
16536 15426 17029 17432
15716 16641 18792 15951
15678 16067 16479 18632
14612 17058 17493 17317
17023 15480 16751 17006
17648 17271 17156 14505
17164 16877 15360 16723
17084 16944 15421 16749
16373 15516 17115 17486
17416 17384 17098 14587
17204 16860 15309 16691
17147 16908 15381 16783
17519 17138 17352 14444
15308 16644 18382 16510
17810 17161 17157 14540
17844 17043 17204 14382
15709 16039 16531 18605
15185 16896 18071 16635
15485 16497 18098 17008
15923 16515 18614 15944
16532 15557 17016 17561
17723 17061 17271 14433
15853 16530 18447 16341
17607 16796 15766 16274
18201 16396 16474 15595
17961 16773 15873 15723
17049 17164 17417 15551
18055 17068 16808 14861
14789 16935 17544 17315
16972 17235 15899 16704
18294 16724 16280 15439
15029 17439 17320 17050
15857 15902 16989 17983
15648 16136 16548 18495
15129 16991 17718 17230
18376 16732 16455 15325
16298 16183 16458 18027
15334 16655 16983 17864
15097 17064 17549 17207
14933 16981 17404 17390
17815 17192 16619 14962
17356 17295 16840 15495
16532 18401 16359 15947
17940 17101 17042 14692
16270 15533 17142 17426
17032 17733 16095 15763
18103 16975 16273 15616
14895 16844 17107 17726
17360 17560 16711 15190
16952 18014 16168 16099
15750 16144 16576 18448
17860 16582 16151 15885
16124 15887 16650 17904
15388 16617 17403 17546
15999 16477 18668 15901
16368 15920 16432 17752
15940 15649 17046 17421
16886 17836 17077 15285
16765 17954 16062 16170
17608 16757 15672 16358
15039 16765 16944 17843
17016 17006 15597 16918
18490 16868 16617 14989
16560 17507 16930 16202
14965 17426 17248 17117
16920 16592 15702 17286
18081 17016 16502 15367
16798 17348 15553 16764
14650 16915 17324 17782
17470 17326 16964 14874
15160 16919 17690 17222
17329 16748 17216 15422
14825 16866 17145 17672
17213 16801 15623 16935
16426 15793 16892 17197
14742 17129 17382 17326
16498 18320 16347 16018
17027 17803 17132 15265
15862 16042 17590 17180
15902 16434 18685 16168
16057 16080 17745 16947
15816 16555 18737 15937
16030 16467 17937 16542
17673 17263 17148 14625
16644 17149 16133 16609
15935 15852 16695 18190
16302 17825 16486 16291
17690 17344 16908 14938
17056 17639 15857 16515
15508 17216 17688 16798
15581 16825 18145 16651
16975 17492 16629 15647
16751 18139 16225 15989
18519 16634 16557 14833
17128 16910 15658 16745
15286 16901 17773 17103
15797 16380 18247 16515
16534 16426 17961 15745
18674 16620 16449 14931
17772 16984 17305 14525
15555 16356 16718 17945
15426 16238 16801 18261
15055 16787 17437 17618
17089 16430 15525 17037
16342 17777 16111 16466
17926 17142 16858 14655
15604 16085 17483 17337
16701 18225 16371 16028
15951 15735 16671 17989
16019 15637 16565 18160
16706 18300 16242 15760
15662 16624 17456 17145
17311 17210 17079 15339
15573 16652 18639 16204
18219 16880 16747 15106
16153 17862 16764 16552
15755 16001 16636 18517
17688 17079 16998 15094
16402 17163 17920 15833
17451 17333 17357 14906
17573 17038 17033 14695
16030 16172 16121 18163
16796 17848 17090 15470
16735 16736 15631 17115
16552 18199 16399 16043
15854 16507 18587 16276
15403 16272 16779 18230
18252 16864 16771 15120
16631 16670 18008 15663
16582 17614 16460 16582
18016 16780 17011 14762
17634 17409 16624 15687
16570 18246 16383 15861
16588 18375 16345 15897
17073 16899 15578 16831
17700 16251 17065 15146
16638 17878 16584 16229
16932 17913 16597 15696
18653 16665 16497 15058
16988 18115 16471 15846
16354 15747 16791 17847
15653 16153 17195 17948
15978 15952 16205 18212
15721 16392 18161 16712
15842 16692 18505 16082
15851 16563 18720 16002
17547 17125 17061 14778
16782 17576 15940 16397
17257 17240 17390 14814
17094 16777 15814 16972
16656 18215 16244 16040
16876 17701 16000 16338
18165 17034 16660 15226
16234 15839 16849 17818
18590 16674 16517 15023
16429 15598 17138 17457
15433 16723 18313 16496
17576 17311 15914 15826
18626 16773 16448 15114
16172 15575 16733 18046
18470 16585 16401 15211
15880 16584 17865 16495
16939 16686 16164 16599
17295 17752 16208 15758
16200 15617 16703 17999
16145 15581 16640 18118
18607 16696 16495 15077
15585 16280 17174 18061
15738 16245 16478 18306
15969 16023 17758 16576
15577 16718 18478 16361
14764 17027 17534 17305
16380 16404 18324 16068
17223 17464 16726 15480
15804 16042 16297 18424
14978 16927 17583 17374
15761 16741 18542 16180
16725 16806 15510 17123
18027 16383 16707 15395
16348 17631 16879 16524
18742 16604 16372 15005
17406 17519 17146 14676
17151 16930 15438 16726
18039 16844 16872 14837
16872 15703 16794 16992
15810 16798 18119 16354
18085 16917 16851 14719
18124 16600 16186 15605
15588 16100 16486 18579
14916 17054 17450 17393
17258 17652 16428 15919
15828 16816 18044 16014
17042 17277 16062 15966
16944 17366 16034 16485
18398 16835 16679 14878
15268 16700 17498 17458
16989 17715 16059 16114
15689 16341 16365 18275
15894 16578 18414 16334
16286 16210 16041 17914
16027 16337 17200 17279
15194 17059 17647 17156
18722 16594 16447 14977
18151 16955 16703 14797
16096 16198 16326 17927
15896 16689 18522 16078
18561 16733 16290 15198
16895 16480 17663 15853
16961 16441 15829 16826
16526 17448 16543 16256
16222 15957 17092 16970
17369 17255 15935 16461
17676 16900 15733 16101
14665 17062 17415 17462
16251 16128 17619 16804
15074 16792 17813 17111
17249 15965 16438 16661
15683 16621 18767 15987
15958 15817 17508 17112
14856 16875 17661 17296
16584 18385 16293 15908
16618 17244 17257 15405
16767 17593 17236 15505
18316 16873 16253 15290
15625 16289 16988 18076
16100 16010 16525 18082
17166 17306 15918 16371
16646 15759 16900 17084
14706 16846 17209 17725
17883 17106 16897 15048
16105 16648 18186 16314
16041 16832 18265 15858
17653 16905 16074 15932
16008 16887 17629 16525
16711 18105 16543 16074
15619 16220 16657 18344
18333 16630 16346 15452
17763 16230 16547 16114
16087 16403 18091 16384
14684 17118 17354 17456
17132 17203 17603 15072
16334 16546 18027 16052
16383 17970 16720 16251
16714 17156 17520 15478
16799 18159 16466 15870
16416 15878 17126 16577
15848 16297 18354 16556
16357 16954 15957 17266
17482 17357 16790 15141
16119 18002 16537 16220
14873 16965 17492 17467
15018 16964 17343 17510
16649 18266 16379 15994
17008 16680 15552 17002
17973 17123 16345 15457
17458 17175 15837 16052
17505 16905 15792 16372
18356 16711 16654 15065
16832 17726 16751 15791
16813 17897 16259 15982
15745 16671 18752 16047
15018 16523 17231 17683
16875 17982 16116 16132
16299 16542 18297 15757
17026 17998 16493 15769
18547 16691 16555 14920
18115 16822 17009 15240
15168 17009 17311 17437
15587 16480 17672 16891
18693 16652 16410 15010
16132 15771 16929 17703
16366 18071 16466 16305
14955 16791 17146 17714
17135 17477 16005 16224
15116 16757 17302 17665
15703 17000 17015 17161
17717 16413 16214 16184
16003 16486 18554 16427
15564 17081 17708 16445
15723 16112 16339 18473
17399 17104 17443 14604
16778 17972 16142 16130
16007 16456 18280 16289
18436 16816 16533 15029
16697 16927 16013 16904
17432 16766 16415 16014
17382 17361 17119 14889
16807 17664 15842 16377
15824 16058 16356 18366
15873 15813 17188 17603
17785 17265 16918 14612
15681 16072 16585 18545
17527 17048 17323 14644
16288 15932 16500 17641
15524 16372 17114 17815
16593 15984 16521 17497
17281 16844 15462 16728
15233 16968 17734 16819
16263 16097 16681 17690
14728 17025 17327 17435
17142 17300 15710 16589
15770 16237 17880 16827
17269 17543 16917 14832
16961 16677 15484 17042
16011 16642 18412 15990
15220 17029 16758 17245
17993 17171 16703 15306
16190 18089 16478 16183
17874 17047 16922 14895
15236 17008 17256 17255
16455 15833 16741 17401
15917 15670 17212 17320
17452 17418 16690 15126
15635 17158 16913 16815
16284 15613 16891 17802
16789 17499 17287 15321
17775 17455 16384 15374
16507 18286 16365 16021
18062 16665 16568 15729
15825 18054 16689 16239
16478 16717 16507 17446
15304 16884 17782 17083
16655 18357 16349 15920
16257 17086 17165 16568
15794 16020 16469 18524
16511 17793 16944 16087
16547 16302 16030 17548
16143 15673 16978 17790
14763 17058 17374 17364
16663 17685 16785 16103
15930 16113 16593 18362
15481 16838 17795 17249
16248 16427 18003 16270
18410 16762 16538 15286
15649 16153 16789 18243
17370 17597 16881 15040
16825 15713 17162 16797
16601 18150 16685 16154
17581 16840 16391 15817
16667 17207 15978 16674
16395 18279 16340 16022
15004 16642 17297 17700
15888 16548 18575 16190
15464 16818 17852 16933
15213 16703 17277 17620
15530 16321 16706 18100
16306 16559 18225 16208
16610 18345 16310 15972
15279 17366 17386 16984
15762 16076 17260 17650
16046 16519 17188 17027
17907 16833 16257 15802
16998 17890 16376 16060
18705 16565 16295 15054
15732 16669 18654 16121
16235 15807 16732 17883
17174 16645 17564 15717
15781 16056 16683 18334
15917 15622 17090 17401
17229 17406 17003 15436
15685 17539 17283 16327
14780 17235 17349 17064
16294 17938 16462 16400
16925 16410 15726 17107
15807 16304 16194 18298
16066 16203 16280 18043
17137 17111 15787 16547
16053 16348 16955 17575
15415 17011 18201 16556
16446 16812 15986 17236
17737 16960 17252 14729
15067 16931 17269 17515
16661 18024 16644 15738
17117 17657 16873 15596
16486 18357 16354 15964
16720 16829 15844 17130
15150 16972 17461 17475
16210 16051 16460 17766
17444 17399 16745 15037
16881 18183 16516 15861
16006 16503 17832 16417
16086 16120 16265 18093
16573 16510 15775 17414
18215 16461 16342 15676
14851 16927 17294 17562
16274 16041 17571 16838
18267 17023 16387 15052
15785 16121 17123 17886
14834 16753 17479 17532
14990 16737 17455 17532
16227 16309 18371 15956
16859 17049 15500 16746
15444 16876 17712 16858
15912 15575 17066 17577
15834 16941 17759 16659
16180 16760 18187 16033
17833 16536 16798 15515
15907 15984 16604 18387
15144 16622 16987 17872
15895 16596 18706 16079
17215 17674 16868 15083
16776 18259 16308 15983
15521 16876 18129 16728
15912 17568 16701 16745
15899 16562 18570 16193
17104 16364 16528 16589
15701 16853 18341 16300
17904 16799 16306 15706
14721 17031 17363 17521
16137 16660 17847 16226
16823 16859 17707 15388
15803 16325 18196 16453
16468 17227 16214 16776
15716 16082 16572 18565
16089 16701 17901 16242
17030 17926 16458 15700
17501 17089 17129 14829
15539 16323 17055 17780
16038 16595 18214 15863
18318 16680 16731 14748
15688 16145 16665 18403
15343 16887 16885 17210
18126 16500 16663 15517
16982 16734 16110 16796
16571 18337 16340 15941
17661 16659 16600 15627
15775 16315 18060 16722
15183 16869 17227 17510
15985 15682 16746 17915
16985 17389 17294 15257
17543 16493 17254 15263
15800 16711 18471 16102
18574 16692 16410 15173
16438 16046 16638 17587
15362 16676 17351 17323
17275 16749 15450 16904
17554 16909 16032 15777
16699 18037 16630 15456
18192 16453 16611 15531
17625 16744 15816 16455
16340 15783 17498 16846
16852 16678 15867 17069
16517 17585 17125 15822
16861 16670 15587 17059
16064 16402 15991 17969
16707 17528 16555 16213
15435 16243 16554 18470
16933 17170 17373 15177
16080 16509 18367 15978
16229 16261 18340 15882
15890 16718 18228 16148
17414 17254 17182 15172
15458 17309 17450 16945
17492 17225 16189 15782
15865 16604 17787 16683
17188 17678 16470 15842
17734 16889 17106 14805
16676 16858 17734 15966
17325 16913 17421 15116
16539 15981 16868 16875
15947 16530 16318 17795
16072 17188 17101 16652
16843 18077 16498 15874
16722 16646 17435 15417
16915 17065 16038 16308
18536 16707 16466 15145
17317 16908 17478 14741
15845 17083 17471 16286
16095 15827 16953 17720
16715 18177 16314 15901
15699 16271 16951 17776
16269 16575 17648 16321
15473 16423 17671 17262
18476 16770 16609 15040
17067 16808 16229 16427
18141 16812 16511 15299
16064 16315 16342 17745
16844 15974 16826 16855
15966 16177 17487 16852
18006 16464 16375 15750
16623 16950 17136 16162
15758 16056 16439 18538
17070 17868 16604 15506
15615 16529 17566 17200
17386 17713 16233 15814
17113 17761 16850 15535
15931 15990 16731 18210
17178 17471 16644 15493
15914 16126 16330 18176
15952 16452 16562 17919
16472 15859 16866 17341
16721 17935 16086 16138
15706 15941 16772 18136
16871 18045 16446 15954
16493 16594 17821 15904
16537 15942 16829 17229
