14117 1320.87
19022 15860 15702 15329
18850 16255 15863 14786
18400 16124 14792 16184
17269 14954 16500 17405
16388 18311 16459 16298
15923 16557 18484 16635
15493 16164 16443 18555
15041 16759 17304 17802
17915 16382 14856 16488
18311 16796 16221 14816
18804 16285 16088 14970
17435 15039 16289 17204
17442 16123 14976 17007
17872 16095 15131 16604
17584 16045 15204 16928
16359 18176 16608 16371
17951 15806 15264 16554
17728 16173 15065 16752
17311 15056 16649 17223
18281 16081 15013 16221
16524 18128 16514 16329
18534 15993 15382 15671
18157 16539 15334 15871
18100 16299 15222 16316
18797 16076 16117 15050
18991 15925 15787 15198
17037 17510 16574 15933
15522 16286 16491 18442
16656 17817 16597 16307
18888 15950 15592 15434
17596 16091 15094 16844
18165 15863 15299 16249
15446 16370 16868 18222
15540 16139 16547 18478
15409 16452 16810 18239
17291 15789 16129 16954
15433 16588 16979 17959
16416 18069 16744 16288
16111 16749 18079 16685
15869 16666 18348 16789
16997 15623 16240 16939
15272 16504 17006 18033
18933 15972 15917 15242
17411 15935 15902 16768
16285 17972 16671 16412
18136 16652 15489 15753
18960 16078 15951 15114
15555 16245 16458 18364
16367 16052 17641 16777
16435 18042 16494 16347
15447 16821 17634 17459
16444 18199 16607 16333
16466 18023 16634 16431
18875 16183 15927 15017
15718 16327 16723 18171
16820 18113 16321 16163
15339 16805 17475 17505
17967 16562 15617 16033
18294 15820 15735 16000
18286 16546 15613 15492
17142 17366 16473 16040
17409 15107 16648 16996
16552 17934 16522 16521
15165 16798 17386 17629
18620 16236 16178 15148
18727 16180 16184 15082
18252 16356 15881 15525
16070 16734 17160 17485
18632 16239 15564 15567
15118 16894 17210 17884
15941 17000 17491 16966
15360 16862 16985 17665
16331 17124 17600 16652
15052 17001 17242 17563
15682 16241 16872 18080
16765 15764 16796 17219
15966 16703 18309 16572
18974 15848 15633 15356
15315 16634 16965 17928
17579 15884 15106 16991
16338 16505 18061 16443
17307 15149 16569 17056
17910 15305 16409 16275
15882 16679 18380 16702
18370 16479 15509 15834
15924 16776 18282 16746
15954 16654 18438 16590
16012 16649 18411 16698
15190 16932 17122 17683
17849 15495 16142 16578
16926 17629 16529 15967
17394 15373 16554 16526
15911 16828 18212 16795
15915 16396 17859 17157
15863 16282 18143 16924
17511 17274 16424 15626
17320 17421 16651 15783
17229 15122 16708 17281
18785 16212 15934 15026
15593 16257 17020 18009
15130 16853 17467 17530
16093 16674 18238 16548
15911 16582 18467 16660
15442 16329 16547 18339
16783 17757 16533 15957
16036 17945 16582 16533
16424 18245 16434 16360
16931 16866 16485 16565
17586 16743 15285 16147
16025 17545 16681 16855
16479 16008 17057 17342
17468 15211 16326 17087
18231 15408 16155 16110
17376 15190 16600 16806
16802 17319 17068 16228
18587 15895 15598 15713
16712 17884 16654 16297
18465 16250 15455 15838
15994 16533 18173 16821
17666 16635 16559 15906
18746 16163 16072 15189
15255 16838 17263 17716
18000 16221 16371 15412
17179 15572 16837 17370
17535 16361 15701 16406
17487 16594 16282 16145
17202 15608 16353 16899
15978 16811 17915 16891
15780 16254 16675 18300
18906 16087 15816 15217
17124 17701 16292 15804
17249 15364 16318 17025
15925 16577 18327 16741
18011 16153 15714 16024
18489 16074 15745 15687
15350 16569 16817 18124
15999 16887 17840 17044
15734 16164 16582 18326
18125 16605 16220 15322
15201 16786 17204 17741
16365 18294 16471 16338
18598 16103 16074 15336
17642 15471 16687 16243
15619 16472 17012 17861
16861 17809 16184 16208
18684 15907 16014 15308
17419 15189 16585 17045
17984 15759 16273 15893
15384 16643 17675 17423
15339 16631 17112 17981
17258 15156 16630 17054
15520 16185 16310 18512
15660 17085 17615 17250
17704 16640 16783 15462
16960 17116 16355 16325
15776 16701 18044 16884
17855 15433 16487 16279
17778 17004 15849 15640
15976 15875 16600 18056
16350 18227 16412 16401
18465 16354 15329 15612
18526 15958 15412 15668
15552 16514 16905 17938
16840 15462 17299 16907
17429 16275 15530 16628
16429 17779 17026 16283
18417 15662 16086 15763
17763 16970 15652 16056
15758 16249 17957 17195
17228 17439 16643 15850
17255 15348 16451 17035
15243 16767 17232 17779
16697 17514 16964 16154
17825 17067 16377 15604
16597 17746 16749 16216
18323 16265 15576 15916
16212 17150 17338 16374
18508 16458 16020 15233
15367 16543 16926 18093
17753 15798 16559 16011
17621 16659 15427 16380
17484 17160 16053 15741
16305 17310 16438 16996
18031 16126 15935 15914
15327 16580 16849 18151
16347 17846 16911 16329
17565 16108 16032 16541
17682 16289 16135 16269
17447 15391 16507 16824
18859 15976 15978 15158
16605 15660 17079 17068
17012 17185 16293 16364
15962 16718 18259 16625
17279 15233 16685 16986
16134 17727 16719 16529
17575 16004 16997 16236
18827 16012 15642 15540
17359 15281 16453 16962
15796 16268 16898 17725
17732 15923 16151 16506
16582 15443 16665 17378
16652 17579 16827 16021
15414 16792 17136 17608
16579 17861 16266 16569
15496 17018 17352 17398
17811 15293 16277 16456
17161 15735 17017 16664
16257 18085 16652 16371
15790 17165 17411 16829
17454 15546 16553 16562
15981 17585 17230 16300
17112 16137 14982 17207
18705 15973 15760 15532
16586 16296 17806 16735
16831 17558 16655 16120
15705 16958 17243 17357
15650 17198 17023 17123
18576 16439 16052 15097
18777 16233 16119 14979
19003 16068 15884 15177
15467 16461 16937 18054
15460 16231 16667 18386
16045 17917 16550 16576
15387 16523 17784 17290
16066 16665 18366 16715
15089 16628 17141 17908
16161 17290 17259 16777
15609 17076 17323 17405
18269 16423 15440 15952
16824 16942 16086 16973
16189 17529 17432 16493
16849 17382 16708 16356
16074 17690 16769 16735
18555 16245 15680 15656
18423 16384 15873 15474
18354 16239 15596 15986
15622 16207 16480 18401
16618 17616 16388 16690
16831 15492 16845 17280
18771 16230 15848 15004
16199 17043 17878 16345
17690 16921 16368 15858
16677 16517 17662 16403
16987 17787 16185 16078
17330 15226 16547 16999
16789 15533 17187 16932
15507 16618 17894 17233
15848 16914 17251 17328
15111 16648 17318 17842
18839 15938 15526 15475
15223 17343 16870 17269
18663 16277 16165 14993
15286 16841 17216 17705
16169 17416 17536 16481
15479 16480 17592 17360
15854 17406 17519 16701
16737 16689 17440 16203
16430 17906 16806 16218
16391 18266 16464 16354
17369 16656 15551 16330
16852 15643 16754 17132
16401 18015 16767 16396
18106 16350 15798 15772
16528 15569 16473 17436
15600 16037 16449 18500
15820 16765 17931 16969
18814 15978 16098 15135
15647 17252 17134 17114
16875 17443 16507 16578
15654 16313 16516 18195
15920 16781 18112 16839
17986 16879 15815 15827
17308 15206 16616 16870
16980 17673 16451 16217
18373 15683 15846 15991
18080 16036 15004 16396
18466 16109 16163 15548
15232 16611 17115 17828
17608 15747 16127 16620
18734 16133 15765 15457
18056 16577 16294 15291
18069 16470 15664 16135
15838 17337 16836 17071
15573 16723 17886 17154
16679 17599 16786 16036
18649 16034 16087 15317
15774 16977 18098 16945
18522 16382 15885 15131
15076 16683 17419 17592
15230 17259 16946 17169
16185 17642 16345 16675
16329 17998 16223 16479
15434 16184 16512 18418
17792 16314 15686 16396
18539 15822 15918 15950
15484 16799 17503 17462
16409 18215 16482 16280
18162 16343 16478 15252
18549 15727 16055 15440
15147 16811 17293 17549
17766 15172 16281 16569
17888 15273 16206 16539
16244 16709 18091 16584
18340 15568 16102 15865
15096 17086 17175 17655
15425 16479 16663 18260
15376 17024 17061 17569
16139 16152 17714 16921
16320 17652 16934 16315
18194 15739 15994 15977
17405 16836 16405 15927
16616 17606 16796 16263
18695 15837 16030 15390
16164 15825 16312 17756
18310 16450 16096 15266
16057 16683 18268 16639
16900 15902 16259 16931
17059 16070 17067 16545
16126 17035 17903 16495
18440 16465 15667 15845
16249 16929 18026 16448
15692 16642 17821 17213
15300 16626 17481 17523
15966 17153 17942 16643
16884 17351 15861 16451
15454 16551 16973 18023
16567 16468 17758 16470
15810 17181 16945 17323
16483 17963 16463 16358
17065 17475 17002 16233
17926 16545 16059 15758
17069 17492 16529 16105
16792 16555 17790 16196
18442 16048 15473 15811
18857 16042 15752 15228
17085 17248 16663 16101
16589 16713 17401 16592
15659 17089 17461 17242
18450 16189 16052 15588
15892 16148 16627 18141
16896 17569 16620 16029
17801 16622 16229 15696
18589 16133 15842 15425
16561 17283 16714 16699
16435 18276 16417 16212
17243 15414 16550 17141
17136 17049 16519 16166
15178 16880 17285 17853
15631 17300 17073 17158
15532 16231 16722 18273
15873 16625 18429 16657
15645 17327 17363 17136
16914 15864 17150 16749
15671 16955 17618 17163
15513 16788 17421 17392
15292 16790 17384 17601
16379 16650 17983 16270
18758 16392 16010 15085
15748 16336 17509 17212
18209 16062 15747 16107
15568 16730 18025 17002
17302 17405 16364 16140
16219 16433 17125 17102
17945 15684 16005 16389
18572 16297 15576 15342
17171 15649 16745 16670
15767 16646 18226 16802
16015 17716 16806 16902
15391 16811 17155 17585
16254 16311 17994 16665
16386 15622 16707 17543
17634 15513 16536 16435
16959 16020 17205 16713
18918 15917 15806 15384
16500 17456 16918 16384
18049 16492 15414 16085
16084 17220 16750 16910
18256 15965 16335 15792
18673 16213 15774 15332
18386 16025 15811 15704
15673 16382 16885 17980
16570 18092 16592 16339
17219 15266 16567 16997
16758 15601 16421 17432
16502 16693 17560 16642
18113 16882 16094 15647
16200 17397 16401 17194
16632 17093 17268 16458
17138 15702 15989 17096
15834 16983 16958 17382
15739 16450 17266 17552
16487 18097 16742 16282
15896 16822 18230 16600
17204 17059 16468 16094
17519 15714 16105 16637
17021 17064 16822 16436
15612 16152 16419 18538
18023 15556 16186 16421
16336 17226 16759 16821
18296 16107 15824 15842
17769 15259 16325 16530
18235 15939 15393 16157
16981 15847 16305 17303
15880 16954 16900 17265
18182 15519 16168 15969
16325 16340 17698 16694
15634 16407 17061 17814
16511 16327 16077 17411
16601 17665 16730 16263
16065 16957 18006 16724
16272 16893 17034 16934
17518 15341 16430 16918
18084 15722 16115 16172
17746 15746 16051 16423
18148 15464 16038 16278
15581 16202 16838 18133
15700 16583 17322 17673
18653 16211 15952 15162
16443 16255 16301 17653
16748 17793 16447 16187
17233 17036 16395 15818
17890 16260 15657 16459
18527 16065 15725 15622
15919 17013 17390 17014
18176 15506 16188 16087
16300 16117 16800 17692
16795 17176 16937 16537
15459 16550 17550 17738
17029 16114 17043 16039
17079 16140 16928 16705
15537 17238 17092 17527
18675 16187 15472 15581
16121 16377 18193 16510
16732 17265 16191 16682
17102 15524 16932 16740
15151 16968 17179 17825
15302 16711 17277 17805
18964 15938 15698 15376
18523 16149 15958 15405
17525 15588 16343 16616
16622 17533 16772 16560
18703 16037 16042 15279
18217 16456 15703 15958
18947 15892 15813 15297
17764 16613 16215 15726
15850 16916 17578 17190
18426 16184 16045 15632
16273 16911 17741 16560
17345 15754 16578 16864
15918 17496 16971 16914
16176 17707 16906 16404
18757 15980 15998 15207
16225 17597 16727 16591
16753 15582 16659 17315
16152 17355 17090 16577
15625 17204 17083 17323
16131 16663 18129 16753
16541 15992 16316 17525
15423 16485 16655 18111
16235 16797 17094 17084
18563 16421 15392 15572
15387 16947 17551 17309
16495 16847 17764 16525
18513 16374 16227 15366
16284 17655 16838 16518
16405 16199 16910 17472
18950 15946 15802 15397
15278 16559 17282 17889
17653 15606 16390 16320
16121 18000 16455 16461
15300 16780 17193 17786
15624 16734 17374 17656
17866 16170 16236 15852
18090 16411 16223 15796
18019 15688 16068 16204
16438 17141 17105 16150
17235 15318 16691 16866
16887 15751 16338 16880
15825 16490 16536 18107
15973 16547 18191 16849
17588 16338 15523 16419
17724 15850 16190 16062
16718 16095 17038 17182
18192 15701 16114 15976
16071 16699 17970 16961
15272 16964 16998 17577
16894 15320 16881 17077
15077 17023 17147 17765
16049 17465 16892 16835
16118 16975 17586 16756
16099 16086 16699 17793
18569 16020 15611 15580
18214 16456 16112 15561
15959 16178 16951 17899
17098 16986 16483 16277
17531 15242 16379 16752
17444 17106 16195 16190
15868 16763 18174 16853
15793 16917 17724 17138
16052 17150 17694 16612
