212336 3240.43
3643 3160 2580 2921
3319 3462 2339 3161
3317 3422 3135 2593
2885 4013 2788 2853
2631 2937 3755 2912
2623 2694 3561 3303
2564 2998 2911 3750
2346 2994 3500 3366
2387 2990 3571 3264
3315 3547 2381 3116
2814 2714 3084 3608
2646 2728 3574 3279
3407 3482 2418 3097
3200 3708 2987 2709
3379 3572 2878 2698
3334 3466 2357 3143
2404 2987 3605 3214
2678 2750 3591 3248
2452 2860 3496 3429
3128 3382 2495 3288
2475 3210 3267 3422
2489 2762 3657 3161
3039 3900 2861 2747
2847 4004 2850 2907
2813 2899 3436 3294
2664 2951 3004 3697
2662 2986 3737 2916
3122 3604 3152 2669
2565 2797 3419 3486
3635 3145 2630 2972
2779 3273 3212 3228
3092 3825 2867 2861
3151 3589 2722 3018
3424 3435 2396 3040
3343 3431 3096 2607
2910 3957 2831 2860
3426 3420 2365 3084
3222 3514 3129 2626
3553 3333 2508 2972
3164 3424 2437 3272
2556 2889 3322 3539
3559 3222 2663 2989
2626 3083 3328 3519
2705 3191 3125 3525
3348 3505 3026 2633
3036 3386 3334 2704
3284 3417 3205 2611
2528 3198 3354 3389
2592 2843 3746 2970
3440 3531 2601 2945
2397 3206 3223 3510
2907 2865 3426 3103
3018 3858 2932 2814
3117 3646 2956 2828
2853 3995 2728 2858
3089 3388 3272 2661
3401 3396 2345 3106
3412 3378 2868 2959
2719 2948 3020 3652
2977 3774 2885 3024
2417 2841 3518 3375
3158 3718 2841 2707
3313 3501 3049 2640
2460 3268 3234 3482
3625 3182 2639 2985
3106 3880 2714 2867
3330 3447 3057 2644
2420 3354 3289 3218
2628 2781 3396 3394
2491 2740 3545 3363
2484 2939 3532 3310
3516 3403 2552 2961
3197 3522 3166 2690
2931 3728 3112 2808
2436 2769 3515 3440
2764 3032 3568 3172
2867 3975 2799 2901
2638 2786 3446 3370
3366 3433 2475 3090
3226 3740 2674 2810
3572 3180 2689 3004
3287 3664 2807 2787
2731 2858 3377 3374
2615 3258 3156 3436
3163 3651 2655 2957
3604 3260 2646 2986
2834 3172 3551 2850
3247 3473 2456 3128
2577 3054 2885 3733
2880 3025 3664 2911
2505 2744 3610 3204
3210 3507 2448 3134
2435 2809 3511 3356
2541 3090 3230 3563
2778 3050 3469 3221
2628 3002 2896 3741
3549 3204 2702 2990
2428 2939 3566 3306
2511 2910 3581 3354
2567 2836 3385 3416
2816 3795 3076 2870
2437 3087 3301 3452
2532 2703 3617 3294
2622 2787 3701 3076
2574 3130 3047 3669
2991 3349 2873 3402
2644 2785 3706 3069
3175 3788 2731 2877
3180 3698 2538 3071
3418 3012 2829 3041
3321 3540 2408 3150
3133 3802 2893 2744
2894 3097 3350 3300
2658 3109 3298 3489
3474 3464 2560 2845
3566 3312 2627 2993
2817 3116 2762 3622
2881 3967 2910 2855
2655 2799 3695 3070
3014 3779 3011 2754
3299 3250 3205 2725
3544 3361 2576 2781
3142 2932 3395 3042
2466 3050 3524 3249
2585 2947 2915 3724
3042 3913 2797 2926
2461 3120 3295 3464
2554 2748 3620 3200
3273 3694 2675 2784
2751 3100 3461 3081
2987 3102 3407 3074
2747 2912 3648 3062
3055 3870 2815 2873
2549 3004 2906 3730
3278 3582 2425 3164
3479 3313 2610 3041
2746 3074 3654 2984
2755 3152 3018 3636
2611 2877 3111 3643
2503 2765 3509 3408
2783 3095 3255 3412
3599 3185 2684 2978
3486 3372 2697 3015
2955 3907 2911 2793
3260 3583 2748 2967
2906 3892 2848 2940
2927 3106 3105 3333
2389 3045 3485 3362
2699 3094 3072 3659
3512 3357 2642 2893
2787 3832 2979 2959
2693 3125 3309 3336
2523 3043 3346 3529
3349 3215 2492 3148
3337 3363 2527 3196
2974 3164 3440 3028
3188 3629 3055 2620
3137 3763 2774 2974
3609 3311 2685 2973
2695 2982 3727 2952
2498 3261 3246 3460
3400 3577 2595 2775
2595 2977 3321 3556
2847 2857 3318 3456
3281 3610 2853 2721
3392 3392 2912 2680
3025 2773 2998 3493
2590 3212 3158 3560
2631 2895 3625 3168
2673 2701 3601 3268
2534 2941 3263 3586
2758 3409 2924 3449
2620 2917 3453 3403
2543 3231 3168 3519
2639 3039 3179 3626
2612 2958 3548 3235
2713 2867 3689 3139
2820 2920 3495 3245
2400 3218 3171 3536
3310 3555 2429 3155
3438 3369 2371 3095
2978 3596 3043 3130
3030 3229 3138 3100
2735 3081 3022 3595
3104 3035 2992 3238
3232 3569 3115 2745
2651 2993 2983 3687
2500 2837 3362 3499
2739 2818 3471 3325
2893 3308 3223 3046
3415 3428 2444 3054
2916 3239 3037 3477
2778 3177 3240 3503
2559 3112 2961 3702
3389 3342 2371 3106
2745 3146 3068 3552
3590 3265 2680 2986
3262 3622 2551 3083
3166 3538 2488 3235
3087 3296 3341 2653
3395 3485 2532 3063
2689 3042 3253 3579
3471 3443 2567 2902
2624 2955 3728 2949
2494 3253 3184 3464
3370 3551 2466 3030
2479 2985 3633 3240
3282 3355 2403 3209
2808 2885 3557 3154
2855 2980 3258 3398
2805 3155 2899 3599
3582 3166 2709 3044
2732 2964 3538 3193
3220 3303 2407 3261
3374 3476 2459 3110
3615 3287 2758 2897
2815 3066 3144 3513
2480 2918 3491 3321
2790 2844 3389 3324
3579 3293 2715 2954
3121 3685 3052 2794
3502 3322 2661 2919
2650 2802 3506 3348
3620 3218 2707 2930
2618 3070 3107 3604
2524 2953 3456 3318
2871 3736 2926 3032
2698 2861 3646 3170
2603 2909 3336 3466
2653 2957 3639 3137
3074 3865 2791 2824
2530 2806 3121 3633
3306 3458 3070 2618
2703 3136 3522 3098
3153 3487 2970 3060
2571 3063 3412 3255
3522 3241 2746 3034
3354 3448 2608 3095
2799 3007 3213 3572
2952 3806 2883 2883
2569 3073 2865 3706
2862 3044 2761 3619
2607 3022 3097 3681
3373 3282 2486 3158
2606 2826 3563 3309
3214 3601 3131 2739
2795 3130 3527 2872
2651 2972 2944 3710
3444 3522 2593 2920
2842 3128 3392 3278
3098 3724 2965 2751
3115 3698 2620 3163
2636 2745 3581 3292
2741 2966 3711 3060
2557 3224 2952 3666
2723 3120 2947 3640
2657 3009 3598 3088
3272 3614 2481 3121
3382 3553 2517 3017
2554 2948 3672 3152
2999 3755 2846 3093
3049 3300 2657 3420
3184 3545 2661 3079
3096 3812 2799 2841
2921 3580 2905 3269
2683 2883 3593 3174
2878 3982 2837 2882
2530 2822 3597 3201
3497 3279 2858 2899
2518 3171 3483 3160
3235 3343 2545 3242
3075 3687 2837 3039
2562 2810 3504 3336
2635 2990 2890 3716
2898 3876 2739 2997
3463 3395 2605 2961
2679 3021 3360 3349
3383 3431 2533 3064
3204 3777 2717 2770
3328 3401 2998 2982
2960 3931 2842 2881
2728 2736 3476 3302
2947 2782 3314 3327
3061 3592 3178 2674
3165 3619 2919 2928
2901 3002 2854 3613
3082 3344 3290 2918
2726 2830 3471 3276
3322 3237 2524 3211
2503 3147 3201 3547
2613 2847 3714 3033
3453 3514 2472 3006
3011 3018 3035 3309
3322 3341 2801 3123
2676 2962 3641 3069
2877 3297 2990 3432
2967 3946 2855 2838
3128 3601 3086 2762
3033 3244 3372 2728
2994 3919 2865 2908
3362 3413 2469 3191
3266 3703 2695 2800
3085 2974 3192 3281
2941 3837 2758 2980
3294 3512 2509 3111
3181 3760 2794 2833
2593 2855 3474 3384
3089 3712 2925 2786
3488 3000 2779 3057
3048 2851 3195 3208
2850 3819 2880 3003
2957 3188 3339 2841
2928 3938 2891 2846
2961 3359 2667 3414
3436 3336 2733 2955
3489 3399 2781 2886
3100 3671 2960 2876
2877 3884 2902 2942
2948 3937 2836 2910
2640 2923 3480 3211
3296 3641 2712 2813
2896 3990 2809 2890
3251 3549 3055 2651
3070 3747 3078 2822
2944 3987 2796 2903
2588 2891 3502 3302
2875 3069 3489 3146
2871 3680 2892 3111
2969 3950 2793 2883
3431 3099 2876 3004
3195 3653 3024 2817
2753 3227 2981 3566
2720 3183 3160 3580
2889 3810 2911 3002
3218 3098 3250 2859
3171 3447 2669 3225
2891 3158 3070 3340
3115 3673 2736 2978
3311 3656 2669 2812
3464 3460 2513 3026
2770 3055 3630 3009
2581 2737 3662 3155
3207 3305 2468 3257
3286 3534 2882 2756
2866 3141 3009 3589
2548 2930 3480 3352
3072 3840 2833 2932
2768 3066 3178 3615
3005 3752 3005 2767
2842 3892 2941 2873
2932 3121 3024 3498
3024 3840 2863 2835
3109 3856 2844 2778
2670 3232 3080 3631
2715 3063 3616 3036
3456 3230 2788 2937
2794 2898 3438 3288
2773 3058 3042 3594
2736 2790 3475 3343
2800 3178 3302 3317
2537 3251 3221 3533
3176 3436 2525 3250
3037 3766 2893 2870
3380 3476 2946 2685
2913 3200 3405 2852
2900 3506 3306 2735
2560 3089 3174 3605
2959 3946 2771 2962
3539 3037 2741 3074
3243 3299 2753 3266
3087 3561 3188 2759
3063 3478 3316 2965
2631 3164 3067 3646
2771 3174 3402 3177
3292 3443 3031 2903
2916 3509 3241 2753
2595 3088 2992 3675
2682 2879 3609 3185
2827 3409 3196 3040
2767 3240 3282 3215
2582 2945 3413 3360
2822 2833 3614 3066
2853 3048 3149 3307
3528 3370 2572 2877
2923 2882 2966 3570
3524 3391 2546 2972
2686 2806 3718 3030
3007 3086 2975 3284
2650 3106 2898 3662
2630 3052 2916 3681
3251 3567 2980 2678
2808 2946 3337 3378
2918 3877 2982 2935
3345 3460 2768 2941
3066 3441 2635 3250
2981 3626 3010 2997
3498 3396 2586 2792
2702 3217 3092 3528
3359 3398 3131 2804
2761 3133 3191 3592
2767 2963 3684 3016
3118 3452 2645 3121
3357 3455 2970 2722
3076 3845 2793 2894
3589 3159 2759 3059
2736 3292 3373 2821
3259 3637 2790 2789
3531 3274 2705 2988
3112 3225 3096 2888
3003 3016 3273 2994
3238 3195 3011 3011
3026 3616 3019 2963
2566 2964 3043 3693
3114 2819 2976 3312
2852 2873 3164 3452
3157 3741 2816 2831
2598 2971 3647 3050
3298 3287 2564 3178
3468 3498 2604 2896
3343 3451 2623 3139
3162 3520 3202 2779
2865 3564 3142 3145
2774 3327 3371 2951
3147 3149 2880 3096
3257 3392 2590 3206
2708 3278 3153 3267
3130 3518 2625 3254
3021 3851 2908 2760
3324 3470 2678 3039
3080 3722 3083 2767
3449 3320 2929 2883
2794 3327 3276 3187
2647 3116 3678 2981
3203 3626 3013 2812
3292 3335 3140 2798
2873 3284 3399 3016
2711 3120 3269 3383
2671 2797 3720 3010
3488 3334 2613 3026
2936 3022 3361 3253
2814 2927 3025 3601
3339 3477 2453 3084
3277 3563 3041 2825
2631 2993 2889 3715
3235 3672 3007 2730
3033 3207 2690 3314
3173 3529 2630 3181
2660 3208 3189 3532
3091 3633 2917 2976
2454 3304 3261 3400
3066 3666 3133 2938
2964 3968 2896 2823
3034 3744 2896 2874
2963 3921 2802 2848
2824 3092 3459 3167
2843 3176 3259 3157
3008 3876 2812 2948
3000 3498 3215 2792
2886 3412 3114 3377
3494 3402 2709 2927
3201 3233 2834 3194
3253 3455 2580 3066
3240 3521 3126 2768
3368 3407 2706 3013
2857 3749 3067 2907
3426 3337 2637 3103
2779 2929 3679 3049
3170 3625 2704 3107
3265 3557 2728 2975
3249 3611 2973 2775
3535 3196 2683 3041
2456 3262 3246 3466
3448 3441 2698 2891
3399 3371 2757 3008
2794 2904 3368 3451
3362 3609 2711 2885
2822 2965 3452 3218
3044 3556 2997 3110
3552 3352 2787 2890
3542 3171 2771 3020
3506 3369 2582 2918
2633 3042 2926 3677
3508 3317 2784 2910
2582 2946 2964 3726
2734 3162 2982 3629
3307 3669 2819 2671
2515 3199 3232 3495
2562 3016 3388 3345
2592 2904 3471 3387
3191 3295 3235 2803
3085 3850 2823 2788
2985 3230 2760 3471
3300 3427 3133 2737
3422 3372 2962 2923
3334 3527 2761 2878
3189 3150 2573 3291
2997 2969 3231 3184
3059 3849 2796 2971
2881 3276 3162 3197
3256 3602 2810 2925
