85958 2580.63
9341 8450 7993
9331 8505 7892
8223 7975 9230
8055 9412 8180
7962 8113 9306
7532 8712 9111
7588 8688 9118
7644 8896 9037
8786 9259 7930
8332 9370 8257
9297 8674 8236
8093 8104 9272
8349 9377 8204
8212 9395 8098
9322 8483 8038
8854 9214 8056
8360 8003 9212
8378 9300 8283
8320 8055 9193
9144 8814 8332
8305 8020 9223
7704 8567 9147
8354 9346 8191
8815 9181 8215
9196 8760 8342
9255 8818 8074
8436 7995 9185
8618 9333 7981
8429 9345 8247
9276 8716 8097
8911 9195 8026
9211 8706 8294
7773 8889 9028
8630 9329 7939
8545 8068 9157
9235 8823 8073
9197 8758 8228
7734 8853 9035
9282 8583 8257
7942 8431 9179
8245 8184 9202
8383 9238 8418
8278 8503 9027
8325 8597 9013
7897 8943 9003
7665 8756 9082
9111 8462 8619
8159 8110 9252
9174 8769 8320
7882 9030 8908
8168 8358 9134
7756 8777 9077
8348 8012 9200
8925 9168 8008
8400 9243 8406
8129 8078 9266
9192 8623 8362
8426 8922 8809
7723 8958 8985
8224 8603 9060
8311 8406 9081
7793 8734 9066
9078 8444 8664
9099 9059 7957
7860 8704 9080
8983 8995 8354
9177 8664 8355
8528 8141 9143
9128 9036 7998
7691 8640 9128
9238 8623 8305
8267 7998 9227
8114 8098 9259
9068 8492 8639
9243 8824 8048
8368 8042 9187
8714 9262 8084
9225 8658 8265
7876 8672 9072
8290 8820 8880
8481 8033 9172
8824 9090 8396
9122 8386 8593
8661 8930 8668
7820 8650 9113
8863 9165 8315
7801 8614 9127
8591 9163 8493
8247 8519 9044
8814 9016 8532
8201 8588 9071
9053 8945 8205
8044 8161 9219
9240 8486 8429
8682 8324 8999
8599 9041 8604
9166 8959 7969
8498 8122 9149
7979 9221 8752
8329 8181 9167
8173 8639 9052
8550 9272 8153
8942 9076 8267
8567 8808 8783
8257 8692 8989
9089 8991 8165
8473 9293 8279
9106 8243 8677
8122 9210 8724
8448 9234 8520
7941 9266 8678
8657 9241 8119
8532 8873 8779
8840 8763 8685
8509 8460 9019
8564 9060 8573
8388 9044 8771
8458 8314 9065
7950 9246 8699
8758 9127 8450
8992 9066 8041
8893 9196 7982
8697 8694 8808
8780 9258 8027
8913 8971 8479
8623 9248 8130
8635 8495 8966
8665 9326 8048
8890 8341 8864
8741 9028 8537
8340 9145 8651
9046 8423 8710
8094 9205 8737
9216 8687 8239
8748 8801 8721
8914 9114 8173
8767 9278 8077
7988 8739 9009
8916 9098 8383
8123 8333 9188
8073 9234 8635
9181 8785 8243
7673 8722 9101
9118 8521 8563
8533 8702 8889
8629 8977 8702
8432 8550 8994
8721 8094 9050
7974 8611 9103
9161 8795 8371
8177 9284 8534
9156 8797 8386
8153 8147 9240
7844 8984 8967
9079 8628 8575
8800 8150 8979
9169 8775 8295
9048 9130 7992
7959 8265 9234
8605 8348 9033
9102 9000 8159
8728 9187 8136
8677 9317 8007
8866 9174 8122
8552 9035 8643
8691 8312 9032
8218 8102 9245
8897 8242 8938
8429 8032 9194
8050 8951 8905
8601 8132 9108
8503 8178 9116
7920 9118 8870
9198 8902 8112
7958 8961 8967
8016 9021 8935
8254 8524 9042
9096 8381 8661
8903 8113 8928
8012 9136 8831
8524 8480 8983
9184 8421 8504
8946 8956 8456
8364 9307 8302
8066 9233 8705
7953 8120 9262
8927 8133 8899
7966 8377 9179
7869 8663 9077
9131 8987 8104
8363 8118 9151
7830 9074 8921
8164 9297 8514
8939 9093 8142
8832 8911 8607
8157 9279 8565
9139 8934 8108
8751 8204 9030
8471 8096 9158
8807 9085 8425
8727 8770 8793
9071 8804 8516
8869 8209 8954
8707 9070 8544
8197 9291 8445
8061 8926 8910
8683 9172 8435
8271 8547 9032
9138 8939 8146
9076 8841 8489
9038 9059 8151
9162 8790 8241
8540 8467 8986
8354 8166 9145
8834 8236 8961
8034 9158 8819
8347 8316 9097
8809 8291 8940
8089 9128 8839
8428 8559 9005
7908 8395 9186
8001 8914 8967
7836 9092 8903
9135 8275 8612
8576 9024 8679
8228 8456 9092
8946 8837 8627
8107 9199 8728
9088 8255 8688
8663 9101 8535
7933 8914 8973
9020 8636 8646
9148 8463 8581
8970 8648 8650
8844 9219 8093
8414 8579 9002
8882 8883 8571
8915 9111 8192
8371 9046 8764
8796 8211 9003
8677 8104 9075
7684 8680 9115
9076 8781 8511
8839 8232 8946
8772 8216 8981
7880 8863 9025
7906 9327 8555
7676 8831 9074
8302 9149 8710
8004 8582 9122
9081 8416 8718
8807 9235 8093
8651 8824 8763
8294 9288 8486
8084 9008 8894
8969 8362 8798
8880 8658 8747
8715 8254 9016
8976 8143 8853
8392 8051 9182
8248 8084 9227
7927 9229 8755
7843 8452 9173
8607 8159 9107
8641 8149 9083
9227 8846 8035
7966 9314 8584
9061 9026 8099
9096 8527 8554
8930 8428 8817
8735 9120 8472
8019 9112 8863
8849 8620 8781
8141 8554 9109
8859 8614 8796
8205 8908 8896
8463 8830 8870
9151 9008 7934
8299 8115 9176
8296 9144 8731
7827 8569 9139
8077 8401 9139
7863 9262 8697
7969 8731 9071
8800 9255 7993
8573 8088 9123
8488 8888 8750
8352 9167 8625
9085 9037 8080
9040 8200 8766
7977 8980 8949
8065 9318 8535
8446 8541 8994
8820 9178 8189
8214 8121 9217
8952 8306 8859
8899 9160 8107
8041 8346 9183
8404 8870 8858
9200 8876 8079
8667 8274 9046
7763 8999 8976
8850 8653 8756
8497 8644 8913
8572 8724 8871
9232 8828 7957
8982 8557 8709
8539 8176 9125
8345 8236 9121
8209 8882 8915
8149 9056 8856
7914 9272 8690
8418 8674 8975
9183 8458 8470
9145 8834 8298
8656 8489 8922
8875 8890 8590
8890 8699 8687
9032 8651 8630
8396 8878 8850
8144 9072 8843
8733 9154 8471
8175 9191 8601
8619 8569 8943
8960 9014 8401
8846 8857 8610
9083 8398 8695
8496 9171 8551
7963 9081 8887
8557 8068 9130
8407 8418 9068
8242 8886 8882
8182 8050 9248
9018 8972 8376
8571 8227 9105
7731 8584 9131
8110 9307 8449
8787 8755 8733
8849 9186 8183
8820 9193 8126
8708 9011 8578
8914 8633 8693
9039 8566 8653
8983 8192 8843
8992 9190 7938
7757 8743 9088
9145 8263 8594
8931 8391 8834
8829 8246 8948
8182 8899 8911
9005 8368 8719
9030 8249 8782
8234 9125 8733
8038 8891 8969
9057 9083 7961
9136 8859 8452
8805 9049 8483
8851 9226 8076
7821 8798 9039
9050 8300 8719
9026 8252 8751
9014 8974 8190
8998 8767 8602
9101 8876 8462
8951 9017 8403
8966 9139 7961
8255 8338 9161
8576 8049 9123
8097 8555 9084
9051 9109 7938
8136 9231 8720
7729 8854 9039
8188 8538 9087
8774 9259 7968
9163 8451 8476
8622 8768 8846
8923 8848 8569
8811 8271 8926
8779 8173 9023
8990 8222 8815
8633 8390 9008
8451 8661 8955
8151 9053 8868
8035 8573 9086
8612 8685 8857
8024 8901 8968
8611 9262 8167
8555 9172 8441
8961 8870 8549
8949 8950 8464
8965 9135 8133
7994 8347 9196
8654 8985 8631
9159 8931 8097
8985 8279 8821
8826 8268 8901
8804 8145 8997
8541 8862 8788
8220 9131 8769
9228 8844 8130
8974 8335 8812
8732 8083 9044
8647 8414 8958
8438 9167 8557
8580 8474 8973
8513 8613 8961
8952 8605 8737
8957 8193 8867
8687 8100 9069
8123 8795 8971
8810 8318 8931
8605 9180 8377
7995 8954 8965
8912 8222 8886
9156 8294 8560
9075 8751 8512
9057 8473 8690
8953 8413 8787
8666 8071 9087
8102 8711 9047
7686 8879 9046
8618 8401 9009
8519 8719 8904
8236 8746 8989
9143 8721 8421
9015 8748 8558
8862 8708 8666
8133 8655 9048
8389 8575 9004
8190 9171 8741
7843 9184 8801
8587 8984 8658
8988 8267 8830
8776 8743 8740
7970 8938 8972
9190 8905 8007
8028 8756 8995
8722 9110 8482
8059 9197 8796
7996 9099 8875
8936 9095 8237
8709 8379 8982
8615 8817 8765
8872 9121 8237
9060 8826 8539
8226 9069 8825
9137 8680 8518
9044 8304 8749
8806 8366 8896
9008 8950 8448
8452 8818 8877
8586 8077 9114
8482 8635 8984
8082 8767 8985
9059 8277 8733
9007 8285 8805
8928 8281 8881
8475 8846 8821
9132 8887 8272
8685 8826 8743
8154 9071 8827
8954 8319 8851
8821 8198 8974
8797 8195 8995
9044 8285 8750
7966 8543 9162
8585 8999 8655
7990 8959 8951
8324 9138 8725
8168 8545 9076
8768 8231 9026
8581 8226 9075
9200 8719 8273
7962 9134 8837
8915 8949 8495
7799 8693 9091
8708 8171 9066
8682 9006 8588
8308 8833 8873
7795 8990 8967
7762 8851 9066
9005 8767 8595
8845 9021 8501
9081 8783 8499
8975 9001 8396
8413 8650 8976
8226 8532 9115
9004 8244 8808
8921 8174 8903
7926 8849 9025
9150 8322 8544
8298 9114 8791
8864 8896 8586
8106 9055 8883
9186 8536 8418
8968 8534 8727
8937 8215 8876
8366 8767 8917
9187 8414 8497
8104 9314 8561
