132713 1860.2
3509 3195 2872 3073
3341 3463 3188 2861
3320 3465 2637 3122
3200 2996 3190 3285
2971 3181 3565 3006
2837 3112 2986 3615
2811 3856 2998 3101
2629 3186 3260 3504
3491 3236 2698 3029
2671 3290 3483 3234
3050 3593 2741 3373
3175 3031 3101 3368
3271 3454 3206 2917
3481 3283 2778 3101
3136 3412 3350 2896
2693 3058 3320 3460
3186 3426 3280 2881
2687 3514 3322 3288
3039 3166 3545 3019
2969 3755 3133 2873
3494 3210 2906 3039
3372 3088 2866 3261
2790 3156 3290 3487
2995 3043 3256 3419
2938 3249 3562 3115
3470 3284 2828 3115
3107 3272 3426 2953
2717 3625 3207 3202
3026 3794 2878 3012
2977 3052 3316 3394
2730 3510 3072 3536
3195 3135 2802 3399
2706 3537 3285 3292
3138 3338 3455 2934
3228 3548 2749 3150
3242 3371 3286 2893
2897 3844 2999 3161
2977 3360 3411 3087
2725 3218 3097 3580
2948 3098 3341 3449
3095 3544 2895 3381
3399 3409 2911 3055
2751 3447 3031 3600
3104 3286 2833 3469
2783 3379 3469 3205
2804 3807 3037 3167
3412 3188 3179 2923
2962 3206 2841 3554
2808 3452 3024 3543
2984 3048 3513 3157
2840 3600 3201 3325
3087 3346 3416 2926
3231 3035 3184 3281
3020 3103 3114 3461
3394 3067 2798 3306
3408 3443 2760 3037
3019 3629 2817 3259
3165 3342 2784 3361
2885 3138 3092 3567
3349 3397 3090 2863
3151 3713 2769 3027
2892 3475 2836 3499
2981 3816 2927 3089
2947 3802 2987 3135
3250 3227 2806 3345
3122 3312 2880 3465
2988 3749 2944 3223
3456 3118 2966 3081
3307 3295 3349 2968
3489 3319 2874 3061
2934 3382 3460 3173
3345 3179 3253 3009
2820 3073 3474 3327
3294 3375 3242 2973
3058 3314 3440 2979
2950 3341 3523 3085
2974 3788 2918 3170
2816 3684 3045 3357
3112 3108 3037 3463
2866 3125 3301 3480
2766 3657 3240 3057
3038 3081 3208 3365
3009 3222 2968 3495
2933 3773 2950 3274
2870 3763 2954 3231
3439 3185 2996 3077
2972 3367 3478 3065
2739 3417 3261 3369
3079 3158 3443 3199
2960 3171 3527 3133
3468 3285 2826 3062
2802 3323 2962 3599
3429 3192 2809 3163
3350 3449 2756 3117
2769 3306 3219 3516
3018 3798 2862 3003
2855 3434 3012 3537
2861 3460 3194 3369
3080 3519 3302 3141
3452 3320 2885 3015
2799 3361 3081 3609
2913 3176 3270 3458
3222 3542 3067 3124
2810 3813 3015 3169
3092 3568 3084 3172
2850 3299 3508 3132
2761 3378 3210 3423
3063 3731 2979 3034
3268 3094 2978 3310
3404 3383 3043 3091
3024 3785 2897 3076
3212 3677 2839 3032
3188 3410 3360 3022
2713 3519 3212 3389
2846 3245 3102 3574
3462 3297 2815 3067
3003 3222 3019 3511
3453 3304 2792 3097
3009 3173 3488 3228
3433 3284 2766 3211
2927 3364 2924 3552
2756 3822 3040 3185
2900 3262 3355 3340
3140 3033 3362 3194
3160 3259 3070 3385
3044 3433 3010 3353
3068 3310 3406 3191
2954 3419 3026 3473
3028 3255 3497 3104
2727 3260 3262 3478
3196 3277 3419 2990
3205 3501 3100 3051
2894 3337 3324 3428
3323 3496 2941 3103
3366 3387 3076 3045
3075 3064 2967 3522
2922 3438 3245 3328
3016 3767 2972 3182
3417 3276 3112 2985
2775 3780 2992 3270
3238 3484 3218 3031
3331 3149 3160 3195
3415 3250 3123 3058
2942 3493 3247 3302
3336 3482 2986 2929
2852 3717 3102 3203
3155 3708 2952 3117
3362 3268 2761 3221
2890 3232 2936 3594
2878 3818 2963 3190
3216 3580 2941 3096
3386 3065 2870 3239
2844 3072 3403 3325
2800 3258 3538 3094
3446 3142 2905 3112
2818 3428 3423 3143
2883 3213 3532 3159
3065 3516 3079 3313
3011 3194 3542 3084
2747 3152 3221 3533
2778 3391 3151 3445
2709 3333 3431 3218
2938 3563 2959 3411
2921 3529 3333 3162
2873 3237 3259 3442
2918 3553 3147 3331
2798 3465 2975 3491
2896 3178 2934 3563
2992 3353 2923 3467
2781 3346 3297 3396
2801 3481 3140 3409
3425 3219 3049 2940
3183 3726 2847 2987
2955 3190 3308 3316
2985 3196 3502 3198
2987 3077 3330 3376
3106 3743 2970 3040
2858 3151 3385 3264
2944 3418 3366 3266
2847 3737 3021 3287
3253 3351 3386 2997
2755 3362 3238 3452
2900 3441 3250 3365
3379 3258 2814 3214
3045 3746 2932 3155
2777 3696 2876 3297
3354 3422 2867 3092
2932 3834 2894 3127
3163 3607 2956 3164
2899 3841 2981 3145
3116 3699 3038 3002
2905 3646 3152 3320
3016 3754 2854 3183
2710 3328 3217 3523
3008 3370 3434 3070
2975 3560 3234 3321
3347 3279 2889 3253
3190 3665 2892 3157
3153 3349 3370 3149
2917 3266 3447 3242
2813 3347 3093 3588
3246 3307 3352 3060
2984 3145 3093 3506
3225 3182 3291 3083
3159 3738 2757 3122
2869 3315 3033 3569
3459 3124 2948 3114
2935 3356 3493 3112
2827 3320 3465 3156
3427 3363 2980 2976
3115 3477 3286 2944
2958 3297 2984 3541
3359 3211 3277 2938
3075 3277 2774 3529
2888 3141 3399 3351
3012 3298 3108 3455
2856 3290 3043 3591
2969 3232 3517 3051
2831 3264 3028 3605
3134 3693 3029 3048
3000 3271 3172 3401
3016 3268 2900 3501
3076 3076 2964 3531
2932 3200 3157 3447
3324 3198 3266 2949
2906 3239 3266 3432
3315 3407 3184 2993
3249 3476 3130 2982
3154 3629 3119 2965
3419 3152 3062 2920
3020 3055 3237 3416
3041 3353 3342 3268
2758 3526 2990 3485
3341 3169 3098 3153
3142 3230 2789 3490
3376 3273 3221 2983
3069 3673 3000 3166
2894 3632 2981 3338
3396 3303 3065 2941
3314 3260 3142 3247
3061 3574 3202 3180
3055 3436 3104 3311
3262 3372 3243 2988
3235 3278 3228 3119
3167 3411 3131 3188
3319 3120 3067 3210
2982 3829 2915 3082
2956 3679 3071 3256
2812 3092 3453 3277
3180 3499 3136 3069
3071 3783 2935 3113
2741 3537 2977 3563
3229 3424 3281 2943
3204 3461 2907 3300
3287 3410 3180 2920
2843 3288 3382 3440
3126 3380 3163 3231
2983 3724 2995 3107
3185 3130 3062 3421
2796 3412 3166 3425
2958 3758 3019 3161
3431 3396 2806 2958
2806 3603 3271 3132
2857 3567 3226 3280
2925 3388 3305 3296
3111 3711 2917 3079
2943 3197 3534 3036
3206 3359 3318 2958
3208 3612 2983 3096
3260 3287 3284 3041
3034 3671 3192 3105
3392 3257 2795 3203
3378 3243 2851 3243
3442 3212 2847 3084
2864 3350 3451 3201
2934 3488 3311 3197
3326 3319 2788 3282
2915 3705 3063 3280
3083 3253 3420 3159
3242 3144 3167 3226
3130 3423 3137 3299
3121 3532 2929 3280
2952 3265 3003 3547
3310 3337 2859 3299
2834 3354 3438 3198
2970 3473 3086 3389
3292 3344 3374 2949
2919 3643 3033 3294
3300 3375 3240 2956
3199 3472 2823 3218
2845 3335 2999 3583
2914 3343 2926 3604
3265 3429 3220 2970
2887 3228 3118 3560
2868 3340 3103 3546
2773 3483 2946 3518
3339 3446 2969 3001
3047 3342 3155 3430
3027 3683 2992 3179
3302 3315 3077 3130
3290 3251 3374 2995
3036 3357 3206 3347
3192 3217 3086 3308
3056 3605 3001 3335
3008 3248 3186 3358
2925 3585 2991 3434
3060 3561 3107 3244
2996 3115 3320 3323
2940 3292 3310 3425
2848 3662 3154 3186
3309 3402 2942 3207
3089 3687 3015 3098
3032 3456 3385 3145
3335 3326 2861 3271
3128 3466 3257 3027
2930 3592 3117 3263
2903 3550 3295 3099
2920 3824 2917 3118
3362 3286 2993 3138
2941 3524 3276 3273
3189 3333 3368 3019
3164 3607 3088 3147
3089 3191 3448 3151
2832 3164 3467 3233
3435 3347 3020 3074
3383 3300 3066 2969
3369 3146 3068 3072
2745 3668 3049 3303
3450 3160 3052 3106
3178 3504 3096 3028
3077 3275 3396 3024
3006 3598 3080 3286
2953 3776 2980 3157
3017 3721 3051 3068
3067 3587 3098 3114
3202 3530 3017 3160
3053 3648 3064 3190
2911 3240 3329 3292
2956 3472 3394 3110
3329 3202 3101 3167
3062 3636 3165 3228
2924 3577 3264 3024
2820 3398 3268 3339
3421 3232 2942 3137
3210 3363 3149 3079
3201 3069 3075 3357
3169 3512 2899 3197
2918 3828 3034 3138
3029 3539 3057 3291
3054 3399 3390 3023
3133 3492 3230 3132
3212 3469 2856 3251
3275 3339 3327 3029
3001 3242 3481 3154
2956 3477 3340 3240
3056 3308 3010 3437
2889 3289 3151 3558
2891 3147 3090 3577
3020 3229 3162 3387
2967 3603 3030 3362
2929 3618 3061 3304
3387 3373 3205 2964
3199 3275 3398 3017
2908 3836 3037 3108
2891 3620 3110 3379
3315 3298 3287 2998
3085 3667 2887 3209
2966 3471 2876 3452
3333 3274 3186 3121
3297 3467 2985 3219
2902 3408 3189 3415
3022 3701 3068 3177
3215 3377 3144 3063
3040 3389 3135 3317
3085 3591 3091 3128
2968 3244 2932 3524
3252 3214 3162 3236
3031 3486 3164 3309
2945 3429 3121 3407
2788 3426 3175 3405
2876 3491 3296 3275
3040 3651 3122 3251
3028 3689 3016 3168
2920 3640 3060 3289
2830 3391 3073 3526
3098 3533 3224 3237
3332 3206 3229 3109
3292 3281 3083 3276
2815 3317 3110 3529
3279 3306 3146 3095
3288 3420 3129 3044
3100 3623 2982 3175
3219 3410 3299 3049
3380 3386 3158 2994
2998 3449 3252 3283
2824 3546 3211 3370
2823 3427 3273 3325
3127 3615 3004 3143
2787 3415 3127 3434
3305 3330 3059 3193
2929 3509 3273 3290
3049 3583 3020 3229
3356 3385 2958 3230
3337 3308 2972 3278
3304 3415 3005 3123
3423 3361 2796 3043
3174 3575 3048 3177
3389 3365 2978 3184
3118 3489 3183 3291
2963 3675 3171 3128
3274 3433 2849 3238
3245 3122 3204 3185
3348 3412 2903 3144
3064 3638 3126 3042
2833 3294 3373 3348
3102 3241 3388 3073
2827 3302 3381 3358
2881 3459 3378 3194
3356 3275 2845 3270
2884 3197 3084 3584
2985 3391 3106 3475
3264 3345 3259 2962
2962 3319 3236 3413
2927 3555 3090 3375
3176 3211 2937 3343
2919 3656 2964 3319
2971 3661 3013 3225
3101 3513 2989 3256
2955 3132 3330 3371
2974 3384 2863 3481
2857 3384 2938 3527
2936 3622 3079 3252
2908 3439 3344 3260
2862 3464 3133 3406
3284 3523 2887 3085
3144 3527 2883 3213
3022 3557 3205 3222
2952 3231 3278 3422
3227 3162 3172 3222
3219 3507 3054 3162
2874 3326 3254 3441
2973 3728 3053 3126
2959 3713 3170 3148
2976 3534 3128 3288
3177 3537 2913 3189
3258 3392 3014 3213
3449 3164 2915 3072
3234 3538 2971 3104
3264 3394 2882 3229
2797 3444 3400 3199
3004 3692 3082 3201
3283 3399 3007 3217
3171 3597 2954 3177
3137 3338 3344 3201
3158 3610 2910 3138
2960 3352 3079 3520
2959 3664 3002 3249
3305 3325 3296 2960
3013 3550 3106 3254
2919 3115 2947 3576
3009 3468 3064 3333
2990 3548 3285 3217
2990 3332 3208 3378
2965 3300 3144 3483
3058 3596 3183 3034
3156 3302 2988 3418
3082 3332 3251 3348
2925 3406 3164 3421
3145 3350 3146 3366
3148 3546 3162 3207
3106 3401 3081 3403
2849 3459 3230 3336
3360 3291 2947 3226
3181 3432 3106 3066
2836 3529 3143 3372
3283 3369 3097 3078
3277 3343 2906 3298
2772 3371 3179 3459
3195 3431 3156 3175
2815 3571 3223 3126
3157 3671 2945 3136
3072 3376 3209 3241
3015 3425 3176 3337
3265 3257 2920 3332
3297 3478 3028 3042
2937 3720 3117 3184
3073 3571 3066 3284
2909 3350 3183 3484
2944 3659 3222 3191
3257 3446 3253 3060
3142 3653 2990 3104
3144 3202 3376 3163
3299 3532 2921 3062
3193 3484 3095 3234
3026 3475 3293 3278
2970 3323 3490 3074
3014 3609 3173 3112
2933 3415 3061 3513
3018 3413 3091 3341
3244 3383 3143 3246
