4777 2594.09
9645 8655 8008
9481 8994 7736
8595 7942 9267
8096 9800 8035
7855 8199 9507
7485 8710 9376
8553 7984 9283
7532 8793 9338
7496 8666 9391
7580 8622 9413
7553 8737 9359
8459 8005 9340
8294 8021 9400
7735 8346 9496
7597 8675 9390
7546 8659 9392
7610 8902 9252
8129 9789 7990
8519 8046 9298
7659 8972 9206
9488 8973 7741
8698 8001 9213
9633 8738 7825
9511 8945 7787
9517 8920 7765
8381 8036 9365
8702 8057 9201
9636 8687 7956
7670 8578 9407
7602 8764 9346
8605 8047 9254
8086 9796 8101
9451 9030 7757
7741 8367 9489
9408 9069 7771
8138 9782 8027
8598 8088 9260
8428 7991 9349
9428 9032 7780
9494 8948 7760
7682 9009 9167
7635 8873 9281
8526 8081 9295
9625 8724 7926
7729 8657 9380
9601 8773 7903
8571 7994 9263
8807 8072 9146
9618 8649 8039
8350 7985 9371
8280 8030 9407
9493 8964 7750
9430 9038 7776
7685 8837 9290
9623 8716 7928
7790 8651 9371
9593 8790 7908
9457 8996 7862
8900 8160 9080
9524 8915 7747
7772 8304 9483
8090 9772 8184
7721 9010 9157
7618 8662 9386
7885 8281 9484
9404 9061 7772
8616 8094 9232
8311 8099 9384
7909 8183 9479
7765 8514 9437
7994 9199 8951
7689 8834 9314
7639 8658 9387
9583 8833 7745
9467 8997 7805
9401 9060 7790
7676 8893 9258
7655 8862 9291
7649 8825 9315
9334 8479 8599
9095 9339 7889
7908 8208 9487
8093 9780 8097
8532 8063 9295
8472 8059 9330
8212 8026 9424
9092 9359 7884
8934 8298 9022
8094 9672 8375
9051 8923 8572
8826 9525 8005
8236 9426 8661
8653 8027 9226
8620 9521 8343
8451 9602 8311
7757 8392 9466
9136 8216 8893
8064 8513 9350
7806 9045 9134
7809 8426 9462
9140 8598 8769
7627 8637 9392
9601 8813 7800
9475 8977 7797
7950 9041 9104
9602 8592 8078
9399 9057 7810
9373 8590 8514
9032 8112 8991
9007 8143 8995
8412 8066 9355
8219 9473 8607
8115 9769 8160
9550 8882 7778
8669 8129 9211
8210 9760 8118
8187 9764 8145
8179 9775 8123
9381 9079 7865
9362 9095 7848
9295 9062 8130
9182 8711 8637
8593 9352 8527
8162 9015 9028
8120 9609 8504
8108 9543 8566
8024 8225 9439
7776 8563 9415
9415 9022 7965
9382 9052 7998
9344 8450 8575
9152 8117 8901
9129 8378 8859
8959 9147 8399
8824 8943 8743
8676 8114 9205
8499 9666 8069
8449 8158 9299
8426 9479 8479
8240 9271 8804
7874 8511 9440
7828 9107 9065
9143 8119 8921
9078 8258 8926
8883 8179 9084
8258 8126 9386
7978 8595 9342
9534 8824 7957
9305 9194 7816
8943 8295 9017
8052 9362 8783
7747 8361 9473
8348 8034 9371
9571 8778 7947
9169 8237 8834
9086 8125 8958
9048 8615 8822
8921 9213 8378
8908 9206 8394
8906 9443 8017
8857 8207 9109
8739 8320 9126
8385 9398 8624
7929 8337 9460
7801 8527 9422
7739 8475 9452
7717 8906 9248
8659 8140 9210
8319 8144 9362
9614 8796 7851
9613 8699 7960
9610 8540 8157
9337 9042 8038
8639 9364 8468
7912 9051 9122
7797 8437 9447
7619 8804 9323
9598 8566 8083
8697 8488 9094
7915 9040 9149
7768 8741 9332
7707 8852 9289
9574 8804 7933
8441 9660 8172
7781 8886 9236
7761 8969 9202
7630 8910 9246
7622 8748 9347
7691 8787 9323
7785 8730 9342
9240 9222 7859
8183 9507 8585
9442 9024 7794
9398 9068 7832
9397 9070 7835
9278 9220 7829
9113 9315 8031
9421 9044 7792
9213 9227 8003
9209 9277 7857
9186 8880 8540
9183 9251 7959
9101 8307 8865
9089 8443 8842
9081 8312 8903
9079 8547 8819
9044 8619 8817
8681 8643 8998
8465 9293 8657
8346 9257 8780
8179 8996 9070
8153 9283 8844
8004 8165 9456
7939 9353 8810
9266 8672 8584
9240 8599 8630
9201 8612 8626
9010 8930 8629
8687 8185 9191
8659 9233 8620
8624 9496 8322
8514 8984 8858
8147 9757 8204
8071 9517 8594
7939 8135 9471
7893 8431 9433
8867 8279 9077
8670 8075 9209
8482 9639 8180
8282 8452 9259
8270 8079 9416
8211 9470 8609
8074 9799 8087
9561 8874 7817
9509 8579 8315
9482 8968 7750
9474 8990 7799
9455 8922 8012
9386 9083 7842
9158 8240 8872
9124 8480 8813
8890 8808 8756
8772 8318 9106
8686 9509 8210
8646 9596 8034
8197 8252 9373
8121 9428 8680
7881 9143 9032
7825 8406 9459
7814 8293 9474
9606 8631 8052
9560 8766 8029
9558 8558 8274
9545 8786 8063
9541 8717 8126
9520 8850 7997
9515 8926 7840
9476 8955 7874
9437 8751 8297
9425 9035 7808
9403 8483 8513
9387 9046 7952
9379 8375 8618
9323 8795 8391
9312 8227 8695
9290 9172 7895
9219 8848 8446
9205 8264 8797
9157 8909 8480
9146 9224 8112
9111 9188 8278
9106 8224 8917
9098 8713 8684
9059 8276 8928
9045 9318 8121
9030 9153 8360
9014 9347 8136
9009 9373 8094
8952 8194 9031
8914 9253 8346
8894 9489 7974
8846 8242 9079
8828 8133 9139
8821 8620 8925
8810 8687 8896
8802 9219 8568
8788 8228 9140
8776 8846 8814
8754 8486 9037
8661 9463 8328
8643 9564 8141
8637 9392 8421
8636 8493 9088
8558 8101 9272
8507 8170 9275
8476 8176 9292
8438 9687 8148
8419 9059 8887
8356 9294 8762
8265 9631 8355
8263 9724 8213
8209 8509 9310
8183 9751 8174
8174 8315 9360
8171 9703 8276
8130 8688 9230
8099 8574 9303
8026 9072 9072
8011 8321 9431
7982 9651 8412
7920 8504 9410
7904 9056 9110
9472 8381 8456
9353 8383 8595
9114 8269 8867
9075 9297 8111
9070 9054 8455
8836 8588 8954
8804 9465 8168
8759 9458 8228
8588 9608 8145
8581 8214 9229
8546 8065 9274
8535 9669 8036
8491 9561 8340
8481 9321 8633
8473 9658 8177
8372 9299 8740
8253 9634 8365
8186 9574 8512
8176 9123 8944
8131 9767 8206
7642 8844 9302
9175 8691 8659
8641 8967 8870
8460 9588 8334
8401 8273 9316
9525 8504 8306
9491 8918 7909
9223 8905 8426
9132 9278 8000
9015 9256 8183
9011 9310 8224
8996 8405 8922
8941 8920 8731
8762 8792 8861
8755 9310 8464
8596 9633 8026
8435 9538 8381
8432 9400 8569
8342 8140 9352
8201 9415 8704
8055 9677 8380
8019 9255 8882
7987 9104 9057
7925 8936 9198
7898 9105 9064
7890 8766 9286
7841 9374 8803
7821 8868 9268
7630 8771 9344
9576 8739 8027
9569 8781 7963
9479 8464 8430
9406 8634 8407
9392 8958 8067
9347 9120 7850
9239 8454 8740
9177 8200 8881
9170 9159 8095
9109 9280 8070
8980 8204 9030
8970 8366 8981
8966 9323 8201
8874 9474 8098
8832 9477 8159
8806 8412 9053
8725 8322 9160
8589 8396 9165
8344 9487 8537
8286 9383 8668
8247 9675 8300
8216 9768 8076
8169 9752 8185
8167 8309 9380
7883 8701 9319
7853 8569 9381
7845 8832 9285
7766 8835 9276
7745 8999 9172
7721 8520 9434
7703 8917 9244
8994 8422 8928
8445 9464 8508
7875 8798 9257
9586 8819 7837
9340 9130 7806
9134 8379 8833
9053 8546 8860
9038 8428 8879
9036 8415 8912
8863 9218 8494
8618 8494 9090
8061 8354 9406
7932 8429 9423
7918 8949 9171
7878 8535 9395
7848 8695 9349
7835 8965 9193
7794 8562 9409
7718 8398 9464
7714 8774 9325
7711 8820 9294
7656 8922 9238
7647 8793 9319
7644 8649 9388
8854 8502 8940
7754 8734 9346
9418 9018 7919
9081 8471 8827
8940 8469 8937
8637 9312 8522
9341 8481 8573
9005 8768 8752
8825 9229 8492
8677 9456 8324
9546 8855 7917
9475 8965 7877
9462 8496 8448
9456 8998 7900
9430 9013 7892
9428 8896 8137
9389 8295 8556
9378 9026 8019
9373 9108 7819
9363 9089 7872
9355 9129 7814
9333 9150 7867
9311 9132 7902
9182 9286 7887
9159 8575 8748
9140 9311 7824
9126 9327 7943
9101 9231 8132
9074 8241 8931
9061 8596 8811
9055 9350 8021
8901 9475 7972
8893 9304 8313
8859 8986 8702
8857 8742 8825
8850 9381 8221
8782 9551 7875
8733 9570 8054
8708 8199 9185
8665 8311 9180
8635 9586 8129
8600 8522 9097
8528 9258 8655
8482 8183 9288
8458 8806 9021
8375 9555 8466
8355 8726 9137
8188 9250 8851
8140 9729 8238
8069 9497 8601
7956 9155 9000
9592 8704 8024
9549 8859 7855
9538 8903 7844
9538 8394 8369
9536 8794 8170
9456 8727 8318
9438 8668 8349
9435 8552 8467
9424 8420 8510
9412 9028 7976
9412 8608 8416
9361 9116 7921
9324 9109 7924
9316 8597 8608
9315 9149 7880
9295 8449 8678
9275 8526 8631
9271 9100 8115
9256 8249 8760
9214 9221 7989
9209 8313 8773
9207 9237 8023
9194 9195 8047
9194 8577 8670
9193 9261 7927
9167 8317 8829
9165 8572 8730
9163 8975 8409
9161 9232 8090
9121 8107 8924
9093 9309 8041
9090 8702 8732
9071 8202 8943
9049 9215 8236
9049 8154 8983
9043 8898 8591
8955 9151 8486
8935 8425 8945
8931 8210 9068
8901 9316 8293
8887 8607 8905
8875 9354 8266
8872 8879 8765
8829 9336 8331
8809 9075 8619
8782 8780 8853
8779 8351 9091
8774 8384 9082
8758 9333 8411
8719 8139 9188
8710 9287 8491
8705 9369 8401
8611 9617 8144
8609 9566 8219
8609 9502 8353
8608 9530 8271
8563 9504 8370
8552 8508 9163
8547 9292 8652
8511 8220 9262
8505 9616 8246
8484 8829 8969
8484 8289 9245
8470 9632 8225
8414 9706 8104
8394 8397 9250
8381 9652 8248
8335 9493 8530
8321 8275 9327
8315 9737 8119
8306 9429 8606
8303 9492 8551
8295 8110 9382
8289 8971 9023
8279 9708 8241
8232 9646 8362
8219 9446 8676
8214 8131 9402
8193 8953 9092
8160 8359 9377
8155 9050 9019
8151 9550 8546
8151 9212 8895
8144 8490 9345
8136 9380 8746
8125 8136 9446
8108 8157 9425
8104 9498 8596
8103 8601 9293
8085 9295 8816
8041 9674 8407
8040 8570 9306
8037 9231 8919
7931 9017 9115
7903 9179 9001
7886 9138 9034
7828 8292 9476
7758 8988 9204
9609 8674 7984
9551 8638 8226
9329 8937 8188
9240 9241 7831
9201 8376 8781
9159 8410 8799
9093 8089 8954
9061 8256 8938
9022 8267 8974
9013 9395 7949
8945 8262 9035
8938 9431 8013
8891 8345 9016
8888 8940 8724
8850 9494 7983
8820 9515 8043
8816 8433 9002
8777 8177 9143
8764 8069 9174
8720 9417 8347
8686 9559 8084
8651 8069 9234
8602 8187 9249
8506 8251 9259
8440 8122 9337
8439 9481 8469
8434 9600 8342
8391 9692 8166
8358 9691 8192
8334 8147 9357
8328 9628 8325
8299 9386 8645
8294 9744 8107
8289 8115 9369
8277 9547 8502
8252 9756 8149
8231 9612 8417
8226 9337 8741
8191 9610 8422
8183 8108 9408
8158 9777 8096
8144 9314 8781
8140 8173 9417
8137 9747 8232
8115 9655 8393
8073 9181 8934
8068 8150 9444
8030 9720 8308
8013 8091 9470
7965 9419 8737
7886 8390 9443
7880 8472 9412
7694 8783 9313
8745 8110 9178
8734 9488 8212
8613 9397 8450
8364 9626 8302
8470 9682 8123
7974 8302 9450
9604 8715 7993
9604 8667 8044
9584 8805 7910
9580 8828 7822
9568 8858 7808
9548 8868 7820
9507 8902 8001
9498 8796 8191
9468 8980 7891
9458 8637 8361
9449 8491 8460
9445 8789 8254
9444 8812 8165
9441 8742 8283
9429 8603 8402
9384 8561 8531
9380 8623 8462
9354 9101 7936
9328 9078 7968
9299 9161 7858
9294 8954 8304
9273 9180 7854
9267 8709 8461
9265 9135 8015
9262 8290 8727
9234 9176 7982
9233 9236 7916
9208 9254 7913
9167 9272 7922
9155 9263 8022
9149 9290 7923
9144 9296 7894
9131 9311 7955
9123 8676 8716
9122 9049 8396
9117 8890 8592
9116 8543 8796
9113 9214 8147
9085 8291 8886
9083 8191 8935
9080 8790 8641
9077 8189 8956
9073 8168 8960
9026 8541 8862
9003 8290 8967
9000 9274 8290
8972 8379 8949
8950 9342 8186
8931 9406 8085
8927 9301 8281
8920 8363 9015
8884 9192 8520
8822 8229 9111
8801 9191 8593
8794 8677 8908
8792 8092 9141
8791 8545 9010
8785 9421 8269
8781 8151 9151
8763 8781 8868
8740 8152 9177
8714 8105 9195
8709 9581 8072
8684 8222 9175
8642 8124 9231
8622 9226 8623
8621 9335 8506
8586 9555 8258
8576 8667 9046
8573 9549 8321
8548 9663 8056
8530 8663 9075
8487 9649 8135
8429 9286 8690
8426 9326 8669
8422 9575 8348
8415 8733 9059
8411 9618 8312
8367 8239 9334
8354 9115 8877
8353 9723 8089
8341 9606 8383
8316 9306 8739
8314 9661 8284
8301 9717 8195
8288 8491 9243
8269 9623 8384
8262 9743 8151
8260 9524 8529
8249 8869 9048
8239 9578 8464
8230 9736 8164
8220 9583 8445
8213 9650 8405
8195 8211 9389
8161 9685 8338
8091 9278 8873
8087 9406 8758
8075 9729 8251
8043 9488 8612
8036 8464 9372
8029 9130 8997
8006 8966 9113
7993 8952 9168
7985 8498 9367
7980 9019 9099
7969 9445 8682
7964 8633 9300
7962 9441 8698
7930 8858 9225
7893 8386 9448
7873 8353 9468
7858 9180 9006
7833 8602 9404
7827 8812 9301
7826 8374 9469
7823 8729 9339
7822 8541 9405
7817 8435 9445
7800 8833 9277
7784 8897 9228
7759 8462 9442
7743 8877 9273
7734 8524 9430
7698 9025 9166
7674 8705 9375
9595 8564 8190
9590 8605 8150
9566 8690 8133
9565 8860 7845
9542 8843 7948
9510 8641 8296
9504 8802 8109
9483 8445 8437
9477 8970 7849
9433 8743 8299
9419 9036 7855
9402 8904 8209
9390 9064 7845
9374 8661 8469
9372 8840 8240
9291 9174 7870
9286 9105 8026
9280 9178 7830
9275 9037 8187
9268 8640 8586
9261 8306 8710
9248 9202 7897
9247 8248 8793
9246 8770 8494
9173 8360 8800
9145 9263 8067
9138 8330 8854
9128 8989 8433
9081 9328 8006
9071 9118 8320
9063 8271 8914
9062 9302 8100
9034 9372 7962
9031 8355 8923
8986 8319 8969
8985 8370 8952
8968 9023 8563
8933 8204 9066
8929 8324 9012
8918 9420 8167
8897 9460 8116
8843 8253 9082
8831 8525 8975
8830 8110 9125
8803 8830 8830
8799 9324 8425
8795 9523 8010
8783 9048 8674
8748 8285 9144
8747 9440 8264
8746 9129 8685
8742 9448 8285
8737 9269 8537
8732 8614 9003
8715 9367 8425
8683 9165 8633
8652 8182 9211
8631 8428 9160
8629 8181 9220
8626 8192 9217
8616 8196 9221
8607 9341 8500
8602 9461 8357
8592 9605 8169
8583 9569 8280
8555 8122 9258
8553 9641 8102
8551 8103 9269
8540 8104 9284
8534 9346 8581
8512 8391 9244
8509 9076 8807
8497 9081 8839
8469 8755 9002
8467 9344 8649
8465 8265 9294
8407 9029 8926
8390 9582 8420
8383 9678 8194
8376 8363 9304
8366 8442 9260
8326 9748 8060
8320 9562 8471
8317 9710 8167
8313 7993 9395
8310 9539 8476
8308 8153 9366
8304 9329 8720
8298 9754 8065
8296 9713 8208
8243 9735 8179
8238 8411 9337
8221 8244 9381
8214 8715 9192
8207 9513 8552
8199 9700 8256
8178 9742 8202
8166 9705 8270
8157 9777 8150
8150 9759 8162
8112 9433 8689
8111 9389 8735
8084 9098 9016
8081 9684 8354
8080 8785 9221
8079 9300 8835
8078 9740 8235
8040 8348 9426
8027 9726 8296
8017 9376 8795
8015 9134 9052
7963 8797 9254
7961 9183 8980
7944 9002 9124
7895 8592 9366
7871 9186 8990
7868 8900 9218
7864 9190 8974
7844 9388 8777
7798 9140 9053
7746 8393 9463
7741 9099 9086
7648 8561 9420
9008 8529 8884
8908 8343 9019
8841 8554 8954
8797 9518 8112
8778 9501 8188
8775 8148 9157
8582 9490 8358
8574 9484 8367
8399 9614 8332
8025 8587 9321
9371 8632 8499
9306 9129 7945
9196 8965 8429
8998 9393 8002
8956 9026 8617
8923 8629 8897
8455 9393 8577
8057 8998 9054
7971 8467 9393
7736 8524 9428
7624 8804 9317
9608 8627 8064
9599 8694 8048
9595 8736 7978
9588 8745 7999
9523 8401 8317
9454 8982 7914
9440 8650 8377
9427 8788 8273
9369 8914 8214
9358 8232 8625
9345 9014 8073
9336 9019 8123
9321 8328 8650
9317 8977 8185
9277 8815 8453
9252 8430 8713
9226 9203 7986
9217 9144 8103
9215 8824 8532
9191 9163 8094
9027 8898 8671
8990 8788 8786
8963 8131 9041
8936 8316 9013
8913 9145 8495
8896 8712 8836
8877 9051 8632
8866 8165 9087
8834 8838 8782
8690 8263 9170
8673 9531 8243
8524 9586 8244
8457 8318 9265
8437 9366 8622
8378 9384 8643
8371 9454 8544
8339 8800 9068
8337 9653 8263
8185 9204 8921
8083 9254 8879
8058 9166 8995
8051 9086 9025
8046 9525 8586
8021 8954 9135
8010 8435 9396
8008 8610 9315
8003 8947 9149
8001 9721 8330
7951 8827 9227
7935 9176 9022
7888 8296 9464
7851 8480 9441
7843 8841 9237
7837 8867 9236
7819 8745 9324
7813 8684 9359
7778 8887 9267
7770 9047 9132
7750 8826 9286
7733 8730 9353
7710 8679 9369
7708 8838 9284
7694 8775 9325
7672 8723 9361
7641 8571 9429
9250 8463 8707
9198 9164 8082
8879 9407 8218
8663 8519 9084
8453 8680 9058
7953 8722 9289
9180 8645 8664
8656 8967 8794
8727 8963 8737
7752 8912 9238
7704 8828 9291
8911 8537 8935
9485 8962 7838
9278 9201 7846
8852 8820 8778
8774 8913 8772
8735 8691 8930
8694 9216 8570
8069 8886 9154
9459 8551 8431
9255 8585 8647
9228 9177 8009
9182 9248 7987
8804 9126 8615
8782 9091 8666
8729 8404 9096
8644 8888 8849
8611 9405 8374
8472 9223 8703
8394 9267 8755
8275 8911 9027
8274 9264 8850
8182 8418 9343
8141 9397 8733
8074 9509 8588
8069 9201 8927
8030 9641 8434
7811 8694 9354
8270 9572 8459
8195 9499 8583
8165 8325 9364
8013 8163 9463
9244 9216 7869
8858 9125 8597
8815 8831 8801
8730 8694 8972
9614 8677 7970
9593 8582 8088
9591 8725 7991
9583 8811 7915
9577 8780 7930
9567 8837 7887
9567 8660 8127
9554 8831 7920
9552 8777 7995
9544 8847 7941
9536 8877 7883
9529 8852 7939
9527 8907 7871
9516 8912 7813
9508 8663 8303
9502 8758 8217
9501 8581 8395
9473 9008 7793
9448 8498 8457
9442 8635 8368
9418 9047 7822
9418 8398 8526
9396 9090 7806
9393 8967 8051
9375 9110 7812
9366 9086 7843
9361 8756 8386
9356 8866 8294
9350 8750 8418
9341 9125 7878
9332 8841 8336
9332 8226 8674
9331 8505 8587
9327 8822 8350
9326 8581 8559
9326 8485 8610
9324 8678 8524
9322 8358 8640
9311 9152 7899
9309 8654 8549
9298 9155 7932
9284 8211 8744
9279 9193 7853
9278 9166 8014
9274 8533 8651
9262 8243 8746
9260 8753 8548
9258 8222 8767
9256 9208 7840
9255 9216 7836
9254 8350 8738
9245 8364 8728
9244 8439 8725
9229 9183 7977
9199 8761 8582
9195 8568 8719
9183 8354 8824
9156 8862 8561
9156 8434 8774
9150 8925 8497
9147 8372 8823
9141 9103 8287
9141 8305 8846
9120 8617 8736
9119 9150 8172
9095 9197 8198
9088 9330 7969
9068 9363 7951
9057 8304 8941
9034 8226 8957
9023 9364 8037
9018 9388 7992
9005 9400 7967
9002 8957 8579
9000 9409 7981
8974 8239 9019
8928 9350 8207
8926 9478 7937
8916 9285 8332
8899 8758 8805
8899 8327 9039
8894 9390 8203
8887 8811 8776
8882 9375 8231
8862 9220 8427
8862 8750 8808
8853 8805 8791
8852 9063 8639
8838 9410 8234
8838 8964 8720
8825 8652 8910
8815 8249 9102
8812 9258 8432
8780 9268 8472
8774 9551 8045
8768 8765 8874
8760 8137 9164
8751 8175 9158
8737 9137 8621
8731 8286 9148
8729 9087 8723
8719 8340 9129
8704 8565 9011
8704 8190 9190
8687 8287 9161
8680 8831 8878
8677 8692 8985
8665 9557 8181
8635 9591 8099
8623 9325 8533
8623 8819 8963
8614 9163 8705
8604 9455 8373
8600 9534 8288
8595 9436 8451
8587 9111 8726
8583 9306 8544
8579 9467 8452
8561 8763 8986
8552 9623 8139
8542 8353 9183
8536 8234 9242
8492 9296 8644
8485 8616 9159
8483 8892 8977
8478 8293 9280
8462 9697 8074
8459 9685 8114
8454 8373 9264
8450 9445 8536
8420 8887 8992
8420 8818 9005
8408 8740 9085
8403 9449 8538
8403 8441 9239
8397 8446 9207
8388 9701 8176
8374 8875 9030
8374 8168 9341
8362 9735 8081
8360 8277 9321
8358 8778 9121
8333 9587 8398
8326 9476 8604
8307 9531 8518
8300 8543 9233
8297 9540 8484
8297 9401 8636
8293 8933 8970
8285 9408 8697
8284 9455 8616
8279 8230 9370
8277 9459 8628
8275 9644 8309
8275 8365 9328
8272 9584 8438
8268 9739 8124
8227 8925 9040
8222 9161 8899
8217 9697 8249
8212 9721 8223
8208 9588 8481
8204 8910 9116
8198 9711 8229
8198 9444 8677
8192 8238 9385
8188 8772 9127
8181 9370 8717
8165 8105 9435
8164 9447 8667
8153 9703 8277
8149 8810 9135
8145 9127 9007
8127 8413 9378
8124 9739 8240
8123 8847 9150
8116 9594 8511
8116 8712 9215
8114 9565 8535
8104 8229 9413
8102 9078 9009
8102 8138 9426
8075 9409 8722
8074 8604 9296
8071 9625 8441
8068 9728 8262
8066 8725 9261
8054 9578 8516
8041 9357 8806
8033 9581 8519
8033 8542 9348
8024 9468 8672
8013 9626 8447
7990 8579 9357
7984 9020 9095
7981 8791 9270
7976 8439 9397
7974 9088 9071
7965 8467 9401
7926 9055 9093
7923 8232 9477
7922 8905 9209
7921 9102 9067
7903 8448 9420
7900 8699 9318
7882 8358 9461
7805 8632 9368
7804 9005 9156
7792 9110 9063
7778 8440 9449
9578 8760 7990
9554 8580 8264
9552 8762 8030
9543 8842 7949
9537 8784 8105
9532 8816 8036
9495 8924 7865
9473 8801 8149
9464 8728 8282
9459 8933 7986
9459 8460 8459
9448 9020 7811
9432 8928 8046
9425 8823 8276
9416 8625 8388
9401 8993 8006
9385 9027 7988
9375 8438 8555
9365 8609 8547
9355 8270 8639
9353 9071 8024
9351 8407 8581
9343 8979 8163
9330 8247 8648
9309 9066 8082
9308 9133 7925
9283 8314 8708
9279 9175 7896
9270 8539 8634
9257 8388 8689
9253 9139 8050
9230 8636 8589
9210 8477 8735
9207 8357 8766
9206 8402 8777
9202 9246 7928
9202 8548 8673
9184 9239 7929
9160 8302 8864
9154 9185 8158
9150 8461 8803
9147 9259 8084
9142 8413 8816
9121 9113 8291
9099 8399 8854
9079 8260 8916
9076 8423 8860
9068 9121 8422
9044 9145 8365
9032 8747 8699
9002 8349 8944
8974 9423 8040
8973 9402 8064
8973 8630 8875
8960 8854 8722
8949 9243 8367
8949 8361 8989
8940 8255 9042
8939 9358 8205
8939 8277 9038
8935 9403 8058
8903 9424 8049
8903 8500 8940
8891 8163 9089
8876 8621 8914
8867 9371 8267
8858 9217 8515
8853 8380 9058
8849 9320 8336
8837 9512 8013
8837 8495 8984
8823 8532 8965
8820 9305 8343
8816 9435 8218
8814 9355 8326
8810 8483 8997
8793 8079 9157
8779 9533 8101
8773 8371 9086
8771 9349 8354
8766 9434 8305
8753 8515 9066
8751 8731 8895
8749 9360 8474
8749 8550 8975
8736 9558 8082
8735 9580 8050
8735 8175 9187
8720 9598 8016
8710 9505 8227
8702 9308 8495
8675 9593 8018
8670 9171 8595
8661 8260 9199
8655 8454 9120
8645 9394 8387
8644 9599 8076
8637 8093 9241
8634 9590 8116
8608 8327 9187
8606 8156 9226
8594 9462 8363
8591 9197 8635
8580 9291 8565
8568 9656 7925
8568 8202 9247
8566 9422 8453
8566 9351 8559
8564 9385 8493
8564 8215 9240
8545 9546 8326
8543 8206 9274
8514 8535 9138
8505 9430 8496
8493 8987 8880
8492 8457 9183
8485 8871 8946
8483 8106 9316
8472 9665 8083
8458 9529 8396
8448 9452 8529
8418 9606 8272
8416 8732 9084
8406 9552 8403
8406 8624 9107
8404 8426 9229
8402 9699 8108
8401 9125 8828
8399 9549 8428
8397 9712 8103
8396 9696 8153
8396 8195 9324
8395 9542 8436
8394 9714 8059
8393 9585 8357
8380 9541 8455
8373 9620 8317
8373 9485 8515
8362 9680 8200
8351 9731 8120
8348 9597 8382
8334 9716 8155
8324 9510 8520
8315 9664 8272
8303 9689 8237
8293 8531 9241
8290 9365 8707
8288 9427 8613
8284 9467 8614
8282 8881 9038
8276 8338 9308
8273 8499 9271
8270 9753 8066
8268 8246 9335
8267 9765 8060
8257 8283 9329
8251 8807 9107
8251 8124 9398
8242 9416 8653
8225 9438 8679
8208 8557 9278
8207 9741 8196
8204 8310 9363
8192 9722 8255
8191 8466 9311
8149 8155 9424
8148 9694 8286
8148 8223 9396
8127 9589 8483
8125 9698 8282
8123 9715 8291
8119 8803 9152
8114 9750 8230
8105 9695 8316
8095 9439 8686
8092 9235 8891
8085 9668 8405
8073 8946 9128
8070 8288 9423
8069 8233 9434
8067 9307 8864
8066 9645 8419
8049 8567 9331
8045 9249 8884
8037 9073 9056
8034 9331 8821
8030 9528 8603
8012 9167 8981
8007 8538 9355
8005 9068 9073
7997 9281 8902
7990 8198 9453
7989 8986 9112
7975 8415 9429
7942 9317 8848
7926 8627 9332
7922 8346 9444
9266 8556 8625
8955 9378 8133
8536 9604 8190
8351 9537 8502
8274 8075 9395
8238 8474 9302
7905 8456 9411
9497 8774 8220
9493 8865 8010
9489 8814 8092
9470 8965 7912
9460 8863 8143
9431 8920 8075
9422 8927 8057
9400 8756 8339
9368 9068 7897
9308 8824 8424
9288 8908 8400
9241 8788 8502
9230 9205 7964
9213 8839 8475
9166 8677 8706
9162 8774 8605
9058 8200 8961
9006 8769 8694
8938 8745 8820
8930 9066 8558
8926 8252 9049
8870 8814 8775
8848 8712 8841
8844 8947 8709
8818 8723 8876
8770 8826 8847
8599 8309 9196
8529 9083 8789
8479 8922 8966
8421 8962 8920
8410 8827 9045
8365 9583 8389
8349 9348 8711
8346 9723 8122
8336 8919 9026
8278 8891 9036
8254 9687 8265
8205 9497 8578
8180 8459 9312
7793 8896 9224
9606 8764 7950
9602 8689 8062
9579 8749 7985
9564 8629 8158
9559 8660 8155
9553 8864 7831
9547 8749 8086
9540 8814 7978
9539 8706 8152
9532 8884 7934
9528 8671 8252
9527 8578 8292
9519 8633 8280
9514 8656 8263
9513 8462 8346
9512 8936 7829
9503 8850 8056
9500 8913 7891
9499 8582 8340
9490 8959 7870
9467 8951 7938
9450 8872 8110
9447 8652 8366
9443 8799 8259
9414 8642 8387
9413 8921 8139
9410 8861 8216
9407 8883 8192
9396 8800 8341
9394 9074 7820
9388 8368 8546
9383 8974 8108
9367 8818 8316
9357 9003 8091
9351 8761 8403
9342 8653 8483
9334 8935 8177
9325 9034 8077
9319 9085 8040
9313 8826 8423
9310 8710 8435
9302 9154 7830
9297 8827 8419
9293 8209 8724
9285 9014 8200
9282 8331 8696
9264 9115 8071
9259 9016 8199
9249 9117 8066
9237 9228 7851
9236 8365 8758
9228 8981 8335
9222 8596 8658
9220 8341 8762
9218 8573 8671
9193 9195 8087
9189 9059 8260
9188 8544 8737
9187 8708 8614
9174 9253 8035
9172 8733 8590
9164 9282 7934
9153 9144 8215
9148 9112 8242
9130 8206 8918
9127 9284 8007
9111 8329 8863
9104 8401 8848
9103 8405 8832
9100 8839 8602
9088 9096 8385
9084 9245 8175
9043 8707 8710
9041 9374 7929
9029 8744 8729
9024 9255 8270
9019 9063 8532
9013 8296 8964
9004 8969 8543
9001 9393 7983
8991 9397 8117
8981 8305 9012
8976 8815 8692
8975 8869 8699
8968 8309 8990
8958 8219 9024
8953 8542 8933
8947 9380 8142
8924 9447 7965
8919 8459 8942
8917 9464 7988
8915 9235 8392
8905 8635 8902
8904 8416 9003
8892 8861 8754
8889 9433 8118
8885 8328 9042
8881 9042 8635
8880 9204 8436
8871 8429 9025
8869 8981 8688
8859 9242 8437
8851 9413 8178
8839 9486 8068
8835 8329 9073
8819 8331 9076
8800 8171 9131
8789 8046 9172
8787 9016 8693
8741 9469 8215
8724 8352 9123
8723 9428 8323
8722 9518 8171
8721 8791 8898
8713 9390 8398
8711 8874 8837
8701 9544 8189
8699 8403 9132
8693 9415 8356
8678 8470 9118
8672 8238 9193
8660 9000 8766
8655 8172 9212
8649 9247 8622
8648 8974 8786
8630 9532 8226
8627 9616 7961
8614 9366 8489
8612 9579 8182
8601 8724 9008
8591 9012 8782
8585 8209 9235
8578 8167 9251
8565 9648 8070
8557 9643 8077
8541 9244 8687
8538 9647 8096
8533 8524 9112
8522 9619 8190
8521 8611 9099
8513 9662 8086
8510 9679 8046
8508 9621 8199
8496 8035 9302
8490 9003 8890
8489 9579 8274
8480 9544 8377
8477 9170 8764
8474 8942 8900
8466 8335 9256
8462 9065 8881
8446 9702 8042
8434 8152 9313
8431 8271 9291
8424 9711 8092
8417 9084 8836
8412 8132 9336
8405 9568 8364
8382 8703 9119
8380 9459 8517
8377 8522 9186
8369 9647 8299
8359 9668 8252
8357 8932 9008
8340 9122 8875
8329 8092 9387
8323 8496 9223
8312 9061 8947
8305 9750 7985
8291 8983 8951
8259 9381 8700
8250 9730 8168
8245 9759 8105
8235 8100 9404
8234 8208 9390
8228 8446 9320
8223 9117 8940
8202 9239 8857
8195 9765 8091
8193 9660 8367
8175 9591 8458
8173 9228 8880
8172 8245 9394
8163 8959 9100
8159 9101 8979
8156 8190 9399
8147 8184 9411
8145 9717 8267
8135 8834 9119
8133 9686 8298
8133 9421 8712
8118 8872 9145
8107 9557 8543
8101 8333 9419
8100 9089 9024
8098 9662 8404
8097 9464 8649
8090 8915 9138
8088 8666 9289
8065 9187 8964
8060 8386 9399
8049 9238 8916
8048 8919 9182
8044 9687 8344
8042 9030 9076
8038 9348 8814
8035 9207 8939
8032 8311 9428
8031 9725 8268
8014 9289 8898
8000 8576 9336
7992 8763 9255
7989 8584 9331
7979 9290 8892
7977 8517 9379
7972 8928 9170
7968 9511 8632
7966 9327 8832
7960 8990 9123
7959 9424 8714
7955 8231 9470
7954 8356 9435
7949 8585 9347
7945 8510 9384
7943 8883 9213
7941 8814 9253
7940 8549 9394
7936 8263 9476
7914 8937 9186
7907 9070 9094
7906 9250 8915
7902 8568 9383
7897 9065 9125
7896 8769 9281
7894 8700 9330
7879 9284 8935
7872 8430 9451
7870 8772 9271
7864 8533 9417
7862 9090 9090
7859 8907 9217
7857 8962 9199
7856 8534 9400
7854 9203 8967
7839 9208 8984
7833 8908 9222
7824 8665 9353
7818 8980 9176
7816 8931 9207
7815 8392 9465
7811 8350 9479
7792 8960 9227
7777 8968 9181
7775 8611 9383
7771 8659 9379
7760 8765 9326
7743 8625 9402
7738 8573 9411
7731 8894 9247
7731 8817 9311
7700 8669 9375
7699 8441 9453
7697 8545 9416
7696 8734 9351
7695 8403 9478
7675 8685 9364
7673 8853 9282
7643 8884 9269
7624 8792 9335
9571 8754 8030
9471 8468 8430
9314 8646 8546
9287 8502 8625
9269 9114 8036
9200 9148 8185
8992 8212 8995
8987 8628 8793
8977 8323 8969
8948 8696 8828
8842 9414 8214
8767 9514 8199
8752 9382 8344
8712 8537 9041
8706 8516 9053
8700 9553 8179
8664 9288 8583
8633 8507 9087
8610 9535 8227
8567 9571 8243
8527 9136 8762
8502 9077 8814
8486 9527 8455
8471 9442 8520
8423 9626 8232
8387 8294 9284
8328 9005 8939
8325 9636 8323
8229 9732 8187
8203 9689 8291
8154 8218 9398
8143 8332 9381
8117 9624 8419
8022 8685 9291
7983 9209 8953
7957 8647 9330
7947 8497 9390
7923 8485 9407
7840 8553 9388
7803 8878 9236
9531 8819 8028
9465 8811 8106
9376 9008 8039
9360 8994 8102
9211 9070 8230
9178 8991 8329
9096 9097 8352
9046 9132 8435
8688 8814 8915
7998 8980 9165
7997 8804 9223
7831 8887 9235
7783 8441 9443
7749 8744 9329
9582 8706 8039
9485 8963 7829
9452 8972 7933
9303 9143 7985
9232 8546 8689
9225 9001 8280
9066 8617 8803
9040 8863 8646
9018 8723 8737
8988 9343 8155
8982 9411 8036
8978 9279 8268
8965 8571 8908
8757 8689 8933
8717 9469 8276
8516 9575 8291
8463 9648 8202
7927 8918 9199
7891 8650 9362
7847 8892 9222
7830 8719 9326
7773 8893 9238
7715 8825 9289
7701 8744 9347
8837 9188 8542
8403 8853 8994
9493 8917 7971
9434 9011 7944
9423 9000 7946
9421 8940 7979
9399 8932 8140
9284 8467 8642
9282 9080 8080
8938 9343 8261
8928 8949 8627
8816 9332 8371
8764 8645 8948
8760 8900 8799
8675 9361 8470
8669 8147 9202
8571 8956 8888
8522 9476 8439
8522 9269 8691
8458 9205 8785
8424 9274 8700
8394 9156 8788
8302 8374 9279
8288 9187 8889
8257 9727 8156
8232 9011 8978
8195 9540 8561
8183 9619 8454
8183 8682 9200
8135 9259 8867
8119 9363 8749
8108 9152 8988
8104 9173 8933
8054 9236 8909
8016 8583 9333
7923 8342 9454
7758 8798 9305
9589 8757 7984
9589 8692 8080
9519 8644 8257
9517 8876 7948
9481 8870 8100
9477 8961 7850
9315 9131 7926
9280 8976 8245
9257 8559 8646
9209 9265 7894
9185 8664 8650
9083 9043 8410
9083 8400 8855
9056 9127 8376
9049 8169 8962
9020 9368 8028
8961 8424 8965
8928 9142 8509
8852 8506 8947
8820 9451 8182
8771 8447 9083
8691 8821 8856
8661 8776 8953
8651 8118 9216
8637 8385 9162
8632 9160 8663
8585 9629 8106
8571 8197 9238
8564 9184 8688
8492 9211 8741
8397 9503 8488
8397 8492 9196
8388 9453 8547
8360 8950 8938
8270 9709 8245
8268 9622 8393
8244 9643 8332
8231 9450 8658
8133 9577 8500
8125 8193 9419
8104 8735 9218
8252 9718 8223
9505 8920 7866
9484 8715 8300
9451 8756 8253
9411 8868 8161
9350 8780 8372
9274 8940 8344
9243 8942 8413
9186 9205 8061
9120 8691 8683
9099 8627 8751
9074 8368 8911
9056 9359 7954
9056 8937 8501
9033 8585 8840
9015 8333 8955
9010 9220 8307
9005 8491 8906
8984 9245 8359
8961 8667 8831
8951 9256 8327
8900 8459 8982
8898 8689 8845
8868 9020 8662
8787 9275 8443
8771 8236 9155
8744 8318 9117
8634 8140 9219
8577 9115 8742
8569 8637 9060
8559 9388 8482
8504 8665 9101
8445 9535 8408
8404 8188 9309
8398 9397 8580
8391 8792 9051
8321 9312 8734
8271 8867 9055
8244 9677 8279
8241 8679 9152
8136 8822 9133
8095 9168 8959
8028 8623 9297
9609 8726 7940
9592 8691 8049
9591 8719 7995
9589 8774 7931
9589 8640 8098
9584 8654 8146
9578 8709 8030
9577 8682 8120
9563 8846 7853
9563 8720 8073
9562 8836 7912
9562 8730 8068
9557 8808 7953
9557 8670 8142
9556 8810 7961
9556 8632 8235
9551 8855 7896
9549 8698 8134
9546 8695 8166
9544 8657 8206
9543 8610 8289
9537 8683 8171
9521 8444 8390
9519 8756 8179
9517 8703 8232
9516 8434 8392
9511 8729 8255
9508 8885 7882
9505 8941 7800
9502 8856 8053
9501 8857 8016
9496 8942 7811
9496 8919 7879
9495 8740 8247
9485 8601 8358
9484 8927 7874
9481 8675 8308
9477 8947 7881
9464 8616 8310
9461 8707 8342
9461 8583 8376
9435 8514 8489
9434 9012 7881
9434 8769 8295
9432 9031 7825
9423 8606 8410
9419 8952 8071
9416 9032 7879
9411 8333 8554
9410 9055 7899
9399 8875 8237
9398 8648 8440
9397 8684 8428
9394 8991 8048
9393 8286 8564
9390 8978 8058
9389 8584 8471
9385 8622 8496
9366 8908 8256
9365 9088 7914
9364 8513 8552
9364 8419 8576
9363 8921 8201
9356 8645 8474
9343 9097 7950
9331 9031 8134
9330 8230 8682
9329 8759 8430
9327 8966 8178
9316 9001 8162
9315 8287 8679
9300 9168 7849
9300 8367 8692
9297 9162 7910
9283 8602 8565
9282 9169 7931
9280 8236 8715
9271 9190 7953
9270 9205 7882
9264 9191 7963
9260 8562 8613
9258 9173 7979
9257 9007 8223
9255 8348 8718
9254 9104 8110
9253 8448 8707
9245 8839 8473
9243 8252 8750
9242 9112 8154
9242 9084 8228
9237 8982 8268
9235 9004 8251
9235 8603 8609
9229 9111 8193
9228 9193 8007
9214 9238 7837
9210 9137 8109
9206 8537 8753
9205 9087 8202
9203 8867 8442
9190 9207 8034
9185 9102 8218
9184 8437 8764
9165 8576 8714
9163 8476 8759
9161 8901 8493
9160 8817 8568
9142 8992 8382
9140 8440 8828
9139 8181 8883
9138 9244 8125
9126 9096 8356
9125 9279 8062
9125 8618 8729
9119 8813 8583
9115 9170 8244
9108 9272 8107
9108 8683 8686
9105 8275 8884
9105 8254 8905
9089 9210 8194
9083 9335 7999
9073 9340 7996
9064 8891 8550
9057 8721 8693
9050 8700 8772
9041 8853 8643
9033 8235 8980
9029 9304 8180
9026 9013 8490
9024 8718 8750
9023 9320 8159
9022 8234 8987
9020 9408 7940
9007 8669 8790
8997 8991 8534
8997 8775 8753
8971 9441 7993
8971 8494 8908
8962 8665 8800
8962 8188 9044
8961 8387 8976
8960 9330 8208
8958 9401 8065
8951 8678 8795
8946 8956 8625
8946 8679 8853
8945 9362 8153
8933 8337 9004
8928 8575 8891
8916 8297 9062
8898 9218 8420
8893 9275 8417
8888 9436 8154
8882 9008 8646
8876 9158 8525
8868 8132 9108
8866 8282 9074
8861 9348 8310
8852 8103 9120
8845 8219 9083
8839 8882 8760
8829 8184 9124
8825 9334 8338
8823 8221 9100
8817 8285 9089
8814 8316 9118
8808 9034 8661
8804 8191 9128
8796 9413 8247
8796 8436 9050
8785 8992 8715
8784 9511 8146
8784 9198 8590
8780 8752 8885
8777 9103 8673
8773 9282 8476
8768 9276 8487
8766 9135 8645
8758 9040 8676
8753 9340 8404
8744 8951 8792
8736 9412 8352
8733 8521 9014
8731 9169 8611
8730 8307 9143
8715 8983 8763
8708 8212 9162
8705 9444 8347
8694 8241 9169
8691 8216 9176
8684 8218 9181
8682 9325 8507
8682 8565 9056
8681 9588 8053
8668 9583 8133
8668 9449 8366
8667 8339 9147
8666 8245 9189
8651 8897 8837
8647 9478 8329
8647 8671 9013
8644 8698 8973
8632 9584 8169
8632 8487 9108
8625 9492 8260
8624 9194 8634
8611 8604 9050
8605 9631 8042
8594 9074 8754
8585 9633 8095
8572 9384 8512
8572 8369 9171
8571 9618 8127
8570 9650 7938
8563 9404 8473
8561 8352 9173
8559 8806 8979
8556 9225 8664
8556 9156 8759
8555 8254 9237
8545 8231 9256
8544 8339 9198
8543 8856 8918
8542 8035 9282
8528 8364 9215
8520 9676 8043
8516 8477 9169
8511 9636 8193
8504 9527 8385
8496 9375 8603
8494 8889 8893
8450 8927 8952
8448 8544 9174
8439 8618 9130
8430 9010 8883
8430 8487 9182
8424 8697 9077
8418 9097 8797
8416 9613 8257
8409 9085 8856
8409 8137 9358
8398 9661 8175
8395 8221 9323
8392 9674 8214
8392 7993 9361
8388 9393 8602
8383 9276 8712
8369 8753 9052
8368 9677 8205
8361 9188 8833
8361 8466 9240
8360 9656 8242
8355 9649 8273
8335 8505 9192
8333 8420 9276
8330 9728 8125
8330 9596 8388
8322 9370 8648
8322 8864 9044
8317 8189 9351
8307 8476 9253
8306 9705 8174
8302 9268 8794
8300 9486 8574
8295 9377 8654
8290 9404 8665
8285 9725 8163
8281 9080 8892
8276 9743 8117
8274 9301 8744
8273 8167 9376
8272 9565 8440
8271 9679 8259
8267 9587 8442
8266 9359 8713
8266 8559 9234
8264 9535 8509
8257 9754 8112
8252 9663 8325
8245 8662 9194
8242 9694 8285
8241 9570 8490
8233 9595 8433
8233 9505 8564
8232 8549 9249
8231 9226 8890
8227 8500 9266
8226 9736 8187
8225 9024 9004
8222 8957 9035
8211 9538 8534
8210 9412 8687
8205 8718 9142
8199 8417 9326
8197 9532 8554
8190 9747 8188
8190 9275 8835
8187 9049 8992
8182 8151 9409
8181 9162 8923
8177 9730 8216
8177 8521 9285
8170 9595 8462
8170 9141 8928
8165 9676 8335
8164 9066 8989
8160 9108 8976
8155 9410 8718
8142 8997 9041
8142 8534 9307
8141 9738 8209
8141 9334 8790
8137 8282 9391
8135 9621 8423
8131 8372 9388
8124 9707 8292
8119 9744 8233
8106 9684 8341
8106 8101 9465
8105 8172 9422
8103 9332 8807
8093 9702 8323
8092 9680 8363
8088 8171 9433
8081 8736 9246
8077 9738 8243
8072 8857 9194
8072 8200 9441
8067 9613 8485
8060 9686 8330
8048 9326 8808
8045 8406 9406
8038 8948 9131
8034 8417 9408
8028 8738 9255
8022 8100 9468
8016 8931 9145
8016 8297 9450
8012 8752 9222
8007 9192 8973
8005 8356 9418
8004 9004 9102
8000 9256 8906
7984 8891 9201
7981 9251 8912
7976 9242 8942
7975 8822 9212
7969 9038 9074
7967 9168 8987
7967 8623 9316
7950 8998 9147
7948 9157 9014
7948 9083 9087
7946 9210 8949
7946 8341 9451
7942 8291 9459
7935 9214 8946
7921 8188 9478
7919 8720 9304
7919 8444 9412
7905 9245 8953
7887 9312 8863
7887 8387 9450
7885 8941 9173
7880 8459 9418
7867 9198 8970
7866 8885 9220
7862 8836 9266
7855 8388 9454
7805 8777 9320
7804 8653 9363
7803 9122 9062
7799 8373 9471
7775 8889 9232
7765 8967 9189
7758 8606 9398
7738 9132 9058
7618 8896 9251
9462 8809 8247
9423 9033 7849
9341 8408 8639
9322 9092 8028
9298 9082 8062
9172 9266 8018
9154 9119 8192
9139 9303 7990
9115 8528 8821
8924 8458 8952
8875 8335 9022
8841 8895 8735
8817 9482 8116
8809 8523 9003
8808 9094 8602
8793 9437 8197
8764 9522 8114
8680 9554 8200
8677 9567 8133
8669 8266 9169
8625 8746 8962
8587 9637 8083
8580 9391 8473
8577 9273 8645
8569 9399 8464
8544 9556 8344
8532 9592 8199
8506 8849 8944
8493 9545 8357
8478 8395 9196
8469 9563 8317
8440 9261 8735
8408 9093 8884
8402 8935 8942
8393 9653 8205
8375 8489 9215
8368 9345 8718
8324 9659 8267
8302 8166 9355
8217 8681 9253
8182 9733 8202
7956 8518 9366
7867 8334 9471
7799 9007 9167
9535 8705 8197
9521 8846 8059
9506 8907 7941
9446 8592 8375
9438 8998 7933
9417 8579 8485
9378 8640 8487
9349 8625 8539
9348 8933 8189
9319 8818 8390
9301 8940 8233
9203 8990 8364
9151 8800 8611
9118 8780 8663
9107 8699 8708
9102 8439 8830
9090 8991 8458
9067 8420 8885
9064 9216 8196
9060 8498 8855
9055 8966 8558
8993 8941 8654
8954 8677 8838
8944 9132 8517
8902 9143 8507
8861 8736 8838
8847 8236 9078
8798 9332 8415
8790 9242 8478
8743 9409 8311
8729 8297 9144
8707 8229 9167
8703 9286 8539
8692 8131 9204
8679 8579 9078
8675 8837 8900
8650 9488 8298
8604 9259 8589
8562 8521 9142
8549 8990 8785
8539 9404 8525
8515 8592 9114
8501 8877 8939
8500 8243 9278
8494 9104 8763
8488 9381 8555
8475 9412 8550
8447 8211 9307
8414 9626 8289
8386 9254 8793
8363 8110 9362
8345 9697 8227
8261 9663 8320
8255 9090 8962
8248 8293 9358
8218 8649 9216
8189 9625 8415
8128 8827 9130
8126 8417 9346
7913 8719 9308
7900 8436 9431
7869 8826 9265
7866 8666 9338
7838 8852 9263
7811 8922 9210
9555 8863 7822
9529 8914 7800
9480 8799 8142
9469 8901 8092
9463 8960 7953
9436 9025 7825
9421 8894 8149
9292 8978 8216
9289 8890 8336
9272 8614 8576
9221 9158 8036
9094 8748 8692
9069 9323 8059
9021 9318 8180
8984 8676 8793
8886 9157 8509
8872 9289 8382
8813 9488 8120
8812 8629 8918
8769 9454 8226
8765 9247 8517
8760 9361 8342
8750 8408 9087
8718 9524 8116
8671 9568 8095
8628 8240 9209
8575 9594 8175
8560 9625 8120
8550 8235 9240
8537 8517 9147
8531 8369 9196
8525 8133 9284
8503 8670 9058
8498 9644 8125
8389 8419 9259
8352 8138 9361
8332 9411 8613
8331 9629 8323
8309 9154 8857
8283 9748 8105
8256 8648 9232
8224 8656 9202
8152 9733 8230
8139 8340 9387
8122 8540 9323
8113 9727 8251
8077 8994 9076
8054 8236 9435
8018 8243 9444
7991 9026 9090
7986 8368 9428
7973 8721 9285
7958 8470 9409
7938 8708 9315
7937 8283 9471
7901 8416 9431
7851 8866 9232
8694 9524 8194
8110 9132 8980
7861 8713 9335
9536 8858 7935
9334 8813 8379
9235 8837 8523
9230 9201 7974
9013 9169 8351
8971 9111 8477
8861 9278 8414
8773 8774 8869
8733 9254 8553
8600 9357 8498
8514 8745 9047
8469 9117 8787
8394 9532 8444
8392 9421 8563
8360 8766 9061
8192 9685 8319
8073 9068 9043
7828 8403 9456
9606 8737 7976
9557 8771 7996
9556 8798 7981
9554 8705 8114
9544 8789 8018
9511 8865 7967
8585 9377 8505
