39787 1800.78
18667 14683 14841 13902
17851 15657 15534 12157
15888 12336 15553 16203
15807 16081 12349 15528
15005 18518 14245 14039
14324 14422 18682 14997
14118 14635 13892 18467
11951 15552 15450 16464
15747 14573 12548 15985
12320 14329 16127 16938
12130 15372 15464 17070
16848 14271 12959 15551
12111 15504 15593 16778
15489 16636 13184 16090
17852 15838 15062 12304
15659 14448 12620 16353
16338 15260 16973 12436
16820 16458 13377 15008
13671 16364 13273 16649
15633 15547 12851 16059
15761 17979 13615 14598
13259 14237 16865 16573
13017 14921 15671 17307
13080 13387 15793 17418
13234 16235 14123 17351
16124 14179 13417 16106
15868 12492 15658 16368
16443 16936 13487 13967
15325 12654 15523 16987
13042 14508 15560 17241
12451 15099 15980 16683
14397 15235 18284 14655
14662 14201 17354 16285
15687 16113 12730 16041
12683 14617 16902 16452
15575 16803 13106 15729
15344 16282 12695 16158
15093 15484 13079 17039
13895 14560 18452 15086
13981 14505 17872 15499
14741 15979 13527 17859
15467 12436 15440 16441
12957 15311 15246 16329
15131 14591 18576 14702
15516 12799 16174 15610
15793 13901 17444 14627
14922 14747 18609 14667
18273 14838 14871 14235
18445 14834 15074 14161
14977 13012 15209 17199
16743 16255 15945 12368
14958 14046 14454 17272
14353 17073 13840 16054
14533 14369 18652 14970
17328 16058 13630 14488
17657 16047 15270 12638
14058 14536 14613 18326
16098 17481 14784 13082
13752 15393 14805 18218
12791 15425 17068 14928
12379 15335 15163 17134
17165 16296 16005 12332
16351 15939 16284 13278
15961 14145 13956 16797
12567 15616 16136 16094
15381 14124 13394 17164
12495 16277 15227 15923
14024 14360 16602 16419
12624 15917 14768 16957
14014 15449 13932 18398
18150 14160 15538 13909
18030 15784 14722 13509
14261 14301 16720 16504
15424 18424 14224 13984
15566 18335 14213 14839
14136 15166 18363 14850
17662 15836 15372 12514
14113 14766 18493 14806
14519 14776 14481 18378
15282 12618 15845 15992
12757 14731 15791 17575
14648 15601 14801 18280
15702 15047 17133 13696
14725 15326 13971 18137
16703 13707 13761 15457
13926 13546 17736 15888
12924 14008 16209 17075
15975 17512 15307 13549
16793 16668 15915 13159
17898 15072 15812 13169
15151 14533 17098 15113
14867 15107 18122 14321
13996 14807 15171 18176
13744 16335 13995 16182
14276 13571 15144 17834
16224 12715 14963 16147
18231 15272 14326 13840
18615 15201 15786 13850
14354 17778 14497 15943
16306 12833 14177 15856
14769 17601 13781 15698
14669 14738 14743 18246
14492 12555 16567 16635
15341 14976 18081 13732
12903 16396 15881 15712
14299 14115 15100 17466
14294 13983 15237 17746
13416 15484 15037 17389
17596 15517 15413 13655
15313 12865 14695 16848
17243 16569 15925 12587
18188 15726 15404 13493
13361 13940 16223 16628
18393 14545 14227 14258
14504 17667 14462 15362
14288 14284 18338 15208
14883 14862 17989 14528
14418 16462 13009 16163
14475 14684 14508 18434
14793 14611 14850 17970
16257 16353 16039 12814
13170 16522 14342 16775
13863 17452 15468 14769
18471 15280 15488 13241
13813 14317 15299 17648
14499 16088 13332 16258
12799 13590 16747 16723
17922 15792 15364 12529
15915 17554 14907 13556
16729 16163 16385 12740
15856 17729 15064 13899
12538 15867 16419 16010
14712 14403 14544 18088
15663 13750 17178 15580
13301 15271 14806 17658
15168 13780 13543 17340
17636 15670 15636 13570
14285 13364 15363 17625
14062 13959 15575 17685
16210 17833 14440 14468
15620 17305 15541 14365
14145 13911 15130 18060
14228 13309 15584 17376
13608 14513 16489 15905
15558 12468 15213 16946
14882 18129 15025 14781
14484 14259 18091 15727
16677 17362 14191 13128
12833 13834 15781 17129
18346 14169 14631 14347
17830 15692 16134 12765
14968 14584 18215 15283
12345 14484 16016 16652
13757 15696 13686 17326
14642 12752 15225 17552
14383 14070 14984 17872
13126 15207 16372 16559
16777 13433 15332 15254
13944 16094 13000 16730
16223 13049 14375 15879
16012 16976 15173 14095
15615 12991 14422 16834
14217 13422 15609 16979
17872 15820 14832 13712
13508 14081 15530 17905
14197 14039 17125 16401
14792 12903 16431 16638
16056 12562 15364 15485
15625 17577 15554 13629
15160 13630 17785 15187
15541 13771 16545 15378
17977 15382 15166 13789
15127 15272 17903 13774
15975 17926 14870 13736
13202 15555 14971 17793
13588 15236 17563 15297
15409 15760 16768 13468
13522 13607 17204 16298
14465 12407 15926 17111
13676 13156 16735 16488
16751 15540 12832 15241
16033 15909 17243 13288
13783 13476 16332 16759
15649 18206 14286 13694
14243 17037 15000 14824
17378 15239 15369 14117
16852 16748 13673 13768
18304 15431 15217 12878
13489 15890 16846 15219
17774 15693 15694 12706
14990 16444 16526 13022
15226 14438 14025 16873
14999 17630 15391 13935
14311 15003 17800 14887
13629 16284 16108 15791
13388 16012 14979 16750
13143 15614 16649 16005
13441 15169 15108 17932
14688 15852 14293 16712
15055 18244 15062 14078
14885 13719 16999 15648
14366 18170 14721 14526
17740 14287 14268 14273
17079 15170 13312 14925
16192 14238 16562 14109
17432 16534 14364 14059
17239 17092 15349 13719
13600 15087 15109 18001
15052 14458 13912 17490
14850 14451 14254 17700
15471 18297 14720 15274
15911 13233 15734 15746
15313 12592 15654 16412
16390 16208 15916 13198
15320 16026 16694 12392
14654 14703 18263 14877
13919 16603 15937 14867
14634 15751 17593 14146
14674 15529 17395 13811
18504 14819 14926 14069
16080 16872 15777 13036
16599 15900 16777 12691
15839 13251 16346 15262
15012 12885 15019 17144
17418 15867 15373 13005
17128 14911 16624 12606
15114 14878 18522 13688
18374 15253 14725 14123
16924 14768 13730 15336
16456 15116 17025 12938
14073 13638 17470 16002
14162 13559 16694 16512
14986 16364 13458 15556
17036 16541 15810 12781
15533 13974 14320 16811
15259 16125 16253 14445
14590 17173 15229 14822
13953 14819 14945 17437
15440 15995 13573 16902
13540 14471 15251 18107
14753 16705 15430 14677
13471 15959 16263 14989
16123 13751 14303 16585
15047 18460 14527 14913
15736 14009 17688 14640
14016 14635 18189 14941
13510 13802 16759 16536
14238 15028 17042 15090
17099 14434 14566 14606
17798 15441 15981 13260
18417 15429 14439 13118
14681 14339 18153 15400
15008 18362 14674 14747
16234 13821 16515 14737
15725 14728 13650 16022
18066 15441 15554 12968
15004 13138 15069 16925
13723 15700 14901 17511
15995 16308 16328 12852
15288 14672 18423 14194
15104 15730 17081 13334
12878 14398 15291 17813
15488 16785 14152 15270
17921 15463 15859 12893
16290 13062 13793 16106
13367 15653 15604 16125
18110 15370 15499 13838
15413 17892 15001 14328
17306 14132 14200 15302
15027 14842 13594 17598
13446 13295 15789 17137
16513 13905 13560 15663
14430 16802 15899 14281
15217 14578 14403 16476
18557 14871 15232 13869
15321 15195 18242 14000
13855 14792 14462 18355
15654 18095 14526 14522
13319 16814 15659 15202
14758 14326 18398 15050
17712 14552 15128 14202
16877 16478 12813 14392
13679 14563 17716 15774
16541 17532 14171 13755
15367 16590 16276 13149
15593 17269 14681 15239
16501 13261 14008 16071
15500 18268 14647 13823
16431 13576 13974 15811
18005 15606 14755 13824
15481 15256 17938 14670
14818 18034 14765 14790
13553 14967 16189 15836
15904 18023 14574 14475
15297 18393 14066 14375
14939 17860 14570 15339
16859 13194 15057 14807
13557 15017 16964 15446
15301 15734 17484 13093
16592 16006 16233 13204
13773 16919 14519 15960
18324 15350 14958 13602
15194 15305 14816 17045
12710 15490 15056 16860
16423 17697 14371 13295
15827 17884 14579 14544
16267 14410 16309 14647
16385 16777 15221 13941
14904 13108 16795 15967
14685 15358 17641 14187
16652 13675 14753 15611
17071 16716 14493 14344
18577 14666 15163 14131
15348 12776 14597 17003
15672 14108 16079 15152
16631 14658 16475 14439
16902 14014 13743 15307
12865 16076 15047 16277
16983 15214 14064 14976
15505 14383 13948 16694
13846 17023 15501 14574
16612 16834 15645 13488
15049 15636 17264 14779
16397 17206 14836 15195
17541 16416 15550 12745
16487 15779 13877 15819
14647 16900 14665 15911
14182 17344 15291 14688
13853 15334 18026 14949
13890 14899 17814 15762
16987 15872 15689 12977
13118 13813 15826 16995
15181 13514 15740 16584
17512 15176 16209 12664
16523 17329 14532 13419
18524 14676 14946 13887
15885 16652 12773 15461
15038 14129 17960 14991
13598 14912 14839 18025
13187 14880 16910 15864
17680 15447 15286 13580
13491 17155 15357 14916
17227 15526 14711 14272
13530 16613 14862 16032
15075 14564 15878 16606
16291 15708 16670 12952
15097 18493 14653 14878
15698 15641 16824 14014
16167 12977 14867 16346
14605 15465 14892 16171
16223 17390 14885 14384
13714 15157 14988 17106
16407 16471 14088 14555
15583 18069 14714 14473
14067 15143 17207 15403
16888 15208 16890 13673
16728 16089 13867 14412
16578 14932 14505 15186
16555 16000 16157 13366
13094 13839 16483 16620
15267 12726 15453 17163
15898 14487 17537 13929
17463 16081 14004 13451
16203 13871 15129 15534
13938 16137 15264 15048
14843 17112 15968 13806
17198 14696 14504 14501
15817 16142 16613 14025
13971 14287 15773 17729
14461 17128 15758 14428
14574 15647 13998 17215
15440 16408 16163 13309
14089 13487 15673 17317
15081 17429 15306 14373
15242 14877 17633 14787
16958 13329 14921 14908
16969 16187 16269 12838
17514 15870 15195 12792
14450 14947 17425 14689
16332 16184 14040 15498
17161 13655 15957 14512
15896 14427 16017 15419
15448 17406 15803 13853
18090 15788 15484 13403
15446 15334 17288 12907
15782 13101 14968 16523
16915 13668 14716 15141
14415 14460 18045 15529
15585 14952 18169 14034
16602 13081 14785 15515
13542 15923 16947 14902
15245 13347 15732 16870
16497 15832 16584 13679
17279 15095 16060 13225
16310 17240 15316 13490
17639 15156 14644 14300
14899 15884 17316 13142
16448 13497 14042 15631
16022 16637 16151 13435
12617 15963 15420 16752
15866 14609 17410 13663
14365 15797 16628 14214
14997 14869 18550 13740
14899 16960 13810 15554
16667 16998 14675 13893
16527 17251 14659 13485
17494 15555 16422 13031
13211 16186 16804 15324
16692 14089 14910 15321
17271 15758 16045 13052
16785 13452 14072 15390
14088 15038 17303 14960
14641 17221 16321 13743
15756 13860 16396 15105
14462 14665 17824 14880
14833 15341 16411 15060
16864 15746 16446 13589
16939 15045 15804 13348
17774 15813 15410 12598
14809 15339 17346 13804
14319 12957 16120 17042
14783 16060 14783 15685
16734 15590 13661 14694
14207 17655 14936 14798
14891 13620 14645 17531
14328 13653 15168 17016
17139 15983 15766 12948
16276 17706 14559 13409
14948 13336 17190 15375
14439 16104 15206 16194
16379 14320 17014 13892
15141 13553 15993 15734
15757 13178 16466 15470
15210 15338 17666 14153
17050 16366 15401 13093
13935 15102 16922 15757
15209 14402 17517 15104
17949 15561 14906 13695
17016 13730 14605 15102
17810 15570 15644 13231
13338 16481 15512 15207
15643 14798 14936 15153
12709 15966 15794 16077
14582 14021 15126 16678
17050 15711 15592 13395
17181 15480 15635 13924
13832 14677 15752 16223
15423 12941 14985 16620
16254 13623 14218 16233
15783 16922 15512 12926
14630 16129 17314 14080
16540 15078 14809 14733
16660 15149 12791 15398
17511 15365 16184 13100
17022 15719 14042 14492
15981 15485 16096 14556
15277 16309 14357 15877
16299 12381 15190 15469
16225 16423 16051 13225
16572 13805 14273 15341
15594 16568 15706 14741
15198 17801 15184 13590
16468 17538 14184 13282
15677 16193 15755 13612
13845 14087 17579 15790
15615 15186 13594 16822
13699 15042 15748 16268
15440 13115 15428 16457
15822 14421 13478 16338
14386 13079 14935 17352
17572 15796 15524 12886
13877 16421 16200 14896
15017 15377 13650 17585
14782 13532 15416 16613
15417 12370 14562 16999
16164 13669 14067 15697
14725 16576 14283 15821
15606 14750 17183 13364
17269 14908 15888 13581
13993 14805 15503 16322
16507 16072 15326 14592
13538 16730 14614 16230
17400 15042 13821 14920
15978 16858 15613 13121
15421 16512 15817 14525
17458 15496 15027 13656
17553 14659 14103 14884
16643 15962 16410 12387
16998 15290 15775 13406
16094 15134 16960 14417
14340 15276 17725 13419
15882 13453 14596 15938
14810 15577 15621 15927
15745 13911 14553 16166
14562 14750 18040 14401
14813 16028 16462 14418
13653 16654 14953 14903
17395 14143 14445 14504
16040 14770 14904 14759
16022 17805 14597 14008
