23347 242.68
9788 8232 7403
8031 7170 9440
7779 9919 7655
7120 7499 9699
6881 8075 9592
6919 8169 9548
7797 7247 9537
7898 7173 9511
9497 8733 7495
8449 9675 7466
6972 8096 9587
7902 9909 7699
7007 7736 9688
9695 8462 7561
8188 7980 9243
8852 9392 7428
8309 7327 9342
7048 7958 9610
9578 8632 7450
9534 8453 8140
8395 7369 9295
7743 9882 7705
9172 9121 7527
9266 7855 8659
8493 8108 9041
9244 8148 8643
7462 7284 9634
7965 7260 9475
9298 8739 8180
7440 7852 9613
9737 8387 7578
7999 7416 9447
7970 9872 7679
8740 7882 9059
8297 9717 7803
7133 7822 9667
7278 8617 9369
8651 7994 8989
7805 8336 9283
7490 9130 8779
7313 7840 9653
9014 7767 8848
8609 7716 9102
8985 9211 8016
7250 8224 9463
8272 9776 7940
7790 7351 9552
9484 8738 7414
7890 7300 9517
8248 7443 9408
8805 9143 8380
8665 9255 8267
7421 7965 9531
9062 8964 8284
7459 8534 9324
7648 8760 9186
8315 7330 9313
8104 9488 8406
8959 9343 7594
8218 9759 8102
9190 8942 8002
8241 8852 8945
7614 8692 9268
8226 9802 7753
7549 7703 9579
8440 7398 9203
9029 8302 8628
9598 8136 8065
8093 9789 7806
7537 9055 8997
9515 8618 7957
8508 8787 8768
8481 8386 8930
9079 8526 8593
8030 8440 9124
7531 7385 9607
9419 8036 8372
6997 8306 9485
9585 8491 7892
9237 9067 7683
9458 8803 7615
8280 7779 9333
8472 9594 8047
7057 7709 9694
7412 8393 9330
8948 8085 8804
8624 9404 8312
8363 8914 8786
9617 8381 7877
9108 8961 8231
8835 9265 8168
7722 8786 9093
8134 8120 9304
8797 8712 8636
8766 8267 8935
9049 8128 8669
7384 7607 9636
7865 7454 9525
8586 7468 9191
7562 8868 9148
8896 8896 8388
9500 8633 7665
8123 9573 8255
6985 8049 9608
7663 7582 9566
7615 8283 9377
9289 9014 7661
7265 8424 9420
9364 8599 8193
9653 8403 7866
8026 9849 7859
9756 8120 7589
9730 8377 7630
7081 7527 9688
9348 8494 8462
7587 9738 8108
8262 9367 8475
7904 8821 9006
7196 7931 9616
7329 7528 9664
9761 8264 7551
7344 9292 8691
8754 7662 9029
8723 8745 8581
8846 8097 8811
9471 8321 8339
9400 8841 7861
9673 8567 7770
9776 8289 7542
8178 7593 9353
7603 9357 8647
8416 8155 9084
8106 8193 9238
9384 8777 7934
7351 7616 9631
9274 8860 7951
7212 7774 9656
8059 9836 7727
7983 9650 8223
7821 8986 8910
7929 9304 8618
7515 7570 9626
8533 7432 9195
9502 8629 7918
7487 8294 9397
9494 8725 7543
8864 7620 8968
9112 9031 8041
9085 9200 7532
8408 9476 8271
9171 8660 8294
7851 8857 9021
8940 8482 8682
8113 8179 9231
8972 9197 8081
7691 9079 8858
9654 8330 7873
7527 7477 9598
7921 8119 9385
8997 8717 8482
7338 7863 9595
8634 8910 8523
7090 7682 9685
9687 8199 7798
9095 9068 7981
8196 9224 8705
8192 9479 8454
8916 8828 8469
7769 7544 9562
7985 7424 9471
7106 8165 9523
7292 7895 9568
9551 8589 7844
8833 8444 8796
9480 8730 7642
9077 8767 8367
7756 8926 9053
7875 8510 9209
8062 7489 9413
9180 9109 7970
9508 8562 8131
7988 9857 7743
7233 8004 9589
8239 9177 8729
8816 7920 8873
8083 9822 7767
8700 7951 9014
7673 8618 9215
8892 8603 8495
7144 7743 9682
8152 9510 8361
7748 9078 8840
7730 7561 9538
9163 9148 7724
8881 8550 8698
9131 7689 8717
8245 9740 7961
8999 8688 8449
8825 9009 8514
8016 8834 8981
7299 8012 9547
8182 9295 8670
8049 8798 8962
8925 9120 8306
8501 8541 8853
7712 8983 8938
8000 9332 8549
8468 9312 8425
8402 9710 7839
9641 8339 8032
9607 8347 7985
9087 8056 8748
7846 9863 7821
7363 9124 8842
9680 8427 7849
8752 8692 8653
7320 7645 9646
9202 8679 8213
8913 9176 8152
8527 7808 9152
9559 8653 7595
8545 9048 8614
8574 7787 9140
9704 8405 7761
8784 9234 8291
9451 8578 8118
9765 8333 7539
7240 7550 9678
9320 8541 8334
8553 9445 8235
9628 8521 7813
7937 9824 7923
7217 7695 9671
7470 8594 9278
9714 8421 7621
8383 9359 8440
7402 7486 9665
8052 8205 9179
8682 9346 8137
8862 9217 8088
7617 7251 9605
8615 8024 9051
7751 9387 8569
9003 8103 8711
8401 9579 8101
7838 7720 9460
7163 7797 9670
9227 8253 8490
8427 9278 8541
7586 7902 9498
8762 9428 7896
7227 7929 9601
7930 9328 8559
8630 9496 8089
8435 9628 7826
7395 8022 9511
8457 9603 8020
9331 8890 7936
8562 9567 7989
8386 7585 9224
8040 9705 8155
9053 9041 8192
7829 9019 8867
7504 8416 9327
8883 8094 8757
9352 8884 7925
8369 9081 8625
7700 7948 9427
7075 8081 9586
8045 9798 7899
7895 8976 8829
7093 7918 9643
8707 8778 8535
7638 7671 9537
8944 7591 8906
8304 9687 8107
8687 9531 8026
7906 7511 9493
7609 8090 9456
8346 9320 8564
7271 7652 9660
9069 9179 8053
7666 8705 9136
7702 8998 8919
8420 9374 8320
9272 8014 8509
7834 9106 8742
9433 8326 8326
8009 8924 8915
7555 9188 8733
9011 9184 7905
8611 9434 8162
7189 7889 9657
8032 8744 8973
8906 9321 8008
9747 8322 7650
8569 9607 7819
9340 8842 7933
7555 7654 9572
8087 7756 9357
7117 8301 9503
8597 7991 9055
9728 8436 7602
7907 8972 8764
8538 9611 7885
8600 8132 8958
8578 8500 8859
8427 9550 8203
9541 8591 7746
8712 9154 8397
7707 7942 9433
7605 7364 9621
9483 8569 7975
9001 9172 8069
8464 8214 9016
7378 8044 9495
9159 8236 8602
8991 8906 8303
7372 9099 8827
9012 7750 8894
7774 8645 9162
9212 9099 7735
8637 9402 8089
8290 9546 8331
8852 9157 8198
8352 8366 9139
8525 9508 8035
7737 8357 9217
9223 8993 7713
7148 8159 9559
8716 8317 8882
8170 9645 8134
7171 7599 9677
9389 8472 8247
8528 8059 9034
8734 9253 8244
8022 8882 8880
7578 7915 9506
7945 8954 8895
9735 8349 7609
8675 9396 8239
8378 8177 9129
7859 7937 9458
8514 9556 8116
8730 9436 7778
8799 8740 8606
8074 8675 8959
9067 9242 7774
7482 7667 9582
9232 8647 8262
8198 9454 8471
9208 9004 7784
8105 9809 7772
7731 9520 8432
8519 9516 8064
7066 7756 9683
7666 7909 9479
8906 9366 7851
9389 8755 8022
7918 9416 8516
8188 9654 8115
8145 9781 7781
8163 9373 8504
8774 9412 7993
7570 7640 9545
7500 7501 9629
9195 8986 7965
7627 8252 9388
8817 7635 8983
9181 9052 7757
7151 8243 9496
8705 8701 8679
7572 7731 9523
7175 8028 9553
7368 8067 9534
7948 8327 9320
8833 9272 8099
9153 8545 8323
9219 8352 8500
8692 9469 7793
8120 9570 8344
7520 7869 9521
7770 8908 9072
7888 9017 8792
8934 8998 8349
7765 7631 9529
9133 9027 7996
8351 7628 9312
7183 7639 9673
8217 9423 8386
7606 7846 9490
9145 8871 8122
9122 8697 8187
7881 8411 9160
8581 9463 8219
9063 8552 8421
7636 9835 7886
8013 7802 9444
8605 7506 9167
8927 9164 8187
8160 9085 8762
8003 9855 7811
8078 7917 9360
8460 8517 8989
8207 9542 8357
8320 7971 9167
8253 8650 9087
8674 9196 8330
8143 8171 9166
8410 9644 7949
8041 7492 9373
8442 7554 9176
7322 8310 9436
9130 8507 8397
8113 9622 8333
8599 8296 8885
8591 9461 8123
9539 8715 7637
7791 9128 8818
8889 8841 8410
8524 8259 8968
8726 9286 8215
9569 8578 7960
9137 8979 8083
8537 9471 8092
8121 7298 9437
9422 8883 7601
8332 9541 8209
9441 8734 8058
9092 9089 7985
8784 9057 8413
7795 9324 8599
8837 8990 8368
7785 7829 9508
8219 9700 7992
7159 7894 9620
8203 9231 8616
9708 8435 7617
8330 7959 9199
7477 8220 9476
7916 9869 7782
9242 8876 8003
7739 8903 9090
8161 9666 8126
9640 8625 7623
9640 8579 7658
7633 9042 8870
7954 7629 9462
8325 9563 8243
8010 8069 9390
9320 8672 8077
8381 9694 7875
8475 9239 8498
8988 8217 8738
8689 9022 8418
9090 9177 7832
8338 8653 8822
8607 8811 8696
7777 8714 9073
8881 9379 8059
7867 9633 8247
8540 9100 8429
8472 7829 9156
9360 8096 8350
9239 8843 8027
8686 8751 8714
7514 8648 9275
9149 8475 8535
8782 7917 8898
8776 9282 8128
8437 7875 9158
8376 7714 9189
8357 9653 7942
9211 8814 8076
9631 8439 7792
8388 9184 8547
9692 8130 7788
8307 8030 9235
7229 8479 9424
7934 9676 8208
8324 9668 7904
7736 7784 9513
9095 8666 8374
9579 8617 7715
8551 9625 7703
9118 8248 8566
7592 8979 9052
9162 8505 8434
8529 8949 8629
8835 8700 8575
9439 8813 7650
8337 7870 9182
8214 7940 9271
8354 9448 8377
8210 9639 8207
8388 7603 9174
9328 8948 7934
9116 9165 7619
7878 8585 9175
8249 8126 9203
