18792 106.531
8282 8030 8031 7054
8016 7719 8428 7069
8088 8093 8355 7194
8165 8036 8340 7413
8295 7925 7825 7253
8216 8150 7847 7160
8035 8376 8203 6904
7989 8323 7969 7364
7863 8179 8392 7002
8199 8085 8216 7568
7783 7581 8606 7338
7866 8062 8366 7335
7944 8089 8286 7370
7980 8109 8282 7528
8271 8020 8152 7194
8243 8133 7750 6951
8352 7767 8157 7299
7805 7960 8569 7147
7931 7837 8449 7367
7590 7968 8081 7691
8288 8019 8385 7588
7885 8408 8287 7177
8012 7866 7815 7671
8052 8178 8344 7129
8042 7724 8414 7199
7966 8246 8352 7365
8146 8214 8151 7198
7836 7609 8098 7766
7871 8146 8176 7577
7891 8109 8229 7586
8258 8049 8078 7662
7917 7754 8419 7497
7977 8112 8158 7368
8244 8066 7771 7184
8042 7842 8328 7635
7968 8247 8191 7443
7558 8389 8311 7364
7877 8151 8204 7409
8065 8169 8116 7212
7709 8112 8439 7258
8080 8148 8066 7211
8185 8301 7963 7278
8094 7995 8400 7322
8266 7871 8048 7606
8337 7934 7998 7079
8027 8273 8271 7322
8020 8101 8330 7235
8234 8078 7815 7347
8165 8092 8361 7178
7839 8068 8445 6961
8031 7928 8408 7622
7949 8341 8134 7387
8087 8142 8125 7223
7893 8043 8510 7676
8050 8239 8140 7372
8289 7681 8098 7316
8178 8340 8129 7051
7866 8187 8389 7096
7910 8457 7745 7101
8162 8228 8180 7106
7811 8403 8197 7309
8039 7737 8211 7715
8110 8114 8017 7423
7854 8288 7899 7645
8051 8164 8254 7324
8121 8115 7904 7420
8088 8122 8031 7267
7749 8037 8005 7828
8118 8145 8000 7211
8047 8230 8156 6986
8325 7971 7793 7002
7852 8185 8406 7642
8199 8095 7879 7527
7929 8252 8182 7362
8010 8093 8027 7391
7915 8364 7954 7176
7851 8188 7917 7547
8057 8032 8255 7417
8010 8337 8191 7229
7858 7910 8581 7614
7991 8055 8459 7166
8133 8096 8162 7195
7864 8146 8364 7365
7957 8044 8404 7317
7931 8053 8032 7812
7911 7756 8490 7422
8173 8218 8156 7097
8067 8116 7917 7357
7967 8064 7687 7582
7719 7660 8251 7764
