7 0.124285
2844 2673 3025 2874
2259 2762 3144 2580
2790 3235 2816 2863
2687 3197 2941 2721
3074 3070 2703 2803
2968 3215 2674 2708
2581 3496 2603 2897
3035 3096 2624 2906
2836 2745 3055 2666
2824 3062 2991 2922
2788 2925 3035 2871
2703 2866 2825 3202
2676 3177 2592 3132
2650 3366 2660 2722
3052 3063 2783 2925
3013 3143 2842 3117
2954 3178 2703 2855
2857 2971 2762 3172
2722 3171 3078 2911
2677 3281 2751 3044
3060 2980 2800 2773
2934 3151 2815 2652
2921 3302 2673 2760
2858 3266 2636 2984
2844 2996 2999 2947
2837 3216 2750 3059
2814 3323 2707 2937
2808 3246 2805 2621
2783 3268 2935 2820
2763 2986 2452 3256
2734 3294 2594 2977
2726 3203 2804 2990
2692 3170 2811 3010
2683 3345 2849 2887
2667 3250 2804 2922
2653 3112 2578 3165
2637 3453 2725 2909
3048 3127 2696 2848
3010 3059 2942 3045
2946 3159 2739 2978
2924 3193 2942 2959
2837 2840 2901 3082
2826 3273 2784 2991
2803 3155 2992 2628
2789 2914 3000 2954
2757 3231 2827 2870
2725 3281 2588 2988
2681 2976 2574 3201
2505 3354 2802 2744
3033 3116 2779 3103
3018 2979 2904 2910
2942 3201 2617 2737
2927 3191 2657 2955
2890 3349 2765 2890
2870 3223 2782 2754
2792 3236 2850 2812
2789 3131 2928 2967
2768 3155 3141 3009
2761 3314 2889 2676
2665 3352 2617 3018
2650 3011 2956 3048
2649 3208 2802 2982
2627 3318 2731 2921
2606 3202 3080 2834
2602 3310 2923 3014
2540 3213 3003 2788
