20863 1800.04
9151 8224 8265 7507
9099 8267 8098 7477
8810 7891 8551 7959
8557 8315 9069 7573
8531 8997 8502 7120
8386 9056 8376 7501
8340 8060 8720 8206
8113 8185 8887 8039
8741 8908 8364 7175
9115 8228 8183 7539
8249 8075 8951 7922
8196 8153 8772 8049
9029 8443 8538 7237
8181 7931 8771 8107
9011 8366 8582 7124
8453 7997 8766 8174
8547 9034 8448 7246
8155 8158 8776 8065
8431 7915 8793 8115
9061 8360 8227 7553
8157 8147 8964 8096
8292 8037 8730 8139
8478 7967 8784 8106
8270 7958 9066 7938
9096 8296 8204 7469
8464 8180 8687 8070
8436 8026 8724 8182
8396 8069 8688 8149
8415 8166 8621 8164
8512 7939 8761 8034
9132 8234 8262 7495
9137 8192 8237 7554
8264 8933 8584 7538
8575 9017 8243 7304
9039 8617 8258 7376
8487 8109 8612 8193
8520 8016 8926 7845
9057 8640 8273 7331
8425 8532 9030 7555
8382 8214 8634 8170
8512 8238 9019 7756
8324 8025 8800 8085
9110 8262 8243 7500
8359 8055 8959 7900
8565 8155 8189 8079
8317 8230 8478 8103
8965 8749 8313 7335
8944 8679 8288 7535
8488 7894 8739 8103
8406 8113 8910 7954
8593 8372 9056 7611
8921 8789 8289 7310
8535 8139 8914 7942
9068 8525 8442 7490
8558 9008 8501 7261
9119 8268 8320 7414
8446 8080 8807 8067
9017 8666 8355 7402
8706 8950 8464 7303
8942 8771 8410 7274
9087 8389 8344 7497
8691 8962 8413 7412
9140 8216 8330 7460
8370 8992 8369 7539
8559 8408 9041 7734
8353 8976 8417 7543
9072 8339 8193 7601
8288 8277 9016 7761
8907 8811 8349 7393
8569 8331 9047 7631
8601 8125 8668 8055
9108 8231 8302 7486
8347 8068 8991 7914
8283 8228 8760 8064
8321 8095 8821 8093
8651 8923 8489 7282
8299 8226 8958 7910
8837 8874 8424 7342
8588 8984 8435 7289
8308 8089 8888 7972
8956 8663 8307 7428
8717 8900 8436 7439
8402 8075 8678 8135
9026 8635 8393 7375
8482 8208 8973 7854
9105 8299 8338 7453
8275 8680 8759 7805
8777 8896 8362 7343
8475 8393 8740 8049
9051 8246 8292 7574
8327 8967 8432 7453
8854 8104 8507 7854
8822 8886 8420 7266
8386 8200 8705 8143
8424 8124 8983 7863
9081 8372 8457 7516
8413 9010 8374 7421
8765 8904 8398 7409
8527 8172 8641 8065
8987 8592 8607 7387
8903 8747 8333 7459
8850 8760 8533 7294
8536 8938 8476 7519
8981 8708 8370 7419
8735 8861 8463 7391
8547 8066 8580 8119
8845 8793 8406 7466
8894 8776 8385 7484
8451 8217 8625 8126
8932 8796 8458 7239
8358 8151 8869 8005
8888 8803 8447 7330
8269 8144 8883 8001
8595 8340 9012 7512
9046 8530 8429 7471
8522 8093 8735 8129
8496 9004 8548 7361
9074 8484 8326 7447
8460 8485 8692 7993
9022 8580 8388 7405
8442 8222 8960 7880
8529 8890 8681 7287
8798 8780 8482 7351
8645 8944 8577 7298
8833 8757 8584 7318
8495 8313 8998 7819
9084 8324 8383 7531
8373 8606 8955 7589
8523 8915 8490 7578
8748 8829 8489 7371
8457 8264 9008 7857
8635 8717 8646 7696
8704 8881 8558 7381
8901 8707 8496 7300
8614 8427 8609 8012
8407 8326 8755 8090
8862 8705 8544 7269
8304 8697 8777 7733
8389 8821 8679 7585
8588 8852 8326 7628
8823 8672 8509 7464
8486 8979 8409 7620
8617 8188 8690 8032
8657 8288 8785 7915
8541 8292 8885 7884
8939 8747 8321 7457
8599 8363 9003 7578
8636 8971 8458 7357
8591 8458 8988 7597
8699 8836 8649 7296
8579 8252 8853 7920
8937 8611 8529 7324
8955 8724 8298 7504
8492 8471 8684 7975
8707 8344 8937 7774
8951 8597 8455 7435
8500 8428 8779 8024
8783 8689 8399 7669
8776 8380 8661 7888
9013 8446 8201 7554
8507 8703 8839 7461
8616 8369 8757 7990
8857 8764 8530 7463
8409 8700 8722 7797
9036 8558 8271 7414
8572 8866 8461 7615
8811 8714 8541 7566
8708 8685 8606 7561
8559 8106 8582 8110
8807 8676 8552 7558
8827 8202 8655 7758
8604 8766 8689 7433
9003 8728 8449 7397
8974 8594 8391 7528
8438 8546 8947 7656
8332 8410 8945 7820
9014 8562 8452 7367
8910 8621 8469 7559
9037 8265 8295 7676
8609 8414 8797 7983
9055 8262 8513 7483
9003 8468 8553 7316
8366 8508 8795 7977
9006 8612 8527 7359
8934 8600 8541 7594
8427 8623 8921 7663
8883 8868 8497 7347
8613 8778 8297 7624
8603 8425 8682 8021
8647 8906 8598 7263
8649 8244 8767 7981
8885 8723 8462 7379
8553 8930 8366 7535
8519 8342 8848 7998
8784 8662 8574 7593
8720 8815 8431 7601
8949 8219 8670 7704
8689 8925 8460 7422
8556 8309 8884 7903
8697 8305 8486 7985
8774 8744 8628 7369
8730 8912 8487 7339
8733 8827 8601 7355
8836 8611 8318 7697
8517 8452 9001 7493
9047 8432 8522 7441
9031 8451 8481 7424
8946 8383 8421 7717
8975 8555 8492 7548
8995 8639 8328 7488
8505 8399 8982 7743
8896 8481 8695 7449
8592 8856 8670 7427
8968 8635 8387 7443
8960 8569 8473 7455
8924 8560 8573 7590
8827 8562 8562 7708
8338 8484 8885 7874
8401 8337 9008 7750
8671 8283 8805 7891
8308 8520 8864 7876
9093 8258 8364 7542
8978 8441 8605 7546
8914 8301 8756 7698
8928 8439 8614 7599
8673 8575 8762 7666
8560 8518 8769 7918
8400 8376 8886 7965
8843 8849 8472 7398
8609 8355 8917 7860
8586 8542 8906 7529
8713 8800 8637 7465
8780 8307 8831 7778
9008 8297 8580 7325
8958 8329 8485 7642
8270 8327 8670 8059
8750 8274 8663 7947
8546 8946 8539 7395
9013 8682 8484 7272
8816 8464 8774 7650
8550 8522 8994 7535
9009 8631 8380 7533
8705 8843 8571 7604
8559 8196 8750 8002
8891 8455 8667 7475
8874 8483 8641 7509
8449 8456 8912 7743
8918 8645 8557 7488
9042 8313 8503 7525
8343 8478 8974 7686
8516 8365 8898 7850
8840 8643 8500 7616
8639 8400 8927 7795
8499 8467 8949 7739
8421 8410 8640 8060
8527 8375 8673 8044
8419 8407 8824 7943
8725 8423 8781 7927
8865 8546 8679 7605
8563 8446 8719 7950
8361 8457 8580 8011
8966 8663 8434 7399
8859 8631 8550 7552
8723 8669 8445 7792
8881 8405 8788 7544
8849 8653 8566 7521
9052 8576 8447 7283
8307 8164 8909 7931
8800 8474 8727 7806
8677 8735 8585 7610
8832 8651 8708 7479
8758 8806 8450 7402
8742 8346 8693 7912
8715 8877 8536 7505
8321 8997 8404 7523
8485 8740 8592 7685
8730 8823 8495 7362
8687 8250 8869 7878
8476 8161 8921 7932
8774 8785 8515 7402
9090 8535 8338 7406
8604 8487 8968 7587
8379 8411 8904 7836
8746 8283 8894 7719
8678 8499 8933 7681
8686 8715 8350 7674
8544 8497 8924 7710
8846 8622 8519 7621
8992 8421 8475 7663
8397 8453 8979 7763
8989 8477 8511 7476
8963 8507 8599 7533
8636 8349 8890 7813
8681 8537 8832 7688
9000 8468 8612 7505
8654 8374 8861 7815
8795 8515 8728 7614
8642 8364 8829 7924
8984 8483 8533 7451
8759 8335 8918 7652
8744 8352 8555 7898
8665 8568 8792 7818
8479 8402 8845 8009
9033 8540 8516 7395
8502 8384 8806 7958
8878 8426 8733 7580
8519 8371 8686 8028
8747 8892 8415 7469
8644 8258 8808 7941
8568 8627 8570 7848
8805 8321 8825 7632
8830 8809 8446 7458
8588 8260 8738 8042
8567 8710 8544 7790
8662 8754 8627 7469
8658 8695 8617 7629
8839 8797 8559 7345
8702 8316 8630 7968
8699 8284 8801 7841
8634 8720 8526 7785
8554 8737 8801 7514
8587 8840 8731 7343
8773 8732 8510 7660
8703 8587 8619 7714
8791 8614 8590 7702
8778 8770 8566 7365
8522 9013 8503 7407
8597 8437 8902 7798
8538 8434 8940 7674
8580 8333 8930 7823
8543 8455 8835 7821
8668 8349 8745 8029
8483 8402 8967 7802
8560 8313 8711 8053
8726 8497 8664 7753
9089 8332 8190 7519
8793 8619 8594 7690
8770 8545 8602 7748
8689 8500 8850 7570
8356 8440 8908 7900
8755 8564 8718 7624
8489 8390 8943 7849
8970 8619 8403 7577
8817 8272 8790 7808
8798 8396 8787 7577
9020 8559 8523 7296
8870 8492 8651 7648
8995 8536 8404 7416
8567 8359 8951 7783
8454 8522 8716 7967
8648 8319 8871 7872
8819 8556 8560 7786
8788 8667 8455 7661
8551 8545 8941 7641
8920 8314 8709 7618
8491 8460 8880 7870
8876 8566 8571 7534
8434 8618 8639 7803
8758 8395 8532 7838
8756 8382 8782 7832
8749 8552 8778 7608
8675 8392 8773 7936
8628 8534 8820 7724
8582 8403 8822 7909
8873 8637 8490 7507
8865 8526 8618 7757
8732 8386 8713 7846
8684 8655 8652 7736
8601 8583 8601 7830
8846 8254 8810 7502
8703 8242 8882 7849
8589 8608 8722 7784
8829 8302 8771 7747
8762 8687 8692 7526
8753 8271 8848 7712
8930 8280 8525 7763
8727 8818 8525 7490
8594 8847 8704 7496
8842 8692 8620 7338
8779 8870 8571 7349
8661 8523 8802 7716
8659 8284 8856 7871
8590 8571 8866 7504
8652 8360 8978 7779
8751 8546 8701 7693
8682 8455 8876 7639
8787 8565 8564 7751
8704 8434 8568 7945
8688 8579 8764 7550
8590 8554 8753 7834
8656 8449 8729 7906
8585 8509 8811 7800
8680 8645 8671 7647
8366 8488 8514 8001
8791 8492 8714 7726
8738 8420 8659 7881
8815 8552 8706 7678
8684 8416 8826 7852
8803 8407 8687 7823
8752 8448 8734 7826
8376 8482 8889 7872
8835 8584 8402 7685
8691 8436 8741 7852
8510 8564 8727 7823
8331 8511 8889 7866
8732 8413 8846 7759
8688 8754 8604 7584
8639 8467 8608 7895
8714 8605 8588 7766
8675 8503 8829 7728
8763 8531 8639 7699
8693 8496 8674 7867
8767 8490 8649 7811
8835 8449 8668 7646
8728 8573 8524 7767
8861 8476 8709 7636
8813 8377 8658 7843
8855 8658 8669 7474
8633 8467 8743 7876
8569 8487 8985 7508
8497 8350 8961 7797
8552 8553 8837 7659
8781 8598 8631 7704
8711 8515 8534 7812
8686 8278 8467 8021
8570 8549 8863 7713
8682 8369 8975 7636
8734 8500 8703 7682
8731 8598 8675 7664
8615 8493 8842 7741
8709 8538 8656 7845
8618 8513 8818 7768
8911 8442 8694 7502
8743 8520 8647 7745
8729 8511 8596 7800
8584 8594 8748 7704
8530 8558 8654 7864
8630 8569 8823 7658
8926 8437 8638 7465
8720 8433 8843 7764
8687 8341 8413 8021
8685 8443 8592 7934
8605 8504 8874 7782
8598 8422 8857 7828
8563 8658 8623 7732
8760 8486 8770 7745
8806 8504 8696 7731
8766 8517 8707 7671
8716 8495 8732 7810
8871 8452 8733 7582
8631 8366 8558 7961
8607 8397 8880 7816
8648 8529 8611 7887
8667 8479 8739 7855
8744 8324 8622 7892
8842 8602 8558 7634
8694 8626 8565 7773
8847 8430 8705 7740
8626 8642 8588 7816
8481 8354 8899 7961
8884 8469 8620 7555
8818 8472 8700 7684
8650 8591 8772 7680
8809 8647 8590 7568
8821 8449 8547 7791
8565 8549 8505 7892
8668 8511 8700 7808
8756 8553 8697 7585
8644 8535 8935 7551
8618 8481 8878 7715
8554 8449 8816 7794
8881 8560 8494 7651
8741 8495 8840 7670
8695 8498 8677 7844
8533 8536 8796 7773
8779 8374 8579 7883
8671 8418 8896 7729
8625 8485 8751 7904
8701 8350 8873 7836
8581 8489 8956 7554
8606 8418 8814 7799
8531 8320 8858 7957
8757 8460 8587 7886
8664 8422 8819 7788
8643 8501 8895 7654
8832 8501 8626 7725
8809 8601 8586 7653
8739 8523 8575 7769
8697 8431 8658 7837
8652 8424 8875 7735
8737 8377 8625 7897
8575 8432 8651 7956
8664 8516 8849 7473
8606 8451 8537 7929
8771 8514 8620 7752
8701 8603 8590 7772
8535 8633 8613 7852
8723 8596 8566 7783
8812 8461 8704 7680
8622 8506 8641 7865
