67639 1680.39
19146 16647 16233
17485 18776 14672
16932 15253 19369
15621 19483 16312
15571 15903 20013
14584 18729 17988
16972 15367 19258
17136 18959 14873
17405 15438 18953
16724 15296 19519
17272 15493 19086
14678 18571 18275
16059 19439 16101
18133 15788 17903
16029 17967 18072
18263 15684 17951
17339 15563 18985
14984 18176 18616
17561 17580 17378
14649 18876 17777
17454 18709 15005
15080 17151 19380
15102 18281 18509
19104 16682 16191
18205 17292 16912
15466 19378 16636
17225 18039 17300
15562 18859 17604
16904 15528 19348
16369 15983 19676
16355 15829 19703
16392 16542 19307
14955 17715 19060
15130 17548 19154
15404 16744 19425
18451 17212 16705
14622 18811 17933
15608 17050 19402
15689 19405 16532
17318 16322 18701
16605 17559 18181
16251 18825 16860
14785 17570 19107
15653 16418 19780
15312 19268 16784
17806 18536 14909
16532 18672 17212
14914 18321 18477
18400 17914 15372
17029 19009 15503
14832 19248 17129
19034 16464 16495
15848 16071 19823
15626 18643 17630
18074 18446 15180
19133 16688 15919
15353 16254 19847
18484 17775 15801
17678 18406 15850
18248 17730 15951
19076 16871 15465
16888 15715 19282
14725 19017 17548
14604 18720 17993
16128 15860 19874
18760 17249 16123
16554 17938 17762
14991 18743 17781
17042 16031 19144
16953 16087 19171
15476 18597 17749
18780 16950 16367
18347 16247 17405
15485 15936 19975
17246 18867 15633
17760 18551 15040
15693 16201 19935
17387 18850 15578
17047 19063 15152
14938 18391 18318
18601 16131 17229
18388 17904 15544
16641 15598 19537
16737 17493 18244
17654 18182 16414
16095 19310 16111
16848 16069 19205
18901 16901 16353
17299 18752 15764
17865 17162 17472
17474 15845 18714
17622 17691 17275
18276 18250 15290
17524 17359 18028
18023 18269 15432
15166 16786 19615
18110 18304 15289
14881 18656 18090
18882 17124 16253
17501 18087 16966
17797 18504 14924
17266 16736 18575
14802 17672 19078
18357 17950 15934
18437 16609 17322
16116 19067 16693
17583 16298 18680
18965 16937 16278
15210 16003 19944
16340 17662 18461
16747 16631 18977
15538 15943 19965
16767 19206 15217
18573 16362 17289
15669 19183 16890
15394 16968 19513
16879 19132 14955
16915 16799 18805
14854 18351 18484
14762 19080 17190
16880 17756 17519
18305 18173 15105
16927 16698 18870
18747 16894 16520
18148 18077 16026
18930 17114 15963
15767 19468 15973
18097 16376 17741
18990 17058 16216
15253 17631 18857
17784 16242 18210
15340 19090 17152
15905 18696 17490
15703 16016 19892
16692 18129 17658
18832 17399 15704
17441 18628 15194
16169 15727 19727
17603 18749 14969
16564 15835 19585
15489 19163 17098
16582 19025 15971
15802 15639 19895
18406 17079 16749
15375 19226 17087
18843 17174 16136
16285 17811 18236
17828 15950 18499
15817 19273 16603
19011 16827 16305
14897 18384 18423
17002 19122 15332
17436 15743 18839
19013 16484 16451
15832 19196 16547
17670 18524 15554
16199 19292 16296
14843 18215 18555
16864 18499 16928
17434 18713 15358
15417 19095 17150
15874 19454 15910
17931 16449 18139
18367 17616 16555
15598 15870 19999
15499 18109 18635
18194 18156 15901
17134 16511 18857
17165 18815 16040
15743 15856 19918
16831 18583 17000
17349 17455 17724
17882 17014 17812
17841 17436 17568
18295 17460 16902
17983 18237 15601
17540 16622 18435
18185 17859 16083
14934 18477 18330
18511 17430 15930
15782 15894 19909
16433 18921 16576
17970 17110 17505
16703 18016 17535
16466 17323 18736
18064 17970 16338
17818 18421 15681
17153 15700 19110
16385 18296 17596
19088 16722 16206
18161 17682 16645
16314 16223 19601
18977 16716 16564
16360 16168 19641
16424 16051 19526
18818 16871 16420
17059 18979 15303
17956 18027 16227
15996 17792 18586
16266 17930 18349
16234 19112 16403
18646 16580 17040
16194 19298 15829
17417 18810 15237
15196 17873 18654
17456 15762 18817
17360 16152 18921
16774 19170 15617
15992 16148 19762
15029 18494 18205
18465 16594 17344
16487 16535 19342
17177 17192 18101
16451 18796 16879
16374 17849 18115
17463 17092 18369
18568 16919 16827
15984 19367 16179
16164 19353 15873
18630 16628 17123
17711 16232 18358
16064 19401 15710
18229 17038 17195
17855 16123 18379
18872 16588 16738
16405 18433 17350
15731 19039 16843
16779 16846 18657
18124 16044 17984
17206 17819 17463
18019 17643 16988
17385 17708 17433
15895 19149 16812
17185 16756 18793
17401 17719 17309
16840 15996 19466
16523 18787 17017
17697 16279 18404
16083 16580 19503
18254 18114 15404
15579 17268 19217
18915 16860 16525
17507 18764 14939
16809 16617 19292
17174 17411 17922
18688 17478 15675
15492 18898 17695
18524 17188 16652
17181 16179 18999
15945 15917 19852
17013 18496 16726
18950 16353 16610
15039 18005 18646
17758 16491 18340
18040 16311 17894
17122 17403 18296
17452 16437 18559
18699 16763 16866
17254 15607 19044
17144 16246 18895
17525 16400 18520
17292 15546 19038
17572 16821 18053
18767 17103 16399
15172 18998 17547
17725 18455 15734
18554 17535 15789
15278 18970 17261
17083 17446 17808
16511 17005 18781
18618 16009 17130
16592 18472 17055
16818 17377 18409
18031 16658 17869
16852 18911 15882
18332 17278 17186
18425 17920 15227
18672 17504 15522
15029 18514 17972
15711 17996 18541
15306 18735 17774
15224 17826 18646
18311 18163 15123
16327 18327 17840
17533 18513 15816
18382 15765 17526
15512 18265 18279
17628 15668 18757
17982 15544 18197
18171 17887 16128
16225 17761 18724
16593 17671 18164
18507 16382 17369
18855 16340 16950
16471 19301 15787
18534 17782 15745
18211 17020 17670
16674 18227 17578
17606 16877 17911
15720 19280 16625
15450 16410 19783
18289 16429 17478
15145 18367 18391
16238 19018 16441
15668 16455 19647
15883 17024 19322
17909 18208 15877
18800 17542 15485
15056 19333 17029
17280 18951 15400
18905 17339 15642
17736 18685 15045
16656 16078 19438
15735 16097 19857
15663 16724 19710
17102 17841 17452
18791 17350 15946
16788 18908 16378
15256 16343 19800
16801 17699 18058
14903 18532 18228
17370 17370 17628
18081 17224 17458
15322 18677 17829
18055 18198 15664
18719 17331 16055
18624 17873 15561
17439 15656 18833
14734 18844 17703
15290 17262 19339
17733 18135 16272
15263 16993 19438
15050 18611 17898
16954 17637 17863
17080 16563 18910
15517 18370 18008
18433 17890 15259
16310 19219 16094
16713 16639 19024
17044 19049 15476
15968 19145 16671
18948 17073 15662
16304 16332 19539
16446 15890 19581
18325 17991 15649
15588 18299 18259
17943 17128 17483
17888 18333 16073
16517 16388 19328
16936 17605 18123
18128 16215 17851
16838 18874 16006
17643 18241 16620
17054 18991 15075
16824 19177 15204
18093 17764 16715
16350 16841 19208
17079 16207 19128
18050 18064 16162
15937 19368 16155
17996 17794 16536
18707 17066 16536
17599 15874 18512
16013 19150 16383
17193 16270 18780
18459 17593 16234
18543 17029 16989
18223 15956 17698
15954 17513 18933
16431 15662 19692
18197 18103 15980
16642 19234 15258
15324 17807 18765
17347 18342 16061
18364 16087 17417
17576 18069 16763
15156 16982 19563
16893 15617 19347
15919 16783 19365
16938 18839 15863
17075 18464 16938
14864 18083 18736
16165 18933 16797
19060 16142 16247
15432 18579 17778
15754 16604 19557
15388 19234 16664
18009 17832 16487
16105 16567 19645
15807 18378 17649
17772 18573 14943
19051 16294 16250
16139 17981 18063
16996 18560 16447
15831 16710 19453
17329 17523 17707
17092 18416 16389
15872 18951 17070
16322 17394 19014
16708 17839 17787
15068 18485 18201
16150 19040 16504
16076 18232 18003
17440 18788 14889
16987 16596 18993
15862 16412 19743
16183 18996 16681
17715 16103 18452
15224 16910 19546
15779 16667 19527
16500 19124 16281
15151 17388 19250
15144 17895 18750
16096 16164 19724
16641 15969 19490
15451 18378 18015
17049 17230 18341
15952 18769 17244
16624 16862 18676
15726 17180 19114
17921 18174 15748
16007 16988 19261
16652 17655 18148
16633 17516 18296
16456 17140 18962
18181 18296 15420
17504 18277 16323
16615 17143 18767
17068 18046 17497
16145 17978 17877
14729 18658 17890
17406 18647 15986
15360 17541 18777
15944 16121 19811
17635 18687 14873
14757 18952 17686
16838 16111 19232
18860 17261 15729
16008 19342 16193
18592 17506 15723
16272 16287 19558
18809 16600 16962
17113 16505 18914
16212 18729 17252
19022 16797 15985
16409 16412 19351
18654 17572 15713
17692 18553 15216
15775 18439 17682
18731 16921 16475
18678 16109 17081
18316 18068 15085
15202 18425 18151
15274 18399 18142
17200 17528 17556
14858 18203 18534
18149 17325 17145
18671 16817 16585
16940 18265 17167
17893 15974 18150
17148 16979 18443
15601 17483 19030
16495 16913 18851
16178 16702 19453
15170 18143 18367
17072 18963 15062
16897 18935 15510
18787 16884 16484
18249 16774 17563
16670 18754 16492
17418 18308 16147
15804 19332 16477
18379 16925 17124
18492 16591 17253
18583 17410 16369
16557 16382 19478
18417 18026 15325
15959 18943 16909
16677 18653 16468
14814 17764 19003
16462 18981 16510
15979 18713 17439
15136 17598 19003
19063 16692 16216
16625 16813 19243
18600 16327 17177
17420 18488 15957
15999 18532 17626
15923 17043 19085
16684 18964 16051
17089 18957 15325
17327 18618 16162
17577 18683 15131
18319 18053 15129
15537 18576 17689
16940 15635 19241
18665 15763 17206
15591 15885 19969
15965 17134 19051
15590 16501 19743
