51257 2400.84
8737 8183 8838 7647
8623 8527 8287 7955
8549 8028 9153 7730
8510 8811 8614 7362
8344 8259 8680 8212
8327 8303 9242 7727
8311 8930 8524 7743
8070 8539 8751 8119
8532 8871 8349 7482
8114 8680 8715 8053
8404 8873 8415 7806
8349 8870 8328 7862
8724 8417 8816 7512
8581 8081 9072 7871
8548 8039 9029 7948
8606 8731 8427 7696
8386 8907 8532 7693
8451 8823 8290 7791
8511 8794 8455 7696
8609 8626 8785 7536
8126 8644 8704 8079
8696 8528 8751 7492
8315 8891 8574 7708
8326 8312 9236 7735
8414 8253 9206 7790
8579 8357 9025 7531
8476 8692 8853 7560
8664 8741 8463 7656
8212 8915 8707 7724
8590 8616 8504 7881
8176 8728 8657 8005
8135 8575 9065 7784
8386 8547 8485 8123
8268 8876 8613 7846
8143 8709 8755 7963
8655 8611 8470 7771
8570 8757 8517 7710
8154 8762 8835 7798
8203 8798 8544 7994
8143 8674 8744 8048
8534 8663 8602 7826
8552 8087 9108 7821
8455 8257 8630 8152
8511 8862 8593 7592
8602 8722 8543 7670
8438 8751 8817 7611
8441 8173 9155 7861
8403 8861 8557 7830
8426 8108 9054 7987
8530 8718 8714 7583
8373 8166 9189 7792
8156 8608 8929 8011
8263 8569 8520 8148
8421 8334 8645 8184
8482 8859 8415 7717
8418 8369 9110 7575
8379 8629 8508 8090
8187 8588 8652 8137
8476 8118 9105 7778
8422 8033 9148 7951
8533 8427 8566 8116
8514 8122 9179 7719
8288 8413 8685 8206
8228 8388 9203 7710
8162 8493 9051 7939
8197 8726 8609 7993
8445 8838 8584 7721
8203 8474 8622 8197
8232 8343 9184 7837
8428 8300 9180 7648
8293 8849 8572 7839
8545 8676 8685 7664
8474 8600 8590 8006
8314 8186 9193 7984
8284 8530 8581 8190
8645 8639 8671 7689
8479 8812 8691 7600
8234 8841 8697 7788
8731 8369 8783 7815
8375 8832 8690 7737
8565 8151 9048 7886
8287 8455 8643 8169
8484 8669 8665 7702
8183 8452 9084 7914
8396 8178 9159 7837
8717 8235 8913 7792
8570 8096 9133 7805
8171 8667 8944 7885
8711 8241 8871 7836
8285 8702 9045 7670
8650 8430 8635 7861
8627 8685 8648 7619
8349 8385 8778 8202
8384 8305 9116 7941
8504 8821 8578 7692
8388 8858 8640 7768
8309 8735 8839 7889
8599 8102 9015 7959
8575 8134 8957 7998
8402 8825 8625 7745
8321 8369 8940 8142
8541 8319 8848 8060
8219 8805 8632 7876
8591 8157 8834 8114
8654 8557 8682 7751
8505 8605 8775 7731
8449 8128 9064 7920
8522 8186 9162 7711
8335 8847 8559 7782
8681 8590 8693 7699
8468 8199 9095 7869
8301 8829 8756 7657
8382 8853 8707 7716
8679 8220 8881 7837
8316 8365 9175 7817
8339 8339 9128 7847
8604 8548 8748 7975
8260 8542 8638 8141
8351 8450 8785 8159
8631 8530 8669 7764
8398 8394 8854 8067
8246 8578 8576 8175
8282 8810 8814 7684
8713 8414 8710 7743
8707 8367 8765 7827
8464 8669 8849 7628
8701 8422 8814 7677
8349 8301 9199 7821
8239 8274 8958 8121
8535 8803 8522 7643
8255 8658 9001 7756
8736 8212 8822 7762
8190 8799 8812 7811
8556 8140 8988 8017
8599 8619 8678 7715
8341 8537 9105 7701
8258 8781 8860 7678
8199 8866 8735 7762
8720 8332 8931 7569
8210 8449 8809 8139
8614 8154 8822 7995
8225 8766 8829 7718
8469 8836 8482 7745
8690 8207 8938 7786
8332 8624 8650 8014
8172 8745 8770 7918
8479 8720 8480 7936
8240 8472 8757 8164
8291 8596 9019 7813
8201 8586 8967 7949
8573 8534 8856 7621
8484 8678 8819 7589
8671 8376 8797 7848
8371 8377 8898 8082
8427 8318 8722 8180
8385 8217 9144 7802
8601 8191 8993 7779
8539 8671 8823 7635
8303 8768 8681 7928
8550 8223 8975 7705
8277 8466 8750 8158
8553 8598 8851 7564
8237 8778 8718 7842
8166 8566 8767 8072
8406 8622 8596 8007
8486 8656 8619 7713
8273 8457 9158 7834
8636 8427 8884 7570
8305 8469 9136 7713
8426 8689 8887 7654
8413 8266 9067 7917
8523 8280 9017 7745
8407 8329 8742 8149
8688 8232 8864 7943
8400 8194 8959 8056
8667 8302 8824 7957
8280 8572 8811 8039
8567 8227 8878 8095
8629 8471 8864 7660
8401 8547 8733 8035
8352 8338 8891 8101
8348 8352 9079 8000
8325 8706 8826 7898
8616 8503 8909 7608
8217 8517 8822 8104
8721 8497 8670 7603
8382 8371 9112 7785
8452 8098 9147 7886
8594 8314 8715 8027
8192 8803 8749 7856
8347 8807 8618 7861
8446 8353 8687 8133
8559 8556 8832 7585
8683 8283 8808 7891
8503 8183 9027 7945
8432 8252 9096 7935
8386 8214 9168 7841
8281 8416 8751 8194
8299 8544 8987 8024
8208 8446 8862 8094
8195 8592 8974 7954
8446 8258 9170 7725
8360 8254 9120 7924
8543 8622 8768 7704
8499 8479 8917 7799
8317 8844 8691 7823
8271 8573 8806 8056
8520 8582 8763 7889
8592 8643 8674 7780
8528 8137 9092 7810
8443 8746 8749 7727
8519 8597 8877 7615
8230 8784 8812 7707
8685 8373 8910 7705
8480 8713 8762 7806
8447 8265 9062 7854
8222 8620 8883 7964
8207 8494 9083 7820
8644 8146 9036 7810
8326 8233 8914 8173
8374 8796 8723 7688
8294 8818 8759 7763
8393 8415 8788 8107
8554 8551 8735 7903
8415 8347 8994 7942
8389 8580 8720 7990
8368 8323 9100 7972
8320 8315 9133 7925
8610 8533 8695 7681
8342 8360 9123 7869
8253 8815 8701 7777
8669 8419 8676 7930
8504 8203 8923 7996
8183 8786 8751 7817
8390 8160 9024 8080
8661 8508 8727 7773
8596 8470 8795 7754
8165 8642 8892 7974
8625 8119 9091 7811
8562 8662 8730 7612
8576 8408 8929 7749
8175 8431 9089 7908
8562 8130 9082 7769
8484 8789 8691 7663
8704 8238 8895 7783
8558 8105 9093 7915
8692 8306 8960 7643
8488 8325 9033 7674
8372 8508 8739 8046
8352 8792 8610 7809
8620 8439 8849 7752
8328 8777 8815 7775
8563 8263 8835 7929
8373 8424 8950 8063
8477 8482 8843 7879
8379 8815 8562 7784
8367 8271 9000 8111
8213 8548 8944 7946
8530 8581 8875 7566
8362 8523 8948 7741
8278 8614 8882 7978
8462 8621 8852 7625
8450 8467 8827 8019
8253 8546 8908 8050
8310 8535 9061 7761
8732 8287 8886 7772
8610 8555 8725 7662
8571 8529 8780 7921
8699 8498 8676 7772
8217 8730 8782 7901
8489 8402 8912 7950
8409 8696 8833 7827
8338 8310 9012 8016
8503 8144 9088 7906
8346 8540 9070 7758
8464 8237 9030 7884
8636 8354 8975 7671
8524 8487 8802 7940
8337 8289 9150 7878
8514 8316 9038 7739
8451 8411 8886 7932
8364 8513 8813 8002
8337 8761 8803 7679
8638 8458 8853 7744
8612 8488 8717 7893
8313 8692 9034 7607
8673 8408 8899 7736
8330 8557 8964 7844
8373 8700 8820 7800
8558 8398 8870 7812
8460 8321 8924 7957
8420 8659 8791 7832
8677 8393 8787 7784
8675 8406 8777 7898
8418 8774 8722 7899
8404 8249 9003 8008
8434 8309 8976 7985
8408 8164 9142 7937
8380 8335 9138 7726
8404 8278 8760 8165
8490 8244 9042 7851
8663 8487 8879 7624
8220 8408 8943 8084
8369 8591 8910 7952
8251 8575 8879 8061
8194 8594 8715 8029
8561 8312 8804 7970
8262 8524 9087 7809
8621 8350 8919 7789
8270 8491 9000 7997
8226 8649 8851 7948
8402 8381 8972 7961
8335 8434 8908 8097
8695 8330 8873 7781
8659 8428 8859 7822
8640 8260 8761 7964
8235 8725 8864 7846
8643 8162 8889 7934
8578 8271 8973 7833
8641 8561 8581 7862
8453 8486 8932 7819
8377 8437 8979 7917
8337 8459 9101 7804
8286 8563 8984 7859
8472 8269 8942 7966
8410 8361 8914 8009
8361 8409 9011 7967
8568 8515 8821 7774
8555 8207 8959 7906
8537 8296 8923 7766
8395 8687 8858 7874
8538 8401 8893 7868
8518 8655 8675 7814
8479 8512 8874 7824
8457 8346 9017 7840
8433 8771 8743 7734
8424 8331 9045 7909
8566 8441 8866 7928
8547 8326 8906 7851
8274 8695 8741 7963
8354 8372 8771 8176
8416 8504 8955 7938
8295 8520 9007 7763
8243 8500 8709 8095
8587 8562 8699 7835
8313 8545 8997 7805
8443 8489 8905 8033
8333 8362 8919 8077
8598 8628 8717 7604
8276 8763 8820 7795
8542 8239 8764 8031
8536 8641 8797 7637
8536 8475 8758 7926
8572 8246 8891 7900
8633 8313 8749 7949
8584 8261 8918 7894
8373 8596 8986 7635
8497 8365 8712 8086
8448 8407 8936 7923
8420 8287 8908 8126
8527 8392 8773 8049
8383 8284 8998 8022
8618 8436 8779 7885
8542 8344 8904 7990
8307 8682 8981 7848
8522 8496 8896 7638
8283 8318 9140 7850
8495 8287 8905 8070
8323 8383 9059 8022
8276 8549 8752 8072
8548 8558 8652 7869
8635 8468 8805 7838
8309 8420 9165 7766
8656 8526 8694 7802
8647 8466 8726 7870
8264 8526 8942 8028
8244 8444 9041 7916
8242 8597 8962 7855
8705 8268 8825 7843
8525 8460 8821 7950
8335 8715 8947 7776
8693 8485 8771 7839
8658 8255 8953 7830
8289 8483 8990 7915
8517 8420 8868 7920
8435 8507 8857 8037
8648 8630 8623 7783
8423 8652 8910 7614
8598 8396 8858 7882
8569 8163 8986 7793
8512 8615 8880 7675
8332 8497 8897 7988
8460 8389 8999 7825
8437 8298 8882 8058
8431 8567 8862 7892
8417 8646 8857 7864
8345 8532 8789 8021
8306 8552 8741 8043
8302 8690 8902 7884
8279 8454 8964 8040
8513 8444 8935 7877
8498 8421 8939 7911
8473 8484 8792 8058
8466 8380 8809 8074
8445 8520 8966 7733
8627 8358 8855 7878
8527 8282 8911 7936
8390 8521 8921 7904
8267 8685 8888 7895
8296 8438 9074 7875
8250 8464 9086 7839
8230 8499 9005 7908
8430 8349 9052 7810
8356 8463 9075 7687
8353 8463 8865 8089
8301 8426 8830 8129
8481 8431 8841 7975
8421 8433 8760 8112
8359 8771 8849 7591
8359 8602 8927 7828
8283 8647 8792 7983
8432 8542 8837 7992
8508 8293 8944 7897
8469 8406 8795 8041
8436 8341 8982 7959
8501 8481 8916 7902
8249 8455 8983 8041
8403 8524 8969 7722
8340 8230 9037 8071
8322 8636 8887 7777
8385 8462 9039 7886
8343 8443 9033 7936
8322 8565 8927 7918
8515 8311 8789 8105
8448 8395 8844 8021
8319 8447 8999 7980
8354 8324 9125 7770
8493 8324 8979 7944
8588 8472 8887 7791
8471 8525 8875 7770
8392 8560 8889 7823
8297 8631 8828 7975
8287 8477 9055 7872
8586 8397 8789 8001
8476 8307 9023 7831
8324 8290 8953 8054
8380 8420 8831 8075
8458 8410 8906 8015
8442 8434 8960 7849
8387 8559 8899 7969
8363 8481 8805 8063
8246 8554 8999 7861
8333 8634 8835 7906
8439 8374 8991 7905
8411 8650 8828 7783
8308 8577 8923 7833
8483 8189 9025 7902
8507 8452 8930 7875
8490 8384 8980 7841
8459 8541 8850 7843
8456 8364 8963 7930
8199 8590 8992 7895
8419 8259 9049 7912
8399 8262 8952 8017
8366 8420 9076 7938
8343 8720 8832 7888
8565 8581 8713 7796
8411 8393 9036 7857
8388 8430 8989 8011
8375 8253 8922 8132
8372 8426 8928 8025
8364 8374 9004 8045
8467 8653 8770 7765
8455 8632 8803 7756
8406 8517 8909 7934
8393 8292 8924 8030
8358 8603 8918 7801
8360 8492 9002 7816
8467 8276 8983 7890
8266 8711 8863 7847
8439 8337 9010 7845
8429 8502 8916 7835
8572 8367 8794 7972
8522 8588 8728 7733
8323 8370 9108 7810
8311 8425 9044 7985
8497 8289 9021 7874
8353 8311 9057 7981
8340 8507 8970 7949
8582 8566 8805 7863
8460 8389 8730 8092
8514 8229 9010 7852
8258 8556 8931 7902
8365 8615 8918 7759
8238 8447 8851 8130
8496 8451 8889 7912
8546 8364 8908 7754
8397 8413 8815 8073
8394 8255 9025 7919
8557 8290 8943 7724
