47 6.04834
31364 33203 31442 32114
31362 33195 31614 32056
33085 32287 31663 32997
33020 31941 32364 32348
32512 33263 31518 31489
32388 33058 32311 32434
33029 32582 32534 32277
32746 32865 31762 32511
32501 32848 32515 32456
32275 33190 32074 31413
33387 32446 31397 32778
33030 32812 31926 31519
32879 32392 32378 32312
32718 32654 31750 32946
32583 31934 32395 32853
33913 32017 31645 32298
33596 31591 31389 32383
33412 32751 31623 32100
33238 32521 32696 32132
33122 31708 32032 33082
33088 32850 31539 32680
33067 31957 32265 32319
32970 31827 32124 33391
32927 32347 31522 33259
32834 32497 31962 32903
32798 33138 32296 31834
32771 32216 32455 32821
32747 32717 32644 32750
32730 32962 31602 32313
32641 32755 32978 32494
32627 32879 32043 32445
32594 32961 31867 32440
32591 33140 31600 31360
32584 32728 32090 32842
32348 33219 31158 31916
32288 33230 31817 31486
33614 32220 31818 32162
33589 32665 32344 32073
33561 31971 31863 32462
33472 32015 32033 32410
33314 32091 32231 32303
33270 32604 32090 32086
33206 33505 31103 31551
33123 32968 31464 31856
33071 32662 31630 32605
33016 32067 32078 33382
32946 32105 31815 32933
32945 32770 32050 32032
32939 32507 32111 32776
32906 32815 32037 32326
32900 32224 31883 32957
32863 31937 32130 33534
32853 32212 31903 32935
32823 33008 31284 32100
32792 32621 31710 33066
32773 32165 32447 32512
32770 32672 32614 32606
32769 31961 32128 33210
32764 32519 32315 33083
32757 32934 31604 31970
32672 32444 32910 32602
32662 32907 31919 32217
32645 32494 32672 32778
32638 32678 32318 33094
32632 32775 32486 32004
32618 32920 32799 32064
32553 33112 31511 31873
32533 33033 31559 32872
32372 33128 31751 32118
32263 32263 31589 33397
32184 32894 31963 32804
31666 33149 32051 31974
33732 31752 31688 31713
33705 32326 32177 32109
33679 32846 31833 31987
33605 32380 31643 32248
33566 31539 31699 32585
33451 31960 31450 32464
33444 31801 31859 32730
33401 32107 32112 32146
33372 31957 32490 31729
33363 32571 32186 32646
33316 32600 31654 32583
33301 32344 31895 32785
33291 32702 32005 32203
33251 32661 32093 32430
33221 32437 32002 32886
33200 32749 31878 32308
33142 32738 31563 32732
33137 33016 31198 32003
33128 32504 31919 32689
33125 31748 31496 33464
33124 32011 32729 32214
33090 33072 31454 31962
33047 33366 31674 31204
33040 32794 32022 32693
33037 32333 32255 32294
32980 31926 32159 32904
32975 33371 31431 31418
32948 32725 32256 32719
32942 33438 31323 31694
32936 32899 31634 32864
32932 32852 31820 32577
32924 32672 32426 31988
32862 32751 32163 32194
32830 32428 32304 32963
32804 32527 32018 32747
32794 32737 31727 32884
32793 32664 31501 32942
32736 32797 32035 32333
32717 32865 32287 32739
32716 32750 31696 32998
32704 32893 31869 32228
32687 32664 32385 33205
32671 32801 32329 31700
32619 32159 32074 33401
32567 32726 32906 32683
32564 32791 31761 33015
32527 32971 31832 33319
32504 33145 32004 32047
32473 32994 31897 32410
32444 33139 31814 32072
32406 32858 32383 32203
32376 32107 31610 33468
32370 32749 31849 33185
32145 33179 31532 31750
32084 33651 31619 31891
31899 33376 31685 31808
31879 32475 32035 33285
