132807 2520.38
3420 3309 3046 3007
3228 3598 2832 3206
3227 3673 2849 2855
2999 3308 3440 3155
2998 3362 2961 3440
2920 3835 2997 2902
2828 3049 3116 3408
2679 3335 3047 3440
3205 3083 3154 3278
2932 3808 2990 2898
2846 3726 3090 3201
3061 3713 3138 2869
3041 3107 3015 3425
2873 3398 3098 3426
2860 3696 3158 3155
2929 3771 3113 2879
2891 3355 3051 3422
3318 3147 3012 3221
3249 3126 3119 3280
3333 3096 3124 3137
3404 3304 2907 3107
3189 3630 2836 3158
3415 3297 3051 3036
3394 3528 2910 2996
2878 3685 3230 2922
3131 3168 2989 3377
3089 3138 3402 3118
3262 3341 2859 3272
3374 3228 2865 3213
3030 3322 3429 3143
3078 3162 3360 3209
3202 3707 2924 2943
2913 3764 3127 2908
3183 3216 3275 3217
3116 3732 3029 2939
2953 3273 3246 3389
3208 3701 2932 2985
3011 3236 3427 3154
2951 3803 3020 2989
3116 3180 3091 3391
3133 3176 3143 3344
3400 3391 3033 3020
3039 3258 3172 3398
2914 3345 3142 3382
2896 3788 3124 3086
3302 3479 2871 3196
3005 3794 2987 3027
3170 3715 2885 2956
3193 3634 3040 2980
3091 3756 2896 3099
3096 3764 3048 2889
2945 3780 3020 3092
2938 3192 3358 3281
3320 3499 2992 3060
3070 3249 3415 3141
2986 3761 2963 3099
3031 3296 3417 3154
3077 3752 3014 2993
3168 3716 2947 2912
2928 3312 3185 3401
2874 3807 3128 2892
3137 3726 2852 3084
3213 3645 2913 3008
2983 3286 3379 3264
3198 3355 2901 3333
3306 3562 2882 3009
3217 3197 3139 3339
3235 3206 3301 3161
3246 3627 3010 2948
3189 3681 3030 2934
3032 3438 2960 3371
2931 3343 3317 3304
3363 3507 2919 3110
3383 3226 3077 3189
3176 3693 2958 2966
3094 3760 3007 2929
3348 3324 3032 3159
3132 3265 2945 3359
2959 3486 3011 3367
3008 3291 3282 3285
3346 3425 3128 2963
2979 3758 2950 3138
2917 3787 3044 3021
3324 3532 2975 3013
3037 3648 3186 2978
3028 3246 3290 3314
3267 3564 2953 3155
3099 3720 2981 2970
2885 3685 3169 3140
3129 3791 2921 2932
2943 3290 3338 3274
3274 3502 2929 3152
3114 3319 3327 3213
3101 3764 2933 2991
2905 3387 3276 3295
3172 3620 3038 2995
3188 3625 2975 3062
3012 3699 3198 2917
2997 3357 3259 3335
2977 3774 3052 2913
3369 3278 2979 3180
2985 3605 3272 2924
3365 3380 2890 3182
2995 3327 3356 3207
3272 3572 3052 2973
3277 3239 3009 3318
3337 3401 3108 3077
2940 3722 3164 3006
3282 3407 3125 3127
3194 3578 2969 3205
3127 3184 3116 3358
2978 3727 3178 2903
3098 3535 2982 3227
3141 3305 3106 3342
3036 3697 3156 2961
2963 3805 2988 3017
3219 3587 2892 3181
3236 3223 3121 3311
3061 3791 3025 2974
3063 3740 3114 2926
3353 3330 3000 3168
3024 3398 3017 3364
3356 3258 2925 3249
3027 3243 3389 3173
3341 3446 2984 3128
3260 3314 3203 3193
2932 3292 3200 3406
3328 3339 2874 3195
3161 3640 3018 2978
3276 3555 2938 3065
3066 3711 3095 3005
2973 3629 3185 3029
3099 3670 3137 3014
3058 3234 3395 3236
3093 3632 3120 3050
3134 3680 3049 2958
3201 3220 3226 3228
3004 3427 3213 3306
3167 3551 2968 3209
3068 3335 3405 3120
3043 3264 3408 3157
3304 3513 3148 3004
3312 3379 3133 3130
3193 3237 3103 3361
2994 3397 3239 3327
3062 3746 3057 3067
3051 3132 3365 3237
3045 3767 3063 3004
3014 3272 3387 3165
3057 3478 3330 3090
3041 3637 3029 3175
3288 3545 3097 2967
2874 3793 2941 3054
2966 3373 3279 3274
2961 3414 3209 3316
3110 3263 3210 3329
3085 3434 3122 3258
3266 3588 2875 3067
3264 3546 3005 3100
3137 3293 3335 3149
2972 3776 3093 2930
3116 3190 3136 3369
2981 3218 3347 3279
3116 3248 2955 3380
3293 3451 3122 3011
3018 3242 3344 3299
3366 3372 3064 3078
3358 3484 2956 3047
3224 3599 2980 2997
3112 3302 3216 3287
2988 3593 3147 3133
2985 3384 3259 3324
3388 3296 3087 2955
2990 3723 3082 3049
3076 3677 3072 3095
3076 3282 3340 3226
3380 3388 3068 3059
2886 3551 3323 3101
3310 3351 3201 3061
2955 3601 3206 3169
3141 3260 3352 3210
2977 3662 3191 3019
2893 3583 3244 3136
3051 3328 3366 3186
3329 3375 3111 3092
2876 3584 3221 3128
3001 3770 3035 3023
3185 3470 2862 3297
2980 3350 3268 3292
3086 3369 3103 3375
2937 3299 3283 3296
3080 3231 3260 3313
2985 3353 3287 3266
3215 3603 3041 3090
3263 3459 3024 3132
3079 3446 3274 3170
2968 3276 3255 3355
3240 3164 3244 3194
3140 3552 3215 2975
3193 3658 2937 3054
2948 3336 3382 3209
3242 3467 3003 3191
3122 3738 3011 2900
3374 3383 2998 3079
2905 3495 3043 3354
3221 3527 3145 3000
3144 3347 3309 3147
3025 3522 3170 3248
3054 3679 3171 2987
3038 3452 3150 3338
3206 3292 2879 3318
2912 3349 3303 3317
2982 3378 3220 3349
3233 3613 2899 3076
3035 3274 3332 3249
3016 3307 3390 3164
2960 3248 3411 3208
3033 3456 3190 3242
3053 3365 3320 3201
3290 3133 3151 3188
3285 3378 3218 3070
3278 3430 3075 3184
3124 3542 3195 3022
3056 3363 3193 3320
2925 3491 3270 3154
3022 3492 3299 3143
2949 3475 3247 3253
3121 3691 3094 2952
3034 3709 3069 3016
2993 3482 3228 3268
3171 3204 3286 3222
3111 3437 3269 3179
3351 3374 3160 3063
3388 3271 3081 3017
3360 3420 2990 3053
3257 3439 3200 3105
2921 3672 3101 3192
2911 3694 3109 3115
3157 3537 3217 3099
3013 3652 3141 3081
3065 3269 3265 3308
3038 3417 3163 3331
3036 3375 3177 3321
3027 3689 3071 3146
3370 3280 3080 3072
3191 3673 2943 3048
3074 3339 3353 3103
3067 3307 3412 3124
3280 3531 3050 3086
3026 3503 3185 3302
3086 3729 3048 3034
3131 3337 3369 3083
3074 3742 3035 2999
3145 3415 3192 3202
2992 3699 3198 2951
2981 3429 3277 3276
3143 3187 3344 3175
2967 3735 3139 3010
3318 3525 2908 3173
3156 3616 3022 3107
3010 3373 3385 3190
3189 3570 3066 3098
2996 3271 3334 3261
3122 3334 3399 3086
3377 3431 2890 3112
3315 3316 3227 3039
3165 3427 3281 3145
2946 3776 3094 2954
2930 3385 3280 3351
3084 3666 3086 3096
3178 3354 3236 3197
3135 3628 3015 3037
3023 3640 3104 3108
2971 3700 3107 3032
3146 3657 3145 2890
2950 3285 3260 3310
3158 3316 3305 3162
2989 3403 3362 3127
3129 3371 3196 3235
3121 3254 3251 3245
3108 3331 3242 3269
3053 3706 3070 3026
3017 3200 3359 3254
2970 3541 3224 3251
3133 3683 2986 3008
3071 3226 3384 3217
2908 3577 3114 3223
3168 3574 3056 3094
3307 3432 3061 3135
3296 3389 3207 3178
2923 3529 3235 3230
3297 3460 3121 3087
3269 3320 3232 3139
3245 3366 3172 3200
3229 3451 3255 3018
3355 3277 3034 3149
3231 3523 3166 3100
3088 3348 3307 3215
3081 3576 3144 3160
3239 3444 3165 3144
3176 3465 3211 3083
3090 3368 3293 3156
2927 3664 3135 3163
3019 3750 3089 3004
3011 3178 3365 3262
2982 3608 3223 2990
3153 3515 3205 3125
3118 3287 3284 3220
3000 3268 3321 3297
2994 3718 3073 3047
3344 3353 3206 3034
3339 3355 3141 3085
3255 3423 3105 3161
3174 3409 3280 3191
3163 3471 3210 3135
3291 3480 3151 3123
3187 3543 3134 3069
2919 3509 3216 3256
2895 3738 3148 3082
3125 3256 3228 3298
3137 3318 3376 3109
3128 3415 3134 3346
3242 3395 3223 3156
3220 3202 3272 3192
3040 3623 3103 3083
2991 3748 3105 3027
2968 3674 3080 3094
2947 3704 3099 3076
2926 3655 3118 3211
3058 3637 3121 3044
2992 3431 3197 3283
3089 3643 3088 3078
3073 3321 3322 3204
2993 3389 3250 3260
3149 3285 3288 3244
2931 3388 3312 3252
2934 3619 3200 3084
3218 3662 2878 3010
3069 3362 3324 3198
3052 3309 3374 3152
3010 3416 3315 3199
2999 3278 3397 3176
3075 3387 3372 3082
3054 3264 3393 3155
2970 3321 3231 3348
3195 3477 3067 3166
2954 3432 3266 3243
3170 3443 3268 3089
3063 3303 3292 3270
3194 3545 3157 3041
3142 3338 3238 3216
3078 3567 3188 3031
3034 3592 3130 3073
2967 3344 3363 3238
3332 3504 2923 3074
3149 3550 3152 3080
3146 3441 3295 3031
3102 3269 3310 3214
2948 3317 3345 3239
3095 3457 3182 3232
3146 3580 3084 3082
3325 3431 3054 3084
3377 3350 3069 3111
3258 3414 3110 3233
3253 3495 3091 3102
3242 3479 3154 3055
2916 3310 3262 3353
3155 3311 3200 3246
3332 3498 3076 3049
3286 3426 3092 3177
3113 3529 3243 2998
3050 3275 3267 3352
3273 3468 3173 3051
3251 3390 3112 3194
3250 3433 3031 3215
3247 3441 3212 3033
3232 3560 3053 3090
3166 3553 3102 3199
3126 3406 3176 3214
3120 3526 3261 3069
3101 3579 3168 3033
3083 3422 3308 3180
3245 3494 3113 3035
3109 3566 3151 3104
3005 3609 3202 3012
3095 3359 3297 3154
3061 3454 3273 3161
3334 3360 3100 3122
3322 3360 3139 3115
3362 3200 3142 3091
3316 3428 3098 3068
3270 3404 3239 3052
3238 3402 3258 3113
3200 3557 3050 3120
2909 3720 3115 3118
3222 3505 3044 3184
3248 3399 3246 3076
3210 3412 3198 3125
3196 3382 3184 3210
3015 3621 3099 3178
3080 3659 3128 3024
3178 3511 3275 3053
3162 3473 3209 3151
3119 3539 3129 3118
3049 3462 3258 3162
3000 3611 3202 3071
3133 3630 3035 3002
3052 3379 3237 3289
3218 3409 3264 3167
3089 3421 3350 3085
3106 3686 3139 2975
3154 3432 3233 3133
3051 3503 3159 3294
3143 3497 3241 3066
3095 3525 3181 3121
3061 3308 3306 3272
3047 3680 3079 3056
3171 3443 3253 3116
3096 3415 3313 3144
3085 3616 3036 3181
3082 3374 3342 3157
3045 3487 3337 3087
2972 3369 3348 3205
3085 3598 3131 3065
3227 3333 3210 3231
3198 3496 3161 3119
3185 3570 3087 3075
3159 3583 3047 3126
3147 3410 3193 3211
3055 3383 3220 3234
3047 3502 3174 3150
3020 3310 3301 3263
3117 3663 3047 3042
3197 3410 3294 3051
3184 3417 3074 3239
3105 3496 3058 3225
3102 3416 3256 3183
3072 3580 3117 3195
3042 3423 3229 3242
2936 3577 3150 3206
3181 3490 3207 3097
3082 3411 3201 3288
3071 3386 3267 3229
2999 3627 3161 3038
2996 3361 3292 3255
3064 3586 3059 3154
3131 3613 3078 3058
3109 3314 3252 3236
3107 3547 3167 3125
3079 3561 3179 3052
3073 3484 3249 3113
3060 3569 3061 3230
3052 3586 3277 3070
3044 3595 3021 3227
3031 3682 3155 3071
3024 3614 3085 3250
3013 3333 3344 3182
2950 3591 3140 3184
3152 3460 3171 3153
3313 3398 3180 3096
3301 3409 3089 3138
3150 3507 3233 3059
3003 3447 3248 3198
3252 3487 3054 3163
3240 3516 3088 3116
3214 3405 3171 3176
3213 3419 3185 3109
3192 3280 3248 3183
3180 3501 3129 3129
3115 3500 3260 3074
3059 3590 3160 3096
3211 3469 3194 3152
3021 3589 3199 3084
3159 3295 3228 3225
3118 3489 3232 3208
3117 3559 3159 3062
3108 3638 3118 3046
3065 3617 3091 3117
3017 3653 3136 3158
2936 3702 3100 3122
3110 3393 3283 3151
3299 3486 3089 3101
3143 3449 3257 3125
3029 3521 3191 3114
3191 3517 3197 3092
3099 3253 3268 3250
3211 3398 3175 3240
3111 3557 3240 3025
3104 3596 3098 3117
3209 3459 3225 3091
3075 3497 3182 3224
3049 3477 3235 3187
3019 3318 3243 3256
3127 3595 3097 3129
3119 3253 3300 3221
3067 3470 3291 3146
3012 3366 3339 3168
2978 3557 3162 3177
3080 3647 3119 3046
3069 3601 3191 3057
