29106 960.243
29726 25310 24587
29645 25546 23873
28747 23995 27155
26380 28328 25419
26234 24916 28627
25052 26919 27651
29668 25501 23940
29333 26485 24080
25213 27188 27450
25101 26923 27612
26388 28259 25135
25268 26979 27549
29703 25374 24345
25534 27796 26726
29090 24250 26316
27568 27777 24924
26269 25882 28256
25336 26936 27610
26025 27882 26548
29596 25622 24775
26572 24981 28496
25342 26920 27539
27799 27705 24493
25654 25396 28588
29430 26273 24162
25990 25779 28475
25892 28119 25800
28095 27372 24689
26689 28213 25314
26427 28148 25769
25410 26552 27846
28463 27189 24526
26710 28196 25456
28080 26945 25874
26504 28082 25755
26531 24850 28519
27877 24368 28032
25931 27423 26919
26200 27970 26397
26587 28168 25633
26342 24876 28608
29572 25593 24901
26221 25407 28463
29460 26260 24116
27124 27591 26130
27978 24135 27906
28900 26835 24464
28157 25296 27064
28126 26212 26566
28810 25323 26469
27778 26184 26906
28924 26511 25003
29484 26076 24220
27850 25734 27407
26726 27349 26706
28886 26823 24638
25788 26057 28240
26989 27949 25515
26915 28135 25352
29632 25769 24761
29150 26756 24302
29137 26634 24320
26157 25534 28402
29471 26221 24205
27265 25700 27681
27717 27439 25697
28003 27464 25338
29618 25478 24967
28718 27106 24615
28401 24206 27490
25569 27452 27035
26615 27124 26821
28404 25659 26661
27947 26897 25899
25838 27480 26965
26418 25678 28372
27147 28053 25196
28836 24301 26793
28048 27486 25170
29252 26553 24123
26227 25009 28572
25947 25561 28555
26551 28209 25535
27131 27537 26352
29372 26334 24469
27064 24765 28285
29569 24587 25106
27157 27925 24973
26122 27675 26620
29032 25183 25989
28741 24424 27054
26856 27917 25728
27476 25202 27641
29491 24811 25218
27698 26570 26379
28238 26908 25293
27700 27610 25552
28368 27332 24666
29428 26132 24272
26905 25488 28107
26253 27276 27085
25418 27387 27116
26470 27748 26151
26322 27693 26594
26443 27830 26401
29346 25434 25433
26736 27941 25794
27905 27234 25656
27585 27645 25568
29062 24267 26576
26294 25977 28167
28784 24046 27041
28730 24151 27173
25510 27225 27262
27603 24685 28046
28497 24079 27370
28953 24187 26732
25971 27408 26986
27002 25694 27765
27834 27570 25458
28969 24337 26719
29285 26126 25052
28037 26334 26439
29322 26325 24571
29656 25237 24824
27367 24704 28249
27248 27747 26017
26185 27817 26467
28819 24104 26949
26953 25510 27987
28986 26802 24557
29203 25608 25604
25602 26605 27825
28966 25420 26036
26942 25249 28292
27034 28089 25103
28386 24023 27569
26461 26599 27281
29558 25999 24598
26332 28062 25829
26635 26592 27263
29177 25896 25091
29076 25710 25417
25455 26495 27950
26139 26024 28120
27202 24780 28212
28204 24279 27709
28261 24370 27699
28291 24753 27567
28295 26551 25870
25819 26664 27773
25476 26466 28012
26314 25807 28271
29213 25275 25938
28332 27204 24876
28315 26302 26490
28638 27120 24808
27034 25150 28204
28429 27263 24404
29676 25140 24925
27229 27271 26162
27290 27557 25957
26069 26251 28042
27808 26458 26639
28578 26977 24861
28685 25586 26183
27761 27083 26201
28879 24012 26843
26673 27849 25856
28482 27166 24551
29280 25630 25358
25868 26963 27521
26966 24575 28422
26971 27630 26230
28563 25746 26417
27690 26792 26581
28272 26746 25842
29100 25848 25379
25510 27905 26514
29132 26370 24874
29532 26034 24182
26052 25468 28542
26092 28043 26057
29443 26130 24238
26846 24862 28403
26932 27498 26580
25437 27288 27328
25638 27999 26265
27442 25984 27361
28344 25050 27142
26374 27983 26094
28419 24612 27381
27670 27394 25885
28846 25948 26024
27925 25171 27637
28560 24161 27349
28538 24666 26997
27496 24088 28152
28248 25035 27296
26742 24829 28445
29104 24670 26276
25579 26110 28219
26142 25748 28356
25978 27996 26071
25799 27330 27106
25902 27311 27209
26816 25105 28391
26879 25927 27484
29505 25563 25149
25616 27450 27013
28867 24100 26885
28142 27074 25160
27186 25452 27797
25663 26765 27758
28497 27147 24427
27099 27854 25592
29271 24449 26120
27672 26867 26289
27410 24302 28195
25724 27554 26951
27538 27860 25278
28556 26282 25680
29166 25669 25563
26428 27522 26893
27753 26523 26298
26076 25965 28333
29174 26148 25118
26516 27173 27030
27525 27635 25895
25476 26860 27778
28314 24635 27319
27053 27548 26216
27285 27304 26116
28694 25837 26079
26702 28009 25807
27743 24869 27665
26107 26534 27778
27327 25446 27842
28825 26703 25230
25754 27316 27226
28992 26612 24942
26802 28020 25594
29451 26113 24745
26036 26616 27762
29516 24896 25170
26055 27726 26689
27420 27656 25478
27840 27528 25469
27921 26163 26626
25780 27151 27441
29042 26019 25689
28503 24051 27473
26721 27733 26044
26822 25796 27963
29406 26164 24284
28357 27219 24733
26189 26293 27975
28599 25138 26853
29234 26462 24726
28621 24144 27316
26507 25790 28137
28220 25229 27134
25844 26424 27847
28660 25133 26804
29278 25823 25081
28547 25957 26330
28215 24620 27690
26665 27717 26534
28346 25377 26688
26246 27622 26671
27297 27255 26237
27386 25029 28013
25698 27033 27516
26762 28036 25577
27613 27151 26252
27075 28028 25325
26774 27041 26862
28186 26969 25310
26645 26412 27582
28707 25571 26526
29329 25985 25033
28648 26474 25624
29145 26195 25245
27335 24950 28208
29222 26314 24894
28130 26992 25487
27820 26381 26868
26650 25112 28472
27961 25100 27603
27855 26238 26758
29302 26387 24359
29194 26225 25009
28201 24786 27548
28519 24498 27361
28447 26982 24935
25775 27447 27022
29393 25720 24835
28658 26814 25439
28137 27047 25268
29400 24882 25718
28173 27368 24841
26360 27360 27001
28377 25019 27003
26749 25913 27857
27393 27182 26522
29225 26603 24250
25739 27134 27481
25962 27013 27381
28702 24437 27047
28400 24327 27554
27428 24967 28158
29111 25491 25670
27515 24738 28098
26910 25153 28312
28699 24525 27127
27996 26014 26940
25711 27836 26622
28436 26732 25642
28011 24645 27712
28423 26150 26172
29167 26581 24675
28233 25288 26973
27733 27003 26249
28562 25252 26780
26083 26918 27503
26796 25864 27488
26147 27005 27345
28090 25089 27244
28478 26040 26340
29381 25812 25070
28673 26783 25163
27240 25555 27742
29326 24716 25926
27479 24842 28056
28625 24534 27152
28931 26690 24710
27354 26657 26814
27928 27620 25156
29308 26352 24177
28492 25727 26508
26638 26090 27597
26591 27081 26925
27345 25124 28022
27073 27807 25612
27610 27056 26609
28467 26722 25571
29200 24927 26088
28179 24196 27752
28501 24540 27190
26127 26361 27980
27628 24958 27878
28785 24405 26819
26647 25687 28076
26685 24744 28536
26580 27864 26002
26383 26399 27656
27953 24485 27884
29405 26339 24376
27652 27509 25976
29005 26066 25505
29088 25123 26192
28762 26929 25076
25875 27053 27460
27563 24818 27923
29415 25516 25254
26392 25904 28179
29514 26069 24185
28892 26854 24391
27213 27834 25494
29250 25079 25996
26402 26629 27624
29114 26648 24887
27552 25460 27592
25635 27369 27233
28193 27252 25130
25754 26437 27787
28330 26499 25971
29297 26439 24623
28589 24398 27205
26832 24887 28361
28528 25274 26835
29019 25933 25836
28454 26768 25523
28594 24650 27187
27796 26043 27207
28947 24390 26729
28366 26679 25818
27171 26565 27248
27563 24694 28067
29260 25988 25068
29314 26348 24383
27120 25788 27621
29416 26119 24814
27288 25357 27941
25805 26738 27735
26835 26878 26760
27492 25058 27791
28917 25764 26076
26544 28060 25984
27313 25862 27613
28398 24472 27401
27054 25506 27897
27092 27874 25398
26100 27240 27095
28086 24459 27806
25685 26379 28091
27543 26810 26652
25685 27716 26776
27082 24466 28430
27048 25443 27911
27656 24936 27746
29230 26388 24852
26397 27899 26105
27558 27660 25363
28825 26743 24797
28026 24733 27604
27041 25105 28310
27659 25214 27585
28794 24312 26927
27629 25525 27571
27650 25072 27717
26493 27284 26753
28413 25350 26831
29548 25434 25131
29009 26303 25013
28459 24554 27399
28863 26688 24786
29262 25704 25401
27896 25072 27654
28946 26478 24959
29012 26650 24707
28859 26451 25616
27178 27424 26531
28860 24990 26508
26962 27931 25722
28761 24514 27019
27719 27145 25917
28246 24806 27485
27171 26236 27461
28956 24832 26456
26487 25338 28424
27990 24312 27811
29056 25900 25498
28367 27017 25186
27505 26607 26980
27351 26174 27210
26876 27297 26591
26505 26207 27938
27826 26000 26941
27133 26645 26836
28482 24510 27392
26364 27974 26154
27433 25968 27472
27642 25521 27497
25699 26882 27618
27949 27024 25580
26486 27890 25997
28254 25303 26845
26861 27240 26607
28679 25800 26320
26676 26851 27222
28852 26180 25645
26870 26712 26759
26247 27142 27311
27390 26099 27322
28324 24906 27286
28942 25231 26145
28212 26933 25390
26782 25858 27873
26683 27096 26747
28912 24721 26654
28353 24485 27527
28935 25346 26049
29458 25205 25368
27483 24561 28157
27487 27098 26450
27645 25012 27731
25854 26670 27618
27153 25283 28171
28907 26531 25241
27725 24911 27858
29008 26750 24420
28795 24349 26776
28943 26776 24627
27749 27091 25809
28511 24702 26889
28363 24823 27179
27982 24904 27533
25452 27135 27478
27410 25213 27868
28524 25911 26412
26995 25722 27821
29007 24351 26463
26860 24849 28325
26406 26843 27485
25432 27255 27356
28589 26577 25546
26304 25960 27978
26577 25857 28090
27087 27896 25427
