62058 1080.16
9216 8371 8305
8638 8146 8825
8416 8223 8869
8302 9140 8161
8209 8920 8514
8274 8946 8487
8432 9080 8276
8579 8179 8839
9091 8589 8221
9143 8495 8252
8459 9077 8182
8576 9037 8171
8336 9053 8324
8502 9070 8201
8655 8965 8193
9180 8355 8345
9201 8428 8334
9062 8207 8481
8510 8236 8846
8282 9010 8381
8492 8251 8857
8639 8976 8210
9205 8323 8351
8968 8263 8603
8347 8923 8471
8563 9062 8270
8468 8355 8858
8755 8309 8738
8301 8919 8489
8355 8990 8418
9157 8479 8257
8586 8323 8814
8372 8983 8416
9004 8695 8329
8310 9006 8383
9142 8487 8262
8566 9048 8216
8378 8943 8465
8391 8927 8468
8447 8731 8649
8515 8932 8462
8320 8963 8425
9115 8226 8456
8488 8649 8733
9095 8545 8404
9169 8353 8355
8536 8221 8842
8568 8842 8587
9047 8276 8487
8765 8857 8376
8794 8283 8755
8521 8572 8783
9162 8368 8351
8758 8292 8751
8852 8877 8282
9071 8597 8307
8891 8850 8344
8573 8333 8816
8958 8565 8489
9117 8360 8439
9083 8369 8476
8867 8812 8354
9110 8562 8277
8406 8829 8604
8389 8880 8587
8426 8806 8597
8496 8376 8851
8454 8894 8522
8837 8800 8434
8594 8791 8607
8374 8950 8469
8424 8969 8421
8577 8212 8844
8774 8469 8737
8428 8935 8454
8603 8407 8804
9167 8466 8215
8442 8960 8444
8473 8462 8840
8688 8785 8530
8723 8623 8681
8821 8255 8704
8462 8485 8819
9017 8271 8541
8314 9023 8339
8359 8585 8838
8434 8775 8608
8830 8526 8652
8664 8746 8628
9061 8612 8341
9041 8512 8437
8726 8954 8335
8471 8823 8590
8863 8891 8267
8769 8502 8692
8538 8945 8396
8824 8831 8398
8580 8635 8727
8524 8721 8670
8543 8901 8445
8702 8341 8809
8934 8508 8537
8749 8832 8439
8317 8895 8513
9034 8281 8482
8400 8912 8507
8851 8703 8480
8543 9042 8285
8463 8552 8809
8523 9027 8297
8574 8303 8828
9155 8379 8372
8874 8556 8598
9096 8398 8429
9000 8672 8390
8753 8393 8766
8898 8434 8660
8915 8764 8321
8431 9032 8298
8711 8906 8360
9075 8413 8422
8441 9015 8378
8843 8510 8656
9120 8538 8303
8892 8529 8621
8987 8301 8573
8856 8793 8362
8642 8574 8759
8600 8940 8392
9135 8521 8290
8799 8537 8663
8560 8986 8387
9023 8339 8512
8363 9042 8315
8615 8414 8785
8980 8664 8409
8399 8880 8579
8739 8548 8703
8792 8675 8577
8779 8881 8315
8525 8436 8833
8577 8997 8373
8481 8414 8854
8989 8232 8554
8706 8439 8774
9088 8294 8462
9104 8582 8381
8822 8861 8357
8631 8993 8295
8742 8664 8629
9034 8657 8348
8946 8590 8443
8910 8583 8526
8713 8427 8750
8687 8882 8519
8505 8720 8674
8921 8687 8459
9051 8635 8351
8911 8742 8337
8919 8475 8589
8408 9018 8342
8727 8346 8779
8620 9021 8273
8623 8387 8788
8644 8513 8754
8561 8774 8612
8544 8542 8794
8970 8480 8549
8881 8777 8421
8790 8698 8618
9134 8335 8383
9015 8690 8343
8527 9014 8299
8671 8555 8723
8419 8776 8633
8791 8567 8676
8825 8816 8435
8713 8505 8712
8875 8564 8567
8679 8423 8778
8632 8458 8761
8738 8718 8555
8581 8468 8776
8992 8446 8498
8522 8594 8763
9105 8527 8325
9068 8422 8430
9008 8528 8449
8930 8608 8503
8751 8654 8619
8745 8846 8476
8635 8972 8378
9031 8425 8486
8609 8442 8790
8497 8940 8416
8547 8918 8427
8432 8651 8722
8900 8518 8615
8622 8377 8797
8864 8476 8636
8850 8512 8640
8942 8760 8312
8909 8771 8270
9027 8660 8324
8888 8676 8465
8884 8680 8559
8777 8819 8422
8925 8523 8554
8482 8421 8839
9138 8351 8376
8364 8800 8618
8364 8498 8826
8942 8620 8493
8881 8533 8565
8756 8888 8299
8604 8668 8688
8508 9009 8302
8994 8476 8491
8986 8543 8508
8812 8709 8535
8710 8711 8642
8672 8483 8723
8430 8749 8655
8984 8496 8522
8949 8759 8294
8676 8397 8786
8617 8886 8459
9009 8298 8539
8719 8565 8700
8734 8666 8658
8783 8715 8542
8525 8300 8834
8818 8399 8705
8815 8376 8709
8650 8506 8746
8698 8681 8645
8551 8892 8444
9130 8211 8459
8968 8384 8558
9002 8644 8397
8953 8459 8559
8795 8871 8287
8726 8869 8371
8508 8532 8802
8503 8946 8410
8803 8619 8586
8716 8726 8566
8658 8346 8790
8541 8463 8799
9065 8507 8463
9013 8630 8370
8903 8602 8525
8765 8510 8695
8685 8495 8713
8684 8497 8718
8918 8609 8511
8827 8527 8671
8690 8799 8485
8682 8588 8716
8659 8937 8405
8898 8765 8340
8792 8756 8456
8701 8794 8515
8782 8736 8498
8727 8867 8385
8600 8799 8571
8554 8351 8817
8625 8373 8792
8662 8863 8563
8650 8750 8617
8412 8732 8663
8943 8626 8461
8530 8772 8631
9148 8384 8373
8694 8732 8602
8320 8937 8473
9079 8588 8287
8811 8609 8592
9151 8323 8380
8688 8612 8684
8581 8298 8828
8696 8480 8740
8835 8726 8456
9030 8234 8488
8984 8558 8515
8816 8418 8679
8771 8604 8636
8689 8925 8368
8479 8617 8744
9070 8595 8366
8939 8436 8616
8635 8343 8793
8627 8441 8774
8470 8615 8768
8797 8608 8606
8861 8594 8582
8819 8562 8625
8762 8589 8647
8750 8762 8553
8675 8760 8611
8645 8629 8726
8902 8476 8595
9118 8390 8408
8700 8915 8423
9029 8272 8497
8806 8433 8737
8789 8600 8632
8532 8429 8815
8879 8864 8340
8773 8813 8449
8717 8902 8345
8619 8410 8779
8607 8996 8298
9123 8357 8424
8931 8706 8351
8590 8656 8689
8730 8371 8775
8893 8528 8553
8839 8561 8586
8611 8451 8784
8479 8561 8799
8998 8493 8466
8998 8492 8474
8754 8938 8313
8743 8490 8710
9068 8552 8387
9003 8396 8531
8708 8572 8698
9150 8485 8275
9062 8639 8271
9025 8560 8448
8855 8449 8677
8748 8630 8634
8800 8752 8487
8692 8404 8775
8502 8419 8838
8849 8747 8423
8765 8811 8470
8904 8580 8547
8852 8730 8428
8850 8632 8572
9157 8375 8367
8999 8489 8464
8993 8628 8438
8912 8712 8437
8900 8637 8505
8427 8918 8495
9129 8356 8382
9124 8452 8360
8947 8734 8337
8905 8818 8323
8828 8597 8620
8780 8482 8696
8556 8450 8798
8530 8666 8700
8832 8581 8588
8409 8902 8497
8554 8704 8686
9029 8644 8365
8820 8649 8570
8532 8467 8813
9144 8466 8292
8727 8785 8482
8638 8723 8644
9145 8445 8322
9118 8454 8369
8761 8606 8655
8646 8577 8722
8578 8873 8549
9019 8673 8339
8763 8875 8359
8597 8974 8302
8596 8758 8617
9079 8408 8423
8558 8400 8815
9108 8467 8412
8458 8586 8784
8973 8630 8424
8788 8630 8628
8487 8946 8412
8855 8560 8600
8851 8611 8580
8850 8456 8662
8817 8592 8627
8783 8708 8557
8535 8975 8408
8621 8466 8772
8566 8891 8546
8573 8911 8425
9131 8403 8355
8976 8689 8381
8951 8548 8534
8732 8883 8360
8937 8666 8408
8927 8615 8495
8930 8714 8419
8914 8447 8605
8757 8554 8690
8697 8739 8563
8831 8379 8697
8807 8576 8645
8708 8963 8350
8695 8456 8760
8630 8343 8803
8568 8523 8792
8996 8648 8413
8990 8465 8492
8944 8657 8411
8930 8506 8548
8908 8507 8584
8814 8575 8657
8914 8562 8517
9126 8536 8321
8771 8647 8632
8588 8516 8771
8505 8625 8738
9020 8636 8369
8886 8521 8633
8859 8817 8359
8805 8449 8689
8801 8587 8656
8628 8515 8767
8566 8299 8838
8954 8629 8425
8946 8648 8414
8916 8465 8593
8597 8610 8743
8913 8562 8534
8534 8485 8801
8659 8640 8700
8997 8541 8482
8471 8845 8567
8722 8401 8743
9050 8602 8422
8783 8775 8482
9005 8687 8377
8908 8762 8385
8904 8631 8505
8821 8639 8562
8697 8650 8679
8685 8486 8717
8590 8481 8769
8400 8668 8745
9146 8418 8348
8861 8811 8358
8606 8894 8426
8533 8422 8818
8858 8548 8599
8905 8519 8579
8757 8885 8297
8754 8297 8743
8746 8395 8767
8630 8921 8419
8623 8295 8813
8535 8386 8817
8426 8891 8567
9126 8409 8384
8778 8761 8513
8769 8876 8322
8760 8283 8770
8743 8592 8691
8647 8965 8341
8589 8464 8775
8555 8566 8771
9006 8581 8444
8940 8575 8508
8674 8567 8718
8808 8588 8644
8587 9006 8298
8882 8747 8387
8641 8659 8663
8878 8708 8465
9020 8451 8495
9005 8585 8455
8820 8610 8584
8759 8612 8643
8683 8800 8540
8820 8645 8571
8638 8717 8670
9105 8333 8448
8722 8887 8355
9147 8399 8343
9024 8475 8481
8887 8586 8531
8799 8452 8691
8746 8515 8692
8605 8480 8770
9127 8355 8384
8976 8452 8534
8648 8765 8604
8914 8506 8561
8821 8551 8636
8817 8739 8444
8620 8359 8813
8916 8734 8341
8823 8705 8553
8700 8719 8571
8680 8658 8663
8992 8658 8391
8954 8371 8625
