69604 1860.35
19750 17719
17207 20156
19730 17788
17248 20143
19732 17742
17263 20139
17297 20128
17292 20134
17640 20017
19728 17812
17332 20127
17514 20071
17489 20074
19736 17738
17416 20099
17662 20015
19675 17963
17977 19863
17389 20100
19676 17941
17965 19870
19574 18209
19537 18292
18978 19092
18821 19249
18833 19244
19555 18252
19549 18265
19364 18596
19088 18961
17990 19858
17626 20024
18169 19754
18628 19432
17820 19942
17745 19975
19653 18018
19602 18145
19564 18223
19531 18303
18602 19445
18819 19261
18966 19098
17670 20007
17891 19907
17876 19910
17736 19979
19715 17832
19563 18241
18722 19348
18233 19714
18613 19436
18034 19828
19694 17899
19584 18179
19714 17849
19252 18757
19315 18665
19356 18603
19079 18970
18881 19191
18874 19199
18141 19769
17570 20044
19633 18070
19368 18585
19150 18888
19576 18194
18761 19309
18730 19340
17520 20062
18597 19456
18025 19834
17949 19877
17349 20121
17928 19891
17620 20027
17599 20035
17370 20109
17584 20038
19468 18414
19672 17975
19569 18219
19254 18746
19310 18674
19717 17818
18515 19520
17937 19881
18806 19262
17915 19892
17457 20084
17558 20045
19650 18034
19628 18080
19153 18878
19655 18011
19583 18193
19521 18325
18858 19211
18796 19275
19510 18337
19514 18329
18755 19316
18917 19152
18178 19749
18283 19681
18257 19697
17351 20113
17910 19897
18693 19369
18655 19405
18160 19760
17953 19872
17724 19982
17464 20079
17335 20122
18311 19660
17803 19943
17363 20112
19701 17873
19599 18162
19661 18003
19643 18052
19321 18659
19005 19055
19229 18785
18838 19235
18647 19409
19451 18444
18663 19402
18358 19628
18337 19646
18925 19149
18012 19842
17757 19971
18506 19526
18263 19692
18249 19701
17608 20031
17446 20085
19522 18314
19380 18565
19705 17858
19682 17930
19644 18041
18857 19222
19104 18945
19412 18510
19349 18616
19245 18763
19208 18808
19165 18871
19145 18895
19140 18899
19135 18906
19001 19064
19093 18954
18778 19292
18766 19302
18717 19354
18387 19609
18018 19837
18372 19622
18069 19814
18059 19815
19619 18104
19541 18282
19429 18483
19431 18474
19425 18488
19352 18610
19107 18938
19054 19001
19491 18370
19398 18531
19327 18647
19524 18307
19496 18365
19436 18470
18886 19185
18577 19473
19069 18987
19049 19006
18686 19373
19099 18951
18610 19441
18084 19803
18986 19074
18893 19175
18396 19606
18275 19685
18150 19763
18052 19818
17525 20057
18709 19356
18450 19564
18329 19650
18320 19658
17549 20047
18366 19623
18005 19846
17707 19992
17579 20040
17382 20106
17866 19917
17856 19920
17830 19934
17792 19950
17765 19962
19700 17886
19703 17867
19607 18134
19485 18381
19389 18549
19608 18124
19698 17889
19484 18392
19331 18639
19267 18732
19041 19016
19024 19033
18791 19287
19543 18270
19464 18425
19417 18506
19167 18861
19073 18978
19020 19042
19558 18244
19223 18792
19192 18837
18667 19395
19185 18844
18954 19113
17933 19885
19590 18171
19124 18913
18913 19160
18733 19334
18302 19663
18240 19708
18702 19366
18644 19416
18445 19569
18380 19616
18288 19675
18189 19741
18181 19743
17426 20096
19157 18872
18271 19689
17713 19989
17678 20003
18294 19673
18098 19794
17782 19956
18223 19718
18133 19772
18108 19787
17900 19900
17475 20075
19635 18062
19459 18435
19323 18651
19280 18714
18930 19143
19626 18086
19445 18450
19338 18632
19038 19024
18962 19104
18633 19427
19637 18056
19471 18408
19408 18518
19378 18572
19044 19011
18301 19669
17997 19853
19709 17852
19598 18163
19304 18678
19232 18779
18907 19161
18415 19594
18341 19640
18192 19735
17824 19935
19130 18910
18524 19514
18501 19528
17802 19947
17719 19985
18790 19288
18043 19825
17532 20054
17439 20088
19502 18354
19681 17936
19500 18359
19488 18377
19403 18526
19390 18540
19277 18720
19612 18120
18890 19180
18802 19268
18704 19361
18530 19508
18481 19546
19457 18440
19395 18538
18959 19109
18495 19533
17758 19966
19215 18802
18992 19071
18867 19203
18865 19207
18477 19551
18324 19653
18843 19232
18740 19331
18460 19559
18354 19633
18104 19790
17871 19915
17846 19923
19262 18743
18936 19133
18902 19172
18774 19301
18559 19485
19034 19027
18468 19555
17689 19999
19716 17824
19663 17989
19662 17996
19604 18139
19265 18740
18904 19169
19687 17921
19422 18496
19383 18556
19201 18821
18931 19137
19238 18776
19174 18852
19172 18859
18750 19321
18124 19778
19343 18622
18995 19066
18672 19386
18439 19572
18399 19601
18243 19705
18047 19823
17895 19901
19026 19029
17787 19952
17545 20052
19063 18988
18550 19487
18205 19727
18118 19785
18074 19806
17839 19930
17699 19995
18091 19796
19620 18094
18979 19080
19296 18693
19283 18708
19692 17911
19688 17920
19461 18426
19440 18463
19419 18498
19340 18623
19297 18684
18943 19127
19505 18343
19476 18404
19116 18927
18950 19119
18947 19121
18432 19579
19666 17978
18848 19228
17998 19848
18851 19225
18589 19460
18581 19464
18571 19477
18561 19481
18519 19515
18127 19774
18458 19562
18409 19598
17682 20000
17474 20078
17432 20089
17539 20053
19693 17910
19542 18277
19664 17982
19504 18346
19618 18112
19444 18455
19371 18578
19120 18919
18671 19391
19621 18091
19615 18114
19588 18172
19221 18796
19076 18975
18484 19541
19479 18394
19333 18634
19271 18727
19009 19050
18743 19327
18436 19576
18383 19614
18085 19797
17841 19929
19017 19045
18214 19722
19179 18850
18680 19384
18636 19417
18211 19725
17774 19958
18568 19479
17695 19996
19477 18399
18635 19421
19193 18833
19056 18993
18777 19296
18580 19466
19404 18520
18683 19379
18073 19808
19649 18037
19386 18555
19274 18725
19243 18769
19111 18932
18799 19272
18538 19500
18119 19782
17427 20091
19372 18575
19301 18683
18980 19079
18942 19131
18747 19324
17384 20103
19012 19048
18542 19496
18493 19537
18198 19732
18487 19538
18472 19554
18219 19719
17773 19961
17603 20032
18405 19599
18153 19761
17851 19922
19441 18460
19205 18813
19204 18816
19119 18922
18548 19490
19239 18770
19198 18826
19196 18828
19293 18695
19290 18699
19217 18800
19183 18847
18546 19495
18429 19584
18418 19589
19058 18992
18346 19637
18200 19730
18590 19458
18426 19585
18421 19588
18348 19635
19284 18703
18531 19504
18536 19503
19113 18931
