45035 1410.75
3378 3373 3156 3061
3202 3470 3306 2766
3155 3127 2877 3395
3121 3358 2669 3388
3082 3231 2998 3452
2974 3853 2979 3049
2830 3394 3507 3048
2585 3743 3105 3249
3190 3469 2755 3295
3332 3413 2851 3105
3186 3192 2682 3355
2630 3650 3171 3292
3154 3236 3420 2790
2647 3690 3160 3274
3371 3411 2855 3126
2973 3165 3479 3038
3235 3444 3274 2816
2941 3186 3431 3129
3085 3219 2934 3439
3346 3294 3044 3070
2667 3704 3177 3234
2894 3158 3505 3099
2699 3647 3143 3318
2704 3270 3359 3311
2783 3581 2980 3433
2683 3709 3183 3222
3179 3147 3061 3331
3058 3469 2904 3422
3034 3455 3392 2822
3133 3140 3044 3372
3149 3505 3345 2836
2741 3695 3028 3290
2937 3263 3481 3071
2716 3492 3320 3262
2758 3309 3351 3395
3345 3407 2863 3044
2907 3250 3490 3084
3240 3431 3380 2877
3345 3204 2901 3213
3011 3244 3457 3052
3211 3576 2885 3180
2731 3684 3162 3252
2968 3194 3405 3221
3229 3212 2858 3315
3249 3496 3234 2846
2966 3202 3406 3163
2877 3534 3046 3452
3081 3223 3263 3237
3231 3300 3366 2889
2803 3329 3497 3064
2767 3425 3158 3410
3144 3492 3347 2838
3116 3583 3279 2856
3180 3508 3273 2895
3288 3550 3164 2901
2823 3328 3412 3214
3213 3416 3333 2892
3200 3428 2891 3249
2855 3719 2913 3308
2970 3190 3437 3117
3245 3435 3287 2909
3078 3258 3398 3019
2995 3441 3410 2941
2924 3636 2909 3365
3117 3292 3384 3031
2845 3844 3052 3151
2981 3272 3418 3139
3263 3391 3286 2916
3190 3274 2943 3351
3033 3584 2936 3378
3064 3336 3303 3175
3003 3443 3441 2881
3236 3418 3311 2887
2891 3281 3395 3194
2748 3696 3218 3127
3123 3686 3160 2882
2886 3526 3120 3382
2764 3645 2950 3402
2883 3241 3465 3130
3114 3269 2911 3414
3220 3423 3305 2927
3080 3253 3445 2969
2977 3253 3473 3085
2911 3829 3045 3100
3047 3390 3402 2947
3189 3349 3331 2972
3039 3408 2955 3419
2722 3812 3081 3171
2677 3648 3162 3253
3328 3371 3185 3062
2725 3699 3044 3342
3185 3598 3184 2868
3111 3457 2928 3374
3053 3383 2961 3404
2843 3241 3468 3094
2952 3366 3377 3032
3046 3381 3492 3025
3320 3546 3064 3058
3254 3495 3196 2851
2956 3355 3461 3106
2675 3619 3208 3274
3214 3489 3261 2861
3175 3583 2901 3192
3053 3406 3423 2872
2951 3279 3348 3259
3120 3266 3365 3056
2990 3842 2967 2940
2916 3763 2954 3224
3251 3388 2963 3255
2755 3784 2961 3263
2780 3816 3065 3147
3043 3287 3369 3083
3029 3411 3373 3000
3181 3369 3336 3111
3016 3463 3387 2889
3032 3319 3450 3069
3266 3493 3237 2863
3099 3340 3185 3242
3205 3517 3229 2906
3293 3471 3177 2874
3096 3344 3293 3166
2832 3289 3297 3349
3172 3657 2995 2981
3025 3613 3043 3284
3024 3426 3068 3352
2857 3760 3082 3282
3198 3227 3345 3019
2868 3670 3097 3244
2928 3835 2981 3170
3207 3488 3202 2996
3202 3346 3355 2984
3125 3774 2929 3007
3269 3520 3186 2935
2933 3837 3059 3045
3089 3362 3421 2913
3057 3521 2859 3368
3021 3605 2959 3324
2812 3609 3312 3030
2832 3624 2969 3330
2760 3761 3011 3286
3339 3408 3049 3059
2817 3546 3267 3149
2920 3237 3426 3147
2771 3534 3400 3016
3223 3593 2952 3092
2720 3557 3277 3213
2964 3781 3022 3109
3041 3548 3009 3384
2838 3363 3428 3122
3234 3514 3236 2820
2905 3766 2975 3258
3173 3660 3037 2963
3162 3443 3290 3052
2904 3269 3452 3135
3050 3375 3136 3320
3131 3558 3224 2949
2944 3824 3040 3028
2936 3211 3354 3261
3186 3304 3133 3190
3298 3347 3276 2924
3188 3314 3313 3027
2846 3788 3027 3247
3169 3458 2984 3306
3177 3296 3124 3216
3049 3442 2991 3371
2905 3324 3354 3223
2772 3780 3030 3264
3069 3591 3157 3054
2889 3737 3141 3190
3137 3504 2887 3333
3335 3282 3069 3068
3329 3248 3013 3178
2992 3585 3242 2990
2828 3802 3054 3133
3063 3284 3293 3279
3035 3415 3357 2974
3301 3289 3005 3248
2820 3636 3034 3340
3261 3498 3084 3136
3156 3219 3349 3093
2987 3331 3322 3164
3241 3449 3020 3182
3310 3500 3007 3086
3136 3605 2971 3192
2989 3333 3469 3066
2775 3704 3173 3135
2962 3429 3391 3012
3079 3494 3295 2923
2762 3540 3254 3173
2938 3616 3037 3390
3227 3494 2922 3232
3003 3577 2987 3362
3109 3447 3036 3256
2766 3565 3056 3394
2963 3618 3086 3327
3068 3739 3009 2977
3106 3360 3248 3211
2955 3777 3032 3154
3073 3472 3012 3344
3010 3673 3076 3115
2882 3727 3013 3230
2789 3754 3107 3159
3107 3354 3144 3232
2920 3681 3039 3302
2860 3798 3062 3114
2805 3702 3197 3227
3042 3256 3257 3297
2983 3682 2932 3328
2942 3506 3271 3143
2856 3519 3135 3360
2926 3799 3049 3161
2810 3505 3217 3367
2880 3625 3155 3243
3257 3490 3231 2911
2917 3628 3201 3020
2873 3814 3001 3158
2795 3712 3163 3162
3337 3371 2989 3178
3315 3409 3153 3119
2807 3677 3176 3178
2950 3602 3300 2936
3256 3508 3192 2914
2773 3556 3219 3297
3306 3478 2997 3095
2752 3745 3182 3164
3317 3420 3078 3121
2972 3320 3323 3183
2838 3683 2915 3304
3002 3357 3360 3098
2919 3465 3371 3112
3170 3501 2940 3275
3286 3512 3004 3130
2859 3483 3326 3140
2872 3506 3316 3123
3222 3501 3189 2930
3036 3607 3126 3301
3200 3516 3306 2849
3063 3675 3175 3004
2977 3560 3009 3417
3075 3522 3266 3009
2796 3651 3101 3336
2911 3821 3060 3123
2751 3633 3044 3376
3151 3475 3243 2943
3130 3474 2944 3346
3084 3557 2949 3298
2949 3808 3046 3067
2867 3806 3075 3108
2875 3840 3107 3090
3215 3347 3249 2938
3247 3597 3053 3018
2932 3549 3127 3339
3198 3326 3259 3003
2940 3544 3260 3081
3176 3316 3212 3150
2900 3637 2917 3398
2898 3689 3036 3246
3027 3510 3167 3203
2960 3601 3238 2979
2952 3710 3122 3072
2840 3621 3146 3266
3158 3580 3110 3152
3016 3753 3002 3137
3238 3433 2948 3236
3146 3574 3121 3089
3135 3667 2983 2968
2982 3778 2950 3134
2906 3453 3294 3156
3279 3404 3196 3042
2799 3785 3074 3158
2785 3642 3168 3231
3142 3662 2947 2988
3134 3480 3206 3087
3087 3321 3193 3252
2803 3742 3138 3122
2848 3795 3019 3173
3008 3454 3057 3337
3309 3438 3091 3076
3289 3502 2996 3063
2793 3703 3139 3251
3183 3445 3052 3261
2948 3793 3083 3096
3303 3491 3040 3101
3273 3560 3071 2969
2903 3671 3096 3229
2902 3752 2966 3287
3225 3539 3150 2980
3071 3493 3165 3188
3158 3334 3194 3184
2893 3723 3149 3127
2790 3524 3285 3217
2787 3706 3205 3124
2768 3750 3146 3184
3076 3451 3338 3107
3312 3454 3159 3021
3139 3504 2918 3260
2914 3579 3203 3213
3307 3530 2939 3088
3216 3538 2922 3122
2993 3553 3199 3092
2803 3373 3435 3168
2945 3494 3341 3021
2865 3735 3105 3241
3202 3672 3120 2903
2967 3609 3031 3359
3250 3578 3148 2956
3065 3536 3043 3271
3030 3451 3119 3313
3147 3536 3215 2994
3140 3655 3123 2989
2921 3688 3190 3055
2888 3707 3027 3233
2824 3801 3053 3216
3098 3553 3190 2992
2944 3817 3033 3070
3128 3602 3168 2976
2863 3747 3144 3077
2910 3831 3060 3095
3143 3400 3311 3050
3032 3714 2989 3144
3167 3378 3107 3235
3085 3720 3075 3073
3061 3397 3084 3270
2947 3733 3126 3094
2929 3729 3056 3171
3174 3578 3140 3035
3281 3436 3090 3208
3278 3412 3176 3012
3276 3476 3182 3040
2955 3747 3124 3036
2922 3562 3266 3125
2849 3644 3185 3145
2821 3665 3041 3304
2911 3769 3115 3146
3248 3459 3116 3148
3126 3599 3097 3043
3115 3570 3209 2985
3091 3622 3113 3187
2899 3640 3235 3006
2866 3631 3244 2998
2845 3773 3085 3177
2825 3697 3175 3058
3296 3392 3188 2973
2835 3638 3100 3270
2797 3758 3087 3169
2877 3631 3137 3277
3291 3406 3189 3039
3270 3474 3018 3102
3210 3487 3073 3206
3114 3518 2931 3250
3015 3456 3225 3132
3238 3482 3125 3038
3110 3368 3171 3165
3057 3386 3230 3127
3051 3716 3070 3082
3265 3525 2987 3155
3059 3599 3016 3205
3022 3690 3104 3053
2935 3541 3169 3239
3054 3595 3067 3218
2940 3700 3113 3096
3112 3637 2975 3046
3028 3491 3014 3323
2959 3477 3327 3011
3295 3563 2992 3085
3275 3462 3238 3006
3197 3515 3009 3146
3007 3468 3275 3118
2930 3705 3147 3075
2909 3620 3170 3112
3153 3303 3280 3119
2851 3684 3051 3288
3193 3567 2957 3200
3173 3569 2974 3173
2988 3664 3025 3210
2985 3516 3344 2910
2918 3531 3308 3025
3284 3553 3028 3066
3195 3485 3207 3048
3165 3459 2999 3286
3159 3614 3065 3090
2944 3559 3240 3124
3118 3541 3251 3014
2958 3614 3210 3044
3005 3603 3216 3075
3191 3552 2978 3218
3150 3535 2889 3266
3014 3430 3363 3075
2973 3643 3238 2966
2956 3629 2964 3322
3085 3614 3179 2932
2973 3582 3299 2959
3175 3555 3101 3033
3030 3679 3110 3079
3000 3379 3313 3199
2967 3395 3249 3160
2966 3770 3064 3065
2998 3731 3109 3104
3000 3573 3247 2953
3105 3374 3215 3186
3189 3402 3093 3235
3100 3692 3155 2973
3119 3565 3183 2948
2978 3678 3077 3204
2969 3474 3128 3289
2876 3718 3167 3027
3066 3477 3299 2955
3057 3485 3309 2971
3151 3382 3315 2978
3138 3472 3283 2961
3126 3484 3016 3220
3079 3564 3132 3228
3053 3725 2964 3103
3014 3421 3245 3131
2980 3616 3089 3226
2980 3387 3314 3157
2967 3652 3092 3195
2865 3532 3153 3279
3219 3439 3036 3181
3193 3589 3102 2916
2927 3782 3109 3091
3232 3466 3146 3079
2826 3635 3108 3269
2887 3604 3234 3014
3139 3461 3173 3140
2933 3611 3212 3141
2887 3587 3204 3176
2811 3804 3093 3136
3129 3581 3166 2967
2971 3598 3270 2987
2956 3633 3018 3225
2946 3525 3188 3209
2864 3582 3229 3051
3332 3434 3109 3014
3267 3414 3108 3091
3203 3536 3019 3135
3055 3684 3077 3082
2861 3623 3189 3195
2835 3608 3223 3107
2802 3746 3133 3136
2970 3757 3041 3163
3103 3569 3131 3110
2988 3511 3213 3201
3185 3424 3103 3168
3013 3659 3099 3182
3001 3751 3026 3096
2851 3615 3196 3095
3101 3599 3151 3022
3257 3540 3100 3067
3112 3437 3180 3163
3044 3567 3268 2961
3300 3444 2982 3169
3218 3486 3106 3093
2800 3533 3258 3176
2792 3585 3296 3104
3048 3384 3256 3135
3124 3504 3079 3167
3017 3654 3047 3099
2999 3450 3221 3222
3145 3477 3227 3073
3009 3545 3329 3002
3031 3663 2945 3165
2868 3422 3318 3168
3163 3466 3265 3079
2939 3667 3036 3280
3167 3399 3055 3267
3064 3517 3223 3197
3050 3539 3073 3294
3199 3528 3153 3074
3141 3528 3196 3028
3018 3640 3133 3219
2901 3420 3100 3342
2963 3790 3018 3141
2865 3610 2993 3398
3214 3503 3122 3037
3155 3588 3115 3001
3133 3666 3127 2953
3097 3547 3055 3172
3094 3417 3118 3198
3044 3554 3151 3120
2949 3724 3117 3060
2900 3538 3178 3276
3138 3626 3117 3032
3015 3749 3090 3087
2887 3772 3105 3165
3192 3487 3012 3239
3152 3596 3074 2998
3132 3450 3280 3097
3122 3672 3020 2960
3092 3535 3069 3185
3012 3569 3270 2943
2943 3573 3236 3023
3153 3596 2994 3141
3143 3636 3050 3015
3142 3533 3072 3202
3228 3561 3071 3041
3167 3499 3094 3128
3107 3648 3099 3011
3061 3552 3154 3188
2984 3658 3131 3056
