26 0.205295
3374 3852 3284
3655 3578 3380
3373 3396 3678
3691 3533 3469
3577 3625 3436
3486 3481 3665
3601 3581 3448
3528 3369 3679
3487 3787 3324
3427 3765 3446
3584 3438 3601
3579 3672 3361
3479 3753 3329
3455 3775 3373
3430 3718 3473
3426 3610 3560
3357 3518 3633
3686 3671 3333
3626 3597 3395
3565 3590 3495
3556 3751 3425
3554 3433 3610
3487 3790 3319
3451 3600 3526
3425 3615 3525
3392 3691 3555
3185 3857 3325
3690 3450 3530
3675 3724 3212
3663 3565 3408
3571 3630 3456
3568 3605 3480
3553 3593 3620
3542 3392 3625
3507 3781 3325
3459 3761 3351
3454 3707 3502
3419 3818 3376
3413 3693 3521
3403 3635 3526
3359 3622 3565
3356 3717 3523
3212 3624 3653
3774 3467 3287
3767 3678 3315
3736 3638 3359
3730 3686 3179
3709 3536 3375
3669 3549 3532
3655 3661 3359
3652 3521 3563
3644 3425 3573
3635 3791 3256
3618 3715 3258
3618 3684 3276
3617 3553 3503
3616 3734 3304
3614 3642 3372
3604 3596 3403
3575 3579 3480
3574 3448 3584
3572 3610 3439
3568 3821 3196
3567 3525 3597
3560 3846 3153
3543 3675 3523
3524 3778 3318
3488 3474 3659
3457 3801 3371
3428 3803 3250
3413 3771 3451
3382 3512 3627
3347 3602 3663
3344 3402 3682
