68438 1230.33
8765 8137 8634 7672
8669 8466 8389 7359
8448 7940 8492 8060
8442 8296 9002 7632
8401 8084 8579 8083
8375 8753 8312 7543
8186 8796 8469 7588
8123 8144 8652 8012
8530 8047 8738 7948
8178 8589 8692 7744
8468 8708 8352 7582
8340 8238 8413 8048
8457 8747 8491 7382
8210 8159 8646 8041
8218 8168 8498 8066
8715 8080 8504 7742
8365 8274 8985 7665
8554 8565 8690 7399
8726 8134 8660 7589
8546 8639 8639 7433
8180 8662 8370 7777
8313 8741 8424 7690
8440 8338 8355 7967
8485 8722 8458 7449
8655 8488 8465 7414
8735 8437 8559 7596
8674 8449 8442 7460
8484 8538 8396 7753
8754 8217 8646 7574
8419 8181 8807 7941
8761 8301 8552 7429
8744 8236 8625 7592
8478 8696 8436 7564
8265 8150 8831 7931
8253 8745 8655 7404
8241 8714 8605 7696
8232 8662 8729 7665
8457 8268 8975 7735
8591 8572 8376 7549
8696 8405 8637 7467
8355 8142 8607 8007
8311 8646 8664 7758
8246 8156 8645 8026
8315 8109 8643 8015
8322 8780 8395 7618
8279 8514 8485 7910
8567 8177 8540 7957
8363 8752 8513 7490
8483 8617 8430 7579
8275 8242 8575 8057
8269 8744 8562 7622
8514 8118 8542 7971
8557 8219 8801 7881
8339 8744 8561 7419
8583 8650 8519 7556
8516 8459 8862 7492
8685 8362 8632 7470
8328 8785 8487 7491
8628 8452 8651 7427
8224 8794 8459 7608
8536 8575 8702 7475
8415 8602 8791 7591
8460 8370 8960 7649
8214 8344 8526 8006
8410 8351 8975 7565
8704 8379 8454 7621
8316 8775 8573 7543
8327 8304 8622 8023
8180 8105 8652 8037
8647 8486 8569 7613
8678 8380 8685 7485
8501 8704 8680 7456
8284 8469 8592 7962
8237 8738 8472 7717
8680 8168 8621 7786
8400 8671 8737 7569
8552 8208 8885 7919
8480 8104 8612 7984
8549 8439 8452 7768
8588 8093 8663 7903
8321 8591 8805 7483
8296 8534 8795 7770
8550 8122 8755 7924
8477 8678 8488 7553
8337 8682 8693 7516
8340 8770 8468 7515
8593 8329 8924 7642
8573 8282 8846 7805
8454 8130 8528 8004
8691 8435 8381 7680
8380 8279 8574 7996
8250 8562 8531 7846
8607 8203 8834 7848
8514 8331 8687 7936
8238 8682 8678 7681
8469 8227 8954 7792
8740 8279 8699 7572
8273 8539 8812 7687
8224 8637 8749 7654
8511 8580 8615 7453
8365 8232 8427 8043
8344 8228 8449 8034
8481 8623 8478 7622
8431 8429 8820 7857
8258 8769 8554 7652
8364 8620 8507 7822
8351 8721 8665 7550
8482 8727 8494 7477
8307 8656 8380 7759
8344 8793 8459 7584
8288 8627 8774 7600
8634 8081 8504 7915
8259 8556 8554 7833
8450 8625 8535 7698
8380 8736 8481 7665
8406 8724 8675 7502
8264 8580 8568 7815
8485 8095 8629 8015
8369 8154 8830 7927
8688 8338 8680 7503
8658 8326 8596 7733
8181 8723 8590 7640
8472 8363 8921 7576
8507 8411 8916 7710
8521 8290 8970 7741
8342 8727 8501 7650
8567 8358 8904 7663
8436 8765 8498 7503
8391 8676 8690 7508
8305 8188 8609 8026
8639 8457 8572 7538
8496 8599 8735 7459
8528 8326 8752 7843
8436 8421 8952 7645
8396 8667 8660 7647
8329 8262 8657 8010
8394 8605 8772 7660
8710 8219 8729 7675
8575 8138 8725 7887
8290 8538 8804 7691
8380 8455 8910 7642
8323 8651 8670 7728
8296 8559 8547 7831
8473 8672 8472 7561
8551 8594 8575 7472
8624 8445 8617 7706
8184 8556 8544 7840
8403 8711 8595 7544
8531 8597 8598 7497
8663 8491 8392 7572
8720 8295 8711 7668
8661 8432 8586 7497
8381 8717 8557 7598
8699 8189 8583 7886
8332 8492 8674 7935
8619 8557 8627 7578
8276 8601 8464 7833
8398 8197 8542 8035
8439 8320 8515 7955
8473 8348 8880 7905
8321 8311 8493 8029
8714 8220 8683 7669
8721 8195 8657 7643
8584 8606 8588 7455
8625 8424 8426 7713
8538 8158 8640 7934
8617 8265 8819 7718
8464 8315 8669 7951
8377 8476 8903 7631
8758 8296 8598 7702
8410 8308 8726 7977
8595 8283 8761 7870
8383 8505 8873 7621
8498 8272 8870 7826
8332 8185 8552 8016
8703 8164 8633 7777
8302 8750 8531 7617
8455 8586 8721 7536
8422 8127 8798 7984
8510 8614 8585 7545
8377 8610 8623 7795
8373 8387 8897 7740
8570 8202 8918 7783
8445 8361 8893 7800
8721 8225 8667 7610
8582 8258 8837 7820
8317 8472 8460 7954
8610 8322 8822 7788
8531 8489 8448 7762
8434 8168 8663 7986
8652 8144 8654 7892
8578 8229 8876 7763
8387 8333 8943 7668
8492 8568 8732 7528
8676 8237 8722 7468
8641 8523 8550 7611
8374 8630 8576 7750
8534 8600 8474 7650
8343 8746 8523 7636
8471 8507 8788 7531
8319 8511 8676 7872
8451 8432 8809 7835
8512 8355 8805 7853
8392 8500 8734 7851
8372 8677 8704 7533
8414 8481 8875 7723
8359 8381 8530 7952
8426 8239 8714 7992
8398 8278 8540 7990
8392 8362 8545 7982
8405 8694 8644 7709
8518 8526 8635 7731
8286 8766 8610 7503
8594 8369 8816 7749
8378 8730 8548 7563
8387 8219 8496 8020
8589 8323 8863 7692
8386 8701 8603 7710
8475 8235 8459 7966
8544 8119 8577 7969
8409 8161 8595 8042
8612 8206 8648 7888
8528 8648 8522 7516
8462 8582 8747 7700
8350 8634 8723 7705
8299 8685 8542 7713
8437 8664 8565 7720
8456 8718 8527 7520
8419 8674 8731 7616
8462 8361 8964 7606
8275 8783 8491 7679
8466 8659 8649 7632
8427 8446 8685 7837
8255 8360 8919 7805
8444 8418 8936 7580
8499 8478 8850 7594
8642 8289 8825 7602
8308 8688 8659 7602
8615 8608 8457 7511
8252 8339 8493 8017
8635 8469 8601 7571
8441 8400 8853 7785
8494 8615 8489 7600
8298 8532 8827 7744
8491 8366 8791 7773
8559 8210 8864 7791
8346 8593 8656 7810
8412 8288 8937 7836
8394 8412 8878 7720
8450 8290 8966 7751
8368 8478 8700 7899
8644 8419 8758 7648
8564 8521 8747 7637
8503 8527 8671 7742
8425 8641 8725 7679
8604 8533 8498 7593
8507 8568 8694 7525
8347 8687 8687 7418
8315 8418 8620 7959
8359 8346 8948 7750
8613 8473 8537 7637
8497 8477 8497 7802
8467 8498 8762 7818
8277 8399 8730 7930
8615 8286 8731 7876
8373 8379 8751 8000
8701 8212 8764 7681
8555 8280 8852 7786
8308 8732 8537 7643
8476 8453 8928 7532
8539 8367 8581 7865
8414 8390 8845 7911
8303 8512 8488 7926
8476 8243 8777 7944
8474 8663 8503 7526
8465 8415 8814 7790
8518 8442 8593 7837
8622 8517 8513 7628
8371 8396 8872 7738
8666 8163 8684 7776
8601 8378 8784 7712
8543 8244 8856 7830
8536 8292 8743 7904
8358 8634 8668 7743
8320 8520 8599 7847
8306 8700 8474 7745
8578 8450 8767 7658
8548 8364 8887 7634
8499 8333 8823 7852
8474 8447 8742 7820
8456 8373 8898 7714
8560 8252 8600 7916
8505 8545 8718 7531
8357 8496 8839 7816
8490 8240 8496 7963
8355 8584 8763 7695
8536 8329 8961 7677
8538 8535 8711 7522
8501 8217 8842 7859
8323 8385 8717 7955
8318 8698 8539 7717
8447 8733 8570 7546
8383 8509 8611 7813
8507 8555 8699 7540
8522 8124 8582 7969
8447 8246 8571 8013
8414 8550 8851 7624
8675 8213 8723 7716
8520 8310 8911 7804
8712 8320 8713 7686
8695 8344 8655 7597
8599 8567 8569 7536
8431 8578 8787 7656
8366 8312 8934 7736
8579 8235 8658 7908
8553 8329 8940 7726
8486 8290 8947 7798
8689 8411 8506 7685
8490 8219 8821 7886
8623 8417 8619 7755
8697 8354 8603 7649
8664 8342 8719 7648
8621 8303 8798 7823
8596 8461 8473 7735
8374 8543 8597 7906
8362 8398 8818 7911
8282 8537 8639 7906
8569 8427 8793 7601
8525 8363 8899 7724
8484 8322 8894 7873
8526 8605 8581 7605
8488 8312 8833 7900
8548 8511 8642 7671
8505 8321 8774 7863
8420 8608 8727 7572
8486 8353 8832 7860
8367 8289 8666 8002
8673 8309 8736 7587
8651 8414 8551 7694
8636 8438 8746 7701
8632 8255 8625 7907
8618 8471 8549 7719
8412 8715 8533 7727
8388 8356 8802 7918
8702 8277 8573 7703
8470 8413 8961 7547
8459 8494 8804 7674
8438 8437 8640 7824
8403 8343 8775 7928
8646 8222 8674 7845
8638 8225 8774 7753
8453 8561 8698 7755
8301 8525 8507 7908
8530 8337 8860 7775
8465 8529 8765 7780
8513 8474 8865 7642
8652 8466 8577 7517
8521 8449 8671 7771
8552 8276 8705 7911
8365 8434 8757 7894
8668 8232 8833 7586
8653 8409 8744 7654
8614 8349 8744 7828
8449 8552 8758 7656
8442 8548 8714 7803
8433 8392 8751 7891
8421 8256 8698 7991
8389 8570 8748 7676
8370 8622 8785 7640
8473 8287 8640 7975
8629 8402 8631 7747
8622 8293 8618 7783
8586 8463 8712 7653
8547 8248 8857 7811
8450 8286 8703 7925
8629 8479 8571 7514
8419 8427 8858 7729
8540 8305 8928 7809
8435 8297 8899 7812
8487 8318 8798 7896
8528 8383 8874 7688
8468 8376 8897 7779
8482 8655 8709 7610
8606 8417 8628 7781
8524 8572 8711 7510
8561 8249 8836 7829
8523 8461 8828 7762
8666 8303 8803 7682
8661 8472 8543 7633
8602 8331 8781 7711
8493 8428 8871 7607
8432 8557 8815 7598
8562 8500 8709 7680
8392 8296 8945 7692
8469 8489 8890 7668
8553 8310 8930 7764
8519 8478 8696 7747
8375 8453 8740 7890
8351 8406 8613 7983
8533 8456 8715 7680
8532 8609 8470 7654
8468 8693 8583 7585
8630 8222 8758 7792
8654 8516 8533 7625
8569 8230 8838 7842
8437 8361 8707 7947
8371 8615 8750 7519
8692 8205 8711 7702
8591 8397 8756 7741
8348 8676 8733 7574
8487 8314 8867 7820
8699 8262 8610 7725
8650 8318 8612 7808
8611 8345 8737 7874
8605 8531 8580 7635
8568 8421 8786 7761
8479 8391 8818 7794
8391 8547 8816 7627
8610 8498 8520 7627
8519 8460 8780 7806
8389 8433 8869 7741
8376 8487 8783 7823
8628 8359 8705 7765
8571 8341 8759 7814
8542 8357 8760 7807
8458 8553 8739 7754
8376 8716 8654 7689
8357 8571 8825 7581
8600 8186 8859 7794
8571 8503 8495 7755
8581 8565 8580 7665
8368 8366 8887 7796
8362 8650 8694 7722
8318 8687 8713 7512
8446 8518 8787 7809
8355 8416 8682 7976
8424 8423 8791 7917
8436 8516 8797 7662
8469 8619 8650 7687
8526 8373 8721 7845
8435 8264 8583 8010
8253 8729 8629 7573
8476 8347 8795 7921
8550 8336 8919 7792
8487 8408 8795 7838
8680 8339 8657 7572
8566 8469 8697 7766
8510 8262 8778 7868
8407 8464 8842 7836
8542 8272 8673 7916
8384 8310 8709 7955
8584 8322 8931 7734
8671 8242 8644 7828
8632 8361 8768 7684
8603 8400 8724 7804
8278 8464 8855 7736
8627 8210 8786 7752
8578 8593 8589 7693
8534 8249 8771 7875
8487 8428 8812 7817
8378 8450 8529 8005
8691 8250 8720 7574
8364 8380 8586 7942
8672 8230 8630 7794
8586 8401 8810 7702
8540 8464 8748 7675
8487 8417 8745 7903
8624 8352 8769 7709
8612 8494 8541 7631
8549 8406 8694 7829
8511 8340 8840 7752
8436 8395 8811 7867
8347 8567 8796 7728
8553 8311 8851 7856
8654 8332 8763 7766
8636 8272 8786 7736
8525 8523 8738 7664
8458 8470 8788 7716
8375 8490 8800 7684
8489 8275 8725 7950
8596 8394 8775 7786
8414 8507 8544 7945
8481 8254 8919 7859
8457 8502 8840 7683
8424 8442 8781 7835
8367 8668 8513 7734
8581 8362 8645 7869
8649 8435 8757 7654
8587 8547 8630 7740
8500 8304 8810 7868
8349 8402 8649 7977
8282 8553 8749 7783
8547 8321 8770 7816
8489 8367 8886 7815
8668 8390 8568 7760
8439 8572 8665 7779
8425 8308 8903 7867
8374 8297 8749 7969
8485 8537 8565 7848
8689 8313 8675 7775
