71388 2160.51
16663 16318 15675 15853
16426 16129 15988 16362
16389 16557 16395 15656
16165 16358 15759 16554
16113 16390 16658 16118
16087 16963 15935 16002
15890 16468 16150 16453
16416 16510 16405 15728
15974 16614 16042 16493
16134 16528 16651 15814
16012 16539 16636 15849
16249 16933 16008 15880
16326 16159 16213 16421
16010 16302 15887 16532
16083 16756 15784 16357
16214 16132 16460 16279
16380 16604 16411 15818
16266 16912 15852 15965
16363 16353 15813 16425
16641 16398 16278 16101
16110 16290 16157 16546
16202 16922 15996 15945
16223 16577 16621 16034
16336 16401 15835 16395
16183 16809 15920 16281
16622 16419 16274 16109
16654 16388 16025 15997
16234 16883 15895 16168
16002 16341 16579 16139
16148 16379 16588 16115
16403 16508 15878 16344
16416 16328 15774 16344
16437 16791 16144 15885
16302 16207 16444 16317
16608 16536 16236 16066
16329 16677 15858 16322
16231 16171 16131 16499
16255 16905 15982 15865
16128 16491 15956 16506
16399 16196 15985 16391
16261 16603 16574 15875
16164 16224 16011 16522
16134 16364 16290 16471
15986 16332 16155 16493
16356 16187 16260 16384
16420 16497 16399 15904
16127 16690 15820 16406
16553 16665 15994 16049
16036 16243 16496 16413
16277 16510 16606 16076
15990 16356 16298 16450
16470 16219 16432 15987
16178 16440 16258 16487
16342 16234 16473 16180
16077 16480 16118 16524
16630 16324 16096 16204
16227 16852 16205 15922
16591 16547 16113 15951
16258 16541 16629 16083
16026 16751 16319 16198
16244 16310 16608 16159
16510 16168 16283 16170
16122 16632 16552 15898
16014 16637 16441 16259
16573 16494 16116 16097
16437 16770 15893 15975
16633 16449 16081 16141
16600 16451 16238 16019
16495 16733 16225 16027
16537 16671 16132 16043
16562 16520 16267 15997
16333 16839 16173 15969
16579 16266 16294 15914
16259 16558 16539 15914
16602 16188 16162 16129
16428 16726 16234 15866
16426 16435 16514 16036
16359 16639 16415 15933
16544 16660 16231 16147
16061 16554 16051 16442
16160 16911 16071 15917
16570 16448 16334 16067
16340 16550 16408 16161
16098 16854 16082 16171
16427 16321 16473 15963
16251 16346 15973 16503
16584 16616 15948 16164
16522 16340 16196 16183
16359 16572 16467 15986
16331 16516 16546 15998
16092 16866 16135 16115
16304 16417 16568 15979
16233 16308 16338 16444
16312 16224 16237 16443
16033 16632 16563 15934
16053 16546 15817 16449
16047 16634 16112 16440
16181 16567 16432 16242
16195 16657 16343 16240
16234 16882 16156 16003
16414 16886 16029 16056
16356 16470 16482 16064
16249 16249 16350 16393
16253 16896 15975 16010
16324 16843 16191 15992
16447 16697 16305 15857
16057 16748 16496 16108
16465 16277 16220 16249
16567 16559 16121 15938
16479 16279 16342 16182
16439 16712 16238 16153
16205 16587 16525 16201
16365 16459 15883 16390
16355 16284 16454 16170
16189 16320 16185 16491
16038 16390 16528 16246
16581 16363 16019 16235
16224 16876 16174 15957
15987 16719 16069 16337
16266 16638 15960 16341
16383 16496 16389 15934
16239 16889 16097 15861
16230 16706 16028 16333
16128 16526 16505 16261
16382 16299 16188 16401
16072 16729 16361 16250
16239 16458 16376 16404
16066 16589 16304 16377
16346 16798 16105 16066
16176 16493 16079 16470
16216 16488 16025 16446
16206 16254 16122 16503
16461 16573 16243 16219
16167 16521 16081 16427
16469 16191 16344 16199
16526 16563 16248 16166
16220 16844 16255 15980
16278 16681 16551 15902
16192 16875 16202 15941
16137 16761 15997 16348
16516 16423 15957 16197
16309 16730 16520 16040
16386 16483 16272 16351
16402 16456 16422 15898
16041 16707 16446 16239
16262 16879 16090 16075
16097 16609 16010 16411
16397 16433 16047 16374
16135 16391 16491 16324
16399 16314 15999 16363
16350 16813 16096 16045
16175 16903 16241 16100
16343 16768 16384 16078
16222 16499 16457 16272
16335 16826 16054 16071
16164 16485 16303 16387
16005 16758 16225 16257
16330 16335 16498 16214
16149 16517 15937 16434
16163 16584 16503 16208
16473 16359 16011 16315
16375 16310 16485 16130
16249 16473 16577 16138
16386 16741 15932 16267
16589 16369 16121 16216
16200 16538 16406 16244
16316 16640 15975 16325
16114 16836 16198 16128
16081 16670 16145 16330
16450 16591 16175 16311
16364 16757 16332 15949
16143 16589 16320 16277
16105 16703 15928 16368
16505 16317 15987 16307
16102 16620 16471 16132
16322 16819 16060 16084
16285 16271 16326 16400
16511 16475 16147 16187
16191 16893 16100 16077
16211 16871 16285 16077
16249 16554 16551 16010
16369 16333 16254 16415
16096 16669 16057 16412
16171 16715 16437 16206
16074 16690 15949 16394
16323 16512 16271 16312
16204 16297 16132 16467
16289 16849 16122 15966
16147 16627 15937 16371
16424 16382 16380 16226
16470 16275 16217 16312
16184 16392 16203 16460
16467 16502 15993 16291
16111 16661 16227 16322
16029 16852 16155 16174
16404 16357 16348 16295
16306 16489 16477 16095
16158 16742 16353 16203
16288 16295 16041 16502
16235 16858 16167 15998
16430 16676 16032 16235
16328 16671 16345 16135
16255 16561 16292 16372
16124 16538 16553 16230
16444 16674 16087 16226
16287 16351 16223 16429
16300 16400 16517 16133
16265 16762 15942 16297
16321 16835 15968 16092
16358 16639 16480 16088
16484 16273 16286 16216
16319 16664 16520 16054
16218 16649 16427 16173
16347 16393 16373 16231
16226 16267 16327 16460
16492 16534 16176 16236
16050 16371 16498 16281
16293 16615 16479 16141
16380 16248 16009 16405
16422 16438 16236 16320
16155 16525 16360 16389
16120 16287 16451 16350
16108 16647 16356 16316
16458 16763 16230 16128
16178 16699 16425 16275
16480 16429 16316 16247
16446 16260 16004 16346
16405 16445 16246 16267
16530 16619 16262 16073
16320 16771 16301 16117
16273 16773 16159 16221
16169 16630 15929 16367
16105 16644 16439 16188
16258 16696 16110 16362
16271 16861 16088 16001
16308 16663 16124 16327
16332 16670 16411 16013
16267 16596 16530 16172
16181 16751 16468 16024
16128 16556 16002 16438
16267 16821 16348 15859
16390 16719 16139 16227
16149 16264 16543 16202
16357 16384 16392 16366
16235 16507 16557 16111
16502 16539 16155 16196
16231 16779 16405 16109
16499 16334 15945 16327
16514 16401 16065 16251
16525 16716 16212 16058
16413 16377 16446 16220
16489 16700 16259 15999
16284 16258 16412 16322
16216 16428 16448 16297
16550 16505 16044 16091
16056 16638 16476 16176
16563 16574 16141 16059
16132 16865 16099 16143
16394 16326 16371 16252
16089 16527 16014 16451
16259 16452 16208 16398
16468 16624 16287 16212
16310 16766 16388 15994
16139 16524 16226 16452
16388 16739 16179 16239
16520 16686 16054 16084
16411 16677 16203 16254
16312 16584 16297 16238
16272 16372 16442 16285
16418 16817 16094 16161
16187 16757 16464 16173
16263 16862 16164 15942
16330 16787 16343 16018
16334 16855 16075 15994
16401 16752 16251 16121
16416 16710 16251 16020
16305 16555 16016 16396
16359 16413 16325 16314
16308 16803 16000 16210
16274 16724 15939 16307
16131 16827 15991 16218
16358 16404 16369 16252
16366 16690 16104 16305
16324 16808 16165 16092
16415 16528 16378 16054
16342 16680 16128 16281
16383 16466 16366 16282
16291 16417 16065 16424
16300 16441 16541 16015
16533 16437 16154 16163
16284 16349 16295 16464
16158 16532 16101 16423
16138 16504 16536 16236
16487 16598 16193 16179
16117 16589 16387 16303
16147 16432 16485 16269
16509 16652 16362 16130
16232 16900 16033 16139
16062 16562 16414 16291
16351 16745 16025 16243
16244 16776 16113 16221
16498 16664 16310 16144
16477 16504 16157 16271
16407 16531 16381 16036
16377 16330 16407 16279
16298 16410 16519 16249
16242 16754 15975 16300
16241 16705 16193 16270
16107 16825 16044 16194
16284 16833 16310 16181
16571 16465 16045 16114
16504 16718 16177 16151
16452 16434 16421 16192
16280 16649 16149 16285
16125 16623 16473 16112
16077 16437 16300 16446
16222 16801 16033 16228
16494 16600 16050 16289
16407 16684 16284 16174
16211 16438 16122 16499
16589 16544 16112 15954
16409 16598 16313 16185
16499 16590 16322 16146
16296 16510 16532 16187
16232 16344 16441 16342
16337 16783 16141 16158
16248 16481 16288 16438
16209 16478 16341 16380
16185 16847 16194 16191
16455 16666 16181 16193
16347 16367 16133 16395
16317 16829 16317 16074
16317 16889 16067 16015
16268 16518 16432 16354
16490 16440 16265 16157
16324 16687 16413 16080
16208 16818 16183 16224
16085 16674 16220 16290
16515 16375 15953 16246
16429 16673 16239 16229
16300 16646 16314 16257
16152 16708 16008 16325
16401 16612 16129 16265
16373 16374 16370 16263
16442 16631 16142 16260
16091 16441 16558 16169
16334 16409 16163 16430
16518 16581 16033 16175
16297 16654 16013 16338
16263 16758 16418 16195
16219 16379 16358 16428
16311 16728 16362 16124
16315 16539 16121 16418
16330 16812 16253 16061
16121 16637 16109 16399
16322 16782 16049 16216
16344 16659 16337 16129
16169 16423 16567 16147
16304 16839 16210 15989
16171 16664 16495 16061
16158 16362 16290 16440
16548 16349 16169 16181
16175 16519 16334 16331
16528 16384 16318 16102
16448 16542 16215 16242
16433 16606 16265 16214
16372 16587 16424 15955
16361 16613 16413 16131
16246 16677 16183 16319
16236 16707 16169 16269
16388 16461 16452 16179
16482 16617 16093 16224
16378 16764 16148 16066
16518 16394 16109 16224
16282 16501 16185 16383
16566 16435 15994 16169
16228 16484 15989 16430
16103 16785 16436 16148
16287 16805 16133 16108
16182 16811 15928 16339
16435 16556 16197 16240
16244 16728 15967 16303
16415 16387 16312 16303
16348 16823 15953 16113
16248 16816 15996 16211
16219 16416 16444 16306
16457 16694 16208 16151
16456 16702 16266 16188
16161 16602 16504 16183
16135 16642 16274 16384
16141 16594 16009 16381
16477 16668 16180 16252
16424 16594 16250 16255
16279 16735 16339 16105
16203 16810 16299 16213
16141 16750 16019 16298
16564 16538 16017 16077
16551 16345 16186 16281
16377 16793 16296 16140
16213 16445 16242 16450
16314 16689 16434 16169
16302 16809 16435 16082
16291 16393 16355 16369
16271 16477 16333 16332
16140 16622 16449 16219
16341 16345 16519 15917
16289 16541 16277 16357
16152 16263 16445 16302
16409 16641 16269 16189
16341 16422 16484 16270
16288 16723 16056 16279
16352 16353 16323 16417
16084 16468 16073 16502
16322 16779 16178 16150
16442 16587 16257 16214
16355 16848 16198 15950
16261 16727 16115 16309
16531 16676 16151 16075
16398 16432 15952 16324
16368 16458 16309 16379
16367 16535 16005 16317
16177 16573 16076 16425
16239 16711 16124 16287
16322 16691 16276 16274
16342 16360 16417 16318
16469 16419 16136 16329
16414 16489 16364 16178
16209 16358 16561 16167
16065 16685 16225 16315
16330 16753 16036 16268
16319 16728 16038 16258
16258 16641 15891 16367
16338 16296 16503 16101
16349 16852 16113 16015
16260 16621 16025 16366
16395 16639 16099 16278
16130 16654 16258 16346
16434 16405 16250 16250
16375 16714 16232 16256
16150 16774 16231 16229
16217 16828 16359 16190
16441 16391 16423 16105
16051 16664 16469 16164
16355 16795 16312 16034
16400 16464 16232 16319
16364 16268 16359 16383
16226 16396 15989 16449
16419 16610 16212 16289
16344 16693 16354 16105
16154 16750 16312 16248
16490 16262 16309 16163
16363 16407 16407 16207
16411 16710 16268 16102
16353 16675 16290 16256
16325 16468 16072 16401
16190 16579 16215 16350
16213 16717 16456 16106
16373 16653 16340 16148
16282 16653 16443 16134
16402 16316 16452 16227
16267 16845 16195 16103
16268 16698 16160 16281
16165 16506 15818 16449
16087 16348 16092 16502
16249 16838 16313 15990
16348 16353 16470 16178
16162 16686 16207 16307
16311 16732 16263 16143
16207 16719 16154 16264
16226 16300 16382 16377
16383 16408 16386 16193
16350 16544 16420 16194
16185 16785 16171 16297
16383 16412 16475 16140
16297 16460 16533 16218
16358 16607 16201 16379
16342 16503 16463 16170
16288 16546 16398 16329
16270 16579 16185 16412
16400 16735 16025 16218
16453 16703 16304 16165
16193 16664 16288 16289
16548 16671 16111 16074
16519 16691 16116 16143
16391 16347 16259 16309
16362 16547 16174 16313
16346 16422 16381 16300
16151 16267 16382 16379
16276 16641 16170 16299
16430 16287 16424 16144
16205 16651 16129 16363
16481 16703 16255 16075
16350 16568 16344 16307
16510 16605 16322 16103
16390 16491 16318 16349
16529 16590 16247 16167
16212 16519 16456 16197
16319 16863 16046 16143
16224 16636 16216 16281
16288 16725 16066 16268
