8499 240.043
9464 8539 8049
9280 8976 7926
8912 8105 8928
8397 9560 8244
7921 8529 9269
7882 8774 9143
8000 8546 9249
8888 8134 8969
7927 8764 9152
8907 8162 8957
8145 9173 8792
8624 8179 9080
7985 8483 9262
8614 8121 9088
9019 9262 8062
7948 8682 9215
8134 8595 9214
9012 9030 8490
8893 8153 8965
9172 8272 8682
8417 9550 8210
8738 8372 9023
9200 9111 7975
8939 9229 8201
9016 8266 8843
8201 8591 9170
8098 8619 9183
9110 9176 7991
8261 9076 8863
8696 9453 8191
8347 9322 8590
8301 9016 8950
9437 8676 8107
8238 9090 8833
8704 9304 8454
8252 8421 9196
7975 8733 9178
8081 8599 9240
8180 8917 9004
8340 8511 9114
8550 9341 8540
8268 9284 8662
8336 9142 8732
8947 8220 8896
9070 9147 8136
8578 9475 8286
9088 8334 8754
8473 8938 8876
8309 8970 8920
9206 9080 8005
7958 8678 9205
9005 8414 8815
8963 8248 8860
8406 9391 8502
8538 9241 8567
8715 8408 9012
9263 8983 8027
8669 9026 8626
8897 9065 8398
8087 8515 9257
8862 9352 8221
8232 8395 9230
9228 9049 8073
8208 8814 9033
9426 8533 8291
8316 9413 8556
9164 8303 8651
9231 9053 7961
8025 8561 9244
8158 8551 9233
8030 8507 9259
8218 8885 8973
9145 8461 8608
8065 8645 9226
8878 8200 8960
8108 8608 9209
9374 8703 8306
8556 8990 8780
8523 9502 8330
7992 8904 9078
8412 9494 8383
8686 8308 9028
8631 8451 9073
9264 9029 7967
9415 8706 8161
8595 9240 8532
9451 8602 8017
8777 8524 8983
9120 8289 8741
9064 9085 8281
8619 8279 9076
8758 8779 8787
9115 9103 8132
8568 9255 8545
9070 9206 8035
9272 8672 8468
8454 8886 8905
8116 8575 9219
9370 8802 7955
8237 8596 9157
8394 8946 8891
9094 8315 8757
8068 8789 9127
8373 8236 9201
8828 8189 9006
9445 8642 8098
9334 8492 8425
8769 8631 8912
9222 9039 8086
8476 9534 8212
8911 8364 8882
8952 8564 8819
8102 8994 8954
9058 8665 8657
8901 9224 8269
8259 8321 9216
9152 9122 7937
8089 8722 9164
9330 8630 8372
7969 8874 9103
8784 8211 9033
9303 8936 7996
8333 9160 8770
8322 9022 8898
9193 8440 8608
8918 9269 8187
8186 8518 9210
8972 8214 8886
8800 9336 8307
8557 9449 8389
8486 8386 9133
8011 8858 9098
9258 9019 7980
9106 8568 8617
9108 8350 8714
8718 8428 9008
9343 8878 8092
8537 9459 8393
8035 8768 9139
8561 9446 8351
8816 9310 8319
8401 9392 8501
8966 8867 8633
8517 9528 8167
8749 9315 8409
9250 8935 8126
9284 8954 8052
8276 9132 8826
8764 8403 8987
8652 9440 8299
8162 8736 9092
8458 8528 9045
9159 8749 8462
8126 8673 9181
7966 8759 9168
9235 9003 8019
9124 9157 7946
8975 8524 8841
8781 8896 8689
8496 8360 9146
8169 8680 9084
8923 9272 8081
8531 9356 8494
8122 8339 9235
8294 8816 8976
8464 8795 8941
8432 8804 8979
8467 9541 8230
9395 8685 8258
8391 9546 8260
8829 9074 8535
8447 9047 8717
9179 8224 8671
8607 9378 8416
8545 9496 8293
9041 8241 8884
9200 8978 8165
8421 8571 9106
8534 8231 9117
8509 9523 8310
9138 8481 8597
9386 8761 8157
8436 9188 8653
8307 8738 9069
8990 8964 8570
9296 8915 8084
9392 8752 8170
8247 8877 8993
8018 8623 9243
8756 9372 8239
8390 8651 9036
8221 8566 9187
8366 9300 8642
8690 9219 8524
9098 8616 8559
8957 8306 8842
8847 8613 8773
9290 8962 7984
9294 8920 8174
8481 9484 8357
9171 8912 8328
8844 8126 8976
8885 8184 8966
9153 8845 8366
9042 9001 8333
8849 8842 8698
8585 9289 8486
8884 8755 8736
8572 9417 8362
9279 8922 8145
8151 8714 9154
8424 9384 8508
9117 8695 8483
8114 8720 9111
9267 8973 7983
9349 8654 8336
8981 9257 8068
8742 9402 8254
8386 9185 8702
8561 9108 8703
8077 8893 9066
8605 8477 9044
9454 8588 8180
9359 8815 8151
8357 8716 9053
8063 8668 9192
8327 8606 9075
8005 8812 9134
8642 8670 8916
9082 8489 8690
8920 8748 8710
8679 8231 9048
8516 8860 8938
8998 8871 8593
8887 8257 8934
9352 8850 8026
9315 8831 8179
8387 9367 8536
8603 8284 9089
8841 8638 8779
8593 8782 8857
8931 8345 8907
8874 8584 8806
8854 9326 8235
8751 8723 8812
9051 8474 8764
8858 8382 8880
8708 9220 8523
8503 9426 8449
8811 8725 8798
8566 8605 8964
9130 8341 8711
8573 9407 8402
8552 9435 8443
8351 8808 8989
9148 8329 8679
8497 9519 8344
9410 8741 8110
9380 8711 8276
8440 8884 8948
8684 8154 9081
8469 9330 8559
9189 9007 8172
9046 8432 8767
8243 8838 8996
8589 9215 8602
9001 9246 8140
8719 8538 8997
8844 8576 8849
9459 8570 8138
8792 8926 8660
8376 8418 9167
8485 9234 8630
8254 9054 8870
8381 8691 9029
9223 9059 7942
9191 9100 8076
9031 9164 8117
8512 9437 8435
9406 8728 8181
8584 9465 8324
9176 8326 8648
8175 9025 8881
8942 8539 8852
8891 8835 8636
9407 8746 8103
9151 8890 8346
8279 9192 8721
9258 8995 8045
8279 8446 9188
8835 8444 8924
8525 9510 8296
8637 9431 8355
8363 9350 8581
8977 8485 8829
8719 9421 8283
8442 9167 8728
8427 9214 8667
8852 8555 8870
8657 8638 8909
8648 9385 8376
9101 8488 8696
8119 8935 9020
8656 9469 8192
9321 8818 8263
9419 8708 8116
8923 8198 8911
9307 8611 8411
9345 8687 8337
9217 8902 8252
8945 9203 8301
9339 8728 8274
8602 9438 8353
8152 8982 8957
8496 9237 8611
9077 8395 8740
8771 8865 8691
9131 9156 7951
9265 8977 8012
9095 8894 8420
8625 9328 8472
8661 9349 8351
9052 9118 8247
8638 9136 8640
8394 9515 8369
9182 8777 8411
8228 8727 9082
9039 8892 8440
9360 8855 8008
8905 8582 8796
9431 8680 8253
8045 8818 9124
8632 8846 8761
8527 8504 9060
8465 9364 8519
8479 9249 8600
8467 9483 8362
9208 8661 8482
8568 9277 8507
8727 9139 8606
8447 8292 9176
8837 8878 8676
9030 9129 8214
8806 8252 9018
8675 8584 9017
9238 9045 7937
8445 8386 9150
9091 9179 8047
8484 9463 8466
8906 8381 8885
7953 8753 9174
8991 8563 8672
9055 9093 8144
8871 9285 8241
8359 8949 8900
9381 8788 8185
8825 9280 8322
8372 9276 8585
7955 8800 9137
8867 9169 8405
8724 9427 8190
8522 8729 8887
8283 8548 9167
8057 8957 9034
8513 8259 9151
8996 8495 8679
9446 8558 8275
9136 8354 8661
8629 9477 8270
9063 8470 8727
8982 8482 8803
8195 8907 9023
9215 8966 8145
8734 9059 8591
9241 8863 8228
8529 8694 8947
8358 9099 8822
9263 9013 7997
8878 8298 8932
8828 9115 8514
9217 8822 8266
8604 9063 8646
8488 8412 9119
8904 9209 8376
9177 9060 8155
9146 9125 8088
9295 8782 8304
8762 9408 8218
8356 9471 8394
8869 8475 8874
8617 9208 8527
8349 9362 8552
8930 9210 8233
8529 8500 9060
9243 8430 8586
9175 8773 8432
8739 9164 8575
8677 8433 9052
8491 8480 9109
8231 8514 9199
8417 8794 8991
8394 9531 8315
8606 9509 8279
8254 9189 8746
8747 8953 8665
8640 9043 8642
8928 8661 8723
8710 9295 8444
9125 9095 8104
8879 9346 8183
8819 9230 8485
8980 9153 8320
9245 8926 8141
9168 8767 8453
9316 8641 8408
9034 9096 8301
8317 8466 9136
9422 8682 8188
9356 8825 8256
8611 9191 8625
8288 8612 9142
9255 8857 8199
8796 9009 8591
9315 8908 8038
8071 8753 9084
9090 9124 8124
8780 9117 8550
8062 8928 9064
8192 8824 9082
9325 8578 8415
9097 8647 8620
8965 9170 8251
8877 8827 8693
8819 8467 8902
8614 9375 8476
8493 9343 8517
8832 9292 8316
8618 9198 8557
8413 8436 9140
8912 9059 8477
9288 8648 8427
8123 8991 8986
8365 8356 9179
8544 8399 9096
8355 8776 9030
8660 9422 8308
8644 9396 8371
8414 8463 9125
9132 8819 8406
8048 8829 9100
8860 8317 8911
8730 9376 8298
8543 8766 8859
8507 8685 8969
9325 8743 8279
9285 8625 8453
8056 8835 9096
8815 8518 8881
9210 8923 8307
9368 8851 8002
8933 9154 8335
8786 8649 8843
8877 9010 8511
9350 8845 8042
9232 8976 8112
8582 9236 8579
9089 8770 8460
8582 8846 8809
8833 9248 8312
8831 8704 8801
8745 8863 8750
8728 9128 8623
8807 8497 8889
8681 9361 8339
9026 9196 8195
9240 8931 8197
8489 9393 8457
8638 9489 8243
8714 9259 8445
8046 8796 9101
8681 9398 8321
8824 9100 8573
9384 8735 8219
8804 9131 8526
8759 9357 8345
9020 8838 8493
9026 8567 8658
9037 9132 8210
8635 9196 8574
9364 8740 8229
8501 8931 8803
9074 8955 8383
8051 8895 9079
8429 8493 9123
8493 9040 8727
8429 9006 8751
8646 9391 8385
9233 8948 8238
8843 9179 8401
8538 8661 9005
