82663 1920.41
3606 3180 2692 3023
3232 3528 2417 3119
3044 3485 3263 2598
2809 3990 2895 2958
2778 2963 2950 3705
2778 2638 3443 3309
2640 2881 3746 2987
2340 3132 3494 3264
2407 3003 3558 3260
2384 3117 3507 3278
2437 3082 3599 3054
2360 3425 3314 3319
2649 2728 3523 3341
2369 3057 3514 3269
2636 2701 3513 3348
2463 3388 3230 3335
2775 2668 3433 3334
2687 2644 3520 3311
2928 2746 3279 3394
3280 3584 3035 2615
2647 2766 3539 3262
3048 3565 3236 2684
2880 2683 3418 3205
2503 3282 3391 3067
2680 3197 3571 2817
2448 3286 3382 3168
3506 3310 2721 2857
3155 3690 2955 2755
2660 3102 3129 3587
2663 3092 3357 3537
3397 3120 2944 3046
3060 2714 3401 3182
2744 2916 3675 2899
2731 2911 3704 3020
2475 3250 3490 3101
2957 3495 3347 2700
2755 3096 3075 3569
2511 3344 3186 3437
2340 3506 3113 3370
2682 3030 3269 3465
2571 2750 3699 3109
3138 3575 2639 3264
3223 3506 3148 2658
3284 3511 2452 3170
3436 3050 2615 3183
2591 2828 3684 3156
2723 3103 3025 3690
3169 3729 2770 3058
2812 3971 2828 3034
2736 3008 2969 3697
2778 3220 3100 3554
2516 3159 3615 3006
3260 3370 2538 3186
3255 3520 2465 3214
2535 3139 3426 3314
3133 3115 2883 3391
3202 3599 3103 2636
2654 3358 2601 3550
3573 3216 2735 3041
3207 3397 3176 2752
2830 2928 3052 3581
3434 3324 2970 2802
2973 2677 3406 3123
2635 2824 3718 3026
2610 2851 3621 3284
3305 3504 2425 3082
3376 3487 2713 3018
3321 3365 2699 3092
3195 3463 2497 3225
2670 2982 3448 3353
2705 3062 3666 3066
3285 3352 2647 3271
2595 3218 3531 2970
2893 3621 3284 2673
3301 3412 3043 2850
3308 3492 3082 2650
2567 2886 3696 3144
2787 3894 2981 2955
3146 3439 2482 3369
3326 3556 2560 2915
3462 3226 2800 3137
3234 3551 2443 3048
3429 3257 2632 3133
2938 3902 2875 2908
3194 3644 2544 3003
2912 3920 2908 2969
2833 3957 2951 2991
2998 3350 3362 2809
2878 2779 3415 3254
2481 3168 3411 3350
3600 3187 2665 2989
2735 2940 3725 2941
2895 3331 2734 3597
2524 3020 3643 3105
2863 3912 2980 2980
3384 3403 2687 3081
3587 3288 2753 3007
2600 3212 3169 3475
2530 2864 3383 3424
2748 3360 3475 2676
3467 3315 2785 3070
2560 2902 3464 3404
2781 3886 3015 2869
2862 3328 2852 3532
2825 3867 3084 2894
2874 2973 2903 3607
2716 2811 3460 3275
2533 3135 3249 3462
2885 3976 2856 2916
2820 3378 3087 3339
3049 3345 2706 3440
2747 3480 3358 3238
2921 3687 3158 2705
2789 3022 2964 3682
2627 3157 3583 3148
3423 3333 2459 3008
3026 2950 3092 3388
2972 3088 2920 3529
2952 3293 2572 3487
3343 3523 2653 3000
2970 3846 2816 3014
3038 3578 3235 2725
2976 3671 2978 3084
2847 2805 3301 3455
3182 3044 2803 3406
3148 3145 3219 2876
2839 3947 2907 2951
2441 3313 3387 3141
3093 3748 2535 3129
3403 3397 2782 2838
2709 2802 3690 3042
2540 3763 2987 3069
3014 3513 3291 2665
3538 3256 2820 3028
3029 3501 3276 2744
2732 2834 3517 3260
3304 3475 2509 3159
2655 2904 3654 3190
2963 3743 2527 3172
2612 3180 3504 3181
3077 3453 3264 2691
3310 3423 3134 2629
2752 2978 3549 3076
3244 3497 2595 3143
2690 2924 3154 3612
3147 3538 2569 3288
2925 3027 2819 3574
3070 3610 2474 3184
3008 2844 3201 3285
3452 3297 2652 3114
3362 3462 2936 2833
2889 2988 3174 3543
2799 2871 3651 2878
2688 3122 3628 2896
3011 3106 3245 3136
3214 3593 2720 2879
3242 3455 2625 3164
3458 3344 2881 2982
2693 3176 2983 3649
2847 3243 2984 3577
3228 3604 2521 3175
3034 3532 2433 3358
2808 3392 3163 3216
3174 3231 2809 3450
3146 3616 3097 2645
2912 3206 3479 2905
2978 3248 3397 2781
3354 3185 2814 3108
2910 2718 3462 3202
2677 2821 3438 3388
2565 3194 3410 3230
3198 3432 2940 2952
3171 3607 2686 3111
3055 2973 3004 3509
3346 3355 2731 3067
3442 3099 2903 3116
2805 3084 2922 3642
3012 3165 3373 2767
3551 3151 2778 3089
2573 2955 3726 2931
2541 3306 3262 3373
3273 3469 2479 3169
2585 3826 2898 3177
2941 3756 2916 3052
2866 2934 3430 3302
2921 3923 2857 3051
3482 3053 2608 3163
2962 3172 3498 2896
2920 3861 3027 3000
2683 2867 3671 3105
3337 3408 2669 3070
2859 3933 2925 3009
3295 3338 2550 3196
2652 3125 3012 3619
2576 2875 3681 3090
2999 2906 3341 3033
3032 3604 3121 2821
2850 2860 3606 3071
2699 3066 3309 3403
3520 3278 2730 3058
3018 2759 3085 3429
2484 3270 3404 3148
2738 2964 2999 3676
3418 3021 2680 3199
2549 3072 3520 3161
3033 3582 3130 2714
2851 3009 3030 3628
2843 2808 3329 3332
3248 3466 3103 2706
3123 3715 2807 2937
3544 3289 2854 2923
2818 3350 2729 3560
3579 3183 2754 3044
3403 3258 2579 3165
3497 3214 2838 3038
2757 3032 3120 3631
3016 2805 3111 3399
3091 3148 3020 3294
2906 3570 3209 2864
2790 3017 2990 3637
2724 3302 2962 3503
2795 3898 2933 3032
2988 3708 3090 2625
3379 2917 2582 3290
2602 2918 3647 3206
3110 3675 2974 2777
2827 3047 3636 2880
3067 3438 3191 2889
3314 3365 2764 3171
2713 3200 2998 3622
2656 3337 3456 2925
3288 3261 2589 3211
3269 3428 2516 3154
3101 3557 3180 2768
2966 3349 2791 3376
2708 2975 3715 3045
2791 2792 3435 3229
2813 3456 2891 3328
3018 3653 3193 2731
2766 3141 3568 2827
2738 2817 3337 3432
3450 3388 2661 3006
3118 3815 2835 2949
3229 3650 3046 2695
2815 3822 2872 3074
3332 3076 3065 2871
2771 3373 3299 3155
3479 3095 2959 2936
3250 3632 3079 2791
2490 3506 3166 3289
2912 3443 3323 2721
2759 3043 3642 2967
2769 3804 2946 3102
3189 3628 2746 2853
3098 3384 3351 2887
3595 3153 2743 2980
3474 3269 2757 3085
2726 2992 3467 3177
3077 3666 3105 2743
2753 3005 3421 3356
3106 3452 3306 2834
2806 3829 3050 2949
2836 3446 3151 2922
3086 3514 2437 3360
2684 3078 3246 3523
3407 3227 2775 3140
3566 3214 2794 3087
2973 3767 2913 2961
2775 3018 2993 3665
3104 3641 3064 2665
2995 2975 3333 3233
2598 2838 3737 3036
3447 3304 2850 3086
2881 3840 2690 3078
2696 2876 3732 3005
2581 3800 2841 3217
3051 2959 3173 3248
2950 3709 3132 2621
3292 3518 2826 2862
2801 3682 3088 3057
2899 3811 2855 3088
2777 2986 3591 2996
3114 3549 3124 2764
2952 2721 3441 3098
3159 3142 2997 3306
3119 3660 2503 3153
2826 2974 2856 3671
3020 3781 2888 2945
2694 2882 3740 2942
3081 3160 3135 3335
2604 2784 3692 3141
3380 3322 3007 2719
2844 2774 3433 3155
2728 2895 3358 3383
2917 3615 3128 2875
2924 3882 2835 3062
2876 3985 2873 2923
3062 3648 3046 2769
3129 3618 2797 2993
2578 3744 2898 3304
3151 3587 3109 2761
3528 3160 2830 3020
3489 3132 2864 3023
2740 3191 2937 3658
3361 3228 2605 3241
2621 3069 3602 3258
3177 3001 2843 3365
2834 3677 2919 3064
2761 3032 2981 3686
3556 3240 2759 3013
3368 3062 2568 3172
2796 3336 3368 3156
3303 3508 2499 3130
3052 3472 3286 2681
3204 3525 3097 2789
2978 2814 3254 3354
2710 2996 3564 3204
2947 3789 2917 2986
2668 3471 3020 3282
2764 3014 3325 3256
2717 3128 3009 3663
2774 3698 2974 3209
2552 2878 3610 3227
2945 3865 2869 3075
2608 3719 2886 3110
2867 3433 3213 3098
2596 3101 3231 3482
2815 3941 2833 3095
2924 3111 3155 3491
3141 3486 2711 3220
2692 2758 3554 3218
3124 3343 3222 2862
2555 3203 3281 3403
3145 3290 3251 2882
2783 3094 2988 3600
2729 3242 3488 2825
2992 2856 2842 3521
2738 3154 3561 2973
2559 3274 3512 3012
2963 3631 3143 2735
2908 2994 3000 3563
2721 3652 3138 2910
2700 3418 2953 3365
2631 2947 3513 3382
2802 3503 3366 2618
3068 3623 2674 3224
2853 3877 2940 2985
2918 3382 3471 2844
3432 3117 2862 3132
3210 3467 3257 2619
2944 3158 2813 3516
3075 3773 2599 2976
3268 3458 2515 3174
3103 3748 2628 2995
2937 3014 3544 2943
3141 3408 3165 2773
3578 3204 2767 3035
2935 2981 3084 3443
3072 3464 3205 2745
3121 3274 3070 3056
2889 3766 3117 2885
3553 3124 2740 3095
2934 3665 3038 2906
3185 2888 3224 3218
3207 3464 3098 2740
2531 3038 3413 3343
2999 3852 2878 2933
2990 2796 3316 3333
3162 2889 2968 3256
2620 3320 3212 3415
3219 3609 2565 3069
2881 3271 2840 3458
3178 3449 2681 3153
2855 3937 2865 2942
2711 2795 3587 3183
2891 3722 3017 3032
2955 3787 2930 2905
3001 3794 2745 3141
3006 3699 3055 2745
2617 3319 3006 3493
2656 3122 3577 3090
2938 2854 3257 3421
3054 3562 2926 3073
3116 3735 2597 2962
3289 3530 2817 2843
2996 3086 3019 3394
3360 3360 2873 2912
3175 3406 3167 2794
2983 3738 3010 2963
3212 3123 3320 2806
2730 3124 2938 3654
2645 3204 3554 3159
3299 3598 2964 2806
2774 3416 2997 3298
2798 2849 3205 3507
2932 3625 3207 2693
3278 2988 2591 3312
2592 3080 3360 3373
2793 3751 2756 3114
3153 3254 3288 2855
2673 3034 3675 3048
3533 3070 2744 3116
2904 3189 3505 2987
3145 3581 2471 3239
3501 3340 2958 3002
2889 3400 3414 2658
3358 3546 2575 3079
3316 3451 2458 3175
3088 3580 2555 3139
2888 3209 2934 3503
3512 3129 2703 3128
2707 3059 3142 3517
3021 3437 3317 2917
2993 3078 3068 3470
2981 3037 2858 3481
2876 3016 2901 3615
2582 3836 2821 3186
3000 3495 3182 2847
2833 3054 3037 3626
3116 3176 2834 3418
3015 2863 3377 3135
2859 3953 2859 3014
2646 3233 3134 3380
2945 3656 3080 2760
2619 3584 3198 3243
2719 2970 3637 3135
3043 3495 3125 2836
3121 3576 3113 2736
2765 3110 3234 3472
2758 3173 3291 3361
2704 2809 3426 3325
3249 3201 2790 3188
2781 3568 3282 2819
3265 3410 2459 3196
2876 2894 3433 2997
3057 3526 3222 2796
2936 3872 2980 2927
3253 3384 2846 3093
3525 3286 2746 3037
3490 3238 2818 3103
3515 3192 2567 3121
3562 3202 2806 2930
2994 3711 3062 2634
2960 3856 2823 2918
3005 3264 2726 3449
2917 3832 2724 3097
3357 3316 2675 3163
3112 2921 3112 3301
3355 3294 2610 3197
2583 3236 3381 3121
2791 3071 3596 2979
3367 3019 2553 3214
2922 3777 2924 2968
2489 3269 3420 3080
3317 3355 2541 3224
2703 3111 3102 3564
2623 3636 3113 3135
2960 3535 3188 2863
3139 3284 2600 3319
3028 3550 3224 2784
2655 3546 3128 3027
2627 3265 3472 3087
3012 3015 3482 2797
2863 3128 3032 3448
2871 3281 2813 3497
3063 3264 2830 3246
2954 2785 3430 3128
2829 2943 3563 3080
3213 2840 2650 3300
2785 3193 3168 3433
2816 2949 2879 3640
3266 3586 2793 2867
2900 3316 3396 2920
2872 3705 2750 3095
3096 3639 2591 3126
3162 3657 3060 2633
2980 3287 2749 3518
2896 3082 3197 3505
2728 3616 2847 3411
2620 2948 3484 3292
3276 3495 2761 3100
2545 3283 3413 2933
3237 3401 2688 3212
2870 3706 3066 2959
3002 3674 2906 2930
2859 3459 3133 2978
3166 3237 3354 2854
2879 3874 2905 3039
2830 2925 3509 3208
2921 3040 2995 3597
3163 3740 2724 2826
3410 3187 2885 3086
3288 3028 2613 3254
2769 3489 3202 3004
3237 2937 2761 3215
3241 3575 2438 3103
2981 3784 2865 3002
3414 3376 2674 3007
3152 3770 2847 2926
2766 3284 2940 3499
